-2.756,2.3345,-1.7152,1.0017,-0.30284,-0.29084,0.72464,-0.986,1.0995,-1.113,1.0792,-1.0398
-3.3237,2.7751,-2.0829,1.2932,-0.4068,-0.42892,1.0081,-1.3064,1.462,-1.5335,1.4527,-1.2355
-3.316,2.7826,-1.9942,1.074,-0.15626,-0.63494,1.2093,-1.5286,1.6075,-1.4982,1.2731,-1.0102
-3.771,3.0593,-2.0287,0.87243,0.20756,-1.0461,1.5482,-1.7024,1.5719,-1.2679,0.91438,-0.61432
-4.3582,3.5093,-2.2869,0.92928,0.31727,-1.2549,1.7759,-1.8773,1.6483,-1.2349,0.79366,-0.4495
-4.8017,3.8639,-2.5141,1.016,0.3572,-1.386,1.9506,-2.0477,1.7766,-1.3,0.79356,-0.39819
-5.3456,4.1037,-2.3731,0.55474,0.96802,-1.9333,2.2589,-2.041,1.4977,-0.88355,0.40633,-0.1724
-5.6717,4.2214,-2.2448,0.23693,1.3617,-2.2816,2.4685,-2.0608,1.3229,-0.55803,0.019705,0.16082
-6.0976,4.247,-1.803,-0.54291,2.2255,-2.9717,2.8317,-2.0938,1.1422,-0.32175,-0.15389,0.23653
-6.3033,3.9784,-1.1977,-1.6134,2.4984,-2.7186,2.3755,-1.208,0.91991,-0.4422,-0.058353,-0.27988
-6.4464,3.2912,-0.24445,-2.8247,2.2544,-2.5562,2.2703,-0.50525,0.93824,-0.076042,-0.1189,-1.0892
-7.0468,2.7018,0.79032,-3.1882,2.3184,-2.3316,2.2796,-0.86328,0.96958,0.021463,-0.58279,-0.66517
-5.4782,3.2861,2.1014,-4.2566,1.3919,-2.2579,0.43835,-1.0783,0.61777,-1.3593,-0.59755,-1.5523
-2.9235,3.925,3.2844,-3.6246,0.71194,-2.3113,-0.29279,-2.0979,0.21297,-1.6709,-1.0849,-1.1699
-0.649,3.7362,2.5661,-2.5664,0.65035,-2.7822,-0.59225,-1.9826,-0.19732,-1.5204,-0.13927,-0.17034
0.75353,3.1146,4.915,-2.9795,-0.79865,-3.7457,-1.4827,-1.1003,-0.14769,-2.1209,-0.062581,-0.062949
1.4903,2.0111,6.0491,-2.4268,-1.2418,-3.7443,-0.71586,-0.082376,0.62362,-2.2072,0.67528,0.4909
1.8409,2.9327,7.1169,-1.8574,-2.5264,-4.3068,-0.87069,0.93371,0.86645,-1.6683,0.13134,0.62349
1.9084,1.8021,8.5792,-1.6404,-2.6424,-4.2579,-0.6509,0.38257,1.2155,-1.6788,0.95175,0.55054
2.7025,0.88739,6.7042,-1.5118,-1.6833,-3.396,-1.1012,-0.062805,0.57626,-1.863,1.061,0.53846
2.2595,0.52149,6.8344,-1.6553,-2.8033,-2.8779,-1.0403,0.21317,-0.24412,-1.9216,0.57792,0.83262
2.1673,0.93004,8.8811,-1.4359,-2.8513,-4.2658,-1.0155,0.16698,0.76429,-1.928,0.30905,0.24085
2.3996,0.68741,5.3013,-1.2682,-2.211,-2.2496,-1.6497,0.33304,-0.29085,-1.8888,0.36182,0.70475
2.2432,0.42577,5.9604,-1.4964,-2.8215,-2.3761,-1.3022,0.48967,-0.38681,-1.9174,0.76396,0.62481
2.4651,0.20013,7.3831,-1.2047,-3.3861,-3.52,-0.67294,1.1075,0.62815,-1.9167,0.24851,0.29317
2.4544,-0.088706,6.3312,-1.7497,-2.9036,-3.0185,-0.78717,0.86622,-0.035422,-1.698,0.18731,0.3603
2.4609,0.30917,5.9406,-1.0835,-3.0881,-3.1308,-0.24513,0.98935,-0.17555,-1.3642,0.28456,0.62583
2.7478,-0.040823,5.9574,-1.2722,-1.8626,-3.7206,-0.92074,0.21556,-0.83279,-1.6177,0.51819,0.81882
1.7325,0.50841,4.9735,-1.3684,-2.0409,-3.3078,-0.97876,-0.043871,-0.58684,-0.98483,-0.13019,0.77952
0.92691,0.87569,5.6942,-1.1212,-2.2795,-3.8873,0.87774,0.67737,0.46402,-1.4881,-0.39276,0.3798
-0.93794,0.97034,5.0603,-0.68604,-1.1263,-3.8376,1.9649,0.68731,1.5092,-1.1769,0.088125,1.4014
-2.2955,1.2653,5.1101,-0.56358,-0.76316,-4.6219,1.9481,-0.5925,1.5344,-1.5728,0.52929,1.1482
-2.9129,1.7151,4.4501,-0.22823,-1.9149,-5.3859,1.3287,-1.3536,1.2278,-1.8359,-0.087333,0.078457
-2.7074,2.6498,4.1654,-1.2881,-2.0445,-4.7799,0.75902,-1.8853,1.1603,-2.029,0.57676,-0.25238
-2.9411,3.2514,3.2219,-0.88199,-2.1843,-4.4272,1.2825,-1.7471,0.88652,-1.9651,-0.0093028,0.035701
-3.4416,2.2818,3.7423,-1.9026,-1.9635,-4.7318,0.23444,-2.5015,0.78744,-2.1095,0.46227,-0.55794
-3.5942,2.2934,2.8963,-1.7091,-1.3809,-5.021,0.72148,-1.0315,1.1718,-2.4286,0.23177,-0.44944
-4.5557,1.6316,2.3803,-2.2411,-1.858,-5.1656,1.0076,-0.76244,1.2852,-2.0994,0.89468,-0.51048
-3.7389,2.6822,1.9853,-2.231,-2.5147,-4.8222,0.78411,-0.97756,1.1673,-1.6845,0.61477,-0.24197
-4.6729,2.101,1.3758,-1.3215,-1.7411,-5.0178,1.2738,-1.2609,0.95345,-1.5498,0.3728,0.5657
-4.7116,1.8265,0.75365,-0.8178,-1.9882,-4.9385,1.5109,-0.42435,1.3091,-1.5374,1.1041,0.27728
-4.2661,2.1985,1.1356,-1.0499,-1.4252,-4.9122,0.84869,-0.95167,0.68144,-1.9113,0.92825,0.51811
-3.7984,1.518,0.69574,-0.5635,-2.4258,-5.2527,0.73364,-0.13478,0.98766,-1.1886,1.2752,0.89594
-3.5354,2.7765,0.59023,-0.82217,-1.7317,-5.3805,0.25327,-0.92135,0.59782,-1.7549,1.2417,0.60814
-3.5888,3.0683,0.71155,-0.035758,-0.8014,-5.4382,0.10004,-1.119,-0.096863,-2.0904,1.0544,0.30303
-4.2355,3.9625,0.65551,-0.83277,0.13878,-4.6232,0.12575,-1.2151,0.071698,-1.9652,0.96942,0.33886
-4.7227,3.6282,0.51419,-0.71661,0.2096,-4.4248,0.63061,-1.1001,0.22862,-2.1526,1.2865,-0.030309
-4.5008,4.2374,0.23865,-1.4494,-0.26402,-4.5261,0.70763,-1.3642,0.48679,-1.2807,1.2225,0.068525
-4.1982,3.4191,0.41725,-2.1981,-0.86929,-4.1755,1.0888,-1.1337,1.2212,-0.45176,1.7985,-0.1717
-3.7204,3.2149,0.4505,-2.1928,-0.94314,-4.6919,1.1329,-1.1709,0.80982,-0.32758,2.1785,-0.17247
-2.9845,2.9086,-0.078214,-1.6925,-0.80841,-4.5553,1.3948,-0.73585,0.92767,-0.99487,1.5815,-0.27009
-3.6215,2.6215,-0.14164,-1.8792,-0.29547,-4.1183,1.7274,-0.40652,0.89015,-0.85508,1.6314,-0.70161
-3.9783,2.8794,-0.071225,-2.0379,0.33413,-3.4245,1.6488,-0.40641,0.76444,-0.70926,1.3827,-1.3686
-4.4844,2.6142,-0.65795,-1.9388,0.94697,-3.308,1.9944,-0.045694,1.0954,-0.060902,1.4206,-0.52189
-4.208,2.3731,0.25672,-1.3486,1.1287,-2.949,1.4357,-0.87406,0.36638,-0.6723,0.80938,-0.35343
-4.5628,1.8578,0.54336,-1.0602,1.1089,-2.6135,1.3847,-0.73429,0.29547,-1.1721,0.80042,-0.25692
-4.1157,1.0511,0.53645,-0.23859,1.1997,-2.4388,1.3515,-1.0217,-0.19839,-1.8507,0.32639,0.36593
-4.1759,0.61711,0.33084,-0.63317,1.0994,-2.1187,1.5209,-0.89254,-0.21697,-2.0686,1.4752,0.39821
-3.2618,1.0884,-0.18171,-1.1951,0.45463,-2.1583,1.5161,-1.1621,0.45383,-1.0593,1.4489,0.15589
-2.4746,1.0515,-0.72417,-0.70415,0.15022,-2.8442,1.5833,-0.89797,1.0247,-0.32246,1.2227,0.29453
-1.3711,0.92411,-0.86488,-0.72372,-0.7222,-3.3038,1.2991,-0.53132,1.3077,-0.069176,1.4962,0.55581
-1.5637,1.0156,-0.92894,-1.2093,-0.57135,-2.5647,0.71197,0.0064719,2.2289,-0.03032,1.3004,0.39673
-1.5352,1.298,-0.69109,-0.64161,0.19255,-1.9541,0.66483,-0.84709,1.3002,-0.24212,0.76856,0.10662
-1.1802,0.75264,0.069779,-0.91654,-0.21277,-2.0191,0.5043,-0.36339,0.70504,-0.052768,0.7495,0.12763
-1.9165,0.2153,0.50811,-1.1326,0.6799,-1.7656,0.70688,0.45715,0.4545,-0.35911,0.76168,0.33082
-1.97,0.24626,0.78017,-0.97381,1.2743,-1.3468,0.36381,0.41988,-0.29161,-0.58395,0.42222,0.30982
-1.6173,0.57825,0.78853,-1.2402,1.0752,-0.70373,-0.14716,0.11236,-0.16712,-0.60216,0.50874,-0.19196
-0.80897,0.51484,0.55887,-0.80637,0.71674,-0.57283,-0.14589,-0.16664,-0.24014,-0.35805,-0.038792,0.032577
-0.67038,0.30563,0.20717,-0.45346,0.51242,-0.47283,0.19093,-0.12016,-0.040112,-0.085976,-0.024078,0.13173
-0.32309,0.046245,0.20271,-0.29257,0.21282,-0.043201,-0.10158,0.125,-0.013357,-0.13497,0.18398,-0.087889
-0.32367,0.096371,0.11332,-0.22331,0.23444,-0.17201,0.071386,0.0031563,-0.0018442,-0.039848,0.0326,0.049145
-0.10626,0.0020227,0.086843,-0.10086,0.038774,0.043421,-0.07675,0.032519,0.056247,-0.12097,0.11035,-0.02912
1.3974e-15,2.3188e-16,0,4.5559e-16,4.4949e-16,0,2.1668e-16,3.1753e-16,3.0911e-16,2.9979e-16,2.8958e-16,2.7853e-16
1.3974e-15,2.3188e-16,0,4.5559e-16,4.4949e-16,0,2.1668e-16,3.1753e-16,3.0911e-16,2.9979e-16,2.8958e-16,2.7853e-16
1.3974e-15,2.3188e-16,0,4.5559e-16,4.4949e-16,0,2.1668e-16,3.1753e-16,3.0911e-16,2.9979e-16,2.8958e-16,2.7853e-16
1.3974e-15,2.3188e-16,0,4.5559e-16,4.4949e-16,0,2.1668e-16,3.1753e-16,3.0911e-16,2.9979e-16,2.8958e-16,2.7853e-16
1.3974e-15,2.3188e-16,0,4.5559e-16,4.4949e-16,0,2.1668e-16,3.1753e-16,3.0911e-16,2.9979e-16,2.8958e-16,2.7853e-16
1.3974e-15,2.3188e-16,0,4.5559e-16,4.4949e-16,0,2.1668e-16,3.1753e-16,3.0911e-16,2.9979e-16,2.8958e-16,2.7853e-16
1.3974e-15,2.3188e-16,0,4.5559e-16,4.4949e-16,0,2.1668e-16,3.1753e-16,3.0911e-16,2.9979e-16,2.8958e-16,2.7853e-16
2.672,2.316,1.7842,1.1567,0.5242,-0.028641,-0.43732,-0.66762,-0.71923,-0.62252,-0.4297,-0.2023
4.7456,4.0437,3.0231,1.87,0.7809,-0.081194,-0.61919,-0.81618,-0.72894,-0.4642,-0.1455,0.11963
5.3668,4.5896,3.4614,2.191,0.9988,0.067927,-0.493,-0.6664,-0.5192,-0.17663,0.21523,0.52735
5.1473,4.0814,2.6055,1.8108,0.81624,0.25583,-0.21551,-0.30733,-0.30386,-0.12428,0.038994,0.17522
7.6474,6.0679,3.917,1.7438,0.038758,-0.91391,-1.0988,-0.73243,-0.14928,0.33682,0.54088,0.44633
6.5083,4.1496,1.9418,0.97961,-0.29095,-1.0468,-0.94074,0.097173,0.65069,0.46753,0.17286,0.33718
7.0386,2.7785,1.3489,1.6461,-0.52259,-2.6609,-1.655,1.3456,2.0726,0.5322,-0.34178,0.30706
8.46,1.2335,0.34287,1.983,-0.44138,-3.1036,-1.4656,2.3142,2.649,0.39525,-0.44082,0.69429
8.276,1.0446,-0.82357,1.2359,0.15328,-2.2845,-1.1161,2.3041,2.3869,0.25846,-0.27698,0.84957
8.288,0.25567,-0.41011,0.48651,0.19236,-1.6684,-1.496,2.4581,2.1733,-0.071432,0.2968,0.45454
7.8239,-0.84112,0.052055,-0.0061977,0.23839,-0.88574,-2.0392,2.7211,2.4332,-0.78391,0.56915,0.40799
7.0045,-0.93539,0.3616,-0.28926,-0.020181,-0.73276,-1.7679,2.6782,2.3058,-0.73563,0.40367,0.22176
6.8061,-1.3815,0.032538,-0.2735,-0.48034,-0.29946,-1.0713,2.3257,2.075,-0.69042,0.37141,0.20775
9.2877,-3.5756,0.94129,-0.91315,-0.4164,0.34714,-1.7385,2.7594,1.827,-1.4535,0.88931,-0.19557
8.3823,-2.8903,0.29515,-0.61704,-0.27299,0.22533,-1.5762,2.2848,1.9503,-0.87748,0.80783,-0.31478
7.6547,-2.2265,-0.014514,-0.39132,0.039604,0.2595,-1.4051,2.0789,1.9525,-0.77197,0.38628,-0.32077
8.2276,-2.7983,0.19413,-0.47748,0.00083463,0.35678,-1.6223,2.1651,2.0462,-0.6209,0.55605,-0.66749
6.1954,-1.9012,-0.9427,-0.3122,0.035805,-0.32957,-1.4399,1.5749,2.0552,-0.2799,0.070867,-0.2792
5.8728,-2.7341,-0.76378,-1.0069,-0.63515,-0.40095,-1.4983,1.5949,1.385,-0.43115,0.5331,-0.74476
6.4712,-4.0097,-0.68772,-1.0842,-1.057,-0.83833,-1.95,1.2961,0.79861,-0.78831,0.76443,-0.79779
6.7677,-2.2934,-0.027183,-0.91273,-0.85921,-0.59565,-1.5278,1.2091,0.67764,-0.70348,0.75547,-0.26975
7.4756,-4.3232,-0.71889,-1.3268,-1.5051,-1.0273,-2.3742,1.0382,0.7536,-0.84556,0.51247,-0.98045
7.2411,-3.1536,-0.82958,-0.2114,-1.2456,-1.5644,-1.5166,1.0821,1.0211,-0.25949,0.52718,-0.57664
7.6104,-3.2731,-0.69161,-0.26462,-0.27884,-1.2314,-1.2759,0.73141,1.3831,-0.12706,0.84864,-0.52041
7.9232,-3.7984,-0.67375,0.073792,-1.1339,-0.95953,-1.7121,0.563,1.2734,-0.094731,0.31212,-0.49703
7.1222,-3.529,-1.2886,-0.096653,-1.1323,-1.1618,-1.5103,0.50103,0.78192,-0.12395,0.33329,-0.51176
7.1439,-2.9924,-0.16212,-0.30908,-0.81425,0.060206,-1.4973,0.11471,1.0144,0.18292,0.49201,-0.53457
8.3298,-4.1805,1.1919,-0.33669,-1.0051,0.92971,-1.1753,0.47956,1.2317,0.35706,0.93726,-1.1751
7.6253,-3.9882,0.76001,0.29751,-0.29907,0.90683,-1.0742,1.0163,0.76684,-0.87494,0.62613,-0.40239
5.6548,-3.9222,0.77637,0.044969,-0.07688,1.3382,-1.0975,0.38945,0.91091,-0.7282,0.22266,-0.10364
6.1301,-4.8869,1.4076,0.27736,-0.59922,0.84088,-1.4526,0.10553,0.25991,-1.326,0.26137,-0.13905
6.349,-4.261,1.3173,-0.26104,-1.1863,0.070815,-1.4428,0.79853,0.32368,-1.4755,0.095442,-0.83782
5.2598,-5.1936,0.1492,-0.79469,-1.525,0.045297,-1.346,0.29153,-0.15378,-1.6762,0.12034,-0.36931
4.7262,-4.8931,0.16089,-1.0395,-1.9996,-0.10837,-0.84491,1.0886,1.1412,-0.96253,-0.261,-0.21349
5.1324,-4.7993,0.10632,-0.34088,-1.1763,0.40911,-0.82302,0.24683,0.61024,-0.66456,-0.088502,-0.42418
5.2369,-4.6164,-0.63093,-0.51058,-0.99648,0.46555,-0.63302,0.17792,0.34911,-1.0256,-0.69287,-0.82962
5.1708,-4.4766,0.023866,0.20203,-1.4082,0.065163,-0.52551,-0.26076,-0.055623,-1.0722,-0.35713,-0.7074
4.4375,-4.368,-0.22525,-0.045792,-1.3611,-0.37801,-1.2607,-0.18459,0.96907,-0.34015,-0.97098,-1.595
4.4549,-4.853,-0.96557,-0.54519,-0.47685,0.52732,-0.91767,0.73139,1.358,-0.29448,-0.20391,-1.1205
3.1752,-4.4909,-0.82586,-0.99878,-1.1526,0.36111,-0.66299,-0.090779,0.46513,-0.33985,-0.19494,-0.71718
2.2834,-4.6106,-0.19134,-0.30968,-1.7865,-0.69403,-0.7791,0.44338,1.2773,0.35727,-0.20348,-1.273
1.2875,-5.0422,-0.696,-0.4589,-0.96939,-0.11672,-0.61334,1.0506,1.2803,-0.059073,-0.058919,-0.69847
1.6924,-4.5904,-0.66,0.46416,-0.94567,-0.9438,-0.47707,1.1663,1.2588,0.059696,-0.52119,-1.1453
1.7498,-4.3688,-1.6219,0.38126,-0.8178,-1.3859,-0.51951,1.7119,2.1951,0.26822,-0.60476,-0.44493
2.2111,-3.0327,-2.16,-0.714,-0.83241,-1.011,-0.66653,1.2561,2.4986,1.1505,-0.4657,-0.957
2.258,-2.1199,-1.7265,-0.543,-0.7606,-1.7413,-1.6978,0.99233,2.6857,1.0362,-0.55098,-0.51892
1.8164,-1.6684,-1.0245,0.52301,-0.11012,-2.0057,-2.0728,0.44535,1.549,0.090986,-0.49188,0.21535
2.0263,-0.74253,-1.0646,0.025497,-0.39249,-1.758,-1.3845,0.46898,1.0576,-0.086623,-0.71537,-0.011669
1.9516,-0.20251,-0.61478,0.060266,-0.38772,-1.6916,-1.6836,-0.18092,0.67085,-0.02697,-0.6927,-0.17198
1.217,-0.38461,-0.07751,0.94769,0.35895,-1.3965,-1.8199,-0.5419,0.10529,-0.67027,-1.0449,-0.10378
0.77224,-0.74549,-0.3512,0.56497,0.63585,-0.49879,-1.3308,-0.38489,0.25661,-0.57765,-0.82457,-0.017219
0.44545,-0.93797,-0.78562,0.36239,0.63273,-0.075766,-0.3309,0.12306,0.12783,-0.51558,-0.57354,0.33536
0.4941,-0.63589,-0.68867,0.12523,0.48756,0.088288,-0.22142,-0.10629,-0.15115,-0.49219,-0.40186,0.31809
0.36701,-0.79444,-0.49228,0.56316,0.51137,-0.47953,-0.65752,0.20141,0.49414,-0.3056,-0.72891,0.056864
0.23477,-1.2542,-0.57618,1.0017,0.74889,-0.79588,-0.90537,0.55059,1.0172,-0.23461,-0.9831,-0.018711
0.18666,-1.4303,-0.5352,1.2586,0.82349,-0.99831,-1.0209,0.68271,1.1073,-0.35785,-1.0889,0.057218
0.17505,-1.1896,-0.44675,1.0623,0.6964,-0.85762,-0.89278,0.56462,0.94346,-0.32335,-0.96888,0.047907
0.12075,-0.91644,-0.34967,0.81057,0.54269,-0.64906,-0.68179,0.45172,0.75676,-0.24164,-0.76633,0.04155
0.081762,-0.68685,-0.23883,0.62372,0.3773,-0.52537,-0.4873,0.40104,0.56227,-0.26183,-0.59955,0.11913
0.080702,-0.61197,-0.23497,0.54653,0.3688,-0.44542,-0.47159,0.3193,0.53672,-0.18078,-0.56225,0.042579
0.034729,-0.3137,-0.10256,0.29152,0.1656,-0.25571,-0.2209,0.20795,0.26586,-0.15046,-0.2984,0.085933
0.023133,-0.20896,-0.068317,0.19418,0.11031,-0.17033,-0.14714,0.13851,0.17709,-0.10022,-0.19876,0.05724
0.024638,-0.22255,-0.072761,0.20681,0.11748,-0.18141,-0.15671,0.14752,0.18861,-0.10674,-0.21169,0.060963
0.013276,-0.11992,-0.039207,0.11144,0.063305,-0.097752,-0.084442,0.079492,0.10163,-0.057516,-0.11407,0.03285
0.0037914,-0.034247,-0.011197,0.031826,0.018079,-0.027916,-0.024115,0.022702,0.029024,-0.016426,-0.032576,0.0093813
1.3974e-15,2.3188e-16,0,4.5559e-16,4.4949e-16,0,2.1668e-16,3.1753e-16,3.0911e-16,2.9979e-16,2.8958e-16,2.7853e-16
1.3974e-15,2.3188e-16,0,4.5559e-16,4.4949e-16,0,2.1668e-16,3.1753e-16,3.0911e-16,2.9979e-16,2.8958e-16,2.7853e-16
1.3974e-15,2.3188e-16,0,4.5559e-16,4.4949e-16,0,2.1668e-16,3.1753e-16,3.0911e-16,2.9979e-16,2.8958e-16,2.7853e-16
1.3974e-15,2.3188e-16,0,4.5559e-16,4.4949e-16,0,2.1668e-16,3.1753e-16,3.0911e-16,2.9979e-16,2.8958e-16,2.7853e-16
1.3974e-15,2.3188e-16,0,4.5559e-16,4.4949e-16,0,2.1668e-16,3.1753e-16,3.0911e-16,2.9979e-16,2.8958e-16,2.7853e-16
1.3974e-15,2.3188e-16,0,4.5559e-16,4.4949e-16,0,2.1668e-16,3.1753e-16,3.0911e-16,2.9979e-16,2.8958e-16,2.7853e-16
1.3974e-15,2.3188e-16,0,4.5559e-16,4.4949e-16,0,2.1668e-16,3.1753e-16,3.0911e-16,2.9979e-16,2.8958e-16,2.7853e-16
1.3974e-15,2.3188e-16,0,4.5559e-16,4.4949e-16,0,2.1668e-16,3.1753e-16,3.0911e-16,2.9979e-16,2.8958e-16,2.7853e-16
1.3974e-15,2.3188e-16,0,4.5559e-16,4.4949e-16,0,2.1668e-16,3.1753e-16,3.0911e-16,2.9979e-16,2.8958e-16,2.7853e-16
1.3974e-15,2.3188e-16,0,4.5559e-16,4.4949e-16,0,2.1668e-16,3.1753e-16,3.0911e-16,2.9979e-16,2.8958e-16,2.7853e-16
1.3974e-15,2.3188e-16,0,4.5559e-16,4.4949e-16,0,2.1668e-16,3.1753e-16,3.0911e-16,2.9979e-16,2.8958e-16,2.7853e-16
1.1145,0.90091,0.5847,0.21737,-0.14328,-0.44401,-0.64554,-0.72895,-0.69775,-0.57536,-0.39884,-0.2103
3.214,2.4004,1.2589,0.047584,-0.98037,-1.6416,-1.8641,-1.6924,-1.2604,-0.74061,-0.29053,-0.010748
4.7839,3.4991,1.7505,-0.011148,-1.3785,-2.108,-2.1753,-1.7507,-1.1117,-0.53149,-0.18676,-0.11762
5.8907,3.9146,1.5195,-0.54384,-1.8796,-2.3375,-2.0341,-1.2887,-0.57268,-0.17495,-0.12766,-0.26786
5.6828,3.7241,1.3293,-0.08954,-1.3201,-1.7656,-1.6366,-0.9782,-0.36951,0.073893,0.10072,0.070736
7.0754,4.6594,1.8094,0.15348,-1.0844,-1.3211,-0.96301,-0.21631,0.20386,0.31966,0.11637,0.038525
8.0698,4.7813,1.8569,0.69981,-0.49792,-1.2265,-0.87922,0.38474,1.0446,0.77533,0.06237,-0.029575
7.2801,3.0267,1.4351,2.0121,0.27914,-2.0793,-1.6565,1.0874,2.1862,0.95873,-0.23926,0.13379
7.1844,1.5358,0.27772,1.6946,0.081131,-2.1435,-1.3308,1.5509,2.2645,0.78661,-0.078342,0.46605
8.0769,0.12097,-0.3864,1.6404,0.10602,-2.4903,-1.8747,1.6886,2.2283,0.3058,0.44287,1.5711
6.2788,-0.10719,-0.37135,0.29645,-0.43443,-1.4926,-1.4557,1.7167,2.1963,-0.30755,-0.10183,0.96794
7.7327,-2.275,0.31057,-0.83268,0.0051567,-0.70383,-2.4141,2.1747,2.2957,-0.88909,0.60385,1.0573
5.7342,-1.3896,0.39173,-0.39675,-0.35954,-0.56581,-1.8381,1.8457,1.9369,-0.46376,0.73596,0.24777
7.2619,-2.7991,1.5176,-0.72446,-0.33925,-0.23705,-1.443,1.6178,2.1308,-0.25749,0.9203,0.14829
7.7715,-3.1553,1.1792,-0.6833,-0.53925,0.27651,-1.334,2.0662,2.2763,-0.16729,0.87683,-0.085778
5.359,-1.7731,0.17923,-0.90948,0.5377,-0.63998,-0.87626,2.1215,2.529,-0.1452,0.76002,-0.0046849
4.8805,-2.0035,-0.047802,-0.939,0.31765,-0.98816,-0.5816,1.992,2.2186,0.085892,0.61104,0.086455
4.9544,-2.6202,0.26247,-1.7081,0.286,-1.24,-0.066163,1.5265,2.5738,0.35957,0.59958,0.141
5.4823,-2.3212,0.46399,-1.2761,-0.42604,-1.2203,-0.3481,1.4301,2.3992,-0.38683,0.31872,-0.20541
5.8268,-2.1879,0.15809,-1.305,-0.35773,-0.43184,-1.1493,1.6474,1.9567,-0.64409,0.57834,-0.62025
6.262,-2.4222,0.010869,-0.87446,-0.19157,0.472,-0.86289,1.4879,1.737,-1.0287,0.4106,-0.73941
6.0951,-2.0354,-0.065818,-0.88269,0.42011,-0.10708,-0.55805,1.3933,2.0009,-0.89714,0.0044871,-0.55323
6.4205,-2.0406,0.013486,-1.1134,0.83951,-0.0092025,-0.99728,1.401,1.9575,-1.377,0.46012,-0.83332
5.9678,-2.1401,0.09501,-0.97261,0.053642,-0.4777,-1.0951,1.6305,2.0636,-0.9011,0.24529,-0.92797
5.8242,-2.7532,-0.36562,-0.93996,-0.49251,-0.13123,-1.5997,1.0917,1.9501,-0.56084,0.1711,-0.65748
7.1121,-3.8328,0.0063859,-1.2284,-0.32162,-0.056351,-1.7267,1.1005,2.1377,-0.69584,1.3203,-0.95794
5.6865,-2.6456,-0.58346,-0.50855,-0.24263,-0.32669,-1.4513,1.1485,1.3907,-0.33073,0.86565,-0.33967
6.792,-3.987,0.44596,-0.56865,-0.80979,0.040219,-1.4551,0.45862,1.0367,-1.3099,0.77087,-0.23841
7.7785,-4.3954,1.074,-1.4934,-0.99947,-0.26514,-1.2082,0.34297,0.39463,-1.4688,1.4617,-1.0042
5.8236,-2.7145,1.058,-0.60985,-0.1303,0.41148,-1.1052,0.94641,0.59139,-0.70959,0.9211,-0.52236
6.3288,-3.4678,1.8985,0.21326,1.2903,1.3465,0.11072,1.6379,0.5067,-0.93804,0.50873,-1.5972
7.0926,-3.1898,2.1079,-0.91599,0.24977,1.3018,-0.09513,1.5567,0.49345,-0.11768,1.4391,-1.1378
6.0325,-2.8714,1.8187,-0.58467,-0.0045319,0.20362,-1.4963,1.687,0.92753,-0.33945,0.97638,-0.50657
6.4464,-3.1895,1.7127,-1.0258,0.14251,0.1454,-1.328,1.2176,0.31034,-0.65683,0.54554,-0.52987
5.5669,-3.9054,0.99635,-1.1465,-0.2006,0.59989,-0.46764,2.3325,1.4388,-0.53308,-0.088237,-0.396
4.9773,-3.687,0.94119,-2.2623,-0.41497,0.059175,-1.6871,1.8688,1.2119,-0.73847,-0.073018,-0.30544
4.8353,-3.5927,1.5319,-2.5339,-1.9699,-0.57918,-1.8228,1.172,0.63261,-1.0177,0.069297,-0.14957
4.9181,-3.6159,2.0976,-1.6173,-2.263,-0.6534,-1.481,1.4395,0.99655,-0.95001,-0.45207,-0.44616
5.0374,-2.9263,1.5482,-1.7421,-1.9436,-0.19424,-1.2409,0.89008,0.62342,-1.0902,-0.42688,-0.096885
4.3911,-3.9115,0.84452,-2.1314,-2.5437,-0.77593,-1.4817,0.89409,0.83447,-0.47169,0.2375,0.13293
3.2907,-3.3383,2.0664,-1.9761,-2.2139,-1.5688,-2.1851,1.2796,0.92943,-0.13441,-0.037557,-0.30763
2.5852,-3.4228,2.0459,-1.8951,-1.4626,-1.5878,-2.1959,1.5251,0.8926,-0.34249,-0.04636,0.17488
3.0178,-2.3412,2.1739,-1.647,-0.75961,-0.3993,-1.8055,0.49428,-0.19374,-0.89,-0.8629,-1.2038
2.4155,-2.6074,1.4995,-1.2771,-0.37145,-0.46706,-1.2893,1.2196,0.44485,-1.8258,-1.6708,-1.1332
2.0465,-3.0801,0.67151,-1.4768,-0.5329,-1.3217,-1.5598,1.3221,-0.21341,-1.8732,-0.89576,-0.77505
2.4116,-2.7164,0.43222,-1.0008,0.43937,-1.3437,-1.5104,0.62031,-0.30807,-1.0699,-1.3278,-0.59087
1.48,-3.0073,0.99026,-1.6406,0.47212,-1.3434,-2.1359,1.1583,-0.35839,-0.91824,-0.27079,-0.57691
0.13628,-3.4716,0.92384,-1.8607,0.78651,-1.4124,-2.2392,1.9659,0.25957,-0.87924,0.082244,-0.14659
0.070313,-3.0262,1.3531,-1.5857,0.090775,-1.3372,-1.3939,1.8826,-0.60677,-0.59104,0.44253,-0.59411
-0.25068,-2.6875,1.6108,-1.8918,-0.16199,-1.1807,-0.75184,2.5609,-0.70351,-1.139,-0.53035,-0.75747
-0.034447,-3.3838,0.53934,-1.8991,0.23916,-0.97449,-0.5328,3.0952,-0.53909,-1.7133,-0.26884,-0.19174
-0.21589,-3.2983,0.097025,-1.5621,0.63147,-1.1442,0.14219,3.4029,-0.44634,-1.7201,-0.89534,-0.038679
-0.48539,-3.3527,0.19287,-1.2793,0.46074,-1.6273,0.053592,3.7362,-0.41277,-1.5867,-0.15574,0.60149
0.067636,-3.3485,-0.32793,-1.4483,0.080087,-1.8426,-0.076432,4.0268,0.39933,-1.6681,-0.50549,0.57583
0.23611,-2.6313,-0.75544,-1.3844,0.13419,-0.94665,0.24146,3.2928,0.17558,-1.8267,-0.35515,0.096823
-0.10701,-2.3943,-0.7033,-0.86154,0.64592,-0.74832,0.45177,2.9683,-0.2893,-2.0973,-0.74289,-0.014967
0.019968,-2.1443,-0.7267,-0.22106,0.68922,-1.1973,0.29268,2.9188,-0.24098,-2.039,-0.84601,0.41143
0.013113,-2.3199,-0.25853,-0.037951,0.32602,-1.007,0.29071,3.0007,-0.50355,-2.3196,-0.34321,0.42338
0.086671,-2.0747,-0.38149,0.25238,0.5212,-0.82434,-0.23788,2.1077,0.26935,-1.5733,-0.83704,0.18878
0.32752,-1.3749,-0.4624,0.30262,0.010089,-1.0169,0.10621,1.8231,0.26574,-1.108,-0.49416,0.25268
0.49804,-0.6116,-0.45751,-0.42288,-0.42634,-0.60007,0.33767,1.3144,0.22665,-0.46099,-0.12134,-0.031057
0.37187,-0.52425,-0.3838,-0.013029,-0.21462,-0.50294,0.080548,0.83559,0.42965,-0.31849,-0.28967,0.062935
0.029748,-0.13757,-0.055558,0.11301,0.056925,-0.12331,-0.094993,0.10801,0.13773,-0.053916,-0.13171,0.028066
0.10444,-0.68781,-0.29196,0.56653,0.44834,-0.42522,-0.57932,0.25941,0.6435,-0.07534,-0.60794,-0.08636
0.12423,-0.77119,-0.30898,0.65041,0.42316,-0.54345,-0.54587,0.3765,0.6203,-0.15172,-0.566,-0.0058572
0.070034,-0.66082,-0.20321,0.60112,0.31671,-0.50964,-0.40054,0.39704,0.44885,-0.27581,-0.46054,0.15832
0.0062076,-0.39059,-0.052825,0.29209,0.16311,-0.21677,-0.29137,0.19909,0.3611,-0.19874,-0.3432,0.14757
0.049406,-0.52714,-0.15219,0.46075,0.25761,-0.37849,-0.34701,0.29666,0.39678,-0.21366,-0.3988,0.12065
0.013395,-0.18227,-0.045824,0.15747,0.088245,-0.13213,-0.13164,0.11269,0.16153,-0.092477,-0.17187,0.060073
0.0083858,-0.075747,-0.024765,0.070392,0.039987,-0.061745,-0.053338,0.050212,0.064196,-0.03633,-0.072052,0.02075
-6.5451e-05,5.115e-05,-2.9583e-05,3.8143e-06,2.2496e-05,-4.5611e-05,6.2247e-05,-7.0042e-05,6.7887e-05,-5.6088e-05,3.6323e-05,-1.1398e-05
0.0014396,-0.0089374,-0.023837,0.0056095,0.00075931,-0.038169,0.0015471,0.014028,0.053647,-0.010996,-0.012156,-0.0063256
0.092703,0.023164,-0.060701,-0.12729,-0.11286,-0.066112,0.02179,0.1037,0.11867,0.099798,0.018073,-0.069115
0.081198,0.017236,-0.054925,-0.10096,-0.09897,-0.049903,0.022902,0.084813,0.10638,0.077345,0.011519,-0.059787
0.064663,0.028284,-0.017917,-0.057704,-0.077167,-0.069606,-0.03784,0.0068667,0.048838,0.073517,0.072523,0.046487
0.51842,0.17045,-0.24354,-0.55043,-0.62505,-0.44252,-0.08645,0.28976,0.53034,0.54329,0.33639,0.0087033
-0.3891,0.92561,-0.75721,-0.32646,-0.54029,-0.82447,0.52581,-0.49307,1.3734,-0.26695,1.0345,-0.48324
-1.8039,1.865,-1.3698,0.19145,-0.24301,-1.0465,1.236,-1.3803,2.0229,-1.2431,1.505,-0.95973
-2.8504,2.3449,-1.5604,0.58116,0.32434,-1.2022,1.822,-2.1463,2.2537,-2.0072,1.6295,-1.1266
-2.8685,2.6542,-1.725,0.16949,0.17138,-1.6868,1.8834,-2.0282,2.3789,-1.4348,1.4968,-0.75892
-2.8251,3.569,-1.9781,-1.0291,-0.16122,-3.2096,1.8729,-2.1086,2.6702,-0.47318,1.7152,-0.16165
-2.7537,4.2533,-2.6939,-1.2759,-0.99521,-3.505,1.8729,-1.9658,3.169,-0.32272,1.8637,-0.25564
-2.4158,3.9903,-2.5935,-1.3538,-1.0648,-3.4526,1.8948,-1.9547,3.3962,-0.48986,2.1637,-0.56687
-2.3854,4.0439,-2.2766,-1.2801,-0.84873,-3.6471,1.6076,-2.2649,2.9453,-0.47737,2.0903,-0.27487
-2.5985,3.8336,-2.1455,-0.73938,-0.64429,-3.3404,1.5335,-2.5449,2.7674,-0.52479,2.068,0.31797
-2.7237,3.2754,-1.8369,-0.41562,-0.019561,-2.7241,1.6143,-2.4044,2.2859,-0.74284,1.5237,0.050127
-2.1408,3.6896,-2.3754,-0.89513,-1.2341,-3.0422,1.232,-1.7898,2.8806,0.051509,2.0084,0.13647
-0.97149,3.5944,-2.2015,-1.3457,-1.7565,-3.5884,0.69816,-2.1261,3.0717,0.14319,2.5844,0.20609
1.505,2.6606,-3.1269,-1.71,-0.5211,-2.1565,0.8838,-1.9241,2.1636,-0.11027,1.0512,-0.33305
4.423,1.146,-3.448,-1.9155,-0.51894,-1.6605,-1.0096,-1.9971,1.1644,0.28383,0.70631,-0.75
7.1855,0.0091438,-4.2122,-1.7704,-0.32453,-1.777,-1.6205,-1.7876,1.1637,0.70636,0.57853,-0.8207
8.9562,-0.17142,-4.8088,-2.3663,1.6612,-1.3022,-1.7262,-1.1523,2.0009,-0.17517,0.73625,-0.78878
7.8734,-0.32573,-3.6221,-2.1332,1.6702,-0.37781,-1.1163,-0.29107,1.3324,-0.49714,0.48759,-1.3318
8.0077,-1.0447,-1.8903,-3.0864,2.0906,-0.64397,-1.1235,0.23445,2.3,-1.352,0.78297,-1.3025
6.8716,-0.89426,-1.6687,-2.1999,1.3231,0.052679,-1.4193,0.63002,1.4182,-0.9671,0.73877,-0.9401
7.6675,-2.0514,-0.90552,-2.5976,1.8837,0.34989,-1.0474,0.21427,1.4949,-1.1464,0.83051,-0.92429
5.8044,-1.8103,-0.95265,-2.139,1.0204,1.1713,-1.2334,0.56766,1.3471,-0.2916,0.61615,-0.53389
7.0271,-2.5617,-0.2676,-2.4473,0.92921,1.2717,-0.85759,0.37942,1.768,-0.17527,0.99272,-0.13117
7.4982,-2.6766,-0.87712,-2.6123,1.6507,1.0185,-0.74031,0.3144,2.4582,0.2222,0.81139,-0.1037
6.6427,-1.7109,-1.7296,-2.0812,1.3764,1.5262,-1.5404,1.0541,2.0083,0.092274,0.70769,-0.39989
7.303,-1.5825,-1.3585,-2.4157,2.0174,1.1983,-1.889,0.29022,2.0721,-0.44859,1.0629,-0.6533
6.4608,-1.1936,-1.2887,-1.904,1.1361,1.4153,-1.7107,0.35228,1.4995,-0.80017,0.96666,-0.055603
7.0161,-1.7868,-1.1594,-2.1619,1.4695,1.3257,-1.4935,0.19308,2.3014,-0.89194,0.78067,0.021856
7.4208,-2.1324,-0.37329,-2.7183,1.0795,1.6123,-1.3666,0.31413,2.414,-0.61966,0.36189,-0.87553
6.1081,-1.3431,-1.1599,-1.8249,0.85083,1.655,-1.5818,0.33129,2.1813,-0.0037813,0.25989,-0.42375
8.2493,-1.7578,-0.64639,-2.5584,1.5032,1.5127,-1.3253,0.018248,2.8828,-0.63815,0.019994,-0.40525
7.6907,-1.4381,-0.4312,-2.0361,1.3473,1.7094,-1.7024,0.19915,2.4503,-1.1968,0.31877,-0.18006
6.3778,-1.0929,-0.52316,-1.2052,1.5969,1.6824,-1.5741,0.17819,1.9946,-0.22533,0.25,-0.30262
7.3713,-1.8251,-0.91891,-1.1011,1.2003,1.2447,-1.6021,-0.58096,3.0651,0.18612,-0.026176,-0.092077
6.7149,-1.1357,-1.0984,-1.1712,1.1306,0.91099,-1.37,0.4306,1.6504,-0.22329,0.24881,-0.18196
6.6061,-0.98539,-0.91848,-1.4832,0.49667,1.1113,-0.85737,0.11359,1.2708,-0.1396,-0.17786,-0.37446
8.0056,-2.1408,-0.20948,-0.7964,1.5471,0.16297,-1.2997,0.32161,1.8988,-0.20156,0.86117,-0.48581
7.3565,-0.36918,0.26362,-0.90203,0.036159,-0.080667,-1.2099,0.34118,0.74047,-0.58252,-0.273,-0.40888
6.8689,-0.64196,-0.33528,-0.79639,0.88272,0.096702,-1.3341,0.6359,1.0073,-0.4465,-0.097555,-1.1172
8.0524,-1.4317,-0.035036,-1.0172,0.52126,0.3549,-1.4614,-0.53985,1.353,-0.35178,-0.053188,-0.88708
7.5061,-0.16014,0.35081,-0.050948,-0.010726,-0.35012,-1.6903,0.32762,1.0691,-0.59529,-0.36732,-0.85978
7.2239,-1.3294,0.31646,-0.42211,-0.38178,0.032032,-1.0652,0.17408,1.7119,-0.53681,-0.019834,-0.84318
7.5443,-1.0845,0.25492,-0.022598,0.21072,0.3419,-1.3274,-0.33273,0.39808,-1.6544,-0.25681,-0.10824
8.4608,-1.6393,0.41347,-0.12346,1.219,0.70595,-1.1153,0.12652,1.2253,-0.34967,0.44388,-0.34904
6.8867,-1.1196,0.78584,-0.077064,1.3101,1.4214,-0.88183,0.34619,1.0356,-0.61488,0.32493,-0.20431
7.0983,-1.0774,0.17293,-0.08361,1.9155,1.7238,-1.4412,0.29026,1.973,-0.023534,0.41701,-0.16544
7.1995,-0.6963,0.35435,-0.062012,1.2831,1.1331,-1.473,0.62111,1.8185,-0.071657,0.41899,0.0007583
6.6187,-1.2503,0.66234,0.11711,1.253,1.7189,-0.85811,1.1689,1.9602,-0.81627,-0.43149,0.15964
6.3139,-2.3599,0.95577,-0.32512,-0.16918,1.0776,-0.69752,1.2776,2.0549,0.12527,0.63796,1.2257
5.746,-1.8165,1.5514,0.14572,0.31843,0.92513,-1.4073,0.4576,0.84121,-0.68962,0.62332,1.0725
5.0309,-2.1712,1.2675,0.33832,0.77684,0.8793,-1.4627,0.64749,1.5745,-0.30711,0.082054,0.3379
4.9364,-1.9355,1.0783,0.5753,0.58309,0.22414,-2.0424,-0.38277,1.0318,-0.795,-0.57653,0.17307
4.544,-2.4621,0.71885,1.1767,0.78559,-0.016683,-1.3781,-0.10239,0.20154,-1.1732,0.47556,0.17275
4.2108,-2.9341,2.6865,1.9526,-0.49116,-0.92291,-0.5782,-0.11436,-0.21821,-0.28645,0.37472,-0.24187
4.2571,-4.6977,3.0807,1.0714,-1.1952,-1.1508,-0.8474,0.32606,0.32563,0.22608,0.42916,-0.79487
4.3526,-4.8801,1.9095,0.49737,-1.1447,-1.4459,-1.887,-0.98592,-0.23148,0.67534,0.22305,-0.80624
3.6253,-4.1785,2.6166,1.2687,-1.239,-0.85948,-1.2324,-0.75098,0.18952,0.42282,-0.10244,-0.72373
3.1333,-3.628,2.2903,0.96467,-1.1689,-1.2963,-1.1272,-0.75885,-0.0087501,0.50993,0.38562,-1.0861
2.7957,-3.807,2.1071,1.9455,-1.0054,-1.2818,-1.2779,-1.0539,-0.24817,0.25876,-0.27893,-1.4964
4.1373,-2.5246,2.2107,0.6246,-1.3973,-0.90902,-0.91225,-0.18751,-0.13511,0.4204,0.55427,-1.2062
4.1123,-2.5574,1.7558,0.79297,-0.59627,-0.88566,-1.4435,-0.35021,-0.55609,-0.6332,0.38204,-1.0456
3.3354,-3.1687,1.4145,0.69117,-0.64969,-0.33064,-1.3868,-0.72266,-0.87441,-0.8664,-0.23189,-0.71211
2.0894,-4.1298,0.3073,0.70154,-0.27931,0.092842,-0.47376,0.32292,0.090117,-0.42819,0.14747,-0.1416
0.92436,-4.4478,0.48663,1.2632,0.088085,0.00060544,-0.52567,0.35973,0.25331,-0.45789,-0.5917,-0.64884
0.69652,-3.5554,1.3732,0.65125,-0.56264,0.089192,-0.55835,0.1131,0.24619,-0.29316,-0.71184,-1.3869
1.1992,-3.6169,0.21609,-0.33859,-0.58946,0.58671,-0.39655,-0.68615,-0.90927,-0.17866,0.036355,-1.0257
0.33777,-3.751,-0.26884,-0.3898,0.31411,1.4776,0.14016,-0.1925,-0.71709,-0.86845,-0.28463,-0.26864
0.16193,-3.921,0.036415,-0.34471,0.40576,1.3966,-0.43659,-0.22133,-0.1114,-0.7662,-0.71459,-0.23578
-0.049142,-3.6199,0.14382,0.03554,0.82633,1.2246,-1.2817,-0.49728,0.28169,-0.48889,-0.30613,-0.35684
-0.79716,-2.5417,0.77202,-0.87297,0.89342,1.342,-1.2693,-0.073334,0.2396,-0.21397,0.13217,-0.41193
-0.97186,-1.856,1.0125,-0.75902,0.39601,0.94953,-0.7105,0.16241,-0.10473,-0.74059,0.93181,-0.29962
-1.0663,-0.69676,0.7158,-1.1892,0.65216,0.8436,-0.72518,0.20996,0.077963,-1.096,1.2225,-0.28413
