1.3538,0.71486,-0.10144,-0.82564,-1.2404,-1.2544,-0.92076,-0.39783,0.12373,0.49411,0.64738,0.60328
3.1625,0.995,-0.94565,-1.2205,-0.97935,-0.2303,0.0026901,-0.11189,-0.51367,-0.65177,-0.46627,-0.020797
7.5188,2.9337,-1.4607,-3.0803,-2.9134,-1.4774,-0.46789,-0.1839,-0.52404,-0.58569,-0.21738,0.35047
12.167,3.0315,-1.6191,-3.0127,-2.284,-0.34964,0.56584,0.19319,-0.48469,-0.56599,-0.038027,0.43793
7.0277,1.2275,-0.93909,-1.9588,-2.1825,-0.26931,0.75724,0.44761,0.15412,-0.17067,0.21892,0.56601
7.1257,-1.0797,-0.64674,-1.6263,-1.4574,-1.0078,1.2843,0.42248,0.82624,0.35961,0.86101,0.88856
5.5327,-1.5839,-0.80332,-1.1203,-0.81291,-0.96559,1.044,1.2779,0.56108,0.017955,1.0015,1.1216
5.9047,-1.1293,-0.0034882,-1.4152,-1.3939,-0.72884,1.5132,1.3796,0.18869,-1.2683,1.2612,0.91246
6.8158,-1.1276,-0.82617,-1.527,-1.2297,-0.16671,1.6411,0.43421,-0.34383,-0.042029,0.79972,0.43879
6.7422,-1.6214,-1.2172,-1.6673,-0.49094,0.16047,2.0543,0.014474,-0.48102,0.36058,0.94598,-0.063751
5.5266,-2.2598,-1.237,-1.6737,-0.4751,0.79898,1.6032,0.12315,0.12232,-0.013769,0.72499,-0.31572
5.3837,-2.1628,-1.1554,-1.5316,-0.69385,0.46878,2.2494,0.33692,-0.3357,0.56635,0.45716,-0.17037
5.7071,-1.993,-1.0714,-1.6919,-0.55071,0.50098,2.2059,-0.083373,-0.38519,0.47413,0.64921,-0.51399
5.6639,-1.9149,-1.1712,-1.5271,-0.51621,0.60441,2.1085,0.028201,-0.37095,0.67043,0.60765,-0.29146
5.2835,-1.9723,-0.91009,-1.8581,-0.67483,0.91372,1.8934,0.11544,-0.47241,0.58397,0.93797,-0.26708
5.064,-2.3444,-0.99804,-2.0315,-0.31975,1.3956,1.7956,-0.48513,0.83109,1.1597,0.95957,-0.0089337
4.724,-2.3007,-0.87167,-1.3581,0.12289,0.95253,1.632,-0.28254,0.35569,0.99144,0.56353,0.035598
4.7449,-2.7674,-1.278,-1.6297,0.32015,1.094,1.7482,-0.06337,0.24839,1.0557,0.53332,-0.15689
3.8058,-2.6689,-0.64797,-1.4065,-0.0023265,0.96872,1.1712,0.1398,0.56992,1.288,0.2077,-0.49851
3.6105,-3.0117,-0.62742,-2.2106,0.75936,1.1643,0.98363,-0.53362,0.61195,1.1731,-0.17063,-0.5004
4.5374,-2.6022,-1.445,-2.0121,0.16333,0.60522,1.0176,0.3333,0.5681,0.7554,0.30326,-0.80594
4.808,-1.8571,-1.0745,-2.3306,-0.86662,1.4977,1.7072,-0.8508,0.7381,0.55762,0.52955,-0.24781
8.8154,-4.5076,-0.22295,-2.5511,-0.45485,1.3957,0.23614,0.30966,0.44355,-0.26952,0.68267,0.16538
7.267,-4.3354,-0.47444,-2.0445,-0.41751,1.4386,0.204,0.011772,0.22326,-0.14517,0.54077,-0.046251
5.5694,-3.7558,-1.2981,-2.0988,0.20209,1.9317,0.025862,0.41996,0.86734,0.17583,0.21167,-0.79199
4.8216,-4.1336,-1.6694,-2.3012,-0.00551,1.9916,0.19519,0.45168,0.75875,0.15173,0.040047,-0.85325
6.6719,-4.4603,0.33765,-2.0974,0.22807,1.6267,0.33982,1.0734,0.67962,-0.13678,0.29105,-0.41433
6.5141,-4.637,0.53161,-2.1686,0.16296,1.9188,0.16548,1.3345,1.0822,-0.00056925,0.16527,-0.70649
6.9467,-4.5213,0.19388,-1.1037,1.3066,1.9262,-0.58295,0.92239,0.22463,-0.62514,0.49848,-0.52872
6.577,-3.3123,0.37038,-1.3821,-0.11294,1.9449,0.0089312,0.52678,0.090014,-0.32931,0.30029,-0.63572
5.5561,-5.1349,-0.038634,-1.0763,-0.16764,2.0729,0.55812,0.70811,0.15247,-0.14854,0.36192,-0.99518
4.5866,-3.9279,-0.23741,-0.042832,0.041275,1.104,-0.2662,0.097534,-0.21,-0.14834,0.1143,-0.91729
4.8549,-5.6572,-1.4607,-1.3311,-0.090922,1.485,0.21925,0.74893,0.33945,-0.20158,-0.045973,-0.44367
5.2439,-4.5324,-0.96569,-1.2292,0.11071,0.78799,-0.41849,0.8886,0.3338,0.12457,0.11851,-0.35703
4.177,-5.0535,-1.3768,-1.2053,-0.27487,0.87436,0.075466,1.2749,0.86601,0.51265,0.95269,-0.22941
4.0432,-5.1057,-1.9197,-1.0035,-0.1007,0.42552,-0.096711,1.29,0.39075,-0.12806,0.60028,-0.3573
3.7671,-4.1239,-1.2699,-0.96034,-0.26569,0.80785,0.16924,1.0885,0.16404,-0.8674,0.19905,-0.045673
2.8863,-4.5115,-1.2627,-0.56277,-0.014846,0.70274,0.32477,1.2572,-0.054382,-0.65783,0.73108,-0.049197
2.9063,-4.1793,-1.5928,0.35505,0.71736,0.22464,0.11013,1.1867,0.16808,-0.091108,0.62134,-0.16907
3.8168,-3.943,-2.9352,0.73436,0.41539,-0.43512,0.31566,0.35163,-0.20019,-0.13222,-0.11396,-0.29061
3.1137,-3.4561,-1.8243,1.7323,0.95347,-0.52199,-0.25039,-0.056113,-0.016437,0.24552,-0.12483,-0.55499
3.2001,-3.6538,-2.277,1.3879,1.06,-0.44944,-0.054592,0.4645,-0.13609,-0.35204,-0.28653,-0.41011
2.7276,-3.6784,-1.4431,1.7509,0.31523,-1.1513,-0.31356,0.32684,0.03671,0.12253,0.097944,-0.47609
1.6103,-4.3069,-0.80252,2.2196,0.113,-0.92632,0.41342,0.84157,0.0042633,-0.094185,0.35044,-0.042605
1.8239,-4.177,-1.4034,1.649,0.22591,-0.41127,1.2914,1.7895,0.0077195,-0.97628,-0.070037,0.25615
1.6832,-3.8625,-1.6905,1.5221,0.75007,0.0102,0.9904,1.2321,0.040711,-1.0057,-0.55549,0.62843
1.54,-4.489,-1.6715,1.8324,0.79049,0.043795,0.974,1.2336,0.36043,-0.87172,-0.87056,0.46078
1.585,-4.2867,-1.6863,1.4428,0.66926,0.27622,0.81428,0.87868,0.54732,-0.44304,-0.72362,0.4797
1.1025,-3.7516,-0.99208,1.9642,0.61596,-0.40372,0.51913,1.2867,0.78644,-0.74179,-1.0518,0.62381
1.2907,-3.9901,-1.5338,1.9029,1.0827,0.071247,0.66575,0.78479,0.069055,-0.72424,-0.55025,0.83831
1.3883,-3.6528,-1.9885,1.6257,1.6036,0.33199,0.44819,0.58923,-0.31367,-1.0499,-0.19312,1.3935
1.146,-2.5613,-1.3801,1.1144,1.1843,0.46019,0.49879,0.63943,0.010034,-1.0057,-0.53484,1.3822
0.7732,-2.3077,-0.86008,1.5417,1.112,-0.19391,-0.11944,0.59703,0.52288,-0.34442,-0.51135,0.55095
0.38742,-1.5909,-0.050967,1.6908,0.53553,-0.81364,0.027092,0.99675,0.36241,-0.38427,0.0019966,0.53888
0.57855,-0.56094,0.50184,1.0192,-0.31463,-0.77625,0.41476,0.44122,-0.67638,-0.55304,0.73018,0.92868
0.84986,-0.16457,0.66665,0.93764,-0.52178,-1.118,-0.082505,0.13998,-0.77999,-0.59196,0.65173,0.81616
1.2969,0.54035,0.48712,0.22474,-0.65222,-0.9605,-0.47369,-0.39707,-0.67742,-0.13487,0.81534,0.86958
0.98836,0.51898,0.26452,-0.0012531,-0.39741,-0.55168,-0.4106,-0.366,-0.36178,0.0061501,0.53468,0.68607
0.22981,0.22328,0.21385,0.20337,0.19377,0.18664,0.18285,0.18237,0.18425,0.18687,0.18829,0.18674
0.22057,0.21153,0.1986,0.18446,0.17193,0.16334,0.15996,0.16174,0.16726,0.17416,0.17961,0.181
0.22565,0.21275,0.19317,0.16953,0.14494,0.12259,0.10527,0.094998,0.092733,0.098223,0.11006,0.12586
0.42532,0.24756,0.19188,0.2247,0.15763,-0.032242,-0.14445,-0.054705,0.095616,0.11688,0.055579,0.10233
0.59286,0.28084,0.22454,0.37046,0.33278,-0.0057758,-0.30539,-0.26932,-0.068875,-0.062275,-0.25277,-0.30426
0.62241,0.47809,0.38675,0.33008,0.19628,-0.022591,-0.19494,-0.23446,-0.21777,-0.2521,-0.30209,-0.2477
0.76168,0.66084,0.50627,0.31629,0.11309,-0.080216,-0.2425,-0.35722,-0.41435,-0.4113,-0.35287,-0.25023
0.75501,0.62718,0.43646,0.21207,-0.012685,-0.20621,-0.34388,-0.41174,-0.40813,-0.34282,-0.23424,-0.10527
0.20711,0.19863,0.18512,0.16752,0.147,0.12493,0.10278,0.081984,0.063848,0.049468,0.039639,0.034799
0.10617,0.10571,0.10493,0.10384,0.10245,0.10076,0.098777,0.096502,0.093943,0.091109,0.088007,0.084648
0.10245,0.102,0.10124,0.1002,0.098857,0.097226,0.09531,0.093114,0.090645,0.087911,0.084918,0.081676
0.09183,0.091426,0.090754,0.089815,0.088613,0.087151,0.085434,0.083465,0.081252,0.078801,0.076119,0.073213
0.22592,-0.0055383,-0.16066,-0.10834,0.10196,0.2865,0.2887,0.11229,-0.088088,-0.14517,-0.021413,0.167
0.48917,-0.18142,-0.632,-0.48165,0.1293,0.67044,0.68593,0.18126,-0.39925,-0.56881,-0.21132,0.34277
0.49974,-0.17262,-0.64841,-0.54019,0.048666,0.62176,0.71279,0.2688,-0.32499,-0.5834,-0.32268,0.21042
0.53998,-0.19534,-0.71304,-0.59024,0.055687,0.67833,0.76969,0.27905,-0.36629,-0.63748,-0.34301,0.23817
0.56991,-0.22762,-0.79118,-0.66366,0.028994,0.69993,0.80543,0.29203,-0.38668,-0.67465,-0.37558,0.21646
0.43592,-0.23081,-0.66943,-0.50431,0.10969,0.63298,0.62014,0.10253,-0.45738,-0.5837,-0.19605,0.34519
0.37624,-0.19542,-0.57306,-0.43408,0.091356,0.54265,0.53656,0.09557,-0.38731,-0.50265,-0.17557,0.29035
0.5583,-0.29615,-0.87864,-0.70392,0.060431,0.75409,0.80168,0.19652,-0.52179,-0.75296,-0.34395,0.31565
0.84225,-0.44872,-1.4299,-1.188,0.075299,1.0912,1.3069,0.30075,-0.75299,-1.1442,-0.60063,0.45161
1.2491,-0.61449,-2.0487,-1.7419,0.04317,1.5252,1.8983,0.53095,-0.96241,-1.5825,-0.90826,0.51832
1.1726,-0.6031,-1.8632,-1.5621,-5.9912e-05,1.4446,1.6606,0.50184,-0.9215,-1.4674,-0.79067,0.43641
0.59287,-0.34794,-0.97122,-0.75579,0.079588,0.79681,0.8029,0.14943,-0.56102,-0.73599,-0.2939,0.32404
1.4885,-0.63844,-1.9501,-1.513,-0.11855,0.79191,0.65949,0.11373,-0.0401,0.22744,0.34299,-0.00031566
2.9151,-1.2972,-3.6303,-2.1045,0.47706,1.4973,0.96841,-0.068028,-0.2041,0.53287,0.4029,-0.073105
8.862,-0.94885,-4.8658,-2.4931,0.46147,1.0833,0.24901,-0.23917,0.29962,0.82571,0.34757,-0.55242
6.4892,-0.84352,-4.2551,-2.1919,0.45619,1.1262,0.025042,-0.3112,0.44521,1.0508,0.34655,-0.88432
9.2097,-2.4097,-3.1983,-3.5289,1.0471,1.8045,-0.37858,-0.56647,1.3936,1.1358,0.83724,-0.84014
5.0547,-2.6351,-1.5432,-1.8314,-0.15909,1.637,0.20693,0.19716,0.16562,0.86406,0.97512,-0.44027
5.1099,-2.1819,-1.0507,-1.6366,0.37744,1.4277,0.19277,-0.55094,0.50985,0.59091,1.1725,-0.30466
5.0516,-1.5076,-0.9609,-1.1555,0.40535,1.9215,0.15323,-0.8119,1.1554,0.4883,0.72066,-0.2317
4.9017,-2.081,-0.7324,-1.3285,0.70068,2.0153,0.10103,-0.31828,1.0096,0.99004,0.83522,-0.17219
4.107,-2.2266,-0.79691,-1.0782,0.81435,1.8987,0.3739,-0.26093,1.3394,1.0169,0.8587,-0.093853
3.8099,-2.4533,-0.60122,-1.1751,0.66043,1.8514,0.22167,-0.17418,1.2736,0.91484,0.85806,0.27376
4.3151,-2.3207,-0.65927,-1.0961,0.55575,1.6472,-0.0023084,-0.48041,1.2649,0.62379,0.60973,0.12184
4.6924,-2.413,-1.0938,-1.0813,1.2635,0.84146,0.34925,-0.55954,0.97877,0.80272,0.24009,0.31916
5.0458,-2.0745,-1.5647,-0.80655,1.1714,0.95717,0.47658,-0.74484,0.87245,0.79341,0.68607,0.31835
4.8294,-2.4929,-1.1365,-0.53444,1.1379,1.1199,1.0891,-0.49234,0.80578,1.0257,1.2565,0.45191
5.9272,-2.6669,-0.89565,-0.1508,0.89142,1.1341,0.97607,-0.52926,1.1623,0.50489,1.0841,0.52592
6.4591,-2.7195,-0.43178,-1.1278,0.84562,1.9197,0.34645,0.45539,0.71352,0.93689,0.65464,0.57075
6.8512,-2.5649,-0.58924,-1.4467,0.9626,1.7065,-0.048243,0.12095,1.3711,0.22961,0.83343,0.15535
5.1295,-1.7925,-0.53367,-1.9919,0.90875,0.99418,0.56629,-0.52044,1.351,0.6429,1.0045,-0.087729
4.8349,-1.1952,-1.3671,-2.2837,1.421,1.3117,0.11629,-0.71942,0.96102,0.74662,0.44562,0.62711
5.9878,-2.4017,-1.8425,-1.7358,1.7069,0.92319,0.40554,-0.56979,1.0146,0.50989,0.24793,0.24773
9.7741,-3.2167,-1.6328,-1.3849,1.1653,1.2327,-0.69214,0.78379,1.092,0.31076,0.1916,0.53361
8.7513,-2.5208,-1.6456,-0.65744,0.96124,1.6435,-0.4661,0.63325,1.2132,-0.020409,0.47697,0.11574
7.9743,-1.8228,-1.4278,-1.0729,0.83864,2.0445,-0.85692,-0.11272,1.3362,0.66983,0.89442,0.30139
6.1133,-1.3574,-0.52681,-0.34549,0.92455,1.8315,-0.53526,0.0046489,0.94,0.41197,0.69366,0.068278
7.1632,-2.7958,-0.35507,-0.93211,0.13224,1.6602,-0.62346,0.37484,1.0195,-0.11818,0.44982,0.32389
7.3035,-3.3049,0.69522,-0.52103,0.81236,1.6367,-1.1016,0.37456,0.33547,-0.70219,-0.058496,-0.3694
7.6663,-2.4501,-0.1522,-0.26775,1.0199,1.9484,-0.21462,1.0449,1.0001,-0.10319,0.6626,0.0050363
7.8677,-2.5339,1.1484,-0.11374,1.5736,2.5802,-0.86001,0.43193,1.0456,0.53714,0.97113,-0.35991
7.0667,-1.8055,0.41746,0.19579,1.0473,1.9949,0.1448,0.32416,0.26548,0.59831,0.65826,-0.093986
7.2926,-2.8887,0.16214,0.61934,1.4293,1.8618,0.38529,0.49929,-0.064578,0.65364,0.76684,-0.13489
7.6748,-2.6678,0.24384,0.44545,0.82743,1.2179,-0.071717,0.79649,0.65429,0.37527,0.40247,-0.22584
5.7757,-2.0918,-0.98135,0.10481,0.6256,1.279,-0.1116,-0.1742,0.49999,0.3109,-0.53731,-0.54664
6.354,-2.3069,-1.0696,0.11653,0.034699,0.43003,-0.35526,0.52016,1.0627,0.65646,0.15949,-0.20993
7.7654,-1.9009,-1.0811,0.20537,0.1971,0.64073,0.3652,1.1055,1.5502,0.6604,-0.12129,-0.49492
6.3446,-1.6426,-0.56066,0.63779,-0.11462,0.71177,0.62259,0.66728,1.0525,0.62422,-0.17327,-0.37696
6.4607,-1.0069,-0.11706,0.20635,-0.42841,0.18765,-0.41408,-0.2059,1.057,0.69644,-0.1634,-0.13028
6.4364,-0.74657,-0.041385,1.0523,0.66444,-0.027473,-0.56163,0.38407,0.71884,0.026437,-0.050271,0.28588
6.1716,-0.99374,-0.48366,0.93613,0.52843,-0.54497,-0.53768,0.96833,1.1077,0.06981,-0.37595,0.0079174
5.6086,-1.197,-1.3978,-0.039666,-0.15296,-1.6428,-2.0551,-0.072484,0.48094,-0.49929,-0.27662,0.41887
5.141,-1.6803,-0.67625,0.81053,-0.26387,-1.1491,-0.97846,0.26085,0.19474,-0.9419,-0.011978,0.9906
5.5514,-1.3384,-1.3382,0.42865,-0.42642,-1.3571,-0.58482,0.38156,0.20195,-0.048243,0.36155,0.49493
3.7539,-2.5941,-1.8073,-0.12607,-0.86177,-0.76778,0.36494,0.81294,0.093246,-0.37961,0.48263,0.61135
3.7427,-1.4217,-1.7796,-0.82999,-1.5162,-1.429,0.27063,1.2029,0.26626,-0.56332,-0.064542,0.031374
4.0537,-1.5135,-1.6733,-0.15946,-0.99485,-1.341,0.53406,1.4895,0.035971,-0.88801,0.22219,0.98196
3.2829,-1.2427,-1.6019,-0.62407,-0.87299,-1.3664,-0.62036,0.56402,0.11018,-0.5938,0.50063,1.5441
2.852,-1.1977,-1.027,-0.89679,-1.1938,-1.4509,-1.0143,0.80639,0.8453,0.0048398,1.1726,1.6564
2.6063,-0.81736,-1.1793,-1.1492,-1.0847,-1.0345,-0.5641,1.0823,1.3176,0.41695,1.0457,1.4536
2.6302,-0.27027,-1.2196,-0.98556,-0.86554,-0.81944,-0.35121,0.072529,0.21488,0.95082,1.4919,0.80171
2.0458,-0.72162,-1.6679,-0.83002,0.027548,0.35264,0.46846,0.34412,0.17685,0.4727,0.87197,0.56484
1.7316,-0.96682,-1.8681,-1.1313,0.14677,1.1542,1.2065,0.5376,-0.086525,-0.18762,0.17662,0.27269
1.7746,-0.72717,-1.5595,-0.63616,0.19781,0.27012,0.39199,0.75786,0.61155,-0.05697,-0.22485,0.43907
1.3908,-0.98666,-1.1874,-0.048693,0.51883,0.059866,-0.25293,0.49584,0.8857,0.078806,-0.12724,0.70063
0.86248,-0.73595,-0.44546,0.20179,0.036085,-0.49105,-0.33433,0.90937,1.3752,0.25922,-0.23857,0.25437
0.8123,-0.27846,-0.32135,0.013554,-0.086059,-0.40161,-0.14101,0.83379,1.2172,0.46198,-0.077868,0.071848
0.75211,0.2558,-0.19916,-0.38829,-0.3088,-0.082185,0.19676,0.48092,0.68845,0.68842,0.41976,0.0043775
0.91558,0.057186,-0.50317,-0.44338,-0.087754,0.10347,0.091557,0.18793,0.52252,0.79144,0.62062,0.067183
0.68306,-0.0051684,-0.35681,-0.15725,0.17401,0.1708,-0.092577,-0.14072,0.24653,0.70984,0.72623,0.23995
0.68504,0.17744,-0.21554,-0.27796,-0.11963,0.018623,0.052192,0.102,0.28022,0.49896,0.5443,0.32688
0.88406,0.36626,-0.15127,-0.43114,-0.43458,-0.27023,-0.049584,0.1874,0.42448,0.59698,0.6094,0.43225
0.86291,0.46433,-0.036648,-0.46173,-0.66673,-0.5939,-0.28877,0.12331,0.48968,0.68932,0.6745,0.4801
1.1663,0.64894,-0.015203,-0.60486,-0.93226,-0.90698,-0.56194,-0.033739,0.49255,0.85122,0.95038,0.7942
1.1079,0.60312,-0.017752,-0.53563,-0.7969,-0.75626,-0.46591,-0.03706,0.39776,0.71318,0.81901,0.69112
1.7261,0.78601,-0.25674,-0.9882,-1.2576,-1.1611,-0.85714,-0.41679,0.1535,0.77586,1.2331,1.2803
1.7969,0.8361,-0.2419,-1.0156,-1.3182,-1.2313,-0.91165,-0.44545,0.13953,0.75452,1.191,1.2254
1.3571,0.58013,-0.27526,-0.84976,-1.0038,-0.83088,-0.5155,-0.1777,0.16542,0.5177,0.81005,0.9047
1.2058,0.3593,-0.46924,-0.86187,-0.75808,-0.41918,-0.1515,-0.047469,0.036488,0.27345,0.64402,0.91302
0.74154,0.086584,-0.46691,-0.57518,-0.27244,0.10256,0.22603,0.064692,-0.12884,-0.078348,0.24497,0.58715
0.50936,0.07911,-0.28032,-0.34787,-0.15786,0.060922,0.10728,-0.01539,-0.12285,-0.041689,0.21516,0.45086
0.17858,-0.023764,-0.14053,-0.063654,0.13222,0.26167,0.20404,0.015768,-0.12572,-0.091067,0.080548,0.22245
0.10294,-0.0045949,-0.062763,-0.015535,0.09087,0.15277,0.10946,0.0020757,-0.066318,-0.030539,0.073543,0.14377
0.040738,0.040558,0.04026,0.039844,0.03931,0.038662,0.0379,0.037027,0.036045,0.034957,0.033768,0.032478
0.036876,0.036714,0.036444,0.036067,0.035585,0.034997,0.034308,0.033517,0.032629,0.031644,0.030567,0.0294
-2.3291e-16,-1.1594e-15,-2.3017e-16,-2.2779e-16,-4.4949e-16,-2.2104e-16,-2.1668e-16,-2.1169e-16,-2.0608e-16,-1.9986e-16,-1.9306e-16,-2.7853e-16
0.040615,0.040436,0.040139,0.039724,0.039192,0.038546,0.037786,0.036916,0.035937,0.034853,0.033666,0.032381
-2.3291e-16,-1.1594e-15,-2.3017e-16,-2.2779e-16,-4.4949e-16,-2.2104e-16,-2.1668e-16,-2.1169e-16,-2.0608e-16,-1.9986e-16,-1.9306e-16,-2.7853e-16
-2.3291e-16,-1.1594e-15,-2.3017e-16,-2.2779e-16,-4.4949e-16,-2.2104e-16,-2.1668e-16,-2.1169e-16,-2.0608e-16,-1.9986e-16,-1.9306e-16,-2.7853e-16
0.32129,0.22789,0.092957,-0.056942,-0.19271,-0.28867,-0.32769,-0.30443,-0.22609,-0.11042,0.018295,0.13454
1.3512,0.99122,0.47592,-0.088664,-0.59063,-0.93722,-1.0743,-0.99591,-0.74141,-0.38305,-0.0063827,0.31027
2.7426,2.133,1.274,0.35695,-0.42545,-0.92751,-1.084,-0.91991,-0.53511,-0.069996,0.33678,0.58563
5.03,3.9619,2.5258,1.0979,-0.0096097,-0.64356,-0.82954,-0.71844,-0.49543,-0.29871,-0.18243,-0.13035
7.197,5.4128,3.1557,1.154,-0.084402,-0.45609,-0.23736,0.11844,0.23926,0.009255,-0.4205,-0.76931
6.6023,4.7818,2.3766,0.98285,-0.049725,-0.13905,0.023926,0.3485,0.36488,0.19522,-0.15568,-0.37867
7.3534,4.9227,2.0004,0.44257,-0.41158,-0.16618,0.237,0.67315,0.6515,0.42399,0.027097,-0.25367
6.7161,4.6865,2.1303,0.74366,-0.15434,-0.12829,0.044203,0.33844,0.36826,0.29081,0.061706,-0.12459
7.7365,4.6178,1.572,0.3213,-0.37127,-0.18,0.17243,0.43927,0.17302,0.0019749,0.10856,0.37079
6.4156,3.459,1.3358,0.81343,-0.051565,-0.36433,0.071587,0.85068,0.73101,0.13333,-0.14286,0.18202
6.502,2.0278,0.53529,1.5655,0.56985,-1.0255,-0.64947,1.2724,1.5667,0.39814,-0.22724,0.29067
7.9078,0.70564,0.13829,1.5794,0.032541,-2.1708,-1.5051,1.6769,1.9976,0.31935,-0.071002,0.31723
7.9874,0.000157,0.028301,1.0196,-0.053043,-2.4223,-1.9189,2.5636,1.7386,-0.6185,0.44546,0.047549
7.5526,-0.99216,-0.029905,0.33778,-0.14199,-1.8681,-1.8709,2.6515,1.5565,-1.0886,0.76423,0.21525
8.988,-2.7429,0.90842,-0.95311,0.025038,-0.61727,-2.5016,2.89,1.6694,-1.5018,1.0965,0.030082
8.2302,-3.2647,1.109,-0.95736,-0.16038,0.231,-2.4593,3.1339,1.5783,-1.1288,1.3393,-0.14197
5.2282,-1.8978,0.44202,-0.85829,0.23251,-0.85703,-1.1897,2.01,2.4543,-0.90213,0.54104,-0.031721
3.9447,-1.6817,0.82011,-1.0061,-0.071668,-1.548,-0.83436,1.5337,2.1116,-0.48887,0.16701,-0.42234
4.8023,-2.1017,0.71535,-1.3365,0.047796,-1.1371,-0.39539,0.95617,1.487,-0.7688,0.1196,-0.30085
4.9236,-2.4199,0.92399,-1.4281,0.091479,-0.70592,-0.45723,1.1578,1.4632,-0.92117,0.3127,-0.38163
4.6794,-2.648,0.93434,-1.3053,0.31983,-0.40615,-0.3234,1.4712,1.8511,-0.66176,0.14186,-0.52623
3.9328,-2.1032,0.74598,-1.1554,0.021332,-0.4998,-0.37069,1.7135,2.2146,-0.60457,0.1912,-0.23654
4.6488,-2.4197,0.71351,-1.3373,0.25513,-0.7389,-0.42647,1.4812,1.7036,-0.5696,0.4084,-0.17859
5.4056,-2.0208,0.43997,-1.2188,0.11522,-0.38694,-0.78854,1.8093,1.2425,-1.3462,0.95009,0.1407
6.3581,-2.6176,0.76722,-1.3134,-0.26844,0.059382,-1.219,1.4866,1.4302,-0.91718,1.2926,-0.2058
7.2165,-3.4663,0.90874,-1.4076,0.058153,0.024737,-1.5344,2.0032,1.7586,-0.50972,1.6734,-0.52822
5.5065,-2.8038,0.25228,-1.3149,0.062663,-0.538,-1.0744,1.7477,1.8926,-0.0059677,1.5007,-0.52907
5.5579,-2.5641,-0.61964,-0.42255,-0.55302,-1.364,-0.47643,1.4892,1.9722,0.16087,1.2522,0.037465
6.0132,-2.221,0.3644,-0.2359,-0.55832,-1.1902,-0.94543,1.6114,1.0496,0.42568,0.66568,-0.25796
8.5511,-2.9684,2.2191,-1.8238,1.3437,0.30774,-1.1628,1.453,0.47665,0.42967,0.62418,-1.0762
5.926,-2.0685,0.063295,0.20827,1.0355,0.39251,-0.53757,1.9333,1.3265,0.69191,0.97483,-1.3661
6.3832,-3.2726,2.0887,-0.22692,1.1634,0.59516,-0.93779,2.0988,1.2602,-0.10429,0.66993,-0.90515
5.8444,-3.2606,2.3012,-0.16522,1.5702,0.72459,-0.42611,1.8906,0.87998,-0.039598,0.89079,-0.35125
4.6543,-2.6382,1.6647,1.0232,1.2216,0.4064,-0.96504,1.1911,0.26654,-0.76186,0.92121,-0.083716
6.0526,-3.5988,1.1956,-0.7521,0.99581,0.27364,-0.97663,1.5008,1.0636,-0.47761,0.50393,-0.12812
4.3054,-4.1431,1.8751,-0.36527,0.69796,-0.45429,-1.4221,1.3328,0.56363,-0.89977,0.55993,-0.37959
4.9897,-4.9198,1.6805,-0.92534,0.72123,-0.11366,-1.9651,1.992,0.88762,-0.76579,0.81759,-0.31765
4.3707,-4.1458,2.1859,-0.62784,0.44435,0.31736,-1.2064,1.3796,0.61179,-0.59171,0.57554,-0.73857
4.6773,-3.036,2.2054,-1.1642,0.16636,0.57795,-1.2941,1.5976,0.51671,-0.28225,1.0885,0.0017271
4.8175,-3.365,1.7694,-0.91272,-0.37908,0.16419,-0.67832,2.4239,1.0297,-0.31208,1.0657,0.17181
4.8177,-3.7117,1.1414,-0.18681,-0.37624,-0.91808,-1.7702,1.522,-0.018846,-1.0803,0.78203,-0.46012
4.3323,-3.3801,1.6127,-1.2869,-0.78619,-0.66559,-1.9613,1.5081,0.4993,-0.39787,0.67705,-0.76632
3.7514,-3.197,1.9972,-0.70506,-0.60753,-1.2448,-1.9463,1.0071,0.79322,-0.13936,0.48231,-0.1275
3.1962,-3.6681,1.1368,-1.4371,-0.33582,-1.2008,-2.577,0.51337,0.95096,0.17566,-0.1722,-0.54318
1.7411,-4.3465,1.7795,-0.85724,-0.012532,-0.96609,-1.8581,1.3312,0.41064,-0.61997,0.185,0.12882
2.1418,-4.3375,1.8698,-0.43527,-0.37185,-0.75312,-1.7892,0.39361,-0.35127,-1.1904,0.084082,-0.47103
2.5284,-4.0915,1.1599,-0.61984,-0.57497,-0.35833,-1.5227,0.66339,0.0075082,-1.8055,-0.12326,0.038051
2.042,-4.1954,0.12548,-1.9277,-0.81141,-0.031842,-0.66782,1.0392,0.15347,-1.8816,-0.22179,0.80833
2.0294,-4.5239,-0.6234,-2.0594,-1.387,-0.77668,-0.22185,1.3871,-0.36346,-1.6927,0.16233,0.64875
1.4601,-3.9836,-0.18334,-1.7788,-2.0058,-1.0186,0.78383,1.1156,-0.17056,-0.69492,1.267,1.2009
0.19222,-3.7691,0.34207,-1.7184,-1.136,-0.68461,0.51885,0.94692,0.025768,-0.71706,1.2579,1.2381
0.14587,-4.0971,0.81998,-0.71579,-0.9994,-0.75132,-0.26741,0.39689,-0.32063,-0.4089,0.57637,1.0233
-0.13286,-3.4493,1.6424,-0.34816,-1.6095,-1.617,-0.55996,1.5226,0.41131,-0.1014,1.1378,0.83336
0.21565,-2.9274,1.5618,-1.318,-2.5956,-1.7215,-0.11258,2.2386,0.61271,-0.21684,0.96578,0.49234
0.56216,-3.0118,1.204,-2.0101,-2.7516,-1.1906,0.22587,2.3036,0.48096,-0.47358,0.66455,0.5102
0.67231,-2.3603,0.70277,-1.9413,-2.5627,-1.3675,0.68737,2.7013,0.43277,-0.30525,0.59086,-0.15627
0.77764,-2.0783,0.70949,-2.1614,-2.8254,-0.55059,0.65654,2.203,0.74031,-0.33566,0.67601,-0.46896
0.67489,-1.8083,0.71094,-1.5352,-2.7389,-0.48489,0.94851,1.4533,0.39368,0.10524,0.61375,-0.49544
0.67575,-1.4079,0.39107,-0.90138,-1.9749,-0.85498,0.66673,0.9618,-0.27205,0.1386,1.0008,0.26719
1.5923,-0.78215,-0.22669,-1.0828,-2.5432,-1.433,0.50438,0.68305,-0.090153,0.53783,1.472,0.53274
1.6236,-0.40921,-0.15003,-0.8445,-2.6671,-2.0121,0.24465,0.72472,0.37873,1.1551,1.4022,0.20901
1.7113,0.2422,-0.66749,-1.4412,-2.0415,-1.4338,-0.00108,0.74427,0.77396,0.94169,0.89789,0.1796
2.0231,0.38017,-1.0659,-1.9222,-2.0355,-1.2135,0.062224,0.83179,0.89911,0.79986,0.65098,0.22472
1.4012,-0.029357,-0.74364,-1.1616,-1.5628,-1.0307,0.33435,0.97537,0.56181,0.31272,0.43069,0.083214
0.83286,-0.16017,-0.4539,-0.66399,-1.0652,-0.67118,0.44196,0.82811,0.34662,0.17929,0.27644,-0.20255
0.9451,-0.61704,-0.8593,-0.73476,-0.99237,-0.37293,1.0843,1.2865,0.058562,-0.49096,-0.036994,-0.10504
0.85508,-0.67158,-0.89986,-0.6797,-0.76903,-0.10994,1.1745,1.1589,-0.17912,-0.73159,-0.17449,-0.033391
0.7279,-0.11003,-0.72062,-0.87552,-0.59715,0.034742,0.62272,0.66586,0.23887,-0.12814,-0.22481,-0.21539
0.89702,-0.3309,-1.1969,-1.1729,-0.38007,0.6453,1.1622,0.74576,-0.18771,-0.77964,-0.6695,-0.16615
1.1498,-0.55635,-1.6595,-1.4742,-0.28943,1.0761,1.5982,0.78717,-0.59474,-1.2468,-0.79586,0.077476
1.3324,-0.86121,-1.9495,-1.5447,-0.30937,1.1827,1.9298,0.97447,-0.84791,-1.586,-0.82175,0.21092
1.5135,-1.227,-2.2124,-1.4332,-0.23847,1.0108,1.8313,1.14,-0.60462,-1.4604,-0.88425,-0.045453
0.97096,-1.0819,-1.5026,-0.6825,0.0040602,0.58844,1.1324,0.762,-0.42323,-1.0194,-0.62636,-0.1095
0.7711,-0.91849,-1.1823,-0.38688,0.11786,0.2774,0.50089,0.47156,0.040984,-0.30875,-0.42543,-0.44869
0.604,-0.66314,-0.87304,-0.10884,0.31121,-0.077864,-0.39379,0.031385,0.62717,0.50919,-0.20369,-0.57423
0.45647,-0.61686,-0.69519,0.083339,0.40312,-0.16117,-0.58436,-0.081854,0.66432,0.58358,-0.17047,-0.52335
0.40996,-0.34723,-0.48094,-0.064569,0.093598,-0.21832,-0.34382,0.093638,0.52146,0.30489,-0.24093,-0.32654
0.61318,0.0993,-0.10478,-0.015116,-0.075334,-0.40745,-0.62261,-0.45604,-0.18826,-0.17806,-0.26706,-0.034042
0.89939,0.43644,0.14498,0.0022723,-0.30061,-0.77122,-1.0152,-0.79824,-0.39865,-0.1975,-0.14155,0.093062
0.61622,0.41249,0.18021,-0.042061,-0.26581,-0.47358,-0.59395,-0.57397,-0.44232,-0.2707,-0.093652,0.096549
0.16342,0.02233,-0.084927,-0.10345,-0.069746,-0.049427,-0.061955,-0.076828,-0.064737,-0.026664,0.025977,0.091329
0.0044688,0.0034924,0.0020199,0.00026043,-0.001536,-0.0031142,-0.0042501,-0.0047823,-0.0046351,-0.0038296,-0.0024801,-0.00077825
0.026918,0.017098,0.0032941,-0.011277,-0.023221,-0.029755,-0.029356,-0.022119,-0.0097281,0.004929,0.018438,0.027651
0.015387,0.0097735,0.001883,-0.0064462,-0.013274,-0.017009,-0.016781,-0.012644,-0.0055609,0.0028176,0.01054,0.015806
0.8259,0.71538,0.54763,0.34439,0.13082,-0.068498,-0.23331,-0.35044,-0.41512,-0.43071,-0.40706,-0.35788
2.4284,2.0653,1.5438,0.95426,0.37521,-0.1389,-0.55325,-0.8422,-0.98658,-0.98305,-0.85705,-0.66505
4.1089,3.5454,2.7373,1.8338,0.97221,0.24623,-0.30164,-0.66709,-0.86327,-0.90658,-0.81603,-0.62234
5.2025,4.0684,2.6234,1.3024,0.38717,-0.085645,-0.2752,-0.39323,-0.5638,-0.76746,-0.8887,-0.81962
5.3911,4.0722,2.3542,1.4686,0.56472,0.41705,0.047347,-0.20273,-0.52402,-0.78306,-1.0455,-0.86783
5.8788,4.6271,3.1255,1.8846,1.1457,0.81315,0.60563,0.29119,-0.16348,-0.61407,-0.87961,-0.87869
4.7657,3.7647,2.4272,1.9182,1.2942,1.1165,0.83107,0.61413,0.1803,-0.25142,-0.70601,-0.93312
6.2252,4.4275,2.432,1.0976,0.77681,1.1738,1.6148,1.5226,0.77378,-0.27824,-1.09,-1.2972
4.5164,3.3971,1.9606,1.4873,1.0397,1.091,0.96387,0.78756,0.30771,-0.19472,-0.6172,-0.69204
6.3474,4.3325,2.2679,1.0492,0.87222,1.2357,1.352,0.80516,-0.13491,-0.89204,-1.1242,-0.86523
6.1434,3.8513,2.0099,1.357,0.6939,1.2015,1.3918,0.5189,-0.56507,-0.77801,-0.76997,-0.7136
8.661,4.4242,1.9952,0.18506,-1.242,-0.43218,1.039,0.47647,-0.69728,-0.61864,-0.41237,-0.4338
6.593,3.2093,0.98051,0.32816,-0.75564,-1.0185,-0.62624,-0.11193,-0.076561,-0.26076,-0.45413,0.075331
7.6058,2.6892,0.6762,0.53932,-1.0449,-1.961,-1.0833,0.52872,0.8047,-0.044878,-0.70756,-0.079463
8.6655,1.3004,1.1579,2.1851,-0.82077,-3.223,-1.8399,0.74855,0.70169,-0.29597,-0.51836,0.095167
9.4771,0.6485,1.0347,2.3175,-0.81721,-3.4643,-1.856,1.4722,0.97061,-0.35271,-0.23722,-0.50247
9.4452,0.25947,1.0827,2.0554,-1.1234,-2.8366,-1.0742,1.2134,0.65732,-0.082386,-0.083334,-0.49319
10.058,-0.61009,1.2709,2.6369,-0.92609,-2.4472,-1.1886,0.44266,0.22058,0.33044,0.61476,-0.23726
9.6241,-0.17891,1.0309,2.5405,-1.1546,-2.6202,-0.92973,0.51013,0.22799,0.61516,0.70725,-0.26091
6.9378,0.96084,1.3109,2.061,-1.2347,-2.5108,-0.70735,0.4347,0.063143,0.58151,0.88348,0.18442
6.5589,1.6655,1.8097,2.0603,-1.2928,-2.6454,-0.95207,0.41368,0.29692,0.63788,0.81846,0.22044
8.1072,1.2953,1.3083,2.239,-0.72968,-2.5801,-1.4476,0.38158,0.55124,0.53722,0.59373,-0.025228
8.6168,0.41037,1.7324,2.4324,-1.1662,-2.3787,-0.87987,0.21984,-0.0741,0.70403,0.95904,-0.44431
9.5245,-0.50855,0.89405,2.0751,-1.0008,-1.9283,-1.0202,-0.3138,-0.34685,1.0637,1.5785,-0.43576
10.795,-0.7271,0.2685,1.7654,-0.57876,-1.6091,-1.2685,-0.43071,-0.20026,0.83976,1.0875,-0.15625
9.0774,-0.0024417,-0.40376,2.1079,-0.20309,-1.998,-0.6119,0.38122,-0.25306,-0.052251,0.23468,0.046726
8.4434,-0.51212,-0.38512,2.4711,0.14169,-1.5774,-0.56068,0.1578,0.1688,0.79389,0.4756,-0.52842
10.487,-1.5325,-0.43959,2.7396,0.057855,-1.7635,-0.36718,0.41897,0.36084,0.8737,0.551,-0.62683
9.7012,-0.12698,0.66849,2.2225,-0.47976,-1.4112,-0.23636,0.43871,0.20355,0.58038,0.13473,-0.93296
7.96,0.29404,1.4065,2.4562,0.042202,-0.97913,0.33261,1.3484,0.26926,0.38535,0.37968,-1.0837
8.5733,-0.974,0.96573,2.4462,-0.73402,-1.3495,0.52247,0.82864,0.22251,0.61612,0.064278,-1.1912
7.9785,-0.92373,1.5351,2.9503,-0.65733,-0.47211,1.6643,0.2431,-0.40144,0.93003,-0.33343,-1.3932
7.5727,-0.9016,1.1262,2.3009,0.12757,-0.80096,0.23314,0.5123,0.44032,1.487,-0.38723,-2.0434
6.429,-0.49025,1.8403,1.6725,-0.69954,-1.0079,0.41771,0.56306,0.23261,1.5545,-0.45722,-1.9933
5.028,-1.8095,0.89767,1.0838,-0.51022,-2.1037,-0.42703,0.39247,-0.47756,1.2744,-0.63208,-1.9809
4.9933,-1.7683,1.5482,2.2891,0.3472,-1.9854,-0.33505,0.90855,-0.52746,0.87836,-0.50985,-1.7988
4.9657,-2.0013,-0.10934,1.6392,-0.15655,-1.6453,0.23312,1.3074,-0.16436,0.44981,0.18363,-0.79481
4.8367,-1.4219,-0.53959,1.0925,-0.83646,-1.764,-0.087184,0.57168,-0.17862,-0.21004,-0.094932,0.18508
4.8605,0.21729,0.84414,1.3518,-0.69432,-1.3541,-0.023687,0.22987,-0.36149,0.15322,0.32296,0.12849
5.0199,0.63039,1.3718,1.1211,-1.8789,-1.8573,0.16967,-0.064876,-0.26256,1.0255,0.72767,-0.38063
4.797,0.20089,0.082447,0.28568,-1.4821,-1.4742,0.10875,0.13001,-0.29702,0.11489,-0.15475,-0.35997
4.4951,0.44985,0.24932,0.35394,-1.1871,-1.3056,-0.22632,-0.35456,-0.66195,-0.25276,-0.24261,0.1008
4.2633,0.55132,0.98913,0.38008,-2.0638,-1.5195,0.12243,-0.52076,-0.55219,0.77161,0.51926,0.24508
3.1627,-0.75806,0.43429,0.46492,-1.9132,-0.91925,1.3046,0.11724,-1.025,0.106,0.2218,-0.15766
1.8708,-1.4694,0.54854,0.43981,-2.2236,-0.56672,2.0084,0.098176,-1.5492,-0.17959,0.099925,-0.57211
2.1897,-0.32423,1.5621,1.3706,-1.3825,-0.69157,1.1221,-0.48403,-1.9699,-0.72426,0.24612,0.23136
2.2472,0.29479,1.5964,0.86638,-1.5481,-1.0189,0.11507,-1.441,-1.9047,-0.6149,-0.34498,-0.19016
2.3749,-0.034321,1.2907,0.34001,-2.2105,-1.0257,0.45892,-1.2221,-1.991,-0.76601,-0.622,-0.78333
1.8945,-0.51538,1.4633,0.29657,-2.8325,-1.3939,0.53628,-0.88233,-1.2575,0.1207,-0.055387,-0.69885
1.0666,-0.74582,0.94887,0.29409,-2.06,-0.80596,0.94935,-0.25499,-0.72894,0.37813,-0.010563,-0.85362
0.57566,-0.92363,0.50587,-0.46545,-2.1593,-0.26685,0.99055,-0.35066,-0.0083396,1.0456,-0.0090889,-0.46167
0.99918,-0.65164,0.71209,-0.96625,-2.6456,-0.21582,0.5958,-0.86349,0.18759,1.0565,-0.39772,-0.35447
0.37793,-1.0826,0.99755,-1.1232,-2.5545,0.58226,0.72015,-0.82127,0.86201,1.0962,-0.68607,-0.091883
-0.38568,-1.1214,1.4793,-0.42255,-1.6259,0.97959,0.31272,-1.2225,0.38655,0.5347,-0.64689,0.18768
-0.22695,-0.80982,0.718,-0.17906,-0.91499,0.62647,0.38469,-0.56081,0.41276,0.36275,-0.70297,-0.071636
0.034431,-0.40952,0.38427,-0.27923,-0.8172,0.19815,0.22583,-0.28632,0.41605,0.52022,-0.2696,-0.10163
-0.0078717,-0.18848,0.28571,-0.31141,-0.47649,0.089537,0.002886,-0.049226,0.30284,0.25508,0.065317,-0.094903
0.21168,-0.029648,0.081174,-0.48637,-0.52552,-0.12581,-0.1119,0.18619,0.41119,0.32317,0.28302,-0.10044
0.11407,-0.13742,0.23342,-0.38231,-0.58183,-0.051195,-0.053764,0.0067076,0.30402,0.3933,0.24523,-0.12254
0.4654,-0.024826,0.16218,-0.90064,-1.0788,-0.36121,-0.2333,0.23844,0.70463,0.77654,0.58656,-0.11394
1.2786,0.3872,-0.2335,-1.3954,-1.7627,-1.1321,-0.52229,0.32139,1.0913,1.297,1.0079,0.23728
1.7594,0.66872,-0.63028,-1.651,-1.9993,-1.5578,-0.57954,0.5028,1.2896,1.5016,1.1092,0.37362
1.7686,0.65348,-0.66346,-1.6714,-1.9813,-1.5049,-0.51978,0.52883,1.2498,1.405,1.0088,0.33013
1.4955,0.54539,-0.44497,-1.363,-1.7712,-1.3455,-0.52544,0.28273,1.0135,1.3123,0.96072,0.37551
0.87731,0.29697,-0.17683,-0.69867,-1.095,-0.90621,-0.35682,0.06,0.43874,0.82088,0.77332,0.32221
