-2.0297,1.8391,-1.5412,1.1628,-0.73751,0.30162,0.10974,-0.46617,0.74497,-0.93303,1.0275,-1.0353
-2.3131,2.0619,-1.6722,1.1836,-0.64425,0.10493,0.38688,-0.7924,1.0854,-1.2542,1.3016,-1.2431
-3.3504,2.8877,-2.1858,1.3367,-0.44723,-0.37787,1.0514,-1.5158,1.749,-1.7643,1.6036,-1.3273
-3.716,3.1612,-2.3258,1.3266,-0.29738,-0.63418,1.3663,-1.8371,2.0309,-1.9745,1.727,-1.3654
-3.859,3.3053,-2.4678,1.4591,-0.40999,-0.55217,1.3225,-1.8335,2.0617,-2.0276,1.7864,-1.4153
-3.7428,3.1858,-2.351,1.3601,-0.34972,-0.55212,1.2477,-1.6828,1.8511,-1.7881,1.5589,-1.2409
-2.4466,3.4311,-2.4735,0.50312,-1.527,-1.4326,0.54185,-1.5288,2.282,-0.91548,2.3069,-0.72585
0.012663,3.3968,-1.7128,0.53688,-2.0207,-2.4474,-0.48852,-1.0163,2.1429,-0.8997,1.954,-0.285
3.9834,2.9387,-0.28523,0.64948,-1.5662,-2.375,-0.80051,0.013283,1.7647,-0.24918,0.95096,-0.19194
6.5713,1.6535,0.27012,2.3909,-1.9077,-4.8363,-1.6888,2.1978,2.2655,-0.93637,0.63344,1.3183
8.2473,1.4322,0.60138,2.0437,-2.1499,-3.4642,-0.83699,1.9492,2.1726,-1.6075,0.51327,1.5886
5.6887,1.1219,0.91562,1.074,-1.7648,-2.7659,-0.92172,1.6638,1.7246,-0.47191,0.67382,1.6619
5.683,-0.7568,0.98331,0.27562,-2.4929,-1.9962,-0.13054,1.9028,1.7248,-0.32124,1.258,1.899
3.466,-0.80312,1.508,-0.61185,-1.4357,-2.3569,0.1537,1.9703,1.6402,-0.49674,0.40432,1.0463
4.2713,-0.9244,1.3647,-0.9975,-1.4851,-1.5565,-0.37377,1.7878,1.3001,-0.1414,0.87396,0.89583
4.0759,-1.1291,1.8556,-1.1575,-1.6887,-1.5419,0.57881,1.9783,1.1771,-0.094214,0.44416,0.43509
4.6291,-0.67582,1.4716,-0.99423,-1.5027,-1.4955,0.54766,2.4213,1.2199,-0.80796,0.59169,0.45265
5.6487,-1.3047,1.9652,-1.2833,-1.3048,-1.327,0.36127,2.4527,1.3098,-0.93152,0.3541,0.13011
7.0656,-1.7973,2.9103,-1.1034,-1.5495,-1.8396,0.014694,1.8225,1.4646,-1.3194,0.80266,-0.036925
5.4798,-1.5087,1.4474,-1.653,-1.6733,-2.7166,0.18938,0.875,1.0856,-1.0261,-0.074785,0.91742
4.4338,-1.7105,0.66293,-1.8654,-2.4492,-2.1937,-0.10445,0.3,1.0134,-0.92988,-0.055886,0.33236
5.1952,-2.5909,0.59115,-1.4757,-2.6018,-2.7692,-0.45701,0.83024,0.88581,-1.6614,-0.061106,0.70977
8.1929,-3.1465,0.54261,-0.049181,-1.6088,-1.6653,-0.79323,1.2279,0.75962,-1.0995,0.83681,0.28167
7.8956,-2.9538,1.7917,0.22236,-2.2139,-1.6096,-1.0099,0.26628,0.53894,-1.0423,0.95229,0.1537
6.1865,-3.7981,1.3147,-1.3855,-2.5441,-1.2307,-0.90476,0.1081,0.95732,-1.8234,1.293,-0.52493
5.0789,-2.6816,0.66193,-0.33379,-1.5091,-0.35126,-0.36621,0.18995,0.36215,-1.1375,0.040429,0.056622
5.7458,-2.3658,1.4477,0.026324,-0.71089,0.29074,-0.31888,0.063359,0.35449,-1.5697,0.42531,-0.97959
4.8831,-2.7524,0.66688,-0.37828,-1.1219,-0.40757,-0.49347,-0.38548,-0.054942,-1.7408,0.45497,-0.84759
3.7009,-3.1681,0.53682,-1.032,-0.96634,-0.29484,-1.3187,-0.016673,0.48625,-0.58615,1.4118,-0.076645
5.3956,-2.8719,1.2706,-0.31558,-1.4256,-0.2443,-0.6497,0.29322,0.55264,-0.88737,0.030442,-0.67116
4.4203,-4.3198,0.6184,-0.85816,-1.162,0.56981,-0.13152,0.28694,0.91559,-0.46906,0.8885,-0.37162
4.8423,-3.9806,0.72327,-0.91752,-1.541,-0.14828,-0.98781,-0.21563,0.19174,-0.70628,1.1045,-0.081575
4.7902,-2.5147,1.6297,-0.92529,-1.283,-0.069364,-1.3571,-0.016635,-0.17607,-0.48232,1.0766,-0.51193
4.8693,-3.0754,1.0219,-0.83558,-0.9293,-0.18539,-1.36,-0.51379,-0.57734,-0.21006,0.98534,-0.61861
3.5241,-4.5617,0.34256,-0.93162,-1.2824,-0.33162,-1.4432,-0.16031,-0.69334,-0.51415,1.2551,-0.19904
4.139,-3.5265,0.526,-0.77574,-1.7875,-0.63652,-0.82102,0.5529,0.17263,-0.61946,0.25867,-0.53894
3.6616,-2.6963,1.0037,-1.8576,-4.0703,-1.7707,-0.90497,0.8449,0.788,-0.16297,1.4438,1.4214
2.7048,-3.6471,0.45997,-1.3834,-4.0489,-2.2017,-0.70829,1.1559,0.97198,-0.29923,0.82193,1.3039
3.2212,-2.9382,0.38638,-1.0577,-3.7328,-1.7939,-0.75184,-0.067377,0.42408,-0.49096,0.29327,1.2977
2.7838,-3.9432,-0.79767,-0.11501,-1.9554,-1.3538,-0.60665,0.086059,0.045475,-0.33928,0.89773,1.1739
2.5239,-3.7417,-0.92592,-0.10922,-1.7897,-0.9107,-0.50986,-0.54692,-0.12791,-0.42903,0.65675,1.7546
2.4873,-3.5474,-0.48544,0.1344,-1.603,-1.1392,-0.86437,-0.37196,-0.51747,-1.2151,0.85555,1.9644
1.7525,-2.4696,0.65643,0.37008,-2.2312,-1.7767,-0.88364,-0.21302,-0.35843,-0.65075,1.6644,2.2704
1.5051,-2.1574,0.5522,-0.43301,-2.7176,-2.1273,-1.0235,0.94242,1.2904,-0.072859,1.0533,1.41
1.4354,-2.8809,-0.14846,0.38379,-1.7674,-1.8346,-0.37132,0.79356,-0.060456,-0.4624,1.7599,1.8517
0.62233,-1.9329,-1.0974,0.50943,-1.6915,-1.3098,0.051689,-0.081424,0.094349,-1.4369,2.5101,1.9034
0.069649,-2.3025,-2.0888,1.5174,-0.74733,-1.1365,0.0057837,-0.91516,0.48976,-1.3776,2.7956,1.8292
0.075476,-2.8307,-2.2908,1.9115,0.11102,-0.83945,-0.30364,-1.0255,0.41604,-1.3102,2.27,1.2827
0.42308,-2.6564,-2.1523,2.0069,-0.20798,-1.4708,-0.58167,-0.73217,0.25408,-1.2913,2.3706,1.5747
0.44448,-3.5139,-1.8454,2.3258,0.54183,-1.4255,-0.87422,-0.45603,0.63112,-0.74405,1.6627,1.2503
0.17043,-3.6322,-1.7972,2.5838,0.76087,-1.0799,-0.46458,-0.011443,0.24055,-0.82335,1.4086,0.89138
0.42413,-3.3913,-1.5259,2.0536,1.2213,-0.59437,-0.85253,-0.12398,0.28821,-0.72064,0.49097,1.1227
0.44697,-2.7806,-1.0695,1.7805,0.61987,-0.98824,-0.46137,0.22896,-0.017441,-0.77268,0.70331,1.2174
0.41058,-2.5406,-1.1362,1.2247,0.75991,-0.41331,-0.31992,-0.018321,-0.11702,-0.4575,0.62684,0.99201
0.47822,-2.0888,-1.2164,0.43628,0.95428,0.17222,-0.30878,-0.32247,-0.21173,0.24413,0.59521,0.5178
0.65825,-2.1872,-1.2748,0.66802,0.86608,-0.68575,-0.29285,0.61502,-0.24757,-0.038981,0.73677,0.64491
0.82812,-1.3073,-1.2194,-0.095291,0.36263,-0.36927,-0.1062,0.48801,-0.025219,0.10055,0.64541,0.65762
1.075,-1.2072,-1.4643,-0.31084,0.16021,-0.059052,0.050726,0.2589,0.14247,0.29189,0.73645,0.3348
1.1402,-0.77262,-1.3245,-0.75898,-0.33517,-0.09395,0.30912,0.483,0.34762,0.47267,0.61851,-0.090678
1.1295,0.16014,-0.81711,-1.3239,-1.1826,-0.52224,0.31484,0.93007,1.069,0.73197,0.11507,-0.50527
1.1287,-0.11463,-1.1313,-1.3285,-0.77916,0.025327,0.60778,0.76905,0.60076,0.29699,-0.046812,-0.40745
1.3011,-0.40916,-1.6072,-1.5064,-0.46675,0.57298,0.94033,0.63294,0.13984,-0.099808,-0.11126,-0.20556
1.4266,-0.54922,-1.8184,-1.6079,-0.45311,0.6739,1.1096,0.74826,0.069411,-0.27241,-0.18028,-0.15427
1.1517,-0.5486,-1.5395,-1.2531,-0.27027,0.61773,0.9407,0.60053,-0.021611,-0.31034,-0.16163,-0.10089
0.62974,-0.55316,-1.0148,-0.52905,0.19896,0.5617,0.45485,0.020321,-0.36313,-0.25047,0.19895,0.28961
0.37039,-0.42667,-0.69765,-0.26129,0.323,0.51047,0.22533,-0.22928,-0.42224,-0.14072,0.30169,0.33878
0.071163,-0.097986,-0.1122,-0.022191,0.033746,0.04497,0.021467,-0.047125,-0.064042,0.051517,0.14456,0.037707
-0.010873,-0.098218,0.032112,0.091274,-0.051849,-0.080062,0.069161,0.065107,-0.08324,-0.047107,0.093426,0.026905
-4.6581e-16,2.3188e-16,-4.6035e-16,0,0,0,-2.1668e-16,-2.1169e-16,-2.0608e-16,-1.9986e-16,0,0
0.012863,0.0027305,-0.0087013,-0.015994,-0.015679,-0.0079056,0.0036282,0.013436,0.016853,0.012253,0.0018248,-0.0094715
0.013809,0.0029312,-0.009341,-0.01717,-0.016832,-0.0084868,0.0038949,0.014424,0.018092,0.013154,0.0019589,-0.010168
-4.6581e-16,2.3188e-16,-4.6035e-16,0,0,0,-2.1668e-16,-2.1169e-16,-2.0608e-16,-1.9986e-16,0,0
-4.6581e-16,2.3188e-16,-4.6035e-16,0,0,0,-2.1668e-16,-2.1169e-16,-2.0608e-16,-1.9986e-16,0,0
-4.6581e-16,2.3188e-16,-4.6035e-16,0,0,0,-2.1668e-16,-2.1169e-16,-2.0608e-16,-1.9986e-16,0,0
-4.6581e-16,2.3188e-16,-4.6035e-16,0,0,0,-2.1668e-16,-2.1169e-16,-2.0608e-16,-1.9986e-16,0,0
-4.6581e-16,2.3188e-16,-4.6035e-16,0,0,0,-2.1668e-16,-2.1169e-16,-2.0608e-16,-1.9986e-16,0,0
-4.6581e-16,2.3188e-16,-4.6035e-16,0,0,0,-2.1668e-16,-2.1169e-16,-2.0608e-16,-1.9986e-16,0,0
-4.6581e-16,2.3188e-16,-4.6035e-16,0,0,0,-2.1668e-16,-2.1169e-16,-2.0608e-16,-1.9986e-16,0,0
-4.6581e-16,2.3188e-16,-4.6035e-16,0,0,0,-2.1668e-16,-2.1169e-16,-2.0608e-16,-1.9986e-16,0,0
-4.6581e-16,2.3188e-16,-4.6035e-16,0,0,0,-2.1668e-16,-2.1169e-16,-2.0608e-16,-1.9986e-16,0,0
-4.6581e-16,2.3188e-16,-4.6035e-16,0,0,0,-2.1668e-16,-2.1169e-16,-2.0608e-16,-1.9986e-16,0,0
-0.32411,0.29348,-0.24478,0.18132,-0.10742,0.0281,0.051309,-0.12551,0.18963,-0.23954,0.27218,-0.28573
-1.0488,0.96012,-0.81866,0.63361,-0.41686,0.18224,0.05544,-0.28144,0.48205,-0.64555,0.76297,-0.82869
-1.548,1.4097,-1.1916,0.91155,-0.59155,0.25608,0.070355,-0.36548,0.61117,-0.79478,0.90997,-0.95669
-1.9595,1.7866,-1.5148,1.167,-0.77164,0.36,0.037012,-0.39184,0.68275,-0.8955,1.0242,-1.0711
-2.2111,2.0171,-1.7126,1.3239,-0.88389,0.42819,0.0079873,-0.39358,0.70446,-0.92535,1.0507,-1.0845
-2.5543,2.241,-1.7637,1.1821,-0.56553,-0.017839,0.51091,-0.8753,1.0951,-1.1762,1.1427,-1.0294
-3.7431,3.2135,-2.416,1.4627,-0.48154,-0.40511,1.1002,-1.5462,1.7307,-1.6839,1.4678,-1.1608
-3.8638,3.2978,-2.4472,1.434,-0.39696,-0.532,1.2493,-1.695,1.8588,-1.7769,1.5193,-1.173
-3.7337,3.2241,-2.4526,1.5218,-0.55071,-0.3451,1.0708,-1.5655,1.8085,-1.8183,1.6444,-1.3547
-4.1143,3.5487,-2.6965,1.6769,-0.6263,-0.32474,1.0722,-1.5538,1.7551,-1.7071,1.4749,-1.1418
-4.1402,3.5375,-2.6324,1.5545,-0.45208,-0.53454,1.2954,-1.7674,1.9405,-1.8541,1.5836,-1.2222
-4.6209,3.8987,-2.826,1.5716,-0.32253,-0.75121,1.5267,-1.9466,2.0224,-1.824,1.4577,-1.0396
-5.1562,4.2052,-2.8214,1.2572,0.21972,-1.3845,2.0992,-2.3333,2.1568,-1.7103,1.1616,-0.66257
-4.9716,4.0221,-2.7366,1.1542,0.30575,-1.33,2.0099,-2.2211,1.9014,-1.4193,0.90875,-0.34356
-5.3218,4.2225,-2.6589,0.95542,0.56394,-1.6558,2.2081,-2.2488,1.9156,-1.3997,0.8844,-0.49837
-5.3372,4.0511,-2.9281,0.57067,1.2313,-1.7245,2.6032,-2.78,1.6728,-1.2688,0.98174,0.013513
-4.8786,3.2713,-2.7515,-0.27903,1.9716,-1.2786,2.499,-2.9076,1.1854,-1.4701,1.5793,0.24577
-4.7501,2.4595,-2.0053,-1.7759,2.809,-1.0659,0.98398,-1.7797,0.71164,-1.0797,2.0067,-0.25649
-1.3412,2.984,0.3498,-1.1784,1.5334,-2.711,0.29627,-0.21995,0.51762,-2.4385,2.2846,0.37287
1.1488,2.8359,2.4647,-0.56861,-0.024503,-3.9008,0.74789,0.69644,1.0026,-2.54,2.0961,0.39399
2.3725,2.8377,3.6459,-0.044807,-0.38235,-4.107,-0.47746,0.77774,0.76129,-2.4764,1.3556,0.90828
1.5452,3.0317,5.3575,0.32439,-1.5842,-3.3501,-0.85281,0.7025,0.93751,-2.9874,1.109,0.82962
2.6954,2.0012,6.2531,-0.4556,-2.0461,-3.0955,-0.44821,0.35018,1.7284,-3.0944,1.331,0.62641
2.4464,1.8669,6.9151,-0.2076,-2.4684,-2.8536,-0.0099657,0.80763,1.7866,-3.1637,0.69501,0.77239
2.3737,1.8896,7.2233,-0.40716,-3.0865,-2.453,-0.17094,1.2114,1.8577,-3.3113,0.52638,0.61563
2.622,0.99589,5.6116,-0.24607,-2.8848,-1.6071,-0.67747,0.71818,1.0584,-2.5319,0.98303,0.51652
3.1136,-0.009965,5.7713,-0.78221,-2.6306,-1.6671,-0.4274,0.49723,1.3908,-2.782,1.0261,-0.056909
2.683,1.1448,6.3892,-0.50275,-3.1402,-2.0672,-0.43008,1.8117,0.75378,-2.5288,0.93915,0.24129
3.5084,0.24684,6.4471,-0.61526,-2.2908,-2.1698,-0.41251,1.0735,1.3302,-2.8585,1.512,-0.12235
3.7381,0.21387,5.955,-1.3498,-2.4193,-2.2321,-0.22406,0.72064,0.70447,-2.7565,1.2797,-0.16608
3.1794,0.43396,5.9257,-1.1102,-3.0559,-3.049,-0.026911,0.54251,0.82514,-3.6199,1.1221,0.38401
3.6715,0.31436,6.0728,-0.65526,-3.8247,-2.2554,0.5679,0.40331,-0.069645,-3.0863,1.4247,0.21837
3.7769,-0.56238,5.5202,-0.28559,-3.0888,-2.9252,-0.28085,0.083813,0.33007,-2.9555,1.5642,0.14358
2.9115,-0.069886,5.0703,-0.21671,-2.4383,-3.2261,-1.0344,0.25083,-0.35438,-3.3336,1.9547,0.061035
3.1863,0.59717,4.8577,-0.2829,-1.8618,-2.3781,-0.2899,0.017729,0.26599,-2.9345,1.6323,-0.17603
1.708,1.0209,5.8047,0.51704,-1.3386,-2.4439,0.17297,-0.15436,0.48519,-2.9423,1.1252,0.20289
0.069947,2.3331,5.2274,-0.15302,-1.3726,-2.6384,1.1159,0.40312,1.3675,-3.0349,1.1631,-0.11834
-1.2548,2.9389,4.2337,-0.054234,-1.0493,-3.2572,0.85816,-0.59772,1.087,-3.1545,0.90156,-0.077816
-1.7136,3.0698,3.9897,-0.97495,-1.8421,-3.2416,0.76367,-1.1707,0.81182,-3.2723,0.88222,-0.68711
-1.0572,2.4773,2.9441,0.19918,-2.0854,-2.965,0.96783,-0.46822,0.89175,-3.5807,0.30194,-0.20464
-1.1416,2.4938,2.8063,-0.44948,-2.4981,-3.2421,0.82518,-1.0906,1.0054,-4.1663,0.012991,-0.63904
-1.817,2.6413,2.5015,0.36658,-2.6673,-3.541,0.86922,-0.95949,0.26066,-3.3466,0.33811,-0.80147
-2.2577,2.5975,2.5063,0.17167,-2.8427,-3.2734,0.66111,-0.70961,1.2086,-3.2641,0.64148,-0.45287
-2.8901,2.6194,2.1523,-0.4702,-2.5841,-3.2337,0.8555,-0.8344,1.0635,-3.4664,0.90732,-1.0732
-3.7003,2.3218,1.3987,-0.83488,-2.5715,-2.9547,1.1924,-0.78775,1.1897,-3.0902,0.98346,-0.69746
-3.6959,1.8293,0.96437,-0.17501,-1.6735,-3.2326,0.7269,-0.90642,1.2786,-3.2269,1.3627,-0.58211
-4.6866,0.37485,-0.97501,-0.85874,-1.529,-2.3117,1.9249,-0.0065431,2.0025,-2.8599,1.3732,-0.071944
-3.3906,1.1744,-0.59851,-1.1584,-1.0475,-1.8855,1.3773,-1.0468,1.2921,-3.456,0.77832,0.30642
-4.2807,1.3556,-0.30293,-0.72337,-0.71196,-1.1081,1.1937,-1.3103,0.45076,-3.7293,1.054,0.090239
-2.7139,2.9619,-0.11727,-1.2891,-0.56033,-1.2038,0.37611,-1.6293,0.93203,-3.4435,0.63404,-0.55895
-2.7239,3.479,-0.058647,-1.9339,-1.8118,-2.0352,0.68114,-1.2807,2.0791,-2.6305,0.33887,-1.3618
-3.2558,3.6157,-0.24696,-1.9341,-1.638,-2.1561,0.57438,-1.2372,2.3643,-2.1009,0.81363,-0.69982
-3.7017,2.6809,-1.0273,-1.3979,-0.93462,-1.5206,1.4415,-0.9445,1.9152,-1.6473,1.1802,-0.60234
-4.5706,2.3786,-0.77472,-0.70011,-0.24409,-0.72743,0.9917,-1.9705,1.5878,-2.2098,1.3381,-0.43377
-4.0425,2.6055,-1.0457,-0.13226,0.23184,-1.6929,1.4574,-2.2589,1.0598,-2.4347,1.3599,-0.35486
-3.8232,1.7746,-1.626,-0.5893,-0.99394,-1.7487,1.8436,-0.90333,2.531,-1.6994,2.1119,0.054821
-2.9278,2.0568,-1.9305,-1.7134,-1.1175,-1.7212,1.6929,-0.50358,2.307,-1.4565,1.5839,-0.21432
-1.5415,3.0246,-2.2099,-1.2156,-0.89984,-2.7073,1.6973,-1.4375,1.2258,-2.178,1.0714,-0.64643
-1.7633,3.2678,-1.6929,-0.78891,-0.41094,-2.7944,1.1644,-1.9535,1.0679,-2.1215,1.2902,-0.6422
-2.33,2.2204,-1.4482,-0.47948,0.13909,-2.7109,1.346,-0.86344,1.1303,-2.2873,1.235,-0.42876
-3.2197,1.8044,-1.7713,-0.25449,0.42868,-2.3451,1.8549,-0.39808,1.981,-1.8648,1.4477,-0.54015
-2.7472,1.9965,-1.6556,0.013479,0.38654,-2.5001,1.9639,-0.88024,1.9405,-1.5926,0.53625,-0.32561
-2.3849,2.3876,-1.398,-0.15494,0.23141,-1.4855,1.6205,-1.5468,1.4753,-0.9425,0.28961,-0.63441
-3.4585,2.063,-1.626,-0.10979,1.2464,-1.1187,2.0729,-2.3328,0.9652,-0.72813,0.74953,0.12261
-3.191,1.6048,-1.3092,-0.76102,0.94507,-0.62165,1.8915,-2.1797,0.99212,-0.41426,0.84065,-0.085063
-2.7633,1.6522,-1.3567,-0.80526,0.76224,-0.90213,1.8854,-1.7855,1.1822,-0.30373,0.66037,-0.28043
-2.5908,1.632,-0.74091,-0.34182,0.05894,-1.0431,1.6793,-1.512,1.5509,-0.24841,0.1588,-0.44816
-2.2897,1.4125,-0.70302,-0.012642,-0.044049,-0.75302,1.4477,-1.5537,1.4262,-0.44453,0.34398,-0.43556
-1.9819,1.523,-0.97566,0.19716,0.20843,-0.77679,1.1943,-1.3143,1.2557,-0.73299,0.46549,-0.19634
-1.8055,1.3597,-0.74866,0.1155,0.42033,-0.79418,0.9973,-1.0544,0.99583,-0.84233,0.60975,-0.32523
-1.258,0.95882,-0.552,0.13396,0.22016,-0.4762,0.63682,-0.72003,0.73707,-0.68447,0.55451,-0.35503
-1.0494,0.84327,-0.53829,0.18442,0.16233,-0.45042,0.64192,-0.71873,0.68445,-0.56202,0.38746,-0.20155
-1.2405,0.99794,-0.6389,0.22209,0.1867,-0.52682,0.75352,-0.84526,0.806,-0.66242,0.4567,-0.23681
-1.1211,0.89324,-0.55576,0.16347,0.22199,-0.54346,0.75837,-0.8455,0.80735,-0.66768,0.46508,-0.24405
-0.93822,0.76559,-0.50841,0.20651,0.095034,-0.35394,0.53792,-0.62967,0.62873,-0.55004,0.41958,-0.26836
-0.62573,0.50606,-0.32826,0.12045,0.085737,-0.26096,0.38327,-0.44156,0.43666,-0.38007,0.29058,-0.18976
-0.26281,0.22848,-0.17572,0.11045,-0.039628,-0.029844,0.092002,-0.14251,0.17894,-0.20073,0.20869,-0.2045
-0.41272,0.37829,-0.32337,0.25148,-0.16722,0.075917,0.016725,-0.10501,0.18363,-0.24806,0.29481,-0.32168
-0.33951,0.31431,-0.27401,0.22101,-0.15845,0.090001,-0.019615,-0.048743,0.11135,-0.16494,0.20696,-0.23566
-0.31181,0.28472,-0.24156,0.18516,-0.11919,0.047934,0.024046,-0.092198,0.15231,-0.20078,0.23488,-0.25292
-0.25405,0.22592,-0.18132,0.1235,-0.056678,-0.014274,0.084186,-0.14796,0.20095,-0.23929,0.26018,-0.26211
-0.18357,0.16325,-0.13102,0.089239,-0.040955,-0.010314,0.060832,-0.10692,0.1452,-0.17291,0.18801,-0.1894
-0.18373,0.16635,-0.13871,0.1027,-0.06076,0.015749,0.029305,-0.071397,0.10776,-0.13605,0.15453,-0.16217
-0.38774,0.35334,-0.29855,0.22701,-0.14343,0.053291,0.037551,-0.12328,0.1985,-0.25864,0.30023,-0.32115
-0.36692,0.3324,-0.27748,0.20592,-0.12257,0.033076,0.056556,-0.14036,0.21285,-0.26939,0.3065,-0.32215
-0.45288,0.41461,-0.35361,0.27379,-0.18031,0.079101,0.02344,-0.12096,0.20755,-0.27815,0.32891,-0.35739
-0.34356,0.31232,-0.2626,0.19772,-0.12203,0.040556,0.041343,-0.11833,0.18548,-0.23862,0.27461,-0.29156
-0.0975,0.092245,-0.083752,0.072405,-0.058709,0.043264,-0.02673,0.0097924,0.0068745,-0.022642,0.036959,-0.049372
-0.017373,0.015449,-0.012399,0.0084456,-0.003876,-0.00097614,0.0057571,-0.010118,0.013742,-0.016364,0.017793,-0.017925
-0.093764,0.08686,-0.075812,0.061278,-0.044115,0.025325,-0.0059853,-0.012821,0.030075,-0.044887,0.056552,-0.06459
-4.6581e-16,2.3188e-16,-4.6035e-16,0,0,0,-2.1668e-16,-2.1169e-16,-2.0608e-16,-1.9986e-16,0,0
-4.6581e-16,2.3188e-16,-4.6035e-16,0,0,0,-2.1668e-16,-2.1169e-16,-2.0608e-16,-1.9986e-16,0,0
-4.6581e-16,2.3188e-16,-4.6035e-16,0,0,0,-2.1668e-16,-2.1169e-16,-2.0608e-16,-1.9986e-16,0,0
-4.6581e-16,2.3188e-16,-4.6035e-16,0,0,0,-2.1668e-16,-2.1169e-16,-2.0608e-16,-1.9986e-16,0,0
-0.017941,-0.044731,0.046507,0.015032,-0.056106,0.020798,0.042825,-0.048146,-0.012079,0.055859,-0.023593,-0.040793
-4.6581e-16,2.3188e-16,-4.6035e-16,0,0,0,-2.1668e-16,-2.1169e-16,-2.0608e-16,-1.9986e-16,0,0
0.69012,0.63634,0.55056,0.43828,0.30659,0.16369,0.018254,-0.12115,-0.24669,-0.35175,-0.43137,-0.48253
2.7622,2.5271,2.1604,1.697,1.1799,0.65511,0.16698,-0.24696,-0.55963,-0.75677,-0.83769,-0.81427
4.0166,3.2973,2.2469,1.8655,1.1941,0.76391,0.22322,-0.11892,-0.45649,-0.60206,-0.69747,-0.63757
5.1458,4.6577,3.9097,2.9895,2.0007,1.0476,0.22087,-0.41421,-0.82416,-1.0088,-0.99715,-0.83926
5.1517,4.2948,3.0095,2.3714,1.4358,0.80418,0.11258,-0.28999,-0.6329,-0.69468,-0.72725,-0.54835
5.8795,4.7668,3.1138,2.2019,1.1289,0.53235,0.04234,-0.15331,-0.28901,-0.32409,-0.40141,-0.44065
6.5081,5.0036,2.873,1.6892,0.54269,0.089316,-0.13013,0.057768,0.21994,0.2584,0.025924,-0.30172
6.37,4.5032,2.3735,1.2097,-0.087798,-0.5983,-0.42765,0.3255,0.6976,0.59452,0.26255,0.016741
9.4446,3.3839,0.95054,2.0265,0.19753,-2.371,-1.669,1.354,1.7963,0.10244,-0.12937,0.98704
9.0322,2.1012,0.72337,1.6699,0.29341,-2.8728,-2.5681,2.3401,2.3102,-0.74544,0.26612,1.6779
7.2768,0.60526,1.6806,1.148,-0.39728,-2.5965,-2.3415,2.7996,2.197,-0.82174,0.5978,1.0526
6.8134,-0.67729,2.2193,0.63441,-0.84794,-2.0095,-2.5544,2.8013,2.5623,-0.67172,0.90673,0.67275
5.2873,-0.64912,1.4782,0.25015,-0.48131,-1.4513,-2.3951,2.1776,2.3315,-0.51651,0.7921,0.75967
9.1554,-3.5922,3.2261,-0.86459,-0.40205,-0.72855,-2.9398,2.4185,2.1533,-0.82116,1.2369,0.41194
5.5544,-0.77249,1.3783,-0.12782,-0.50478,-0.66645,-1.9581,1.8046,2.2832,-0.33668,0.51012,0.46261
5.8415,-1.3431,0.79163,-0.12667,-0.24616,-0.57635,-1.7178,2.067,2.5196,-0.31578,0.69495,0.72289
5.1187,-1.6211,0.73143,-0.83512,0.21886,-0.8844,-1.3974,2.3023,2.805,-0.32682,0.8395,0.10174
5.0299,-1.5889,0.37368,-0.68398,-0.48314,-0.40166,-1.4357,2.505,2.4792,-0.31175,0.7966,0.19015
4.3178,-1.7374,0.53265,-0.95254,-0.2819,-1.0333,-1.054,1.6275,2.3244,-0.078765,0.3234,0.47988
4.6219,-1.8279,0.64373,-0.46025,-0.85371,-1.0195,-1.1712,1.8025,1.8912,-0.1498,0.60272,0.16677
4.4905,-2.0697,0.5631,-0.75672,-0.30465,-1.4852,-0.75163,1.3576,2.5329,0.10812,0.32438,-0.12759
4.5003,-2.1998,0.88168,-0.81945,-0.48343,-1.1963,-0.55891,1.6254,1.9753,0.039223,0.53628,-0.35175
4.6695,-1.8231,0.39425,-1.0072,-0.45688,-0.92588,-0.23655,1.6846,1.3775,0.44985,0.34063,-0.54246
4.9035,-1.271,0.50929,-1.6404,-0.22181,-0.8641,0.076523,1.5977,1.5914,-0.16946,0.16733,-0.31071
4.4593,-1.5351,0.53863,-0.71724,-0.36844,-0.81634,-0.53739,1.3837,1.7147,0.2736,0.10404,-0.46886
5.1187,-2.7134,0.082216,0.59408,0.20503,-0.58091,-1.5538,0.87987,1.4466,-0.51258,0.6541,0.042598
6.0154,-3.0321,-0.10751,0.042235,-0.66012,-1.3168,-1.428,0.89199,1.607,-0.76805,0.91358,-0.13671
5.8412,-1.951,0.40287,-0.62075,-0.4715,-0.50039,-0.41475,0.7558,0.6319,-0.7902,0.93885,0.35923
5.6417,-2.7759,1.6443,-1.1811,0.50061,-0.64161,-0.56325,0.65601,1.7214,-0.098076,1.0307,-0.42724
4.3042,-2.4382,1.0101,0.5398,0.25589,-0.77288,-0.22574,1.0328,1.1232,-0.52442,-0.072762,-0.54407
4.4474,-2.3912,1.3309,-0.24713,-0.17137,-0.52741,-0.90553,0.59152,1.7134,-0.17874,0.36981,-0.9004
3.6086,-3.8886,-0.11647,-0.8871,-1.4789,-1.238,-1.1663,0.23194,1.2853,-0.77029,0.46161,-0.586
3.047,-5.0444,0.20322,-1.2789,-0.80741,-0.49201,-0.54791,-0.18924,1.0436,-0.89777,0.53049,-0.76674
4.2594,-4.5231,0.19264,-1.4296,-0.50276,0.30255,0.040632,0.56447,1.387,-1.3381,1.1985,0.34505
4.7124,-4.1077,0.47739,-0.32629,-0.93539,-0.31863,0.08456,0.87689,1.4855,-0.64953,0.74133,0.45664
4.3272,-2.2823,1.647,0.13456,-0.28554,-0.10992,-0.50356,0.63279,1.5672,-1.0283,0.54542,-0.28763
3.1872,-3.1635,1.1736,-0.81534,-0.65219,-0.2648,-0.14746,1.3355,2.461,-1.0086,1.6608,-0.1828
3.4891,-2.5073,0.47388,-0.45116,-0.84202,-0.1055,-0.51165,0.3842,1.3054,-1.845,1.0168,-0.082761
2.588,-3.2949,-0.34867,-0.78518,-0.82716,-0.79746,-0.92214,0.65519,1.3351,-2.1203,0.44551,-1.0027
2.7263,-2.5735,-0.041611,-0.56017,0.28518,-0.8966,-0.65187,1.2584,0.49591,-2.8046,-0.036674,-1.1346
2.5356,-2.7369,0.73285,-0.84248,-0.24396,-1.2795,-1.4675,0.46529,0.29407,-1.9464,-0.16407,-0.62049
1.9281,-3.327,0.15915,-1.5992,-0.78524,-1.7861,-1.4308,0.9305,0.082322,-2.5355,-0.28643,-0.94606
2.3017,-2.8622,0.93553,-1.1721,-0.66716,-1.2443,-1.6063,0.22639,-0.62552,-2.4904,-0.37946,-0.3007
1.2517,-3.6159,0.17629,-0.68464,-0.27919,0.068385,-0.46337,0.68129,0.41645,-2.2262,-0.91673,-0.53703
0.094649,-4.7126,-0.35621,-0.34667,-0.48307,0.044774,-0.24863,1.7333,1.3569,-1.377,-0.4062,-1.188
0.62833,-4.7302,-0.37878,0.45015,-0.1139,-0.091002,-0.3406,1.0851,0.056878,-2.0958,-0.33816,-0.66746
1.0099,-4.6726,-1.7087,-0.89066,-0.44909,0.94755,1.1945,2.0194,0.20031,-2.1892,-0.42214,-0.63289
1.114,-4.2803,-1.3929,-0.41274,-0.71903,0.66582,1.4565,1.4124,-0.17015,-1.1815,-0.41692,-0.6066
1.1304,-4.1752,-1.4403,-0.43579,-1.204,0.98972,2.207,1.0935,-0.42357,-1.5403,-0.65434,-0.04362
0.62432,-3.5154,-0.43168,-0.34434,-1.4061,1.1263,2.1974,0.34373,-1.231,-0.91347,0.23561,0.34504
0.35604,-2.3241,0.11333,-0.7242,-1.5657,0.58641,1.4942,0.90128,-0.088764,-0.50239,-0.36153,-0.68015
0.60095,-1.3288,-0.42195,-1.5981,-0.97791,0.97024,0.8431,1.0259,0.53412,-0.9322,-0.687,0.0075787
0.63928,-0.76946,-0.31085,-1.0304,-0.88858,0.72355,0.87903,0.23974,0.010571,-0.41101,-0.80293,-0.52556
1.2558,0.11654,0.66451,-0.86844,-1.0294,0.17291,-0.08651,0.076158,-0.12694,-1.3079,-1.2622,-0.87212
1.3413,0.35763,1.0604,-0.1623,-0.91356,-0.51387,-0.44404,-0.22231,-0.75815,-1.1173,-0.62206,-0.9529
0.50412,-0.37581,1.3957,0.46261,-0.77686,-0.35876,-0.12566,-0.34313,-1.0859,-1.0127,-0.35515,-0.74084
0.02061,-0.75712,1.5078,0.47504,-0.41383,-0.46632,-0.48863,0.37344,-0.93564,-1.4972,0.31716,-0.17186
-0.41307,-1.3383,1.8069,0.4512,-0.79491,-0.22507,-0.14562,0.36266,-0.84313,-1.1014,0.58333,-0.2726
-0.44366,-0.99821,0.87764,0.28476,-0.6117,-0.042548,0.30214,0.16836,-0.36192,-0.088342,0.41059,-0.18353
0.13796,-0.028848,0.51063,0.092616,-0.24811,0.10312,-0.13243,-0.36807,-0.1232,-0.29362,-0.36581,-0.032891
-0.12188,-0.17747,0.27378,-0.058558,-0.22117,0.24687,0.007778,-0.24969,0.20417,0.072192,-0.26084,0.14881
-0.075112,-0.11333,0.17096,-0.031694,-0.14353,0.15284,0.013736,-0.1635,0.1241,0.057843,-0.17174,0.086841
-4.6581e-16,2.3188e-16,-4.6035e-16,0,0,0,-2.1668e-16,-2.1169e-16,-2.0608e-16,-1.9986e-16,0,0
-4.6581e-16,2.3188e-16,-4.6035e-16,0,0,0,-2.1668e-16,-2.1169e-16,-2.0608e-16,-1.9986e-16,0,0
-4.6581e-16,2.3188e-16,-4.6035e-16,0,0,0,-2.1668e-16,-2.1169e-16,-2.0608e-16,-1.9986e-16,0,0
-0.077904,0.015508,0.047087,-0.074784,0.055064,-0.0051233,-0.039557,0.047984,-0.013449,-0.042079,0.081727,-0.077066
-0.19074,-0.030027,0.22366,-0.25916,0.11746,0.097882,-0.23606,0.205,-0.032633,-0.15762,0.2363,-0.15662
-0.2028,-0.059738,0.27618,-0.28959,0.093974,0.16389,-0.29554,0.21016,0.021866,-0.22644,0.2575,-0.10267
-0.056345,-0.024908,0.086492,-0.079777,0.010066,0.067594,-0.091878,0.043611,0.039094,-0.090928,0.070961,0.0050406
-0.053834,-0.023798,0.082638,-0.076223,0.0096178,0.064582,-0.087784,0.041668,0.037352,-0.086876,0.067799,0.004816
-0.01771,-0.0078291,0.027186,-0.025075,0.003164,0.021246,-0.028879,0.013708,0.012288,-0.02858,0.022304,0.0015843
-4.6581e-16,2.3188e-16,-4.6035e-16,0,0,0,-2.1668e-16,-2.1169e-16,-2.0608e-16,-1.9986e-16,0,0
-0.0024428,-0.00019231,0.0027073,-0.0035313,0.0021497,0.00057467,-0.0029401,0.0034691,-0.0018313,-0.0009503,0.0031384,-0.0033662
-4.6581e-16,2.3188e-16,-4.6035e-16,0,0,0,-2.1668e-16,-2.1169e-16,-2.0608e-16,-1.9986e-16,0,0
-4.6581e-16,2.3188e-16,-4.6035e-16,0,0,0,-2.1668e-16,-2.1169e-16,-2.0608e-16,-1.9986e-16,0,0
-4.6581e-16,2.3188e-16,-4.6035e-16,0,0,0,-2.1668e-16,-2.1169e-16,-2.0608e-16,-1.9986e-16,0,0
-4.6581e-16,2.3188e-16,-4.6035e-16,0,0,0,-2.1668e-16,-2.1169e-16,-2.0608e-16,-1.9986e-16,0,0
-4.6581e-16,2.3188e-16,-4.6035e-16,0,0,0,-2.1668e-16,-2.1169e-16,-2.0608e-16,-1.9986e-16,0,0
-4.6581e-16,2.3188e-16,-4.6035e-16,0,0,0,-2.1668e-16,-2.1169e-16,-2.0608e-16,-1.9986e-16,0,0
-4.6581e-16,2.3188e-16,-4.6035e-16,0,0,0,-2.1668e-16,-2.1169e-16,-2.0608e-16,-1.9986e-16,0,0
0.41259,0.38149,0.33177,0.26642,0.18936,0.10516,0.018726,-0.065001,-0.1414,-0.20644,-0.25695,-0.29082
1.9651,1.7645,1.4528,1.0608,0.6262,0.18926,-0.2121,-0.54636,-0.79157,-0.93716,-0.9842,-0.94415
3.7249,3.1977,2.407,1.4682,0.51199,-0.33793,-0.98579,-1.3779,-1.5082,-1.4146,-1.1667,-0.84897
5.0642,4.1915,2.9363,1.5408,0.24876,-0.75197,-1.3656,-1.5946,-1.5194,-1.2598,-0.93643,-0.64048
5.7148,4.5283,2.902,1.2311,-0.13657,-1.0018,-1.3483,-1.3072,-1.0754,-0.8299,-0.67136,-0.61461
6.1492,4.2216,1.788,0.36887,-0.91099,-1.326,-1.4329,-1.1068,-0.8568,-0.65461,-0.6446,-0.68424
7.9906,5.3549,2.0927,-0.66346,-2.1493,-2.2526,-1.4555,-0.49943,0.022617,-0.072828,-0.5598,-1.0223
8.4877,4.9688,1.63,-0.88174,-2.4445,-2.462,-1.1904,-0.15301,-0.1136,-0.34603,-0.40516,-0.69727
8.7333,3.3478,1.7109,0.68235,-2.615,-3.8051,-0.64316,1.7171,0.29009,-1.1348,-0.25188,0.22053
6.5984,2.4699,2.9998,1.3815,-3.4555,-3.8738,0.07925,2.0589,0.044791,-1.0424,0.17785,0.16613
6.8063,0.76031,3.8068,2.1559,-2.6749,-3.0304,-0.45782,2.1361,0.13213,-1.7467,1.0682,1.0774
4.7824,1.2774,4.9249,1.7641,-2.5186,-1.8143,-0.82688,1.2,0.16385,-1.7318,1.1681,1.466
5.5758,0.55751,5.7463,1.4742,-2.8886,-0.81065,-1.0636,0.43318,0.61284,-1.2876,1.1457,1.4193
4.776,1.2238,5.3615,1.1355,-2.6277,-0.55662,-0.75385,0.60958,1.0179,-1.2146,0.83089,1.6459
5.1002,-0.5069,7.1972,1.7498,-2.8962,0.1056,-1.0571,0.49321,1.0928,-1.5636,1.3589,1.9216
4.6653,0.18044,8.3856,0.94373,-3.218,-0.77579,-1.0156,1.8306,1.3651,-1.8946,0.9555,1.1927
4.2069,0.82432,6.1885,0.5815,-2.7186,-0.092907,-1.1516,0.83275,0.73316,-1.8878,0.89477,1.1308
6.4826,-0.19834,8.144,-0.14255,-3.0239,-0.72995,-1.278,1.9125,0.3793,-2.1431,1.3478,0.40558
3.8898,1.8525,6.1544,-0.029736,-1.9471,-0.045761,-1.3389,1.0931,-0.17682,-1.9283,1.257,0.31735
4.9675,0.97077,8.7266,-0.23308,-2.6264,-0.30004,-2.0175,2.0007,0.027086,-2.1586,1.9105,-0.10597
5.3226,0.96859,8.4468,-0.32837,-2.8918,-0.5878,-1.2501,2.407,0.092186,-2.1398,1.5631,-0.37961
5.0223,0.95438,7.1591,-0.54511,-2.4493,-0.095012,-0.92471,2.6402,0.33453,-2.0602,1.1121,-0.59619
4.7659,1.7828,4.6665,-0.73172,-1.4795,0.53659,-0.56524,2.2405,1.1748,-1.1942,0.81478,-0.39702
5.1199,0.86994,5.996,-0.28863,-2.0774,0.37427,-0.16393,3.1494,1.2034,-1.9881,0.71947,-0.62766
4.148,-0.06889,4.9144,0.47224,-1.5964,0.65399,0.056531,2.503,0.90723,-1.5318,1.0882,-0.61597
3.9676,0.44897,6.1107,1.1628,-1.517,0.20731,-0.26313,1.8207,0.21735,-1.879,0.51114,-0.65709
2.5958,-0.0483,5.0246,1.3547,-0.84744,0.91381,0.47501,1.734,0.611,-1.1795,0.31438,-0.71382
1.9113,-0.55827,4.5318,1.0358,-1.435,0.23459,0.2802,1.2391,-0.12102,-0.9374,0.91297,-0.58351
2.0672,0.33888,4.9558,1.1717,-1.0493,0.9227,0.18212,0.27218,-0.45897,-1.0058,0.62522,-0.5744
1.4057,-0.21033,4.3014,0.73067,-0.88482,1.0686,0.73102,1.3085,0.4126,-0.33338,0.82122,-0.43541
1.4173,-0.012313,3.5485,-1.3211,-1.8648,0.54786,-0.41483,0.84757,0.52668,-0.34049,0.46785,-0.9849
1.1372,0.32801,2.8014,-0.96506,-0.75316,0.69463,-0.30488,1.3502,0.94856,-0.078107,0.82388,-0.24533
0.25598,0.060552,2.2842,-0.53878,0.021004,0.58235,-0.62507,1.1134,0.35349,-0.58566,0.78743,-0.049642
-0.27726,-0.062901,2.1433,-0.70297,0.16251,0.89908,-0.50227,0.69804,0.14401,-0.33982,0.42565,-0.35984
-1.2613,-0.65723,2.0887,-1.4033,0.093033,1.1418,-1.0605,0.57363,0.30314,-0.55739,0.54425,-0.025508
-1.0018,-0.57426,1.9366,-0.99986,0.29884,0.82961,-0.91442,0.93789,0.13127,-0.76043,0.76478,0.055308
-0.27675,0.14759,1.2691,-0.87766,0.22909,0.36248,-1.205,0.15667,-0.34811,-0.95064,0.16906,-0.44769
2.6447,1.4205,1.385,0.080082,-0.29157,-0.4704,-1.2209,0.0065943,-0.49276,-1.2776,-0.21018,-0.17422
6.3151,3.7644,3.0943,1.4712,-0.47372,-1.8659,-1.8937,-0.31083,-0.98676,-2.0148,-0.61498,0.0037688
6.4594,3.8533,2.8529,1.5783,-0.24634,-1.699,-1.9841,-0.27925,-0.79537,-1.4761,-0.25363,0.22758
5.6536,3.7855,2.4389,1.2439,-0.47989,-1.7749,-1.8174,-0.18084,-0.33459,-1.4176,0.26966,0.087323
4.6296,4.3001,0.82777,0.33495,-1.3855,-1.8353,-0.14926,0.54979,1.4315,-2.1914,1.4797,-0.96708
3.2,3.6663,-1.0737,0.30114,-1.6845,-1.8691,0.98448,0.82705,2.1454,-2.6157,1.2826,-1.062
2.4498,3.2998,-1.0643,-0.31128,-1.7716,-1.7102,0.95504,-0.11615,1.8289,-3.1502,0.8191,-0.84072
3.5208,3.8305,0.59894,0.7824,-0.91571,-1.7156,1.1085,-0.05367,1.6403,-2.5414,0.91147,-0.38786
4.2315,3.0084,0.90457,1.4542,-0.42494,-1.3229,1.2533,-0.31752,0.6532,-2.631,0.79946,0.62972
4.7929,3.6086,1.7286,2.1558,0.47318,-0.68601,1.2761,-0.12875,0.67195,-2.2058,0.77984,0.7141
5.2066,4.2009,2.5075,2.7222,0.71503,-0.19629,1.2981,0.33918,0.74207,-1.6539,0.32182,0.00099863
3.6224,2.8574,2.2376,2.3763,0.77091,-0.30214,0.62802,0.5028,0.44763,-1.311,0.35844,0.3645
4.0574,3.2333,2.633,1.5122,-0.19505,-0.44783,0.25504,0.15696,0.45733,-1.3641,0.61907,0.60139
4.1565,3.1976,3.1509,1.169,0.16485,0.12714,0.2223,0.42131,0.5752,-0.87698,0.30872,0.12553
3.6695,2.5134,2.862,1.4827,-0.21868,-0.39716,0.37789,0.17687,0.14165,-0.72761,0.70107,0.29053
2.5101,1.3503,2.5998,1.0515,-0.76314,-1.2836,0.045814,0.29698,-0.50585,-0.84157,0.86762,-0.030264
2.3002,1.3457,2.4701,0.99362,-0.20299,-0.57548,0.25321,0.57139,-0.13467,-0.51338,0.39909,-0.019017
2.259,1.3368,2.2491,1.1198,0.18456,-0.31548,-0.17796,0.45592,-0.1506,-0.79177,-0.079073,0.12333
2.4487,1.517,1.7219,0.75871,0.2362,-0.62776,-0.25181,0.54779,-0.7289,-0.99633,-0.45885,-0.62688
2.55,1.4666,1.6386,0.86106,0.24943,-0.15926,0.21186,0.66088,-0.47204,-1.174,-0.80382,-0.65102
2.4161,1.1135,0.94603,0.78315,-0.027625,-0.38323,0.45051,0.64268,-0.60454,-1.2831,-0.95469,-0.83824
1.9181,0.86859,0.83058,0.80767,0.00085277,-0.37162,0.24516,0.36379,-0.60965,-1.2031,-0.80064,-0.59426
2.0383,1.1916,0.91549,0.58721,-0.2556,-0.70168,-0.27434,0.035843,-0.3282,-0.56858,-0.33922,-0.41822
1.421,0.98202,0.3452,-0.38583,-0.50747,-0.63643,-0.34854,0.093411,0.13926,0.31233,-0.015218,-0.44188
