-2.3291e-15,-2.3188e-16,-9.207e-16,2.2779e-16,0,0,0,0,0,0,0,4.6422e-17
0.041092,0.037773,0.032475,0.025532,0.017379,0.0085209,-0.00049944,-0.0091401,-0.016896,-0.023331,-0.02811,-0.031016
1.8111,1.5869,1.2532,0.85913,0.45547,0.084369,-0.22672,-0.46555,-0.63126,-0.72871,-0.76395,-0.74245
3.4557,3.0461,2.423,1.6659,0.86712,0.1179,-0.50539,-0.95136,-1.199,-1.2574,-1.161,-0.95996
3.9086,3.4162,2.6701,1.7687,0.82599,-0.047216,-0.75988,-1.2535,-1.5081,-1.5411,-1.3998,-1.1492
4.7178,4.0362,3.0555,1.9604,0.932,0.10341,-0.46365,-0.77702,-0.89186,-0.87967,-0.8019,-0.6968
5.1349,3.545,3.0682,2.7028,0.9737,-0.9793,-1.2934,-0.65769,-0.88274,-1.5852,-1.1463,0.082476
6.2787,2.6803,2.4269,2.6164,-0.91558,-3.6391,-2.4524,0.48922,0.49678,-1.1012,-0.77109,1.0748
6.5338,2.2191,1.4416,2.6568,0.3201,-2.5871,-1.9593,0.71701,0.73943,-0.89079,-0.71864,0.8641
9.26,2.7435,1.3356,2.9186,0.34663,-3.2622,-2.5625,0.98555,1.4432,-0.44149,-0.45751,1.2873
6.0626,2.796,1.4974,1.7684,-0.010136,-2.1124,-2.0166,0.10461,0.98997,0.19623,-0.21307,0.6559
8.7128,1.9878,1.3086,3.299,0.63445,-3.3241,-3.166,0.21551,1.4612,0.50349,0.23457,0.61134
6.6776,1.3566,0.89562,2.662,0.71815,-2.5409,-2.7234,0.13738,1.3323,0.50699,0.27971,0.67138
6.2104,1.0422,0.74727,1.9841,0.55026,-1.8594,-2.5643,-0.065974,1.3845,0.64927,0.54566,0.77449
7.953,-0.10015,0.32071,1.4843,0.27126,-1.5042,-2.466,0.024347,1.1426,0.34509,1.1136,0.97063
7.071,0.088359,0.74444,1.4627,-0.19299,-1.3342,-2.1184,-0.25733,0.74414,0.032532,0.87569,0.85862
8.6011,-0.95016,1.0562,1.4111,0.079509,-1.1882,-2.8325,-0.011761,0.5649,-0.50968,1.9262,1.0729
10.845,-2.9775,2.1714,0.97089,-0.21594,-0.37943,-2.9402,-0.31324,0.73058,-0.29231,2.436,0.67979
10.901,-2.9812,2.2812,0.78802,-0.719,0.34745,-2.7102,-0.024202,1.1012,-0.30333,2.3294,0.54751
7.6098,-0.34289,1.6376,0.98065,-0.45432,-0.38378,-2.0802,-0.3415,1.2009,1.0618,2.1185,0.14671
7.8816,-1.1044,1.6187,0.7217,-0.46337,0.038802,-2.0226,-0.26134,1.074,0.49866,2.0336,0.44477
7.996,-1.5613,1.292,0.67872,-0.39866,0.084511,-1.9346,0.23566,1.0634,-0.20722,1.7368,0.63045
6.6198,-0.89067,0.52926,0.73999,-0.33344,-0.32125,-1.4163,-0.143,0.59485,0.18744,1.4031,0.55906
7.7172,-1.9439,0.4232,0.60233,-0.24951,-0.17441,-1.7777,-0.52419,0.31278,0.10113,1.5668,0.42009
9.0008,-2.7804,1.0691,0.13326,-1.3814,-0.2895,-1.9623,-0.16153,0.43154,-0.15588,2.1825,0.42288
6.7159,-0.63606,0.26174,0.30005,-0.31451,-0.83445,-2.0359,-0.071563,0.61844,0.17993,1.5087,0.3632
7.3268,-1.0963,0.50389,0.34976,-0.75375,-0.62212,-1.9391,-0.11679,0.70776,-0.15984,1.6379,0.93055
8.496,-2.6555,0.81853,0.010381,-0.84133,-0.11142,-2.0884,0.2059,0.71632,-0.50419,1.7244,0.92639
6.447,-2.4322,0.93393,0.59559,-0.64303,-0.80925,-2.2373,0.46657,0.90235,-0.4615,1.2087,0.46447
7.2891,-3.875,-0.50847,0.19173,-0.61167,-0.61309,-1.7621,0.89296,0.60312,-0.29642,1.904,0.64329
8.5949,-3.7108,0.38616,0.92334,-0.18935,-0.14053,-1.5327,0.084933,-0.36383,-0.53802,1.2599,-0.096288
7.1703,-2.4472,0.47732,0.98135,-0.88853,-0.74197,-1.1234,0.32324,0.20747,-0.24192,1.0698,-0.14722
7.9814,-2.6493,1.8101,1.486,-0.39184,0.31399,-0.38908,0.62822,0.01642,-1.0097,0.70081,-0.41392
8.0817,-2.1296,2.4027,1.7895,-0.56915,-0.21026,-1.3816,-0.080936,0.31574,-0.45366,1.1241,-0.31965
8.0117,-2.1792,1.2959,0.6882,-0.40659,-0.17318,-1.0067,0.49593,0.40664,-0.4417,0.96748,-0.43719
7.8307,-2.4569,0.58759,0.26859,-0.99703,-0.047977,-0.87307,-0.40059,-0.14284,-0.34486,0.62944,-0.42318
6.7929,-2.5476,0.12273,0.8057,-0.66766,-0.40516,-0.76109,-0.19033,-0.094503,-1.0316,-0.3783,-0.7302
7.0807,-2.2328,-0.059158,0.31461,-0.51036,0.24413,-0.54362,-0.092905,0.79617,-0.68294,-0.35211,-0.34168
6.5031,-3.1602,-0.11256,0.36735,0.1253,0.70897,-1.3331,-0.21704,0.91423,-0.84859,-0.58424,-0.49199
5.1148,-3.6509,0.409,-0.35395,-1.178,0.37538,-1.2912,0.34917,1.6933,-1.0766,-0.99338,-0.18405
4.666,-3.7387,-0.67963,-0.72079,-0.64829,0.76574,-0.69141,0.64712,1.5574,-0.56861,-0.39111,-0.15896
5.1941,-2.8029,-0.28291,-0.69438,-1.2692,0.36082,-0.67078,0.43306,1.6515,-0.75257,-0.84424,0.19308
3.5584,-2.874,0.71287,-1.0024,-1.427,0.35811,-1.3024,0.69723,1.5346,-0.99076,-0.2385,0.023952
3.729,-2.5811,0.41262,-1.4395,-1.5878,0.24893,-2.0242,-0.060355,1.8408,-0.6203,-0.35962,0.44211
3.0472,-2.7172,0.35607,-1.0971,-1.4685,-0.072867,-1.7562,0.1197,1.9927,0.0015775,-0.018572,0.18872
2.3999,-2.9975,-0.00069298,-1.1436,-0.69886,0.86165,-0.57951,1.2684,1.6596,-0.72588,0.49587,-0.083704
2.1105,-2.6548,-0.36714,-0.51459,-0.66539,0.78562,-0.10647,-0.31146,0.6912,-0.24465,0.8006,-0.40059
0.99238,-2.8797,0.055863,-0.86324,-1.3337,0.87064,0.28605,-0.3682,0.56729,0.36358,1.2831,-0.50785
1.3556,-2.9986,-0.33629,-1.1808,-1.4733,0.69874,0.10279,-0.2757,0.57836,1.1433,1.2613,-0.45168
1.2307,-2.0498,-0.70013,-1.6952,-1.0677,1.0391,0.032197,-0.7043,0.020813,1.2944,1.9825,-0.15059
0.37087,-1.6932,-0.40824,-0.86554,-0.023597,1.5543,0.22189,-0.83279,-0.33014,0.49114,0.82475,-0.28096
0.50839,-1.6996,-0.51021,-0.94479,-0.39724,1.5041,0.6441,-0.61958,-0.32435,-0.084243,0.1409,0.34031
0.069825,-1.1714,0.34813,-0.89103,-0.85024,1.3711,0.4495,-0.7614,-0.049898,-0.11648,0.043239,0.60698
0.325,-1.3287,-0.3245,-1.0131,-0.33662,1.7752,0.62005,-0.94802,-0.48836,-0.20923,0.24257,0.7652
-0.1356,-0.82867,0.35864,0.064442,-0.44467,0.58813,0.3475,-0.75344,-0.11099,0.46904,-0.1402,-0.0576
0.02517,-0.45129,0.19136,-0.084077,-0.28489,0.47146,0.2278,-0.5706,-0.21982,0.1934,-0.029313,0.092851
0.52536,-0.78273,-1.0089,-0.41142,0.43892,1.015,0.49901,-0.59044,-0.78272,-0.20353,0.19572,0.48813
0.7215,-1.0167,-1.4135,-0.50012,0.70931,1.2451,0.49714,-0.69312,-0.8912,-0.27685,0.21836,0.56679
0.59667,-0.72308,-1.1333,-0.51096,0.47599,1.0202,0.54289,-0.42491,-0.77589,-0.41397,0.091526,0.53976
0.30501,-0.35279,-0.62799,-0.24452,0.37335,0.57962,0.18928,-0.36467,-0.51777,-0.14946,0.337,0.45673
0.32445,-0.53494,-0.72649,-0.06911,0.6004,0.52271,-0.10716,-0.5141,-0.31856,0.14344,0.36251,0.21158
0.57101,-1.1303,-1.3313,0.11027,1.2526,0.75268,-0.52636,-0.94104,-0.22272,0.51994,0.48624,0.011452
0.65432,-1.4412,-1.5594,0.30237,1.5614,0.72266,-0.82254,-1.0597,-0.027038,0.71413,0.42761,-0.16076
0.66653,-1.6525,-1.6223,0.52764,1.7185,0.5424,-1.0683,-0.99486,0.23304,0.7752,0.24192,-0.2798
0.55627,-1.3959,-1.3417,0.46021,1.3964,0.39332,-0.85324,-0.70562,0.22021,0.48997,0.061619,-0.13435
0.31014,-0.90723,-0.78476,0.41823,0.91708,0.097594,-0.72218,-0.41149,0.38728,0.46385,-0.1193,-0.3624
0.056862,-0.23476,-0.15939,0.16457,0.23068,-0.063385,-0.25719,-0.04872,0.23452,0.14998,-0.16805,-0.22139
0.026111,-0.040506,-0.059996,-0.0097414,0.051772,0.053054,-0.0072789,-0.059041,-0.042162,0.023599,0.061817,0.028244
-2.3291e-15,-2.3188e-16,-9.207e-16,2.2779e-16,0,0,0,0,0,0,0,4.6422e-17
-2.3291e-15,-2.3188e-16,-9.207e-16,2.2779e-16,0,0,0,0,0,0,0,4.6422e-17
0.40356,0.18033,-0.2403,-0.43051,-0.5636,-0.34232,-0.10858,0.2752,0.41627,0.49112,0.25808,0.039574
0.64916,0.22722,-0.17166,-0.71082,-0.84571,-0.5648,-0.29779,0.18987,0.65663,0.6364,0.51222,0.28239
1.0762,0.37275,-0.31587,-1.1614,-1.3634,-0.90516,-0.42479,0.35317,1.0454,0.98416,0.729,0.32489
0.50005,0.099734,0.032692,-0.89936,-0.89938,-0.29074,-0.39196,0.2604,0.91374,0.4449,0.44476,0.32079
0.59703,0.19686,0.20782,-0.88932,-0.80037,-0.10337,-0.32253,0.45617,1.0898,0.43841,0.50102,0.26079
0.12949,1.8609e-05,0.065325,-0.38054,-0.31989,-0.024672,-0.1656,0.14037,0.38984,0.094711,0.15547,0.091747
0.11276,0.022499,-0.070908,-0.15684,-0.14395,-0.065643,0.023371,0.12916,0.16027,0.10328,0.024761,-0.087075
0.11794,0.015297,-0.062153,-0.17926,-0.17219,-0.054111,0.020794,0.12776,0.19961,0.10811,0.010053,-0.070646
0.089727,0.019046,-0.060694,-0.11156,-0.10937,-0.055144,0.025308,0.093721,0.11755,0.085469,0.012728,-0.066066
-2.3291e-15,-2.3188e-16,-9.207e-16,2.2779e-16,0,0,0,0,0,0,0,4.6422e-17
-2.3291e-15,-2.3188e-16,-9.207e-16,2.2779e-16,0,0,0,0,0,0,0,4.6422e-17
-2.3291e-15,-2.3188e-16,-9.207e-16,2.2779e-16,0,0,0,0,0,0,0,4.6422e-17
-2.3291e-15,-2.3188e-16,-9.207e-16,2.2779e-16,0,0,0,0,0,0,0,4.6422e-17
-2.3291e-15,-2.3188e-16,-9.207e-16,2.2779e-16,0,0,0,0,0,0,0,4.6422e-17
-0.0045752,-0.041327,0.013512,0.038405,-0.021816,-0.033688,0.029101,0.027395,-0.035025,-0.019821,0.039311,0.011321
-2.3291e-15,-2.3188e-16,-9.207e-16,2.2779e-16,0,0,0,0,0,0,0,4.6422e-17
-2.3291e-15,-2.3188e-16,-9.207e-16,2.2779e-16,0,0,0,0,0,0,0,4.6422e-17
-2.3291e-15,-2.3188e-16,-9.207e-16,2.2779e-16,0,0,0,0,0,0,0,4.6422e-17
0.81497,-0.20017,-0.76026,-0.56269,-0.17165,-0.16973,-0.40026,-0.26623,0.36889,0.90609,0.73318,-0.0015149
3.8149,-0.66354,-3.4128,-2.5728,-0.47657,0.35954,-0.52209,-1.0081,-0.2035,1.0911,1.1255,0.12759
8.3753,0.016823,-4.468,-3.0495,-0.1279,0.48503,-0.49457,-0.7281,0.12711,0.80771,0.57949,-0.18893
5.8622,-0.34176,-3.3532,-1.9122,-0.084559,0.41091,-0.26036,-0.28311,0.26897,0.53744,-0.12149,-1.0028
11.039,-0.46153,-5.124,-1.3082,1.4592,0.14965,-1.6657,-0.58078,1.0734,0.87441,-0.33982,-0.97671
11.394,-0.33165,-4.2849,-0.24663,2.0031,0.31859,-1.2422,-0.083342,0.80682,0.093976,-0.52354,-0.24435
10.112,-0.071347,-3.5542,0.22519,1.9911,0.071245,-1.265,0.14598,1.0299,0.13639,-0.5289,-0.062989
10.215,-0.41684,-3.4542,0.31251,1.9207,0.1957,-0.82359,0.49859,1.0966,0.26174,-0.20232,0.069696
9.7203,-0.0080744,-3.5705,-0.08814,1.6825,0.24683,-0.64224,0.57189,1.0449,0.42066,0.28027,0.4181
13.385,-2.4479,-2.9542,-0.28104,2.3985,0.18988,-0.88268,0.65198,1.0712,0.13638,0.32929,-0.13215
10.71,-1.5008,-2.9712,0.16887,1.9666,0.27521,-1.0256,0.98183,0.73174,-0.074425,0.76893,-0.011282
9.1573,-1.1654,-3.026,-0.0048325,1.7755,0.45011,-0.75769,0.83049,0.68995,0.16448,0.84267,-0.097554
7.5724,-1.0036,-3.019,-0.28115,1.2609,0.26746,-0.53492,0.67439,0.85641,0.66206,0.79759,-0.16879
7.8398,-0.95277,-3.2604,-0.29183,1.0123,-0.058401,-0.73586,0.24773,0.59419,0.54976,0.60639,-0.050838
11.663,-2.7316,-2.9128,-0.17405,1.5519,-0.35341,-1.1015,0.67131,0.44322,0.1054,0.78968,-0.10447
9.6915,-1.4873,-3.7385,-0.13221,1.8825,-0.25116,-1.5744,0.8055,0.60427,-0.1803,0.70216,-0.023234
9.2726,-1.8181,-3.2742,-0.042938,1.6661,0.042888,-1.1139,0.86779,0.70925,0.059512,0.69211,-0.15418
8.8132,-1.4878,-3.3237,-0.043612,1.3018,-0.36964,-1.087,0.95103,0.78329,-0.033809,0.67444,0.24491
9.3309,-0.90504,-3.7465,-0.22578,1.2479,-0.20133,-0.88057,0.36708,0.49147,0.079107,0.44306,0.42423
8.657,-1.0357,-3.5589,0.04506,1.559,-0.028973,-0.99996,0.1544,0.44976,0.15942,0.53785,0.60282
13.256,-2.2599,-3.5309,0.28521,2.5802,-0.25529,-1.7889,1.296,0.24325,-0.39608,1.4696,0.6268
11.273,-1.9739,-3.1474,0.35198,2.9539,0.65753,-1.6575,1.0898,0.96077,0.40569,1.764,0.27902
11.102,-1.7884,-2.7311,-0.31656,2.5552,1.036,-1.2388,1.0896,0.88978,0.25714,1.4543,-0.081681
8.5235,-0.5825,-2.165,-0.051172,1.8659,0.78637,-0.56334,0.91939,0.23172,-0.075651,1.3329,0.31494
9.6369,-1.1332,-2.0517,-0.15851,2.3334,0.52824,-1.5353,2.3601,0.86293,-1.371,0.84651,-0.26448
8.309,-1.7645,-2.2803,-0.6103,1.8054,0.51908,-1.958,1.0472,0.44832,-0.85117,1.4133,0.40804
7.9621,-1.9326,-1.9769,0.41682,1.7148,0.61857,-0.80457,1.3143,0.73288,-0.58338,0.76974,0.49935
9.843,-2.1185,-2.5903,0.71655,2.5094,1.0435,-1.193,0.70263,0.16129,-1.068,0.6477,0.76777
9.1259,-1.6092,-1.8882,0.47488,2.053,1.0958,-1.3501,0.50975,0.47983,-1.2319,0.157,0.85753
8.0282,-1.3953,-1.1099,0.46777,2.4282,1.7825,-0.78946,0.65052,0.12657,-2.0268,0.33363,1.3128
8.7241,-1.1572,-2.2194,0.243,2.0277,0.73419,-1.3136,0.65969,0.52284,-1.2323,0.31666,0.66902
7.7462,-1.6393,-2.2808,0.73785,2.3817,0.45375,-1.3876,0.42277,0.3599,-1.2758,0.12255,0.89645
7.7556,-1.9235,-2.6156,-0.18448,2.3652,0.79477,-2.0748,-0.030599,0.33796,-1.3533,0.016679,0.17303
7.0278,-1.8202,-2.0448,0.053528,2.7395,1.1684,-1.9894,0.1867,0.31277,-1.652,-0.1807,-0.13552
7.1509,-1.3197,-2.4412,0.072312,2.556,1.1878,-2.1162,-0.74925,0.047005,-0.60163,0.3731,0.23916
6.2806,-2.2951,-3.6232,0.028651,2.5008,0.99233,-1.2189,-0.49613,0.028919,-0.9824,-0.5308,0.29451
4.7864,-2.1712,-3.5202,0.048905,2.2824,0.78051,-1.2685,-1.2226,-0.15671,0.62178,0.93872,0.52174
4.9149,-1.4996,-2.4807,0.27002,1.6768,0.2121,-1.1562,-0.12088,0.83566,0.34113,0.22537,0.12215
4.2323,-0.56219,-2.2626,-1.1846,0.10774,-0.55331,-1.321,-0.12039,1.0943,1.4812,1.423,0.63379
4.1872,-1.5691,-3.4587,-2.0522,0.053091,-0.19387,-1.7903,-0.57936,1.832,2.2939,1.6899,0.45345
4.0165,-1.3944,-2.415,-1.1963,-0.071046,-0.84818,-2.452,-0.39337,1.9786,1.9037,1.5662,0.68978
3.5999,-1.6293,-2.8631,-1.2006,0.6383,0.059043,-1.9032,-0.79454,1.2597,1.3503,0.7378,-0.13661
2.3372,-2.1534,-2.9735,-0.59439,1.2753,0.31724,-1.3734,-0.76027,0.87228,1.3745,0.89552,-0.062261
2.1826,-1.2781,-2.1587,-0.5914,0.69317,0.34979,-0.42633,-0.15215,0.72861,1.1853,1.1359,0.49682
2.0233,-1.384,-2.4693,-0.93841,0.42947,0.11421,-0.7557,-0.68704,0.28395,1.2479,1.4085,0.55934
1.6197,-0.98531,-1.8626,-0.72231,0.37616,0.13465,-0.69217,-0.83528,-0.026388,1.0561,1.4924,0.79916
1.1756,-0.68955,-1.3798,-0.37968,0.85589,0.8092,-0.31978,-1.0314,-0.41079,0.84618,1.3416,0.59668
1.0279,-0.3144,-0.86499,-0.24591,0.52229,0.36459,-0.52496,-0.9979,-0.43146,0.50751,0.7138,-0.019924
0.72467,-0.43187,-0.90899,-0.30845,0.54352,0.61961,-0.11819,-0.74655,-0.51998,0.27038,0.6914,0.2704
0.6127,-0.69298,-1.0933,-0.11521,1.017,1.0506,-0.017973,-0.85332,-0.58117,0.41095,0.88736,0.41455
1.1161,-0.6754,-1.5139,-0.68828,0.74054,1.2448,0.49873,-0.46344,-0.59212,0.028336,0.4911,0.26427
1.0591,-0.93086,-1.8931,-0.98701,0.68851,1.4195,0.70052,-0.4465,-0.80542,-0.27046,0.29444,0.23775
0.75618,-0.59166,-1.2634,-0.68655,0.42529,0.94395,0.52232,-0.19886,-0.45202,-0.16791,0.13214,0.080595
0.81643,-0.53096,-1.2431,-0.74604,0.28283,0.74795,0.31974,-0.33493,-0.4228,0.081956,0.50988,0.34183
0.97821,-0.38208,-1.2637,-1.0271,-0.10574,0.56099,0.49953,0.048808,-0.17318,0.017828,0.26749,0.1972
1.0147,-0.096083,-1.0131,-1.1692,-0.63523,0.069585,0.48628,0.53102,0.38859,0.21751,0.027649,-0.19366
1.1357,-0.29466,-1.3539,-1.3251,-0.45035,0.4508,0.77819,0.55345,0.16594,-0.09894,-0.22235,-0.26781
0.57387,-0.16371,-0.75389,-0.77965,-0.26701,0.37618,0.70016,0.53402,0.053919,-0.39648,-0.55131,-0.36041
0.28816,-0.089397,-0.35647,-0.33065,-0.098117,0.11467,0.174,0.1271,0.08408,0.066219,0.0056339,-0.12255
0.037166,-0.060755,-0.10603,-0.010575,0.079621,0.094736,-0.017076,-0.092399,-0.076812,0.043755,0.098174,0.053548
-2.3291e-15,-2.3188e-16,-9.207e-16,2.2779e-16,0,0,0,0,0,0,0,4.6422e-17
-0.0021142,0.0021049,-0.0020894,0.0020678,-0.0020401,0.0020065,-0.0019669,0.0019216,-0.0018707,0.0018142,-0.0017525,0.0016856
-2.3291e-15,-2.3188e-16,-9.207e-16,2.2779e-16,0,0,0,0,0,0,0,4.6422e-17
-2.3291e-15,-2.3188e-16,-9.207e-16,2.2779e-16,0,0,0,0,0,0,0,4.6422e-17
-2.3291e-15,-2.3188e-16,-9.207e-16,2.2779e-16,0,0,0,0,0,0,0,4.6422e-17
-2.3291e-15,-2.3188e-16,-9.207e-16,2.2779e-16,0,0,0,0,0,0,0,4.6422e-17
-2.3291e-15,-2.3188e-16,-9.207e-16,2.2779e-16,0,0,0,0,0,0,0,4.6422e-17
-0.0186,0.25743,-0.22417,-0.087657,-0.27587,-0.19198,0.0050822,-0.050479,0.34011,0.0096305,0.37505,-0.15836
-1.0135,1.2993,-1.1041,0.23426,-0.69106,-0.34065,0.30344,-0.34077,1.0743,-0.41828,0.98803,-0.7789
-1.5427,1.851,-1.5462,0.36659,-0.85737,-0.50182,0.53019,-0.58577,1.5285,-0.68706,1.3499,-1.0793
-2.2219,2.3006,-1.839,0.62557,-0.75383,-0.52928,0.7354,-0.82621,1.6148,-0.91652,1.3636,-1.151
-1.269,2.6688,-2.2529,-0.47399,-1.773,-1.4822,0.67218,-0.49642,2.4554,-0.091842,1.8013,-0.95546
-1.0416,3.0981,-2.6296,-0.83897,-2.3313,-1.9606,0.68793,-0.56407,2.9767,0.026989,2.1842,-0.97329
-1.816,3.3902,-2.7074,-0.28881,-1.9998,-1.7636,0.72267,-0.91597,2.6776,-0.2798,2.054,-0.76981
-1.8786,3.1789,-2.6512,-0.6498,-1.579,-1.9322,1.2345,-0.7519,2.8462,-0.13083,1.5692,-0.88987
-2.8053,3.1326,-2.4148,-0.50108,-0.51644,-1.8077,1.7297,-0.92772,2.295,-0.31781,0.93252,-0.85869
-3.295,3.2178,-3.3441,-0.51495,0.18479,-2.1672,1.6747,-1.3994,2.9977,0.28793,0.92568,-1.5967
-3.5077,3.0914,-3.8551,-0.50377,0.88476,-2.2106,1.4264,-1.8626,2.7432,1.1124,0.77619,-1.0909
-4.3123,2.6899,-3.6951,0.18863,2.3281,-1.8145,1.2052,-2.6222,1.9102,1.0706,0.57231,-0.94086
-3.9771,2.7836,-3.7676,-0.32636,1.9996,-2.2913,1.3906,-2.4451,2.4454,1.3318,0.53376,-0.95444
-4.2293,2.9162,-3.3076,-0.41748,2.0968,-2.3589,1.6836,-2.2093,2.0008,1.1307,0.10772,-0.67012
-4.7559,3.0653,-3.0918,0.2137,2.2058,-1.8686,1.5202,-2.3919,1.388,0.77338,0.23377,-0.47282
-4.9245,2.905,-2.9115,0.22935,2.7243,-2.0449,1.4969,-2.5572,1.228,0.85746,-0.017916,-0.38779
-4.7018,3.1427,-2.2752,-0.31057,2.1318,-2.32,1.934,-1.9706,1.1934,0.50973,-0.023071,-0.28054
-3.7284,2.9793,-1.9537,-0.35198,1.3969,-2.3252,1.6686,-1.7932,1.231,0.33317,-0.23271,-0.10326
-0.45183,3.6263,-2.1714,-1.5605,0.21209,-3.6506,0.16243,-2.6865,0.97819,0.36408,-0.16375,-0.65325
3.6531,3.8066,-3.8665,-3.2615,-0.37477,-2.9845,0.37538,-2.9855,0.60808,0.30832,0.18455,-0.19715
8.26,2.6126,-5.226,-2.902,0.95664,-2.4668,-0.06402,-2.8733,1.1065,0.65657,-0.06606,-0.53311
7.7055,0.9466,-3.3242,-1.6986,0.52316,-1.0033,-0.96383,-1.3621,0.74288,0.86432,-0.52226,-0.96167
10.391,0.16112,-4.1059,-1.1389,1.7391,-0.6283,0.07375,-1.2921,1.7983,0.77066,0.01318,-0.9503
8.6042,0.52131,-3.3091,-0.8842,1.2237,0.50642,-0.62352,-0.30461,1.0444,0.87281,-0.41108,-1.156
8.2754,0.15234,-3.1441,-0.70141,0.97684,-0.11521,-0.99261,-0.29859,0.90627,0.48683,-0.62213,-0.87064
10.276,0.23885,-4.4007,-0.60826,1.9992,-0.24518,-0.66374,0.0083197,1.675,0.70022,-0.65718,-0.57891
9.7347,-0.23715,-3.7351,-0.11934,1.8672,-0.092711,-0.83904,0.47043,1.7697,0.8551,-0.50934,-0.46327
7.8959,-0.4773,-3.2563,-0.18508,1.3295,0.032463,-0.90547,0.24516,1.159,0.64159,-0.15919,-0.21047
7.8716,-0.44257,-3.2691,-0.20252,1.1507,-0.22254,-1.0163,0.043206,0.83928,0.24498,-0.28882,-0.22703
8.9403,-0.54513,-3.4538,0.052614,1.4349,-0.18883,-0.79453,0.46418,1.5481,0.55228,-0.30475,-0.54929
9.6179,-0.49265,-3.6136,0.18077,1.7002,-0.1612,-1.138,0.42565,1.5209,0.44549,-0.21518,-0.34482
10.194,-0.40311,-3.3411,-0.55916,1.5146,0.036026,-1.346,-0.091963,1.4724,0.073316,-0.27389,-0.14013
10.96,-0.64282,-2.6007,-1.2412,2.0804,0.001628,-0.34785,-0.53235,1.9661,-0.1592,0.30021,-0.35927
8.1817,-0.23704,-2.8294,-0.19756,1.4913,0.37865,-0.82489,0.41367,1.7466,0.96603,-0.2218,-0.6442
10.759,-1.0002,-2.9896,0.069562,1.5356,-0.37013,-1.4558,0.31652,1.4591,0.14239,-0.0056497,-0.22572
8.1404,-0.33985,-2.6044,0.25216,0.93059,-0.55122,-0.97644,0.47493,1.1508,0.45192,-0.032904,-0.041279
8.4352,-0.0066982,-2.5568,0.22077,1.0029,-0.2873,-0.54407,0.79708,1.1315,0.36441,-0.13126,-0.38453
11.213,-0.81578,-2.7159,1.0454,1.1851,-1.0778,-0.65112,0.81583,1.2197,-0.063088,0.20488,-0.0025576
9.8589,0.48484,-2.3912,0.3805,0.77899,-0.6031,-0.26835,0.62921,0.5637,-0.32964,0.029277,0.18395
10.725,0.50071,-2.5725,0.66683,1.2726,-0.36769,-0.34446,0.23557,0.81429,-0.10347,0.1523,-0.018066
11.802,0.57008,-2.7493,0.87399,1.3775,-0.73541,-0.70934,0.12879,0.91743,0.21576,0.40309,-0.54908
12.75,0.10195,-2.7027,1.0996,1.288,-0.996,-0.30532,-0.1766,0.86673,0.070613,0.22342,-0.43009
11.707,-0.47075,-2.6928,1.3793,1.4764,-1.6298,-0.36781,0.03629,0.74484,-0.08322,0.65,-0.034425
11.371,-1.01,-2.2187,1.6334,1.7049,-1.133,-0.33517,-0.094279,0.49145,-0.014997,0.75754,-0.17068
10.854,0.017413,-1.7624,1.6685,1.3443,-1.4376,-0.58024,0.29021,0.42055,-0.61258,0.16322,0.30376
11.438,0.0027444,-1.7346,1.5714,0.8218,-1.1711,-0.40844,-0.50059,0.15274,-0.29742,0.54052,0.13511
7.7297,0.89813,-1.0517,1.1462,1.1528,-0.44523,-0.79588,0.16987,0.26361,-0.42565,-0.36065,0.068258
8.9839,1.2684,-0.58797,1.4254,0.6195,-1.0416,-0.33874,0.67704,0.93485,0.03342,0.13636,-0.081755
7.9798,1.0453,-0.63396,1.6478,0.92366,-0.78097,-0.10494,0.70524,0.33693,-0.59412,-0.11178,0.098196
7.3708,0.2216,-0.73619,2.6414,1.6327,-0.41834,0.58362,0.63994,-0.28974,-1.6017,-0.079354,0.2001
8.9597,-0.21899,-1.4184,2.896,2.0924,-0.59122,0.67686,0.079387,0.030463,-1.1594,0.52731,-0.080516
7.3911,0.63156,-1.4821,1.4639,1.3532,0.077277,0.38409,0.27654,0.55146,-0.10952,0.51002,-0.10897
8.2249,0.28107,-1.8741,1.2148,1.638,0.6182,1.0136,0.70896,0.26512,-1.3033,-0.79035,-0.60081
7.4006,0.11394,-2.201,0.52337,0.68257,-0.2271,0.43365,0.92389,0.78523,-0.5023,-0.57023,-0.47086
7.7869,0.22353,-2.6549,-0.056092,0.70656,-0.64303,0.051488,0.031972,0.033078,-1.1672,-0.063652,0.21685
7.5624,0.065184,-3.0379,-0.90869,0.50372,-0.47428,-0.2611,0.10806,0.36947,0.036557,-0.013037,0.15255
6.1963,0.66846,-1.861,0.30355,1.1719,-0.43144,-0.91036,-1.0848,-0.65484,-0.8899,-0.10504,-0.13781
7.1676,2.0843,-0.97077,0.23764,0.73899,-0.41643,-1.4561,-1.7327,-1.0903,-1.4397,-0.34674,-0.66449
6.3214,1.0791,-1.3094,-0.72504,0.23409,-0.14824,-0.67963,-0.4,-1.1732,-1.9916,-0.50602,-0.26422
5.8407,0.42476,-1.2182,-1.1824,-0.35048,-0.75958,-1.3056,-0.74079,-1.9124,-2.6253,-0.97696,-0.46322
4.6154,-0.68041,-0.21455,-0.7298,-0.28919,-0.39272,-0.99209,-0.77002,-1.5492,-0.39814,0.35784,-0.31507
2.7988,-1.5904,0.44499,0.33895,0.35767,-0.16066,-0.60037,-0.49444,-1.7682,-0.65082,0.33607,-1.1319
2.4851,-1.7476,0.29786,0.31518,0.32647,-0.52265,-1.6856,-1.6292,-1.8858,-0.26195,0.38029,-1.4997
3.5016,-0.5314,0.55935,0.27789,-0.34506,-0.6895,-1.7159,-2.5293,-1.8099,0.83244,0.69416,-1.6154
2.6951,-1.1676,-0.36921,0.69382,0.0092209,-0.62402,-1.5661,-2.4994,-1.2434,0.98617,0.94118,-0.50483
2.5405,-1.1132,-0.4346,0.50702,0.13259,-0.48843,-1.6212,-2.3995,-1.0693,0.70102,-0.25189,-1.5601
2.2067,-1.1813,-0.74589,0.40119,-0.2995,-0.69957,-1.1186,-1.9853,-0.25502,1.3011,0.33567,-1.2867
1.7441,-0.7177,-0.026978,0.31586,-1.8704,-1.4792,-0.49312,-1.7179,-0.5929,1.2775,1.1134,-1.503
1.3849,-1.4911,-1.2612,-0.29157,-1.253,-0.75003,-0.011374,-1.0088,0.76792,2.468,1.4892,-1.8081
1.6827,-0.88122,-1.3602,-0.7834,-1.3153,-0.86479,-0.46372,-0.87071,0.89527,2.2341,1.5376,-1.0449
1.5659,-1.5339,-0.95031,-0.52483,-1.5801,-0.79594,-0.12419,-0.91861,0.75928,2.9174,1.3443,-1.6363
1.2271,-1.3012,-0.76999,-0.22698,-1.3445,-1.1604,-0.36213,-0.67045,0.8258,2.4075,1.3432,-1.5405
0.67937,-0.99102,-0.78581,0.13198,-1.0542,-0.92427,0.0082835,-1.1036,0.76858,1.8481,1.4134,-1.5834
0.74024,-0.52528,-1.071,-0.22046,-0.96867,-1.0109,-0.061344,-0.93184,1.1193,1.6188,1.4811,-1.2498
1.1854,0.082296,-1.0236,-1.1009,-1.7866,-1.568,0.21981,-0.82182,1.2572,1.8261,1.6537,-0.68608
1.4549,0.15764,-0.67278,-1.4211,-2.5923,-1.8039,0.33868,-0.34678,1.3116,2.1228,1.6799,-0.50619
1.3932,0.56243,-0.67583,-1.5675,-2.5257,-1.8761,0.28931,-0.18388,1.3977,1.7153,1.5825,-0.15164
1.0407,0.41147,-0.9173,-1.3037,-1.6115,-1.4201,0.22357,-0.36337,1.2535,1.5319,1.5118,-0.095829
0.53152,0.41202,-0.80631,-1.0181,-1.0333,-1.1673,0.38302,-0.25868,1.1288,1.1824,1.1525,-0.11684
0.93658,-0.1831,-0.69934,-0.91582,-0.91025,-0.69326,0.10153,-0.18203,0.46895,1.4915,1.1626,-0.024328
0.88828,-0.31648,-0.97052,-0.75455,-0.30774,-0.22399,-0.15569,-0.29442,0.3491,1.3004,1.1286,-0.047385
0.67146,-0.19346,-0.70919,-0.64507,-0.1578,-0.15364,-0.12537,-0.14327,0.26006,0.94055,0.70302,0.048016
-0.030155,-0.084643,-0.072216,-0.10183,0.13768,-0.051092,0.10069,-0.12078,-0.2,0.24084,0.086698,0.10411
0.070832,-0.016304,-0.09722,-0.25703,-0.078431,-0.16262,0.18387,0.087357,-0.033762,0.25433,-0.014302,0.0082518
0.12886,-0.09179,-0.25441,-0.20805,0.071108,0.18394,0.20746,0.024762,-0.15568,-0.14057,-0.10835,0.066325
0.16692,-0.1217,-0.26115,-0.20881,-0.02008,0.21428,0.27934,0.077748,-0.16327,-0.22066,-0.13617,0.0080032
0.14044,-0.077919,-0.22653,-0.18402,0.005861,0.18059,0.20183,0.065068,-0.11104,-0.19072,-0.12451,0.027337
0.062271,-0.053663,-0.088416,-0.079227,-0.035157,0.074452,0.13671,0.048318,-0.071309,-0.094906,-0.067555,-0.016264
-2.3291e-15,-2.3188e-16,-9.207e-16,2.2779e-16,0,0,0,0,0,0,0,4.6422e-17
-0.00070699,0.00070388,-0.0006987,0.00069147,-0.00068222,0.00067096,-0.00065774,0.00064259,-0.00062555,0.00060668,-0.00058603,0.00056366
-0.0053829,-0.022726,0.015154,0.016211,-0.022123,-0.0066989,0.025003,-0.004051,-0.023262,0.014052,0.01722,-0.021456
-0.0051117,-0.021581,0.01439,0.015394,-0.021009,-0.0063614,0.023744,-0.0038469,-0.02209,0.013344,0.016353,-0.020375
0.060225,-0.14071,-0.15063,0.037934,0.16796,0.072165,-0.10978,-0.13581,0.013222,0.12902,0.069158,-0.06786
0.16936,-0.41644,-0.41777,0.10961,0.4494,0.21182,-0.26552,-0.386,-0.012373,0.34971,0.22361,-0.1656
0.71378,0.037406,-0.25672,-0.0087719,0.24451,-0.017026,-0.6243,-0.92295,-0.57865,0.026545,0.27455,0.042136
2.8415,1.5181,0.19228,-0.30824,-0.76472,-1.2764,-2.0399,-2.0874,-1.4886,-0.44353,0.052213,0.098805
5.1211,3.5026,1.3553,-0.03313,-1.2982,-1.8945,-2.3874,-2.0444,-1.5142,-0.62479,-0.18471,0.13647
6.2818,4.5547,2.1999,0.33191,-1.1874,-1.8487,-2.1303,-1.6985,-1.1956,-0.49402,-0.2004,0.038409
6.9571,5.1292,2.5342,1.0041,-0.56819,-1.3512,-1.6998,-1.3323,-0.87866,-0.34095,-0.20397,-0.10494
5.877,4.5112,2.5938,1.4749,0.24428,-0.3359,-0.72899,-0.67926,-0.61703,-0.45648,-0.42668,-0.41434
4.95,3.787,2.2145,1.3628,0.31372,-0.26807,-0.74518,-0.82827,-0.83268,-0.70536,-0.59028,-0.42423
8.8409,5.6778,3.3713,2.2241,0.41223,-1.2404,-1.9008,-1.2125,-0.50319,-0.032738,-0.21084,-0.49117
6.2741,3.2112,2.7188,2.6538,-0.16055,-1.726,-0.82919,-0.2662,-1.2037,-0.97242,0.18631,0.087974
5.6211,1.5749,1.9279,2.9224,-0.41336,-2.4156,-0.81072,0.016012,-1.5451,-1.5415,-0.068399,-0.20068
6.4162,1.3938,3.5278,4.4474,-1.0022,-3.3845,-0.44215,0.69079,-1.6965,-1.7186,0.46773,0.085371
5.8129,1.2297,3.3733,3.9161,-1.2326,-2.8173,0.13369,0.77512,-1.7624,-1.6849,0.57849,0.18361
5.3324,0.48435,5.1114,3.642,-2.7797,-2.582,-0.63742,0.15209,-0.59824,-1.6412,0.23548,0.37694
6.4771,0.054334,5.5683,2.7664,-2.6739,-0.58695,-0.88176,-0.73935,-0.48421,-2.0065,0.50888,1.0742
4.6741,1.0989,5.3683,1.6685,-2.0923,-0.24047,-1.3019,-0.75104,-0.12506,-1.9266,0.20827,1.1316
5.4145,0.63312,6.8,2.1592,-2.578,-0.51403,-1.79,-0.53916,0.29664,-1.6674,0.38819,0.78427
4.6236,1.1544,7.1027,1.5351,-2.9818,-0.99292,-1.5939,-0.24655,0.026915,-1.7391,0.11731,0.34906
5.0329,0.97215,5.7261,0.46007,-2.694,0.15007,-1.9859,-1.0121,0.025888,-1.6966,0.07138,0.33524
5.9438,0.24773,6.0984,0.66697,-2.4415,0.15522,-2.1339,0.048983,0.079568,-1.6935,0.8382,0.043462
4.7552,1.3754,6.7923,0.40465,-2.6435,-0.60079,-1.9155,0.22315,-0.47538,-2.0655,0.74929,0.010153
5.7144,1.7672,6.8356,-0.29153,-2.7658,-0.15877,-2.3657,0.014511,0.088467,-1.8499,0.62384,-0.16876
4.271,2.0496,4.8702,-0.097175,-1.7196,0.22704,-1.642,-0.16645,0.15345,-1.3015,0.45205,-0.018639
5.2421,0.50807,6.3747,-0.7162,-3.4157,-0.89067,-1.9588,0.82465,0.38194,-1.329,0.63698,-0.65572
4.6578,0.8608,5.7363,-0.0025652,-2.1857,-0.69506,-1.3925,0.92222,-0.16854,-1.3975,0.71474,-0.28028
3.8839,0.8788,5.9562,0.28414,-2.7644,-0.63238,-1.8164,-0.57552,-0.34446,-1.9276,-0.23719,-0.12577
3.9306,1.4557,6.1993,-0.25082,-2.6353,-0.28449,-2.1614,-0.718,-0.063156,-1.3824,0.39163,0.33838
4.4124,1.7472,5.9627,0.66971,-2.2301,-0.67908,-1.7354,-0.38243,-0.58406,-1.5966,0.88314,0.36921
3.9357,2.0408,5.2498,0.61851,-1.4884,0.27579,-1.4791,-0.37073,-0.24563,-1.5733,-0.10746,0.0075877
3.3653,1.5577,5.0692,0.77695,-1.2123,0.26058,-1.1913,-0.16509,-0.056046,-1.5713,0.35416,0.21613
2.1544,0.91132,4.0229,-0.034233,-1.2091,0.6274,-1.2974,-0.17443,0.22129,-1.6272,-0.35869,0.0055764
2.9984,1.494,4.056,0.67392,-1.0733,-0.37768,-1.5488,-0.74478,-0.85024,-1.9384,-0.20422,0.099145
3.8255,2.0458,4.1784,0.71535,-1.1787,-0.50693,-1.7018,-0.79689,-0.87572,-2.3807,-0.53515,-0.15719
3.4566,1.7385,2.8948,-0.43062,-1.5059,-0.84183,-1.6983,-0.067372,-0.25793,-1.9138,-0.11432,-0.21267
3.6438,2.5112,2.9211,-0.88227,-1.1674,0.062889,-1.6313,-0.40399,0.44916,-1.1468,-0.61137,-0.56515
2.3597,1.9239,3.4362,-0.50275,-0.36999,0.8133,-1.5476,-0.76801,0.033509,-1.5977,-1.1785,-0.40777
