8.2188,-2.45,-5.7279,-2.5785,-0.302,-0.45121,-1.1869,-0.80051,-0.42238,-0.5073,-0.7893,-0.90535
9.7581,-2.037,-4.8834,-1.255,0.93655,0.20616,-0.77821,-0.20229,0.33321,0.23548,-0.049438,-0.26891
8.9,-2.3393,-3.6044,-1.5212,2.1517,0.31281,0.028058,0.34759,1.45,0.7653,0.49409,-0.017575
5.7228,-2.019,-1.6164,-1.9979,1.6009,0.78678,0.54937,0.090169,1.2458,1.1449,0.60828,-0.32481
6.9051,-2.1544,-1.561,-1.2699,0.4486,1.283,0.081686,0.51001,0.6382,0.88078,0.75496,-0.26067
6.2335,-2.2144,-0.9536,-1.6792,1.0152,0.31976,0.10064,0.52381,1.0379,1.1002,0.33241,-0.12377
4.7405,-1.6663,-0.73406,-1.5187,-0.26854,1.9485,0.12704,-0.37726,0.7948,0.84266,0.61454,-0.37719
4.7843,-1.718,-0.46527,-1.7339,0.035964,2.2327,0.19468,-1.2193,1.0577,1.1494,0.55312,-0.81
4.4981,-2.0745,-0.030669,-1.7104,0.5893,1.2545,0.91487,-0.71259,0.61222,1.3843,0.092299,-0.35503
3.0791,-2.2739,-0.14034,-1.293,1.0003,0.97349,0.7146,-0.86852,0.88928,0.77029,0.1122,-0.1052
2.8987,-2.8711,0.056085,-1.5267,1.1401,0.56006,0.37758,-0.77005,0.99843,0.37233,0.63592,-0.25683
2.3965,-3.0067,-0.52333,-1.563,0.54556,0.64063,0.063818,-0.30293,0.33471,0.32272,0.56255,-0.27394
2.8274,-2.8669,-0.39459,-1.7891,0.4537,0.58408,0.11472,-0.17112,0.046325,0.58466,0.36933,0.00015741
3.6841,-2.8898,-1.0138,-1.2982,-0.057654,0.36228,0.38438,-0.65931,0.75686,0.64301,0.52423,0.034571
3.0139,-2.7529,-0.5374,-1.7096,0.074086,0.63671,-0.032422,-0.95158,0.60962,0.5946,1.0054,0.11475
2.4916,-3.6677,-1.0843,-2.1395,-0.15384,-0.11861,-0.097346,-1.0423,0.39525,0.1721,0.78682,0.035577
3.6434,-3.065,-1.2081,-1.243,0.06686,0.17175,-0.47447,-0.86623,0.2676,0.28054,0.38855,0.019594
3.7596,-3.0525,-0.99325,-1.4862,0.062543,-0.15706,-0.27399,-1.1778,0.40165,1.3389,0.1974,-0.14497
2.7458,-3.6688,-1.4075,-2.8224,-0.68296,0.19657,1.0184,-0.81158,0.12228,1.4942,0.73536,-0.044572
4.1388,-2.9616,-1.4531,-2.3067,-0.27251,0.41359,0.30939,-0.1818,0.12707,0.62021,0.71668,0.10415
6.4474,-3.1331,-0.94803,-3.3784,1.0298,0.072542,-0.0042631,-1.2732,0.23683,0.073335,0.68827,0.50761
6,-2.4859,-1.3732,-3.165,1.3874,0.42695,-0.07506,-0.66333,0.13142,0.10152,1.3264,0.9569
5.3422,-2.165,0.026005,-2.2322,0.75676,-0.063169,0.3503,-0.64019,-0.3016,-0.27907,0.40527,0.28294
4.9417,-1.5282,-0.39032,-1.4335,1.0793,1.1502,-0.44507,-1.1435,-0.055558,0.46527,0.8015,0.062882
5.0619,-1.6838,1.1021,-2.1158,1.9478,0.70361,0.719,-1.0013,0.56216,0.072611,0.57715,-0.26778
5.6043,-2.5477,0.33506,-2.0578,2.1267,0.84122,1.238,-1.094,0.15424,0.0081066,0.62938,-0.024163
4.5007,-2.0131,0.60798,-1.4692,1.7376,0.95817,0.41317,-0.52097,0.19137,0.044736,0.49552,0.52757
5.36,-1.9201,1.7461,-1.0996,1.1598,-0.13029,0.69361,-0.21794,0.68152,0.76148,0.47654,-1.0528
6.0171,-2.6095,0.86682,-1.3805,1.7692,1.2138,0.40396,-0.25653,0.26294,0.42176,0.5091,-0.42445
4.9626,-1.6927,1.0358,-1.146,1.1164,1.6126,0.026102,0.18175,0.5147,0.27056,0.51936,-0.53694
4.8383,-2.3378,1.6594,-0.83046,1.4252,1.0573,0.090855,0.51483,1.3835,0.37752,-0.039302,-0.22763
4.8595,-2.5639,0.9905,-1.3434,1.702,1.4063,-0.50463,0.92375,1.6506,0.48821,0.65772,0.38544
6.0427,-1.8792,1.6062,-1.3099,0.98933,1.4398,-0.57955,0.32327,0.50394,-0.51984,0.20944,0.44913
5.3329,-2.0333,1.6729,-0.99903,1.2151,1.8607,-0.66744,-0.55515,0.7049,-0.0079807,0.62323,1.4711
4.7383,0.18815,1.8043,-1.0301,1.0504,1.8813,-0.50633,0.16903,0.84769,-0.26103,0.919,0.59749
5.1867,-0.26174,1.5124,-0.064815,1.9858,2.1945,0.19864,0.35722,0.9236,-0.58053,0.10449,0.2254
4.67,0.23446,0.82321,0.5966,2.3995,1.8022,0.02827,1.1111,0.54353,0.029466,0.71561,0.09235
6.2353,-0.1749,0.07547,-0.76506,1.7184,1.2155,-0.67881,0.94612,0.93887,0.48163,0.90605,0.70727
6.5196,0.70115,0.069336,-0.98748,2.1958,1.1906,-1.3073,0.71299,0.72406,0.62779,1.0966,0.42172
5.6029,1.1841,0.62439,-0.2993,2.4676,1.7713,-0.60791,0.81954,0.5621,0.44353,0.57162,0.30821
5.9535,0.44553,0.52441,-0.15262,2.8735,2.5777,-0.21296,0.82516,0.152,-0.46942,0.30381,0.42438
4.9497,1.5213,1.1381,-0.36875,1.0634,1.6983,0.23274,0.8508,0.4187,0.19032,0.84841,0.98834
5.7941,1.5053,0.63676,-0.41007,1.1444,1.7124,-0.2036,0.32647,1.063,0.64156,1.0885,1.0156
5.7925,1.9617,0.67916,0.5484,1.3473,2.1481,0.8131,0.4533,0.73119,0.65347,0.62168,0.19973
5.9469,2.6449,1.1735,0.26086,0.85008,1.6837,0.30865,-0.13376,1.0414,0.93611,0.56201,0.50627
4.6202,2.24,1.8652,0.47027,0.75944,2.0219,0.86691,0.4728,0.90466,-0.30035,-0.15693,0.90228
3.967,1.5912,1.7517,0.94763,1.5754,2.4366,0.55375,-0.0011719,0.56194,-0.31372,0.020073,0.98836
4.8769,2.0925,1.1389,0.99424,1.9794,2.2246,0.38949,-0.36904,0.12359,0.03167,0.37542,0.53139
4.2763,2.0705,1.4146,1.4636,2.2017,2.2867,0.7688,0.36884,0.14471,-0.34863,0.17027,0.42579
3.4704,2.2845,1.9698,1.7124,2.3752,2.4818,0.95963,0.10415,-0.14403,-0.39071,0.1922,0.20492
2.7344,1.6941,1.1976,1.0788,1.5903,1.657,0.64139,-0.16952,-0.49999,-0.44095,0.19548,0.37201
2.5395,1.6321,1.279,1.2618,1.9279,2.1758,1.2765,0.48094,0.012243,-0.12228,0.39599,0.46428
3.2816,2.2332,1.8239,1.7489,2.2481,2.1426,0.89483,0.075524,-0.17576,-0.15935,0.27829,0.10002
2.7676,2.2155,1.8996,1.8945,1.9371,1.7833,1.3075,0.60435,0.068358,0.0018355,0.16406,0.083857
1.8715,1.2653,1.1509,1.3023,1.2884,1.209,1.0797,0.60744,0.021319,-0.030826,0.35387,0.42012
2.0359,1.6747,1.5094,1.4506,1.3317,1.2006,0.99903,0.56875,0.10595,-0.026195,0.072807,0.024605
2.0832,1.9987,1.8628,1.6824,1.4666,1.2263,0.9731,0.71877,0.47472,0.25111,0.056362,-0.1033
1.5354,1.4983,1.4378,1.3557,1.2546,1.1376,1.0082,0.87009,0.7272,0.58335,0.44222,0.30721
1.8743,1.8022,1.6864,1.5325,1.3486,1.1436,0.92759,0.71055,0.50215,0.31102,0.14431,0.0072513
2.9308,2.6775,2.5416,2.3171,1.8825,1.4789,1.215,0.89221,0.48232,0.18923,-0.013604,-0.29281
3.0479,2.8849,2.7044,2.4316,2.0429,1.6516,1.2962,0.89759,0.47733,0.15089,-0.092106,-0.3354
2.5657,2.4151,2.2219,1.993,1.7068,1.3746,1.0504,0.77058,0.517,0.26037,0.017256,-0.16767
1.3521,1.1333,1.0882,1.153,1.0487,0.7291,0.46559,0.4335,0.44981,0.27247,-0.009156,-0.10641
2.1702,1.8568,1.7851,1.8523,1.6656,1.1826,0.79159,0.71025,0.66327,0.34249,-0.092012,-0.25994
2.394,2.1513,2.0342,1.9893,1.7722,1.3473,0.96227,0.77984,0.64271,0.34053,-0.042136,-0.24388
1.9452,1.8745,1.7604,1.6084,1.4256,1.2204,1.0019,0.77955,0.56249,0.359,0.17613,0.019329
1.5379,1.0259,1.1442,1.5628,1.417,0.76207,0.46564,0.75826,0.88853,0.40963,-0.097691,-0.024655
1.4995,0.7818,1.0708,1.7237,1.4608,0.59593,0.41286,0.93371,1.0028,0.33444,-0.1154,0.13451
1.4633,1.2185,1.2373,1.3749,1.254,0.90233,0.70247,0.75537,0.73252,0.44275,0.14518,0.10638
1.4602,1.4185,1.3508,1.2597,1.1486,1.0214,0.88279,0.73744,0.59013,0.44543,0.30748,0.17987
1.7945,1.7331,1.6338,1.5014,1.3419,1.1622,0.97034,0.77418,0.58155,0.39956,0.23433,0.090642
1.6277,1.5807,1.5044,1.402,1.2773,1.1351,0.98071,0.81965,0.65739,0.49914,0.34954,0.21254
1.5505,1.4978,1.4126,1.2987,1.1612,1.0061,0.83989,0.66934,0.50106,0.34111,0.19477,0.066208
1.221,1.1953,1.1532,1.0957,1.0241,0.94005,0.84563,0.743,0.63454,0.52274,0.41015,0.29929
1.3936,1.3584,1.301,1.2235,1.1283,1.0186,0.89783,0.76979,0.63826,0.50694,0.37933,0.25855
1.5554,1.5059,1.4258,1.3186,1.1886,1.0413,0.88256,0.71847,0.55506,0.39793,0.25201,0.12134
1.528,1.4802,1.4028,1.2989,1.173,1.0299,0.87541,0.71522,0.55511,0.40046,0.25603,0.12577
1.264,1.2355,1.1889,1.1254,1.0467,0.95498,0.8526,0.74221,0.62661,0.50865,0.39116,0.27686
1.1266,1.1027,1.0636,1.0101,0.94358,0.86553,0.7778,0.68246,0.58172,0.4779,0.37337,0.27047
1.0799,1.0562,1.0174,0.96427,0.89819,0.82072,0.73369,0.63916,0.53935,0.43658,0.33322,0.23162
1.3299,1.1639,0.9667,0.81598,0.75881,0.78943,0.8536,0.87688,0.80239,0.61932,0.36812,0.12075
4.0254,0.89695,-1.0784,-0.8318,0.43502,1.163,1.0617,0.78619,0.75693,0.75779,0.45323,-0.084658
8.8767,-0.77115,-4.4567,-1.9052,0.21666,-0.44547,-0.96071,-0.088695,0.44772,0.038026,-0.34078,-0.53198
7.2606,-1.1761,-4.1912,-1.5028,-0.057429,-0.80966,-1.2118,-0.035511,0.66784,0.33745,-0.24531,-0.67088
7.5465,-1.1784,-3.9443,-0.97978,0.62922,-0.075651,-0.519,0.59974,1.228,0.82274,0.18977,-0.22635
13.007,-2.1404,-4.9175,-0.17893,2.2539,-0.46407,-1.4723,1.5692,1.7572,0.18334,0.70987,0.87318
7.4102,-0.93298,-3.061,-0.002534,1.1376,-0.16894,-0.64352,0.83732,1.2962,0.79697,0.56962,0.24079
10.031,-1.2586,-3.265,-0.26502,1.4548,-0.16167,-1.1481,1.4646,1.4768,0.13249,0.78818,0.39575
7.5149,-2.4261,-1.471,-0.45898,0.42071,0.10541,-0.38771,0.93224,1.0418,0.66066,0.28314,0.18475
5.608,-2.2753,-0.51382,-1.375,0.71121,0.74397,-0.64374,0.18252,1.0523,0.17771,0.074421,0.28161
4.7233,-2.3377,-0.2751,-1.1633,0.68945,1.2495,-0.327,-0.083873,0.96847,0.027672,0.42269,-0.072081
4.6852,-2.4407,-0.077154,-1.3469,1.1369,0.95435,-0.20485,-0.29612,1.565,0.36524,0.53908,0.11312
3.9126,-2.0712,-0.049388,-1.1213,1.1033,0.94292,0.014204,-0.46978,1.3975,0.68413,0.46488,-0.18515
2.9301,-2.463,-0.28783,-1.242,0.89823,1.2739,-0.43441,-0.60398,1.7537,0.5001,0.77225,-0.39309
2.5659,-2.763,-0.4198,-1.4765,0.59594,1.0825,-0.46434,-0.69472,1.5504,0.23505,0.78239,-0.47412
3.2328,-2.7804,-0.71664,-1.4095,0.22191,0.80431,-0.3142,-0.37168,1.0562,0.44981,0.83879,-0.30134
5.4512,-2.8043,-0.63219,-2.1637,1.2805,-0.082121,-0.34521,0.19297,0.93248,0.080969,1.1088,-0.36695
6.1922,-2.7395,-1.2141,-1.6685,0.53663,0.22999,-1.3464,0.80846,0.68706,-0.41184,0.74151,0.30666
5.5459,-2.9808,-1.4619,-2.8207,0.17449,-0.1286,-1.3619,-0.25816,0.61548,-0.75183,0.8826,-0.031799
5.3759,-3.2705,-0.56274,-2.6898,0.61824,-0.035643,-0.64284,-0.4484,0.9806,0.10919,0.76003,0.56103
4.6846,-2.7539,-0.97805,-2.1506,0.69198,0.58393,-0.90719,-0.34972,1.1497,0.35411,1.0025,0.46913
4.9078,-2.8559,-1.4923,-1.6758,0.043267,0.12844,-0.76284,-0.63901,1.4309,0.035642,1.242,-0.20282
6.2071,-2.3445,-2.008,-1.9998,0.38248,0.39036,-1.4232,0.47918,0.48942,-0.1123,1.1004,0.42623
5.2699,-2.3052,-1.2285,-2.0464,0.20114,0.24557,-1.1094,0.85164,0.80991,-0.198,0.63897,0.57998
5.2224,-3.5319,-1.8366,-2.9015,0.2264,-0.33946,-0.79532,0.29259,0.77293,0.0097977,0.58238,0.57535
6.8829,-3.159,-1.2491,-1.9217,1.1491,0.26016,-0.99043,0.56255,0.80209,-0.33178,0.86953,0.10306
7.5873,-4.8582,-0.37456,-1.9839,1.5765,-0.1805,-1.291,0.60927,-0.44553,0.14641,0.33474,0.49276
5.8094,-2.3993,-0.019928,-0.84397,1.7949,0.6319,-1.0763,0.82202,0.17768,0.33827,0.52483,-0.32092
7.543,-2.9534,0.89338,-2.1013,1.9203,0.5536,-2.0735,0.5905,0.092803,-0.80637,0.31938,-0.034324
6.5481,-3.4683,1.4919,-1.8368,1.0198,0.19389,-1.676,0.553,0.49195,-0.55786,0.054989,0.26865
5.8882,-4.4341,0.75637,-1.843,1.0708,0.68822,-1.2738,0.58617,0.26946,-0.31078,0.31665,0.7988
5.4767,-2.965,0.83721,-1.2834,1.3316,1.5528,-0.80875,1.1395,0.88905,-0.12789,0.9375,0.88657
6.2527,-2.9895,1.1213,-1.758,1.3103,1.619,-0.91312,0.52265,0.07593,-0.038691,1.0319,0.53995
5.7971,-2.5705,1.0697,-2.0958,1.3279,1.1459,-1.4221,0.4049,0.85842,0.029733,0.015357,-0.3859
5.791,-2.3724,0.95732,-1.4101,1.0308,0.74836,-1.5651,0.78089,0.29533,-0.78859,0.39107,0.081933
6.7154,-1.425,0.18787,-0.88876,1.8811,0.85624,-1.2806,1.1868,0.32405,-0.61464,0.9801,0.66224
6.4549,-1.224,0.32273,-0.98176,2.7301,1.505,-1.1683,1.1019,0.13807,-1.0224,0.33584,0.52331
6.5701,-1.5692,0.24126,-1.06,1.6039,1.918,-0.92241,1.2203,0.43363,-0.77829,0.96521,0.43836
5.5706,-1.8285,0.33032,-1.0788,1.6368,2.4766,-0.80194,0.63568,0.78732,-0.34762,0.49728,0.59775
5.456,-2.015,0.0080336,-0.87881,1.2726,2.7806,0.34648,0.77623,0.69206,-0.15655,0.31465,0.44405
5.1758,-0.94868,0.83561,0.30027,1.5467,2.3421,-0.1551,0.33614,0.99731,-0.1293,0.0091078,0.27722
5.004,-1.3255,-0.4606,0.083149,2.2915,1.7789,-0.20011,0.84277,-0.27454,-0.95134,0.5069,0.58841
3.4795,-1.9255,-0.54936,0.23451,2.3498,1.1729,-0.69915,1.6657,0.50604,-1.0168,0.76645,0.58462
4.0422,-0.96472,0.027048,0.86077,2.7431,1.0982,-0.41456,1.702,-0.20646,-1.128,1.0617,0.24019
4.1407,-0.13653,1.2007,2.8051,3.0883,0.87156,0.00039487,1.3037,-0.74788,-1.5907,0.70911,0.6514
3.7879,-0.67633,0.34466,2.0866,3.2269,1.6575,0.37286,1.016,-0.6634,-0.98129,1.21,0.25674
2.846,-1.4531,-0.38489,1.6469,2.9834,1.7428,0.38128,0.70276,-0.86893,-1.0295,1.4805,0.7
2.6953,-1.523,-0.50305,2.4381,3.0169,1.2647,0.6958,0.489,-0.46055,-0.79634,1.3414,1.19
3.253,-1.1586,-0.28723,2.9545,3.4592,1.174,0.22588,0.048589,-0.22095,-0.59686,0.7785,0.69543
3.0793,-1.3312,-0.78259,2.3632,2.8302,1.2779,0.8274,0.7799,-0.092204,-0.69407,0.22931,0.84293
2.3284,-1.1711,-0.78988,1.6797,2.4197,1.1689,0.35921,0.669,0.41978,-0.22995,0.045477,0.4702
2.6071,-1.0463,-0.64382,2.2398,2.923,1.232,0.2094,0.43813,0.3894,0.032935,0.26981,0.62357
2.9437,-0.85905,-0.4626,2.4106,3.0092,1.3332,0.39322,0.52786,0.26361,-0.16466,0.11164,0.43896
2.5457,-0.40019,0.10338,1.7549,1.9151,0.94915,1.0101,1.5148,0.23214,-0.89924,-0.27588,0.24013
1.9018,-1.0828,-0.62809,0.89021,1.6971,1.0441,0.82251,1.1952,-0.14435,-0.66362,0.37472,0.36071
1.9979,-0.85383,-0.55849,1.2332,2.1158,1.2627,0.63781,0.7,-0.049516,-0.13586,0.51091,0.28151
2.0113,-0.33325,-0.11248,1.4238,1.7691,1.0686,0.85961,0.84677,0.17514,-0.15336,0.28928,0.38173
2.1124,-0.40167,0.11592,1.8187,1.7417,0.76933,0.90307,1.1369,0.14614,-0.49929,0.13527,0.47218
1.7806,-0.43226,0.53071,2.0776,1.5763,0.32726,0.77119,1.4586,0.20375,-0.63202,0.23401,0.63195
1.1826,-0.85572,-0.22501,1.3378,1.0257,0.012501,0.46579,1.2666,0.6052,-0.44715,-0.25273,0.43664
0.89493,-1.2542,-0.31743,1.3805,0.71222,-0.4795,0.31168,1.3193,0.4172,-0.75719,-0.34608,0.39395
0.95866,-0.89716,0.10402,1.6403,0.85409,-0.34584,0.35871,1.2037,0.3528,-0.50363,0.075831,0.54139
0.71155,-0.51511,0.10034,0.98821,0.43145,-0.12684,0.62008,1.1048,0.20607,-0.46798,0.13507,0.59968
0.23982,-0.1757,-0.12827,0.040026,-0.072003,-0.086781,0.26733,0.43569,0.047127,-0.32913,-0.20652,0.0088422
0.40991,0.083946,-0.11476,-0.11191,0.012111,0.19576,0.33529,0.25237,-0.065858,-0.35107,-0.36477,-0.18201
0.64298,0.36026,0.10823,0.048831,0.20177,0.43652,0.57161,0.50554,0.28301,0.052099,-0.049783,0.0070639
0.51935,0.14212,-0.10823,-0.16744,-0.10008,0.11154,0.41353,0.559,0.40476,0.13568,-0.021089,-0.086745
0.32488,-0.17115,-0.34207,-0.27565,-0.23846,-0.096778,0.24703,0.41897,0.17253,-0.11278,-0.084915,-0.012651
0.20805,0.055797,-0.078175,-0.13397,-0.10097,0.0082115,0.14395,0.22282,0.19792,0.10435,0.0058269,-0.067355
0.18675,0.13252,0.10136,0.12069,0.168,0.1927,0.16524,0.10582,0.064968,0.074669,0.11753,0.14376
0.058119,-0.019863,-0.061963,-0.027513,0.049939,0.09513,0.06401,-0.013582,-0.062826,-0.036413,0.039621,0.091117
3.2607e-15,-9.2752e-16,2.3017e-16,-2.2779e-16,-2.2475e-16,2.2104e-16,-2.1668e-16,0,-1.0304e-16,0,0,-4.6422e-17
0.043972,0.043778,0.043456,0.043007,0.042431,0.041731,0.040909,0.039966,0.038907,0.037733,0.036449,0.035057
3.2607e-15,-9.2752e-16,2.3017e-16,-2.2779e-16,-2.2475e-16,2.2104e-16,-2.1668e-16,0,-1.0304e-16,0,0,-4.6422e-17
3.2607e-15,-9.2752e-16,2.3017e-16,-2.2779e-16,-2.2475e-16,2.2104e-16,-2.1668e-16,0,-1.0304e-16,0,0,-4.6422e-17
0.001238,0.0012325,0.0012235,0.0012108,0.0011946,0.0011749,0.0011517,0.0011252,0.0010954,0.0010623,0.0010262,0.000987
0.077248,0.068695,0.055133,0.037553,0.017234,-0.0043403,-0.025599,-0.044991,-0.061103,-0.072761,-0.079114,-0.079701
1.8864,1.4308,0.78999,0.10667,-0.47892,-0.86507,-1.0113,-0.94174,-0.7291,-0.46711,-0.23997,-0.09944
4.7773,3.0717,0.95439,-0.137,-1.0669,-1.2526,-1.2638,-0.96454,-0.7565,-0.49204,-0.3669,-0.32469
7.6466,4.4832,1.2226,-0.9364,-1.7146,-1.429,-0.76521,-0.42871,-0.56239,-0.71109,-0.51728,-0.15983
7.7516,3.3375,1.2702,0.74233,-1.3341,-2.1316,-0.62576,0.83391,-0.036122,-1.1181,-0.58073,0.50981
9.3777,1.0716,1.0717,2.6972,-1.1193,-3.8609,-0.66629,2.1214,0.381,-1.3702,-0.30451,0.83983
7.4633,0.38396,2.2507,4.2636,-0.67297,-4.0351,-1.2922,1.6677,0.6007,-0.48129,0.29713,0.6235
8.8461,-1.2632,3.1367,5.0298,-0.12806,-3.7254,-1.1808,1.3304,-0.044995,-0.85885,0.33882,0.94416
6.3403,-0.0089474,2.066,4.3807,-0.38374,-3.5762,-0.75539,1.9214,0.3403,-0.81588,0.62972,1.24
8.0796,-1.6184,4.2644,4.6615,-1.5316,-3.5237,-1.0986,1.7889,0.60247,-1.1226,1.0081,1.5622
7.5043,-1.8497,4.499,3.9651,-2.1924,-2.6245,-0.96131,1.669,0.80407,-1.2781,1.2597,1.8537
6.4586,-2.1082,4.9612,3.5537,-2.8413,-2.1264,-0.60667,1.3395,0.92896,-1.2281,0.65332,1.4255
6.2795,-2.21,5.2291,3.2326,-3.1538,-1.4548,-0.5184,0.77642,0.62773,-1.3948,0.67124,1.5162
7.9468,-3.2461,6.3484,2.0507,-3.6604,-0.58277,-0.3215,1.0546,0.44714,-1.6835,0.80296,1.305
7.3893,-3.1101,6.8167,1.2006,-3.3611,-0.81621,-0.36668,1.4026,0.79025,-1.416,0.79946,0.8573
4.9016,-1.1389,6.8175,1.366,-4.2068,-0.91893,-0.0044337,1.6203,0.94853,-1.8209,0.18073,1.0691
5.6314,-1.623,7.4668,1.2277,-4.7088,-0.92906,0.13765,2.0614,1.0222,-2.5899,0.28404,1.4517
6.946,-2.8134,7.7674,-0.0011989,-3.4833,-0.36984,-0.11033,1.4976,0.28586,-2.333,0.99164,1.1209
4.1593,-0.63754,5.5428,0.63934,-3.1149,-0.85784,-0.068141,1.6515,-0.23144,-2.0711,0.69767,1.1194
5.3652,-1.7137,5.461,-0.04466,-2.5384,0.38515,-0.87478,1.5506,-0.028915,-2.1442,1.4121,0.75808
6.7166,-2.556,5.4917,-0.24284,-1.6,0.65891,-1.1715,1.9786,-0.12659,-2.7023,1.0876,0.48383
5.5324,-1.5479,5.9093,0.38783,-1.7001,-0.18029,-0.96296,2.0754,0.12282,-2.4385,0.52259,0.61418
6.5961,-2.0195,6.0775,-0.94727,-1.4178,0.84267,-1.7308,1.4381,0.41256,-1.6355,1.0031,0.42107
4.6856,-0.8894,4.3422,-1.0179,-1.5649,0.98072,-0.25984,1.2699,0.065667,-1.2454,1.0251,0.53478
5.6021,-2.3725,4.8228,-0.96453,-1.4275,0.98048,-0.36606,1.4719,-0.0071866,-1.6174,0.92328,0.75989
5.545,-1.7191,5.3295,-0.24727,-1.4188,0.49378,-0.63067,2.1582,0.56278,-1.2987,0.66589,0.54852
4.6413,-1.0088,4.623,-0.33447,-1.4965,-0.020398,-0.92421,1.6101,0.86814,-1.3193,0.19774,0.9042
4.9813,-1.0393,5.3536,0.0024671,-0.68216,0.82193,-0.37021,1.7789,0.54443,-1.1114,0.092574,0.29889
4.801,0.8923,4.2922,-0.086658,-0.95746,0.33799,-0.50016,0.65933,0.16679,-0.10701,0.9683,0.065621
4.9404,-0.21089,4.9513,-0.39134,-1.147,-0.47387,-0.19526,1.235,-0.25028,-0.49276,1.5457,0.97518
3.9386,-0.39984,4.6779,-0.90921,-1.3266,-0.65414,-0.53377,0.51003,-1.0157,-1.7281,-0.07033,0.47678
3.4719,-0.94439,4.427,-0.37465,-0.74442,-0.052333,0.41985,1.0894,-0.48863,-1.0224,0.68727,1.2819
3.4817,-0.60325,4.811,-0.41419,-1.3368,0.47948,0.61066,0.43721,-0.15042,-0.67319,0.15732,0.54944
3.7516,-0.74827,4.2859,-0.23919,-1.4598,0.79043,0.72572,0.35167,-0.51176,-1.2278,-0.17654,0.059449
3.8499,-0.23497,4.6141,-0.36021,-1.9842,0.50775,-0.68062,0.27611,-0.38308,-1.6739,0.097339,0.11437
3.265,0.13815,4.849,-0.4449,-1.1853,0.35268,-1.5593,0.21919,-0.87887,-2.1562,0.30797,0.15037
2.8046,0.094817,4.9081,0.33236,-0.55642,0.44469,-1.1636,0.20136,-1.3875,-1.7864,0.71305,-0.0082717
2.3372,-0.0017708,4.9008,0.59412,-0.23358,0.507,-1.2712,0.18566,-1.0797,-1.8914,0.58195,-0.084972
1.4489,0.020147,3.495,0.5688,0.2966,0.82363,-1.2305,-0.57829,-1.206,-1.5088,0.23333,-0.59009
2.0302,0.06413,3.7642,0.94304,0.92183,1.8911,-1.0362,-0.69411,-0.46204,-1.0913,0.47541,0.17741
1.7416,-0.80317,3.2726,1.4174,1.0988,2.5684,-0.37181,-1.0008,0.023677,-0.51917,0.4165,0.55953
1.9286,-0.57639,3.6415,1.41,0.82329,2.1175,-1.0061,-1.1987,0.10253,-0.77643,-0.13796,0.40038
1.5007,-0.81493,3.336,1.8352,0.63131,1.3014,-0.69575,-0.2343,0.49979,-1.2325,-0.56767,0.82983
0.71833,-0.8039,2.8253,1.732,0.46203,0.60905,-0.35575,1.0234,1.0924,-1.3532,-0.67868,0.88625
0.095391,-1.4182,1.6279,1.2169,-0.00093902,-0.26515,-0.67806,0.81281,0.654,-1.4322,-0.58979,0.81678
1.0239,-0.41148,2.2195,1.8627,0.32418,0.029806,0.085932,0.79183,0.13963,-0.94091,-0.23498,0.19399
0.93205,-0.39578,1.492,1.4161,-0.020574,-0.16081,0.060975,0.041547,-0.56747,-0.89304,-0.12539,-0.089758
0.91027,-0.47659,0.87039,1.3536,0.15666,-0.15184,0.3741,0.050318,-0.84729,-0.59468,0.39658,0.097929
0.4632,-0.99121,0.24648,1.2802,0.35182,-0.18136,0.53427,0.57174,-0.31132,-0.23751,0.77846,0.72505
0.39935,-0.97465,0.31645,1.3388,0.17815,-0.36769,0.70536,0.72443,-0.46628,-0.28139,0.91889,0.7147
-0.048688,-1.3266,0.15877,1.1388,-0.29096,-0.91445,0.41954,0.73117,-0.49378,-0.6243,0.47154,0.57526
0.056882,-0.77239,0.18038,0.9247,-0.063176,-0.71867,0.27773,0.83697,-0.15265,-0.62688,0.32708,0.71546
0.05911,-0.49894,0.13376,0.64035,-0.014899,-0.46867,0.19223,0.58683,-0.072595,-0.41649,0.22168,0.51116
-0.002171,-0.039101,0.0064116,0.037715,-0.010352,-0.035476,0.013809,0.03249,-0.01662,-0.028897,0.018654,0.024863
3.2607e-15,-9.2752e-16,2.3017e-16,-2.2779e-16,-2.2475e-16,2.2104e-16,-2.1668e-16,0,-1.0304e-16,0,0,-4.6422e-17
3.2607e-15,-9.2752e-16,2.3017e-16,-2.2779e-16,-2.2475e-16,2.2104e-16,-2.1668e-16,0,-1.0304e-16,0,0,-4.6422e-17
3.2607e-15,-9.2752e-16,2.3017e-16,-2.2779e-16,-2.2475e-16,2.2104e-16,-2.1668e-16,0,-1.0304e-16,0,0,-4.6422e-17
3.2607e-15,-9.2752e-16,2.3017e-16,-2.2779e-16,-2.2475e-16,2.2104e-16,-2.1668e-16,0,-1.0304e-16,0,0,-4.6422e-17
3.2607e-15,-9.2752e-16,2.3017e-16,-2.2779e-16,-2.2475e-16,2.2104e-16,-2.1668e-16,0,-1.0304e-16,0,0,-4.6422e-17
3.2607e-15,-9.2752e-16,2.3017e-16,-2.2779e-16,-2.2475e-16,2.2104e-16,-2.1668e-16,0,-1.0304e-16,0,0,-4.6422e-17
0.082642,0.064958,0.038259,0.0062969,-0.026444,-0.055374,-0.076453,-0.086751,-0.084865,-0.071115,-0.047487,-0.01736
0.23656,0.19642,0.13497,0.05963,-0.020573,-0.096201,-0.15858,-0.20089,-0.21898,-0.21182,-0.18156,-0.13309
0.21573,0.1767,0.1172,0.044768,-0.031498,-0.10213,-0.15854,-0.19416,-0.20523,-0.19126,-0.15503,-0.1021
0.18222,0.14611,0.091352,0.025313,-0.043167,-0.10499,-0.15202,-0.17826,-0.18055,-0.15908,-0.11724,-0.061186
0.15318,0.12236,0.075667,0.019436,-0.038729,-0.091014,-0.13047,-0.15195,-0.15284,-0.13336,-0.096537,-0.047742
3.2607e-15,-9.2752e-16,2.3017e-16,-2.2779e-16,-2.2475e-16,2.2104e-16,-2.1668e-16,0,-1.0304e-16,0,0,-4.6422e-17
3.2607e-15,-9.2752e-16,2.3017e-16,-2.2779e-16,-2.2475e-16,2.2104e-16,-2.1668e-16,0,-1.0304e-16,0,0,-4.6422e-17
3.2607e-15,-9.2752e-16,2.3017e-16,-2.2779e-16,-2.2475e-16,2.2104e-16,-2.1668e-16,0,-1.0304e-16,0,0,-4.6422e-17
3.2607e-15,-9.2752e-16,2.3017e-16,-2.2779e-16,-2.2475e-16,2.2104e-16,-2.1668e-16,0,-1.0304e-16,0,0,-4.6422e-17
3.2607e-15,-9.2752e-16,2.3017e-16,-2.2779e-16,-2.2475e-16,2.2104e-16,-2.1668e-16,0,-1.0304e-16,0,0,-4.6422e-17
3.2607e-15,-9.2752e-16,2.3017e-16,-2.2779e-16,-2.2475e-16,2.2104e-16,-2.1668e-16,0,-1.0304e-16,0,0,-4.6422e-17
3.2607e-15,-9.2752e-16,2.3017e-16,-2.2779e-16,-2.2475e-16,2.2104e-16,-2.1668e-16,0,-1.0304e-16,0,0,-4.6422e-17
3.2607e-15,-9.2752e-16,2.3017e-16,-2.2779e-16,-2.2475e-16,2.2104e-16,-2.1668e-16,0,-1.0304e-16,0,0,-4.6422e-17
3.2607e-15,-9.2752e-16,2.3017e-16,-2.2779e-16,-2.2475e-16,2.2104e-16,-2.1668e-16,0,-1.0304e-16,0,0,-4.6422e-17
3.2607e-15,-9.2752e-16,2.3017e-16,-2.2779e-16,-2.2475e-16,2.2104e-16,-2.1668e-16,0,-1.0304e-16,0,0,-4.6422e-17
3.2607e-15,-9.2752e-16,2.3017e-16,-2.2779e-16,-2.2475e-16,2.2104e-16,-2.1668e-16,0,-1.0304e-16,0,0,-4.6422e-17
3.2607e-15,-9.2752e-16,2.3017e-16,-2.2779e-16,-2.2475e-16,2.2104e-16,-2.1668e-16,0,-1.0304e-16,0,0,-4.6422e-17
3.2607e-15,-9.2752e-16,2.3017e-16,-2.2779e-16,-2.2475e-16,2.2104e-16,-2.1668e-16,0,-1.0304e-16,0,0,-4.6422e-17
3.2607e-15,-9.2752e-16,2.3017e-16,-2.2779e-16,-2.2475e-16,2.2104e-16,-2.1668e-16,0,-1.0304e-16,0,0,-4.6422e-17
3.2607e-15,-9.2752e-16,2.3017e-16,-2.2779e-16,-2.2475e-16,2.2104e-16,-2.1668e-16,0,-1.0304e-16,0,0,-4.6422e-17
3.2607e-15,-9.2752e-16,2.3017e-16,-2.2779e-16,-2.2475e-16,2.2104e-16,-2.1668e-16,0,-1.0304e-16,0,0,-4.6422e-17
3.2607e-15,-9.2752e-16,2.3017e-16,-2.2779e-16,-2.2475e-16,2.2104e-16,-2.1668e-16,0,-1.0304e-16,0,0,-4.6422e-17
3.2607e-15,-9.2752e-16,2.3017e-16,-2.2779e-16,-2.2475e-16,2.2104e-16,-2.1668e-16,0,-1.0304e-16,0,0,-4.6422e-17
-0.15098,0.13426,-0.10775,0.073394,-0.033683,-0.0084829,0.050031,-0.087931,0.11942,-0.14221,0.15462,-0.15577
-0.75077,0.60318,-0.38432,0.12936,0.1223,-0.3343,0.47978,-0.54565,0.5338,-0.4594,0.34647,-0.22208
-1.4027,1.0591,-0.55821,-0.0079678,0.53785,-0.94065,1.1538,-1.1544,0.96144,-0.63,0.23777,0.13245
-1.9319,1.4773,-0.81364,0.061769,0.64497,-1.1872,1.4826,-1.5002,1.2643,-0.84648,0.34765,0.1243
-1.7745,1.3365,-0.70168,-0.0091001,0.66424,-1.1489,1.3879,-1.3591,1.0948,-0.67187,0.19203,0.2412
-1.7807,1.3664,-0.76223,0.078946,0.56146,-1.0502,1.3129,-1.3229,1.1041,-0.72362,0.2752,0.14202
-0.67492,1.1037,-0.54483,-0.32481,-0.10469,-1.2115,0.54835,-0.96614,0.90659,-0.11422,0.58855,0.45021
0.97623,1.2796,-0.33663,-1.0743,-1.0929,-1.9213,-0.35299,-0.7865,0.81017,0.63818,0.83323,0.80808
5.5807,1.4819,-1.8563,-0.77951,0.9492,-1.3208,-1.1914,-1.7117,1.259,1.2151,0.66967,0.28711
6.2873,0.82622,-1.7851,-0.68904,-0.097924,-0.96043,-1.3901,-0.44941,0.84846,0.9469,0.24447,-0.074342
8.3222,0.32035,-2.6292,-0.44282,0.27843,-1.2303,-1.0228,0.50397,1.4361,0.80166,0.093724,-0.043091
6.9678,-0.54892,-2.1113,-0.53734,0.31864,-0.47858,-0.85677,0.77772,1.9255,0.68098,-0.16432,-0.066412
6.9783,-2.5073,-1.3071,-0.98265,0.64751,-0.49325,-0.26524,0.80015,2.415,0.076682,0.059055,-0.084283
5.9748,-2.6318,-1.0944,-0.73777,0.21656,-0.16448,-0.1604,0.8568,2.1887,-0.30822,0.45971,-0.25491
5.7599,-2.4248,-0.6436,-1.3878,0.72289,-0.29345,-0.19346,0.83108,2.279,-0.18079,0.2934,0.3737
6.0569,-1.8578,-1.0438,-1.5076,1.1935,0.52891,-0.86503,0.56976,2.3519,-0.8242,0.58777,0.62523
5.6933,-2.2071,-0.69587,-1.4627,0.40397,1.2875,-0.42492,0.47271,1.6718,-0.014802,0.43366,0.66897
5.2697,-2.0446,-0.75821,-1.8651,0.76414,2.1157,-0.52514,0.33873,1.6148,0.67529,0.4509,0.36418
5.822,-1.9415,-0.94338,-1.691,0.61134,1.5973,-0.31357,0.50271,1.2131,0.46392,0.55822,0.21794
6.4555,-3.3181,-0.89255,-1.0364,1.0315,1.1129,-0.41434,0.82394,1.3652,0.57984,0.31189,0.25548
7.7407,-3.2971,0.089873,-1.5268,0.7114,1.1517,-0.19322,0.57027,1.6806,-0.36591,0.32204,0.58331
7.4689,-2.0028,-0.85701,-1.6844,0.31215,1.6684,-0.61097,0.79827,1.8501,-0.58791,0.40034,1.0049
7.4084,-2.134,0.15282,-0.98166,0.57997,1.3593,-1.1813,0.77454,1.5792,-1.154,0.56038,0.91923
6.5724,-1.7731,-0.23672,-1.1474,1.0552,1.6211,-1.2691,0.42985,1.5825,-0.65675,0.45929,0.083517
7.4081,-2.5569,0.33436,-1.887,0.79495,1.4283,-0.97323,0.34222,2.4484,-0.86713,0.79047,0.15703
7.173,-2.4348,-0.15428,-1.2836,0.74759,1.6245,-1.6101,0.33535,2.3503,-0.56442,0.28605,0.45278
6.5863,-2.078,-0.29117,-0.88561,0.81377,1.2646,-1.272,0.43231,1.6542,-0.69424,0.23898,0.62999
7.2717,-2.667,0.48948,-1.2466,-0.035382,0.49122,-0.80377,1.0452,1.5391,-1.0191,0.17716,0.21594
8.118,-4.1619,0.35302,-0.5444,0.27421,0.89673,-1.3925,1.1731,2.2319,-0.2255,0.69395,-0.27017
9.6121,-3.5748,1.89,-0.72109,0.1033,0.68849,-2.0082,0.68886,1.6811,-1.7326,0.3023,0.45023
5.8881,-1.1989,-0.66131,-0.52469,-0.015664,-0.070749,-1.5781,0.76919,1.6766,-0.30679,-0.26271,-0.42382
9.2268,-3.5375,1.3335,-0.69796,-0.24391,0.097141,-1.969,1.1474,1.621,-1.3721,0.61767,-0.097009
5.9988,-1.005,1.0858,0.3101,0.025838,-0.047087,-1.3568,1.526,1.6234,-0.61774,0.39365,-0.17682
6.6177,-2.4332,0.80046,-0.15484,-0.78735,-0.066781,-1.4353,0.92069,1.2186,-0.72431,0.6611,0.20327
7.7948,-2.7567,1.5117,-0.69814,-0.50993,1.0495,-1.1108,1.5321,1.5879,-1.077,0.76111,0.034665
7.0083,-2.8041,2.0047,1.0149,0.64828,0.75992,-1.8162,0.70765,1.1219,-1.0821,0.89057,0.69378
5.8617,-2.2794,2.4126,1.0102,0.22305,0.185,-2.0261,0.74755,1.6177,-0.56989,0.71611,0.6075
6.6374,-2.0273,1.7255,0.39712,0.67527,0.82263,-1.5391,1.2149,1.8643,-0.54236,0.77602,0.42169
6.9873,-1.4686,1.3074,0.55475,1.3082,0.3788,-2.3001,1.0708,1.6602,-0.55098,0.54471,0.16129
6.0234,-0.43421,1.6733,0.48003,1.625,-0.030562,-2.6925,0.81123,0.76499,-1.1233,0.27905,-0.3013
4.069,-1.2595,1.9247,1.5232,1.7594,-0.63992,-3.2701,0.87371,1.8848,-0.40003,0.2709,-0.1523
5.1215,-0.17811,1.4875,0.77959,0.19659,-1.1011,-2.1366,1.7547,2.4087,-0.6014,-0.078435,0.18247
4.5521,-1.6357,0.15904,0.98174,0.14548,-2.0443,-2.2758,1.8462,2.1239,-0.38613,-0.014238,-0.66114
4.1813,-0.61857,1.1161,0.85035,0.79948,-2.1744,-2.7949,2.2303,1.759,-0.4796,0.67139,-0.090172
3.9774,-1.6795,1.6501,1.1047,-0.50854,-3.6886,-2.366,2.7851,1.0633,-0.1844,1.1849,-0.2269
4.2533,-2.5507,1.7045,0.92307,-1.6022,-4.3314,-3.0771,1.494,0.30362,0.2063,1.2603,-0.61264
3.4291,-2.4571,1.647,0.57844,-1.6799,-3.3999,-1.9733,1.5674,0.6875,1.0425,1.6075,-0.53987
2.4975,-2.2991,1.939,0.93053,-1.3567,-2.9353,-1.884,0.80453,0.31807,0.87019,1.7248,-0.36663
2.3837,-2.1496,1.0799,0.44606,-1.9489,-3.6968,-1.847,-0.21237,-0.86273,0.1209,0.79196,-0.73381
2.1274,-1.4223,1.3722,0.071218,-1.4725,-3.8997,-1.9263,-0.27419,-0.47866,0.59273,0.39839,-0.09687
1.5007,-1.0391,1.1271,0.27196,-0.59041,-3.9779,-0.97062,-0.65734,-1.6256,1.0926,0.51122,0.028528
0.37965,-0.97852,1.4016,-0.47553,-1.0594,-3.7352,-0.12096,-0.062187,-1.44,1.1,0.54606,0.33032
0.16832,-0.97166,1.2593,-0.12506,-0.74669,-3.3636,-0.089548,-0.68135,-1.1827,1.3022,0.30727,0.21124
0.64869,-0.62174,1.4174,0.34971,-1.0531,-2.5401,-0.30143,-0.7872,-1.6331,0.35457,-0.071756,-0.045497
0.35683,-0.72351,0.90958,0.0062924,-0.6482,-1.9614,-0.17942,-0.54394,-1.3548,0.67985,0.47433,-0.26412
0.44511,-0.075836,0.18433,-0.23465,0.37478,-1.2981,-1.022,-0.53257,-0.52086,0.21456,0.27616,0.063424
