3.9234,3.4535,2.7635,1.9704,1.1988,0.55455,0.10449,-0.13265,-0.18344,-0.10681,0.024631,0.14355
4.7075,3.9237,2.9069,1.88,0.95195,0.17498,-0.36207,-0.54436,-0.34664,0.084985,0.50121,0.71891
4.57,3.5489,2.193,1.5949,0.74376,0.23873,-0.2632,-0.36829,-0.31032,-0.039594,0.17213,0.35953
6.7704,5.287,3.553,2.0452,0.85355,-0.10412,-0.76947,-0.94635,-0.59969,-0.042818,0.27136,0.1583
5.7625,4.3615,2.5125,1.4576,0.34278,-0.20661,-0.57057,-0.49682,-0.33024,-0.097584,-0.031815,-0.029419
7.255,5.2382,3.2881,1.5742,-0.09692,-1.1546,-0.95932,-0.069864,0.37057,0.18654,0.047117,0.099606
7.3865,2.5401,2.0695,2.3162,-0.39272,-2.2893,-1.0835,0.99764,0.99444,-0.14272,-0.33929,0.18547
9.2859,0.49042,0.21099,2.6916,-0.57276,-4.0747,-2.0122,1.8134,1.6879,-0.27884,-0.2074,0.88633
11,-1.6096,-0.23244,1.5584,-0.72133,-3.2014,-1.0942,2.0447,1.4592,-0.49347,-0.32681,0.83567
10.641,-2.2006,-0.88329,0.85237,-0.09838,-2.4137,-0.59879,2.0603,1.6602,-0.98528,-0.014909,1.0908
7.1871,-1.2887,-1.705,0.56156,-0.2117,-1.5189,-0.23228,2.3597,1.9969,-0.054123,0.23372,1.1585
7.6347,-2.3783,-0.33472,-0.6549,0.59743,-0.94473,-0.2197,2.0508,2.1287,-0.024131,0.27413,0.74319
5.3954,-1.2828,-0.84814,-0.45704,0.41267,-0.83095,-0.36072,1.5031,2.2378,-0.020496,0.26733,0.54037
4.7808,-1.9051,0.27414,-0.84602,0.18036,-0.74236,-0.33621,1.1575,1.9982,0.21924,0.31099,0.20802
5.1691,-2.1382,0.58254,-1.6518,-0.30365,-0.31345,-0.051185,1.6805,1.7366,0.0092486,0.51198,-0.35908
5.0091,-2.4777,0.087846,-1.5098,-0.49686,-0.44917,0.45585,1.4413,1.0822,-0.29531,-0.1389,-0.18171
4.3829,-1.9119,0.3239,-1.4808,-0.74422,-0.18257,0.16234,0.93203,1.3959,-0.73683,-0.8255,-0.6831
4.5964,-2.0731,-0.18337,-1.3694,-0.64997,-0.40049,0.10926,1.0192,1.0629,-0.76527,-0.64937,-0.22715
4.2774,-2.1518,0.061936,-2.2001,-0.57661,-0.85153,0.17376,1.2232,0.87054,-0.25939,-0.040732,-0.43975
5.3197,-2.2409,-0.92837,-1.7541,-0.89185,-0.91438,-0.88354,1.6899,0.7931,-0.56288,0.58358,0.048965
4.154,-2.0775,-0.45386,-2.5529,-0.58217,-1.6454,-1.1108,0.62243,1.2192,-0.11417,0.38831,-0.15027
4.8329,-1.8903,0.023498,-2.3687,-0.5177,-1.2661,-0.86088,-0.33191,1.3706,-0.12255,0.28586,-0.80085
4.2224,-2.7131,0.50802,-1.8127,-1.3796,-1.7493,-1.3518,0.16556,0.84459,0.50584,0.27989,-0.5169
4.3411,-2.2638,-0.2318,-1.5832,-1.2492,-2.2771,-1.0341,0.45438,1.1401,0.21575,0.2398,-0.68136
7.8199,-4.0059,1.6391,-1.8066,-0.67564,-0.80415,-1.5438,0.78391,1.1839,-0.041034,0.72017,-0.92414
7.467,-3.6201,1.4415,-0.78602,0.12201,-0.98173,-1.1326,0.065767,0.94906,0.043925,0.26345,-1.0487
6.0536,-4.327,1.5887,-2.1163,-0.57187,-0.2272,-0.18638,0.77366,0.1387,-0.11086,1.1172,-0.74359
5.5013,-5.3511,1.1143,-2.2221,-0.77379,-0.73903,-0.57167,1.1919,0.1291,-0.080145,0.7851,-0.97965
4.4086,-4.4104,1.4509,-1.1315,-1.2951,-0.69696,-1.714,0.4429,-0.24657,-0.89635,-0.49478,-1.4311
4.9998,-5.4676,2.4135,-1.2762,-1.3534,-0.85245,-1.366,0.98076,-0.34597,-0.86436,-0.024288,-1.1707
4.9269,-5.8624,1.3279,-0.43391,-0.064997,-0.73326,-0.93797,1.6969,0.20492,-1.2215,-0.44654,-0.54445
4.6485,-4.6516,2.6237,-0.13471,-0.68721,-0.53827,-0.89359,1.9428,0.43499,-0.64917,-0.080409,-0.56427
4.7569,-3.9295,3.0736,-0.08441,-0.43952,0.17783,-0.78554,1.67,0.73012,-0.55098,-0.27348,-0.79901
4.5898,-3.2001,2.7585,-0.27958,-1.0227,-0.85879,-1.313,1.3504,0.12038,-0.10709,0.35717,-0.6578
3.9029,-3.4626,2.0825,-0.61066,-0.92245,-0.7463,-1.5326,1.889,0.57031,-0.53825,0.43289,-0.92733
3.143,-3.2931,2.8058,0.6531,-0.64121,-0.83085,-1.2451,2.0265,1.3657,0.36327,0.84971,-0.56732
3.9494,-3.4781,2.8632,0.92254,-0.45537,-0.66759,-1.6365,1.1987,0.38498,-0.46388,0.84513,-0.26871
3.9728,-3.3797,2.2248,0.45907,-1.4733,-1.571,-1.3692,1.5331,0.37396,-0.75733,0.1668,-0.65375
4.8323,-2.6009,1.9231,1.0438,-1.2148,-1.9618,-1.2762,1.5212,0.46037,-0.36718,0.59869,-0.34953
4.2846,-2.0298,2.3638,1.1208,-0.97817,-1.3227,-0.66663,1.7678,0.64989,-0.33167,0.40101,-0.26703
3.9358,-1.2492,2.6915,2.4129,-0.5472,-1.757,-1.1506,1.1872,1.1256,0.14381,0.61932,0.13661
2.7229,-2.6923,1.4948,1.9096,-0.64755,-1.5872,-0.79311,1.4071,1.1831,-0.029618,0.041019,-0.59881
3.2038,-1.863,1.6135,1.4742,-0.99344,-1.3787,-0.86,0.9281,1.1633,-0.15146,0.11015,0.42291
2.7827,-1.7241,1.9839,1.1839,-1.0125,-0.9202,-0.54586,1.1699,1.1046,0.058282,0.88688,0.34072
2.4826,-2.1069,1.0328,0.8543,-0.85317,-1.1417,-0.96983,1.2038,1.5346,0.2821,1.2587,0.98964
2.5805,-1.7106,0.78313,0.43853,-1.7353,-1.1508,0.09573,1.549,1.8619,0.49863,0.53175,0.68137
1.6445,-1.6675,1.5145,1.4722,-1.3511,-1.6118,0.023958,1.6131,1.2637,0.12242,0.5323,1.055
0.97718,-1.8423,1.2382,1.2435,-0.5727,-1.0765,-0.252,1.9408,1.5237,-0.24196,0.51536,0.84989
1.5011,-0.83933,1.2285,0.92347,-0.98867,-0.99236,-0.3003,0.90745,1.1437,-0.17539,0.24742,1.1324
1.2484,-0.50237,1.2979,-0.23544,-1.6234,-0.81291,-0.27534,0.91294,0.96721,0.10827,0.97336,0.8974
0.63123,-1.4066,1.1051,0.33224,-1.6804,-1.3674,-0.39705,0.68096,0.55523,-0.045579,0.78563,1.1996
1.1789,-1.2485,0.23861,0.8134,-1.3939,-2.0775,-0.20992,1.1953,0.75036,-0.097496,0.47064,1.366
1.3231,-0.74554,-0.1655,0.36049,-1.1194,-1.8389,-0.12898,1.4972,1.0156,0.046214,0.48734,1.0473
1.1371,-0.9597,-0.49616,0.087854,-1.2747,-1.9088,0.014559,1.7232,1.0085,-0.075139,0.38102,0.69556
1.01,-1.0122,-0.32699,0.28675,-1.3092,-2.1132,-0.18997,1.4256,0.77716,0.11891,0.7064,0.83419
0.92823,-1.0547,-0.22944,0.18969,-1.4877,-1.8804,0.066345,1.2879,0.7677,0.40783,0.74145,0.53938
1.0085,-0.97345,-0.24883,0.19444,-1.3932,-2.0786,-0.16035,1.3048,0.73566,0.3678,0.75735,0.69305
0.67795,-0.77829,-0.2457,0.2303,-0.89874,-1.5087,-0.10364,1.1051,0.6062,0.092038,0.49529,0.6019
0.80931,-0.96707,-0.38133,0.30653,-0.95107,-1.7299,-0.18063,1.3276,0.85976,0.079085,0.44699,0.6862
0.78833,-0.54195,-0.29623,0.078191,-0.84775,-1.4666,-0.3823,0.85607,0.71249,0.18173,0.43471,0.69362
0.70116,-0.59612,-0.44773,0.10516,-0.52812,-1.2944,-0.474,0.98289,1.0517,0.12341,-0.0045709,0.5207
0.3729,-0.43093,-0.17555,0.15657,-0.38859,-0.80273,-0.19032,0.54627,0.46425,0.075465,0.12444,0.32983
0.15673,-0.29007,-0.093191,0.15056,-0.15068,-0.40609,-0.06576,0.338,0.23547,-0.042243,-0.012839,0.14176
-0.0049775,-0.50028,0.010528,0.4476,-0.0038422,-0.3682,-0.020169,0.27317,0.062614,-0.17527,-0.12016,0.086835
-0.015786,-0.095975,0.044441,0.076868,-0.064881,-0.048973,0.073327,0.017446,-0.06822,0.011884,0.050501,-0.033597
-0.036339,-0.11953,0.097929,0.066819,-0.13008,0.0019034,0.12452,-0.065207,-0.085511,0.10473,0.027747,-0.11128
-0.048396,-0.16052,0.13059,0.090672,-0.17401,0.00067393,0.16759,-0.085346,-0.11671,0.13908,0.040449,-0.14952
9.3162e-16,-4.6376e-16,0,0,0,0,0,1.0584e-16,1.0304e-16,0,1.4479e-16,4.6422e-17
9.3162e-16,-4.6376e-16,0,0,0,0,0,1.0584e-16,1.0304e-16,0,1.4479e-16,4.6422e-17
9.3162e-16,-4.6376e-16,0,0,0,0,0,1.0584e-16,1.0304e-16,0,1.4479e-16,4.6422e-17
9.3162e-16,-4.6376e-16,0,0,0,0,0,1.0584e-16,1.0304e-16,0,1.4479e-16,4.6422e-17
9.3162e-16,-4.6376e-16,0,0,0,0,0,1.0584e-16,1.0304e-16,0,1.4479e-16,4.6422e-17
-0.63487,0.54868,-0.4147,0.24625,-0.059893,-0.12646,0.29544,-0.43204,0.52513,-0.56842,0.56088,-0.50652
-2.0307,1.7173,-1.2474,0.6891,-0.11987,-0.3874,0.77647,-1.0161,1.1029,-1.0592,0.92505,-0.74838
-2.8525,2.3763,-1.668,0.8385,-0.01192,-0.697,1.2033,-1.4654,1.4888,-1.3212,1.0383,-0.72577
-3.3022,2.6244,-1.6543,0.58484,0.39077,-1.1254,1.5464,-1.6596,1.532,-1.2613,0.94463,-0.65615
-4.2019,3.4012,-2.2599,1.0089,0.12539,-0.97736,1.4741,-1.6361,1.5498,-1.3277,1.0694,-0.83825
-4.0556,3.3548,-2.3247,1.14,0.010954,-0.9642,1.6113,-1.9147,1.9058,-1.6682,1.3106,-0.93888
-4.1962,3.4401,-2.338,1.0867,0.10763,-1.0738,1.7079,-1.9858,1.9543,-1.7076,1.3568,-1.0015
-4.5057,3.6754,-2.4909,1.1908,-0.0096215,-0.88047,1.4033,-1.5799,1.5019,-1.2888,1.048,-0.84838
-4.4147,3.6184,-2.4747,1.2054,-0.03155,-0.87918,1.4446,-1.6716,1.6345,-1.4387,1.1848,-0.94355
-4.3776,3.5332,-2.322,0.9806,0.25468,-1.2047,1.7814,-1.9915,1.9135,-1.66,1.3392,-1.03
-4.5531,3.5876,-2.2299,0.7751,0.49702,-1.3956,1.8562,-1.9327,1.7535,-1.4625,1.1697,-0.92765
-4.0455,2.452,-2.3295,1.7585,0.42404,-1.7687,1.1524,-0.953,1.9685,-1.9647,0.66942,-0.39842
-2.586,1.4244,-1.8557,2.5031,0.32928,-3.0607,0.98882,-0.48011,2.2495,-2.7116,0.54139,-0.11617
1.5889,2.1599,-0.57118,2.986,-1.0964,-4.1171,0.1224,0.13048,2.9516,-1.8869,0.55065,-0.28597
4.6267,0.62563,0.03662,1.458,-1.4175,-3.4113,-0.77122,0.22275,2.3253,-1.5399,0.30241,1.057
4.6848,-0.46988,0.17448,0.4503,-1.4537,-2.8999,-0.97522,0.71345,2.0698,-0.80227,-0.16038,1.2562
3.7945,-1.2333,0.34897,-0.61017,-0.9499,-2.2125,-0.62714,0.87627,1.9127,-0.0070481,-0.074183,0.78733
3.4878,-1.6778,0.29416,-0.75421,-1.6492,-1.6351,-0.66946,0.92778,1.7626,-0.0033374,-0.28588,0.71137
4.7613,-2.2718,0.41784,-0.439,-0.74593,-2.0238,-0.2483,1.1016,2.4496,-0.82274,0.088269,1.1731
3.6326,-1.9558,0.52015,-0.79909,-0.77297,-1.7638,0.27526,1.4526,1.8963,-0.65793,0.15799,0.4073
3.215,-2.4006,0.71595,-0.93688,-0.72527,-1.3282,0.43754,1.2867,1.5549,-0.46005,-0.13544,0.18381
3.0764,-2.381,0.195,-1.1488,-0.93608,-1.0719,0.34838,1.0367,1.3704,-0.6596,-0.059771,0.14171
3.1334,-2.4654,0.38364,-1.1418,-1.0453,-1.098,0.10694,0.96708,1.4534,-0.8409,-0.36867,-0.038761
3.0649,-2.4147,0.39889,-1.1178,-1.2351,-1.2161,0.095261,0.8408,1.6367,-0.80962,-0.52806,0.01126
3.3564,-2.4417,0.63836,-1.1385,-1.0819,-1.2121,0.23512,0.86923,1.5803,-0.56883,-0.31976,0.1597
2.9986,-2.3277,0.68567,-1.0947,-0.99962,-1.4947,0.044651,1.1136,1.4876,-0.24338,-0.42186,0.26398
3.2935,-2.2572,0.57596,-0.71112,-0.83848,-1.8247,0.060814,1.1412,1.5662,-0.54014,-0.12326,0.49045
2.4891,-2.7159,0.21834,-1.1129,-1.0727,-2.576,-0.17984,0.76119,1.3702,-0.8493,-0.22803,0.34091
3.5841,-2.2781,-0.14798,-0.54718,-1.351,-2.7582,-0.13839,0.55349,1.4147,-0.47416,-0.047833,0.61593
3.8439,-1.7802,0.31845,-0.58384,-0.48427,-2.5745,-0.68721,0.81257,1.3564,-0.60155,0.31152,1.1971
5.2399,-2.6763,1.4646,-0.71161,-0.12653,-2.869,-0.61946,0.3574,1.0992,-1.0624,0.64213,0.6036
3.0648,-2.0721,1.4268,-0.61441,-0.73608,-2.4258,-0.40414,0.38622,1.0706,-0.32753,0.49516,0.61454
4.0001,-2.6512,1.135,-1.3113,0.0727,-2.8521,-0.77508,-1.4239,1.3865,-0.081149,-0.2503,-0.4105
2.8713,-1.9111,0.24721,-1.8865,-0.73517,-1.6642,0.14969,-0.22776,0.82688,-0.087166,-0.10373,-0.08352
3.0579,-3.6273,0.62817,-1.3375,-1.1633,-2.1649,-0.35113,0.12577,1.2185,-1.0805,-0.19961,0.32458
3.7256,-2.3078,0.95598,-1.5592,0.10947,-1.8636,0.036742,-0.15098,0.25413,-0.99482,0.41116,0.66658
4.1022,-2.4712,1.3037,-1.2931,0.64677,-1.0131,0.62089,0.67001,0.79363,-0.6787,0.212,-0.056428
3.2426,-1.6924,1.5412,-1.2525,-0.094672,-1.7579,0.0098334,0.6752,1.1332,-1.0728,-0.051398,0.11248
3.2479,-1.684,1.5231,-0.72116,0.90925,-1.1624,-0.043112,0.12646,1.1131,-0.93794,-0.096786,-0.10206
3.5207,-1.7336,1.1282,-0.85459,0.9516,-1.6668,0.16278,-0.036631,1.2787,-1.2687,-0.15769,0.27096
3.0931,-1.4322,1.1001,-1.5636,0.55112,-1.4139,0.48369,0.26351,1.3065,-0.49929,0.2543,0.18842
2.7209,-1.8917,0.36917,-2.0185,0.37358,-2.1585,0.048872,0.14306,0.35166,-1.0527,-0.064974,0.060249
1.986,-1.9315,1.0165,-1.841,-0.0094029,-1.7334,0.27883,0.02167,1.5501,-0.28446,0.019358,0.86983
1.1627,-1.5861,1.5166,-0.90215,0.868,-2.086,-0.65259,-0.50332,1.5722,0.034489,0.64767,0.45186
0.98445,-1.4623,1.1858,-1.2307,0.19336,-1.5309,-0.091517,-0.40796,1.3671,-0.95542,-0.87506,0.2849
0.88397,-1.5858,1.0969,-0.56072,1.0526,-2.0615,-0.3084,-0.2568,1.1606,-0.47404,-0.2972,0.45404
0.95925,-1.042,0.55795,-1.8987,0.7395,-0.63395,0.69083,0.7799,1.6262,-0.36625,-0.2552,0.90765
1.3781,-0.6333,0.57211,-2.6582,-1.1372,-1.8442,0.16047,1.22,0.74389,-0.64448,-0.078365,1.0417
0.67126,-0.12906,0.19973,-2.8604,-0.15561,-1.5999,0.3066,1.219,0.7055,-0.20664,0.96598,1.1536
1.2267,0.09287,-0.01966,-3.5923,-0.27204,-0.61079,0.22618,-0.08737,0.30069,0.45623,0.72199,0.92877
0.83702,0.33777,-0.7253,-3.4489,0.28043,-1.341,-0.50602,-1.1343,0.1283,0.91904,1.5168,0.66401
-0.37489,0.24675,-0.58244,-3.2136,0.62903,-0.41773,0.38502,-1.3533,1.1533,1.1173,1.7086,0.61562
-0.82085,0.74243,-0.81413,-2.9743,0.50303,-1.1601,0.2806,-1.2878,1.3941,0.9973,1.6901,0.35701
-0.16103,0.45421,-1.0771,-1.9927,0.6915,-0.9185,0.056346,-1.6445,2.5084,2.0399,1.7962,0.37805
-0.43955,-0.42045,-0.70794,-2.0662,1.2438,-0.35805,-0.28049,-1.2493,2.3291,1.6361,1.1614,-0.14159
-2.0031,-0.41527,0.59016,-1.3639,2.3332,0.4643,-0.4673,-1.2509,1.514,0.48704,0.89053,0.024508
-1.3973,-0.081684,1.1528,-1.163,1.5873,0.56777,-0.33073,-0.52297,1.1949,0.41222,0.83377,0.56781
-1.0754,0.087187,0.18562,-1.5895,1.0977,-0.42433,-0.52242,-0.48364,0.51231,0.42489,0.77428,0.31878
-1.1794,0.001089,1.0282,-1.1803,1.0981,0.61301,-0.11531,-0.39685,0.70713,0.085158,0.48394,0.66344
-1.1622,-0.12779,0.84381,-1.0865,1.1796,0.60598,-0.27277,-0.4379,0.49971,0.043084,0.49394,0.49002
-0.29188,-0.097761,0.3023,-1.1026,0.27403,0.0053642,-0.70836,-0.54176,0.19134,0.23007,0.80925,0.64374
0.87185,0.63489,0.40587,-1.6783,-0.15474,-0.73531,-1.1645,0.34716,0.22847,1.2091,1.9158,0.72709
0.86689,0.50977,0.1617,-1.9711,-0.93829,-1.153,-1.3923,0.029659,0.37329,0.95864,1.6321,0.83309
0.73363,0.58477,0.2747,-1.1276,-0.34423,-0.73084,-0.77401,0.20318,0.20083,0.84067,1.2668,0.61568
0.7952,0.47704,0.21191,-0.81688,-0.49354,-0.78219,-0.6579,0.53499,0.55729,0.72961,0.97425,0.39903
1.0971,0.46249,-0.013105,-1.26,-1.0477,-1.5664,-1.3124,0.37692,0.44755,0.91812,1.1592,0.55356
1.2592,0.63671,0.13342,-1.3943,-1.0362,-1.5236,-1.2913,0.60251,0.59448,1.1119,1.4072,0.57546
0.73927,0.39603,0.021366,-0.7849,-0.77482,-0.90533,-0.82182,0.020062,0.1918,0.53113,0.86523,0.44838
0.31699,0.1786,0.014088,-0.1459,-0.15681,-0.090304,0.042446,0.22876,0.30893,0.32039,0.25162,0.082788
0.36546,0.19828,-0.022075,-0.2278,-0.35659,-0.37114,-0.27035,-0.088805,0.11505,0.27811,0.35264,0.32073
0.45807,0.2428,-0.022536,-0.34443,-0.49518,-0.5025,-0.41393,-0.13599,0.1365,0.32351,0.47366,0.42096
0.27816,0.083719,-0.01609,-0.064337,-0.18393,-0.29668,-0.22472,-0.004619,0.14619,0.1615,0.18275,0.25827
0.085427,-0.16699,-0.080489,0.12575,0.027166,-0.22931,-0.1774,0.13378,0.21233,-0.020747,-0.11173,0.10345
0.022216,-0.20067,-0.065609,0.18649,0.10593,-0.16358,-0.14131,0.13302,0.17007,-0.096247,-0.19088,0.054971
0.091063,0.029457,-0.034301,-0.081543,-0.1052,-0.093735,-0.041251,0.030711,0.083482,0.096547,0.077803,0.040023
-0.0097146,0.0039748,0.026093,-0.10948,-0.0034782,-0.011177,-0.044398,0.10127,0.012608,0.016221,0.063113,-0.088427
-0.099296,-0.0046633,0.12025,-0.20705,0.079377,0.014401,-0.14127,0.19922,-0.061204,-0.02532,0.16126,-0.18676
-0.028099,0.0020269,0.040904,-0.067342,0.021135,-0.003298,-0.054831,0.056995,-0.021278,-0.0022348,0.064273,-0.045576
-0.058491,-0.0046047,0.064824,-0.084554,0.051472,0.01376,-0.070397,0.083064,-0.043849,-0.022754,0.075145,-0.080601
0.048173,-0.033153,-0.083666,-0.13336,0.0073617,0.090461,0.088278,0.087243,-0.06629,-0.12334,-0.060093,-0.025028
0.07679,-0.033947,-0.11788,-0.10873,-0.013719,0.092121,0.12522,0.059436,-0.05328,-0.12392,-0.09671,0.0068697
-0.0070231,-0.00055289,0.0077836,-0.010153,0.0061804,0.0016522,-0.0084528,0.0099738,-0.0052651,-0.0027321,0.0090229,-0.0096779
-0.0068223,-0.010519,0.015656,-0.0026286,-0.013448,0.013922,0.0017567,-0.015397,0.011174,0.006014,-0.016224,0.0076107
0.30864,0.14161,0.087591,-0.168,-0.31249,-0.17423,-0.16954,-0.16709,0.035125,0.02707,-0.11267,-0.033006
3.1588,2.3834,1.317,0.21873,-0.67664,-1.2259,-1.4065,-1.3004,-1.0443,-0.76992,-0.55833,-0.42606
4.7837,3.1828,1.3946,0.1389,-1.1114,-1.41,-1.676,-1.4605,-0.99492,-0.67316,-0.55617,-0.24256
6.1437,4.3828,2.1028,-0.0080259,-1.4255,-1.9628,-1.7784,-1.2371,-0.71319,-0.43378,-0.42629,-0.56855
7.5944,5.2064,2.7516,0.23774,-1.6634,-2.2437,-1.8792,-0.94216,-0.00635,0.080842,-0.21864,-0.23092
6.6493,3.7622,2.3207,1.1575,-1.1715,-1.9898,-1.3728,-0.18969,0.15326,-0.30341,-0.23663,0.42914
7.7053,2.2934,3.4403,3.0622,-1.5125,-2.9932,-1.0975,1.1851,0.92147,-0.78006,-0.32647,1.2173
7.1491,2.0961,3.9903,3.2612,-1.7977,-3.4602,-1.3134,1.2226,0.83922,-1.0145,-0.50299,1.0736
7.6719,0.73678,3.3536,3.6987,-1.8631,-3.5862,-1.2375,1.2011,0.50469,-1.1436,0.341,1.5558
6.4564,1.0024,4.7071,3.2854,-3.0913,-3.5104,-0.081742,2.0043,-0.0691,-2.1191,0.43754,1.9096
8.1054,-1.4,4.6908,3.0531,-3.2558,-2.3117,-0.63017,1.3129,0.6163,-1.8547,0.66772,1.7322
6.0172,-1.0415,4.4776,2.7668,-3.4927,-2.031,-0.0078224,1.2736,0.40322,-1.6662,1.0912,1.9678
4.7384,0.19729,5.2355,1.1952,-3.6218,-1.783,0.072423,2.1584,0.50688,-2.4848,0.69165,1.9246
5.2445,-0.11062,5.6317,0.71129,-3.3333,-0.90888,-0.84976,1.4687,1.1712,-2.0412,0.80419,1.8691
5.1828,-0.86543,6.571,0.10527,-3.617,-0.67204,-0.33009,2.1734,0.90482,-2.4575,0.82464,2.0325
4.767,-0.91949,5.9298,-0.0035361,-3.3456,-0.15343,-0.69273,1.8444,0.90811,-1.8398,1.5641,1.7484
5.2469,-1.0546,6.9256,-0.56445,-3.8175,0.025825,-0.94132,2.4826,0.64836,-2.3583,1.4473,1.4402
3.7379,0.087809,5.7914,-0.61579,-2.9907,-0.2709,-0.94531,1.5552,0.43392,-1.8558,1.1158,1.0705
6.8182,-1.308,8.1983,-1.4618,-3.7191,-0.0212,-1.4559,2.9686,0.24239,-3.1436,1.0437,0.90895
6.5164,-1.0815,8.5965,-1.7571,-3.6756,0.17471,-0.99536,3.1262,-0.46921,-3.0276,1.2597,0.70334
4.0725,0.17027,6.1238,-0.87388,-1.8442,-0.13879,-1.3298,2.2307,-0.42392,-2.3468,1.3386,0.78356
5.867,-1.3409,8.5053,-1.2997,-2.9398,-0.40444,-0.9764,3.624,-0.65949,-2.7918,1.0921,0.47078
3.0397,-0.33093,6.1656,0.56188,-1.0578,-0.62228,-1.4309,2.1613,-0.35735,-2.0688,1.344,1.0079
4.6313,-0.72117,5.961,-0.71821,-2.2469,-0.28184,-0.54831,3.0297,-0.17185,-1.7385,1.1864,0.65121
4.5195,-0.64047,6.7358,-0.61488,-1.3536,0.70302,-0.50635,2.203,-0.18174,-1.235,0.90801,0.34118
4.2223,-0.36758,6.9161,0.30356,-1.207,0.2584,-0.54191,2.0063,-0.13892,-1.4726,0.84706,1.0224
4.118,-0.33231,5.7316,-0.25478,-0.47936,0.80953,-0.053332,2.8066,-0.047007,-1.3351,1.4934,0.60039
2.5697,0.38222,5.035,-0.24903,-0.42282,0.76667,-0.14589,1.8987,0.47758,-0.55881,0.94756,0.78606
3.0918,0.46215,6.4941,0.96233,-0.28707,-0.28391,-0.09766,1.6755,-0.27498,-1.0031,0.43922,0.90726
3.0055,0.80745,5.6455,-0.25456,-0.80452,0.22815,-0.36251,1.1033,0.0042815,-0.89856,0.21748,0.62448
2.7851,-0.45,5.3349,-0.29651,-1.4692,-0.32832,-0.60969,1.9029,0.82072,-0.98952,0.1794,0.67139
2.8205,-0.42905,4.8768,-0.44174,-2.1401,-0.68483,-1.374,1.7384,1.1971,-0.61,0.99339,1.0286
2.7177,0.11556,4.9094,-0.26834,-1.3576,0.18347,-1.0815,1.0735,0.71834,-0.98678,-0.33356,0.17151
1.9153,-0.17651,4.1683,-1.4726,-2.0792,-0.25862,-1.5056,1.0433,1.0902,0.062592,0.6614,0.2822
0.8901,-0.60013,4.3462,-1.0137,-0.94106,0.13848,-1.4588,1.9946,1.4954,-0.040273,1.2514,0.97871
1.0468,-0.07961,3.7911,-0.69395,-0.24334,-0.1144,-1.299,2.1231,0.96056,-0.050059,1.0556,0.27629
0.59585,-0.27542,2.8437,-1.431,-0.81831,-0.0020134,-0.96028,1.2749,0.14243,-0.20434,0.73584,0.064335
0.65445,-0.29512,2.2112,-1.2612,-0.48116,0.24518,-0.46082,1.8651,0.78788,-0.11496,0.70774,0.23193
0.0076516,-0.56221,1.5153,-2.15,-0.93024,0.56073,-0.11357,1.4803,0.97299,0.76422,0.37895,-0.28535
0.71344,-0.35634,0.77036,-1.6506,-1.186,-0.19537,-0.17768,1.4142,0.80952,0.10432,0.34713,-0.21101
0.53471,0.20961,0.3139,-2.1692,-0.61704,-0.54306,-0.47523,1.6513,0.41697,0.64287,0.86115,-0.60854
0.27359,-0.40448,0.29995,-1.09,-0.68565,-1.1763,-0.32761,1.5628,-0.085525,0.17264,1.0285,-0.13329
0.60378,-0.56345,0.39111,-1.7861,-1.231,-1.5271,-0.60979,2.1442,0.069564,-0.054592,1.5972,0.097263
0.78597,-0.47168,0.27382,-1.5842,-1.4043,-1.5274,-0.60543,1.8153,0.23527,0.026309,1.5847,0.27961
0.3427,-0.42772,0.38695,-1.2676,-0.84361,-1.4369,-0.50141,1.7901,-0.11151,0.22306,1.5141,-0.051692
-0.093555,-0.32628,0.58102,-1.2375,-0.26638,-1.2371,-0.64552,1.7555,-0.33467,0.31508,1.3092,-0.31675
-0.63016,-0.78242,0.81687,-0.43626,0.22063,-0.76751,-0.38349,1.6386,-0.69279,-0.49198,1.037,-0.20621
-0.76253,-0.75913,0.82966,-0.25587,0.48929,-0.68311,-0.39479,1.5067,-0.88756,-0.57091,0.86384,-0.20347
-0.74986,-0.80598,0.87032,-0.26907,0.43539,-0.52228,-0.54989,1.4504,-0.63275,-0.77135,0.87065,-0.098577
-0.68327,-0.53441,0.77832,-0.51614,0.51281,-0.18291,-0.77783,1.1665,-0.29247,-0.66652,0.64961,-0.23069
-0.49646,-0.095623,0.55278,-0.64531,0.3902,0.091428,-0.54401,0.6288,-0.2604,-0.23433,0.47127,-0.38609
-0.30423,0.00095637,0.30021,-0.42248,0.29672,-0.0011688,-0.28728,0.39989,-0.27604,-0.0035229,0.26875,-0.3643
-0.14009,-0.011028,0.15526,-0.20251,0.12328,0.032956,-0.1686,0.19894,-0.10502,-0.054497,0.17998,-0.19304
0.03496,-0.087163,-0.090622,0.029291,0.10933,0.040526,-0.083448,-0.093816,0.023537,0.10885,0.045973,-0.079488
0.032581,-0.081231,-0.084455,0.027298,0.10189,0.037768,-0.077769,-0.087431,0.021935,0.10144,0.042844,-0.074078
-0.064729,-0.0050958,0.071738,-0.093573,0.056962,0.015228,-0.077906,0.091924,-0.048526,-0.025181,0.08316,-0.089197
-0.022,-0.17223,0.042561,0.14252,-0.036296,-0.13915,0.048054,0.13516,-0.084537,-0.093619,0.10027,0.039594
0.013599,-0.76512,-0.04016,0.72855,0.064843,-0.66949,-0.086495,0.59072,0.1041,-0.49591,-0.11684,0.3895
0.043317,-1.0968,-0.12793,1.0541,0.20655,-0.98513,-0.27552,0.89313,0.33161,-0.78239,-0.37219,0.65811
0.048898,-0.85124,-0.14441,0.82002,0.23317,-0.7696,-0.31102,0.70234,0.37433,-0.6214,-0.42014,0.53055
0.025631,-0.56729,-0.075695,0.54851,0.12222,-0.51818,-0.16303,0.47772,0.19621,-0.42903,-0.22023,0.37437
0.000581,-0.16752,-0.0017158,0.16714,0.0027704,-0.16655,-0.0036955,0.16575,0.0044478,-0.16478,-0.0049921,0.16371
0.013749,-0.24544,-0.040605,0.23666,0.065562,-0.22249,-0.087454,0.20358,0.10526,-0.18081,-0.11814,0.15527
0.0047043,-0.080207,-0.013893,0.077203,0.022432,-0.072353,-0.029922,0.065882,0.036013,-0.058095,-0.04042,0.049355
5.8038e-16,-0.043541,4.1729e-16,0.043541,-1.8222e-18,-0.043541,1.4578e-17,0.043541,8.3823e-17,-0.043541,1.968e-16,0.043541
9.3162e-16,-4.6376e-16,0,0,0,0,0,1.0584e-16,1.0304e-16,0,1.4479e-16,4.6422e-17
-0.079992,-0.035362,0.12279,-0.11326,0.014291,0.095962,-0.13044,0.061914,0.055501,-0.12909,0.10074,0.0071561
-0.037955,-0.016779,0.058263,-0.05374,0.0067809,0.045532,-0.061891,0.029377,0.026334,-0.061251,0.047801,0.0033954
9.3162e-16,-4.6376e-16,0,0,0,0,0,1.0584e-16,1.0304e-16,0,1.4479e-16,4.6422e-17
9.3162e-16,-4.6376e-16,0,0,0,0,0,1.0584e-16,1.0304e-16,0,1.4479e-16,4.6422e-17
9.3162e-16,-4.6376e-16,0,0,0,0,0,1.0584e-16,1.0304e-16,0,1.4479e-16,4.6422e-17
9.3162e-16,-4.6376e-16,0,0,0,0,0,1.0584e-16,1.0304e-16,0,1.4479e-16,4.6422e-17
9.3162e-16,-4.6376e-16,0,0,0,0,0,1.0584e-16,1.0304e-16,0,1.4479e-16,4.6422e-17
9.3162e-16,-4.6376e-16,0,0,0,0,0,1.0584e-16,1.0304e-16,0,1.4479e-16,4.6422e-17
-0.63624,0.5634,-0.44984,0.30636,-0.14639,-0.015567,0.16543,-0.29106,0.38341,-0.43733,0.45186,-0.43002
-1.8403,1.6003,-1.2296,0.76831,-0.26531,-0.22745,0.66133,-0.99666,1.2071,-1.2822,1.2278,-1.0646
-3.2084,2.7389,-2.0297,1.177,-0.29227,-0.51646,1.1605,-1.5825,1.7621,-1.7147,1.4848,-1.1349
-3.6862,3.1439,-2.3298,1.3606,-0.36815,-0.52394,1.2195,-1.6625,1.8407,-1.7808,1.5376,-1.1795
-4.159,3.5076,-2.5436,1.4215,-0.3094,-0.64423,1.3371,-1.7265,1.8282,-1.7025,1.4331,-1.1045
-4.0702,3.4615,-2.555,1.4895,-0.41866,-0.51836,1.2205,-1.639,1.7791,-1.6905,1.4499,-1.141
-4.0946,3.4403,-2.4702,1.3383,-0.2133,-0.75366,1.4562,-1.8475,1.941,-1.7986,1.5094,-1.1667
-4.2359,3.6024,-2.6496,1.513,-0.34738,-0.69955,1.5109,-2.0175,2.2056,-2.113,1.8164,-1.4125
-4.1088,3.5067,-2.6017,1.5232,-0.41867,-0.57167,1.3375,-1.8148,1.9923,-1.9077,1.6354,-1.2675
-4.4749,3.7718,-2.7273,1.505,-0.28512,-0.76988,1.5435,-1.982,2.096,-1.949,1.6361,-1.2592
-4.7549,3.95,-2.7815,1.4575,-0.18769,-0.86192,1.5937,-1.9827,2.0648,-1.9176,1.6376,-1.3186
-4.6024,3.6635,-2.442,1.1042,0.23644,-1.3365,1.9399,-2.0485,1.8889,-1.6172,1.2399,-0.82566
-4.091,3.1971,-2.1177,0.80703,0.35392,-1.7046,2.1179,-2.0215,1.9975,-1.653,1.2953,-0.71256
-0.53897,3.0499,-2.7828,-0.054531,-0.55395,-2.8589,1.138,-1.1739,2.9312,-1.1303,0.47271,-1.5095
2.2179,0.92338,-1.9722,0.23842,-0.21645,-1.5483,0.33415,-0.34111,1.2532,-0.7425,0.31531,-0.57087
6.5482,-0.64264,-3.067,0.030965,-0.38982,-2.4019,-1.0122,0.63638,1.9345,-0.018065,0.15194,-0.10871
6.6321,-1.8795,-1.728,-0.37218,0.008591,-2.1699,-1.0493,0.74366,2.4298,0.089397,0.24172,-0.40248
4.8404,-3.2542,-0.91908,-1.0922,0.075831,-0.35967,-0.71917,1.5631,1.4993,-0.20217,-0.053862,-0.45677
4.6775,-2.7776,-0.79371,-1.5289,0.73712,-0.16741,-0.48814,0.66098,1.9183,-0.67177,-0.23311,-0.56094
4.6573,-2.7825,-0.51539,-1.3638,0.21181,0.047142,0.21414,0.49274,1.6757,-0.17971,-0.13946,-0.73638
4.9607,-2.2951,-0.73673,-1.6656,0.88904,0.12272,-0.26411,0.81222,1.6371,-0.13617,0.27978,-0.82871
5.9046,-3.1706,0.21164,-1.4807,0.74494,0.63659,-0.37675,1.1354,1.6847,-0.78532,0.80536,-0.86401
5.7555,-2.7303,-0.25338,-1.0186,0.2973,1.2802,-0.33644,1.0948,1.2886,-0.23399,0.73751,-0.48477
6.3903,-3.4786,-0.29864,-1.4053,0.37937,0.97693,-0.284,0.91227,1.7086,-0.31976,1.2144,-0.63823
7.2754,-4.0427,-0.13898,-1.87,0.21278,0.7737,-0.56315,1.0717,1.9526,-0.80954,1.7881,-0.40081
6.8229,-3.7059,-0.64837,-0.80876,-0.34862,0.89313,-0.6316,0.56787,1.4559,-0.15591,1.133,-0.081706
6.2405,-2.9871,-1.0031,-0.66359,0.63818,0.28171,-0.72,0.50725,1.1419,0.020206,0.9832,-0.11439
8.3797,-3.905,0.258,-1.0192,0.38497,1.3488,-0.94781,0.20103,1.273,-0.43992,1.6101,-0.59502
7.0882,-3.3819,0.14178,-0.99211,0.38993,1.4894,-0.80354,0.9623,1.1061,-0.053704,1.7064,-0.42199
7.2305,-3.8187,0.48208,-1.1725,0.6429,1.405,-0.72196,1.2863,1.5071,-0.14364,2.0715,-0.72646
7.6034,-4.0177,0.6294,-1.0333,0.46524,1.6291,-1.176,1.2578,1.2813,-0.32,1.9604,-0.92408
7.9042,-3.6815,1.0622,-1.6602,0.0090842,1.5982,-0.85211,1.1653,1.2364,-0.48389,1.5402,-1.0638
7.476,-3.0619,0.39843,-0.54445,0.33549,0.70755,-0.73239,1.2783,0.99717,-1.0762,1.2847,-0.57632
6.5489,-2.7571,0.35008,-0.72096,0.27528,0.67302,-0.95259,0.92821,1.1101,0.026796,1.2836,-0.95306
6.7677,-3.0247,-0.084285,-0.84833,0.27267,0.97625,-0.90192,1.0074,1.2129,-0.26185,1.5366,-1.138
6.1161,-2.3112,-0.52938,-0.81586,0.34189,0.8463,-0.91922,0.91518,0.95891,0.26427,0.9522,-0.96725
7.7221,-3.4785,-0.14201,-0.43008,0.2552,0.74675,-0.92169,0.19754,1.5804,-0.29885,0.70864,-0.73309
6.1857,-2.8354,-0.41513,0.18452,-0.21,0.13735,-0.85632,0.38413,0.85804,-0.19207,0.10417,-0.31639
8.5728,-3.3223,0.98255,-0.56514,-0.0038941,0.019346,-0.82039,0.60812,1.2739,-0.66171,0.35413,-0.78032
7.7996,-2.8791,0.81881,-0.413,-0.23061,-0.046722,-0.99408,0.91968,0.76981,0.12128,0.96935,-0.98451
8.3204,-2.8705,0.96867,0.13718,-0.783,-0.83142,-1.1188,1.1761,0.62732,-0.48679,0.28428,-0.81423
7.148,-2.3937,1.7728,-0.12327,-0.2869,0.33682,-1.0834,0.05794,-0.016624,-0.056917,0.21403,-0.97444
6.9482,-2.4335,2.0502,0.028812,-0.51393,0.25121,-0.85493,0.65325,0.59194,-0.48045,-0.19904,-0.89047
7.8231,-2.5576,2.5386,-0.38798,-0.7701,0.19545,-1.1651,-0.019057,-0.77542,-1.0064,0.35448,-0.98717
6.7296,-1.4976,2.0988,0.0044004,-0.82429,-0.022535,0.20888,0.63866,-0.38084,-1.0723,0.27488,-0.83182
6.0833,-0.96028,1.1746,-0.3002,-0.080101,0.13699,-1.4949,-0.6881,0.09872,-0.91684,-0.6231,-0.49179
5.3769,-2.2034,1.5414,0.035453,0.83223,-0.1051,-0.85341,0.97789,0.63959,-0.66826,0.14236,-1.2427
6.3297,-2.0521,1.3657,0.8971,1.2265,0.19334,-0.65042,0.78992,0.23271,-1.0402,-0.44557,-1.0447
5.8666,-2.0451,1.9292,1.4726,1.4618,0.13453,0.05626,1.4151,-0.13893,-0.55016,0.048117,-0.79186
5.7604,-2.2773,0.65514,0.90625,0.56871,0.030204,1.2132,2.0843,-0.32251,-0.43306,0.1152,-0.71673
5.2992,-2.1904,1.0345,0.92666,1.3886,0.29357,-0.0986,1.3661,-0.52569,-0.2609,0.054973,-0.92253
5.1568,-2.0372,1.6279,0.64089,0.72048,-0.022953,-0.25498,1.279,-0.20253,0.14363,0.35826,-1.193
4.142,-1.8784,2.3369,0.52745,0.032305,-0.11898,-0.56584,0.8355,-0.074092,0.025184,0.18117,-1.0946
4.4045,-2.0092,1.737,0.56149,0.037122,0.193,-0.77106,0.50433,-0.0033521,-0.60619,-0.67279,-1.1493
3.0906,-2.5583,2.7791,1.5192,0.77643,0.61641,-0.18652,0.57682,-0.61404,-0.50376,-0.22035,-1.1386
2.4799,-2.0612,2.6249,0.17789,0.28744,0.59609,-0.31674,1.0929,-0.20203,-0.2222,-0.15345,-1.2087
2.5783,-2.4146,2.6306,-0.019044,0.079401,0.87131,-0.35087,1.0113,-0.0098478,0.007198,0.082135,-1.3449
1.8456,-3.4241,2.4731,0.81218,-0.57101,0.38254,-0.16259,0.65183,-0.49498,-0.81251,0.42607,-0.42753
1.6269,-2.8152,2.5542,1.2573,-0.33575,0.33733,0.16757,1.0462,-0.42593,-1.2552,0.3867,0.14404
1.5644,-2.3243,1.6893,0.65182,-0.47223,0.1215,-0.17033,0.54985,-0.061492,-0.55867,0.084779,-0.61708
1.4908,-1.5929,1.678,1.0415,-0.8812,-0.18077,0.22861,0.49451,0.42034,-0.48308,-0.63933,-0.65865
1.0238,-1.2899,2.2166,0.8174,-0.52127,-0.084558,0.067668,0.3198,-0.24405,-0.40063,-0.011032,-0.27693
0.24278,-0.91853,2.5926,0.085427,-0.4532,-0.3231,-0.43287,0.86136,-0.6561,-0.80234,0.51698,-0.38535
0.059684,-1.3847,2.7057,0.70683,-0.24818,-0.74887,-0.32841,1.4214,-1.0046,-1.4627,0.54855,-0.48553
-0.27074,-1.8353,1.588,0.9489,-0.57675,-0.83122,-0.21389,1.0415,-0.99955,-1.6938,1.0476,0.098703
0.046935,-0.91256,1.9548,0.39675,0.58462,-0.43993,-0.88732,1.237,-0.97709,-1.5352,0.66459,-0.68575
0.14421,-0.76682,1.6295,0.01649,0.63247,0.18383,-0.95459,0.91678,-0.86245,-1.8497,0.63159,-0.24306
-0.59943,-0.80914,1.0738,-0.73308,0.71134,0.6346,-1.014,0.58608,-0.2193,-0.77859,0.93437,0.00063749
-0.41027,-0.4646,1.0853,-0.58517,0.73697,0.31084,-0.60208,0.44023,-0.40811,-0.83311,0.29286,-0.038973
0.17016,-0.0042207,0.71907,-0.26001,1.1103,0.022307,-0.39914,-0.20322,-0.82092,-0.57223,-0.21587,-0.29924
