-1.9259,1.6363,-1.1958,0.66041,-0.096466,-0.42951,0.86019,-1.155,1.2946,-1.2819,1.1396,-0.9047
-2.9477,2.5118,-1.8493,1.0457,-0.20107,-0.58512,1.2283,-1.6701,1.8848,-1.8797,1.6909,-1.3739
-3.3995,2.8993,-2.1443,1.238,-0.30016,-0.55341,1.2285,-1.6661,1.8481,-1.7966,1.5648,-1.2244
-3.8272,3.2205,-2.3123,1.2367,-0.14548,-0.81877,1.5463,-1.9761,2.101,-1.9628,1.638,-1.2194
-3.7429,3.1692,-2.3066,1.278,-0.22446,-0.71935,1.4462,-1.8923,2.0438,-1.934,1.6325,-1.2279
-3.4121,2.8425,-1.9905,0.98338,0.034041,-0.92513,1.5841,-1.9518,2.0226,-1.8396,1.4822,-1.0468
-4.1191,3.37,-2.2653,0.9891,0.25726,-1.2946,1.9989,-2.3196,2.2813,-1.9691,1.503,-1.0074
-4.6243,3.7024,-2.3614,0.84612,0.58306,-1.707,2.3906,-2.6025,2.4083,-1.9424,1.3662,-0.82673
-4.6936,3.753,-2.3906,0.86232,0.5631,-1.6642,2.311,-2.4839,2.2633,-1.7961,1.2499,-0.76864
-4.6343,3.5161,-2.2991,0.86,0.76668,-1.9287,2.3118,-2.3415,2.2347,-1.7229,0.93405,-0.43456
-2.922,2.8714,-1.895,1.0355,0.37709,-3.5367,1.0142,-2.1453,2.129,-2.012,0.63983,0.53511
0.50576,1.7233,-0.55665,1.2136,-0.76576,-3.8782,-0.15157,-0.79644,1.7763,-1.6794,0.40508,0.62155
5.8683,1.305,-1.1699,1.9291,-1.9862,-5.8565,-0.59352,0.033141,2.7843,-2.0553,-0.20281,1.3686
5.308,0.67141,0.17124,1.2209,-2.0892,-4.6687,-1.1528,1.0297,2.1221,-1.074,-0.49461,1.1967
6.0374,-0.17172,0.38393,1.0271,-2.3276,-3.5916,-0.6613,0.96226,2.636,-1.6033,-0.55649,1.3455
7.5498,-1.4335,-0.10457,1.1689,-2.4906,-3.1458,0.80158,-0.2162,4.167,-2.3297,0.12767,1.3427
6.8676,-1.4997,0.10048,0.53693,-2.216,-2.0455,0.82451,0.53578,3.6085,-1.5724,-0.12632,1.6912
6.599,-1.6581,0.57079,-0.07628,-1.5356,-1.8693,0.80333,0.71572,3.7854,-1.88,0.2013,1.3728
4.6832,-1.203,0.37458,-0.39491,-0.65383,-2.1768,0.40607,1.2591,2.4061,-0.74563,-0.024464,1.174
3.8522,-1.4821,0.59714,-0.34701,-0.66934,-1.7008,0.07902,1.1551,2.3347,-0.69607,-0.2082,1.0186
4.5099,-2.263,0.13064,-0.13369,-0.9199,-1.4226,-0.003465,0.45598,1.9866,-0.87819,0.26385,0.85561
3.5017,-2.1165,0.27264,-1.1256,-0.46816,-2.0632,-0.27013,0.60955,1.4995,-0.55094,-0.21044,0.48563
3.3691,-2.2236,1.2129,-0.84086,-1.1158,-2.3297,-0.12818,0.48514,1.6608,-0.58094,0.50514,0.62496
3.1816,-2.1815,0.39023,-1.0125,-1.1588,-1.7992,-1.171,0.032621,1.4781,0.32417,0.40679,0.16817
3.1457,-2.4588,0.057136,-1.4685,-2.2518,-1.7915,-0.8141,-0.081469,1.4436,0.018017,0.33589,-0.24873
4.2436,-2.0875,-0.04156,-1.2197,-0.9812,-1.8209,-1.1349,0.2936,1.6662,-0.33255,0.096849,0.24659
5.3842,-2.7659,0.16413,-0.97558,-0.16806,-1.9068,-0.32131,-0.18396,1.4989,-0.88593,0.35364,0.76493
3.8968,-1.8925,0.37771,-0.55892,0.38105,-1.3398,-0.81509,-0.83858,1.1937,-0.99438,0.08176,0.25383
3.9265,-1.7474,-0.051628,-1.5092,-0.42658,-1.7847,0.00039672,-0.49327,1.8455,-0.060098,0.40649,-0.30887
4.1348,-2.1055,0.22955,-0.76987,0.41543,-1.3865,0.1605,-0.3627,1.8262,-0.56809,0.65923,-0.14012
4.2765,-1.9588,0.78188,-0.10368,0.82053,-1.267,0.64959,-0.58639,2.0067,-0.7589,0.01227,-0.85691
4.2651,-1.9089,1.2485,-0.37097,1.0339,-1.748,0.29597,-0.37859,1.9284,-0.24565,0.44162,-0.23549
4.5741,-1.4738,1.0797,-0.92285,0.23459,-0.53891,0.7913,-0.33525,1.7376,-1.2649,0.10595,-0.17399
3.4355,-1.9212,0.7042,-1.5708,0.56485,-1.2624,0.37982,-0.35181,1.5487,-1.0787,-0.088949,-0.097865
3.8433,-1.7213,0.51474,-1.2304,0.31024,-2.393,-0.53272,-0.51402,1.9486,-1.117,-0.74363,-0.34008
3.0585,-1.7406,0.93917,-0.53113,0.02421,-0.87795,0.048876,-0.3108,1.7676,-0.63151,0.14013,-0.30713
3.1511,-2.2068,0.81453,-0.70336,-0.61057,-1.3747,-0.29178,0.17582,2.2816,-0.28997,0.29207,-0.44516
2.7536,-1.588,1.9707,0.31831,-0.90338,-1.9278,-0.65472,-0.19792,1.7907,-0.51884,-0.81102,-0.80177
2.9455,-2.4391,1.4123,1.1846,0.1504,-1.6678,-1.51,-1.0886,1.5159,-0.97899,-1.323,-0.21747
1.9533,-1.7665,1.7939,1.0585,0.23584,-1.9245,-1.0887,-0.30307,1.2416,-0.87136,-0.96035,-0.82706
1.5541,-2.214,1.0358,0.67177,-0.18749,-2.243,-0.87075,0.50262,1.7051,-1.6857,-0.2671,0.0059714
2.7234,-1.8549,1.0637,-0.11213,-1.2831,-1.9426,-1.2226,0.30226,1.2792,-1.5336,0.33223,0.39103
2.5699,-2.0534,-0.1739,-0.94902,-0.61478,-0.9684,-1.3765,-0.022679,0.95987,-2.2345,-0.41699,0.48253
1.1759,-2.3971,-0.31937,-1.0534,-1.5058,0.022532,0.46576,-0.52285,0.61919,-2.6066,0.49295,0.048129
0.46459,-2.9607,-0.72549,-0.073865,-1.7465,-1.1406,0.17544,-0.39748,1.9366,-2.3538,1.0506,-0.19279
0.51678,-2.3829,-0.97927,-0.52162,-1.5953,-1.4055,-0.31608,-1.6817,1.801,-2.3293,0.86472,-0.006191
1.1986,-3.0876,-1.6589,0.63004,-0.70691,-2.2095,-0.92008,-1.2394,1.8648,-2.9752,0.53951,0.78947
1.9505,-1.4756,-1.0483,0.49005,-0.035064,-1.7751,-0.52444,-0.97856,1.5349,-3.2149,-0.87995,0.71477
3.301,0.76505,-1.4968,0.13565,-0.477,-2.7859,-0.67782,-1.1288,1.1035,-3.048,-0.56622,0.32997
3.4689,1.0057,-1.3479,0.17467,-0.56186,-2.6285,-1.3089,-1.1616,1.059,-2.1819,-0.30129,-0.056983
3.5735,0.26815,-1.7069,-0.35325,-1.1658,-2.8345,-1.0213,-0.52898,0.63818,-1.8381,-0.076686,0.74866
3.0336,0.053188,-1.5376,-0.79573,-1.4332,-2.2847,-0.96258,-0.52013,0.98906,-1.3782,-0.061819,0.89356
2.3953,-0.22832,-0.83943,-0.72554,-1.3732,-1.7965,-1.5245,-0.556,1.2044,-0.38326,-0.19148,0.91053
0.79239,-0.26355,-0.49127,-0.39829,-0.92464,-1.084,-1.1752,-0.68048,1.7147,-0.0041889,-0.010109,0.59364
0.5494,-0.22162,-0.41758,-0.47981,-1.0768,-0.80189,-0.54364,-0.63893,1.2603,-0.46475,0.3793,1.0014
0.83349,-0.12985,-0.53556,-0.63612,-1.013,-0.96821,-0.99622,-0.53358,1.5812,0.24371,0.33064,0.70547
0.4272,-0.18081,-0.53599,-0.10604,-0.2107,-0.72032,-0.60572,-0.26856,0.98338,0.18962,0.18862,0.17004
1.0523,-0.07865,-0.76706,-0.3693,-0.47549,-1.2814,-0.90176,-0.24612,0.88655,0.40701,0.43137,0.67949
0.53717,-0.55887,-0.72429,0.33478,0.095945,-1.1473,-0.77475,-0.00074119,0.95589,-0.04543,0.020427,0.46565
-0.049641,-0.66214,-0.50045,0.66068,0.54502,-0.54183,-0.34906,0.10946,0.70946,-0.38416,-0.40426,-0.0079358
0.054377,-0.34835,-0.2413,0.32322,0.24251,-0.40559,-0.33073,0.094069,0.51995,-0.04644,-0.27107,-0.014724
0.06594,-0.033907,-0.076972,-0.0091451,-0.086479,-0.20379,-0.027188,0.049826,0.19553,0.047481,0.042743,0.021364
-0.43412,0.3056,-0.20942,0.13554,-0.0026138,-0.19058,0.33841,-0.3715,0.34773,-0.35058,0.35546,-0.27404
-0.47768,0.3945,-0.27039,0.1264,0.029477,-0.19698,0.32135,-0.40835,0.43478,-0.4253,0.37773,-0.27714
-0.31297,-0.59298,0.056337,0.80559,-0.28349,-0.77303,0.57083,0.35555,-0.23623,-0.67527,0.68689,0.20555
-0.14834,-1.8051,0.42879,1.6692,-0.66345,-1.4635,0.83079,1.2144,-0.9205,-0.95123,0.93407,0.70073
-0.27459,-3.4811,0.77003,3.0906,-1.1189,-2.5262,1.2675,1.8911,-1.2132,-1.2872,1.0003,0.78934
-0.36221,-3.91,1.0024,3.3774,-1.4182,-2.6331,1.5427,1.8368,-1.3958,-1.1273,1.0643,0.58641
-0.34763,-3.7705,1.0255,3.2072,-1.4441,-2.4681,1.481,1.6186,-1.3263,-0.9581,0.9764,0.51113
0.41022,-3.3663,0.9211,2.486,-2.2739,-3.0714,0.8553,1.3651,-0.7257,-0.27846,1.234,0.98242
2.8667,-2.4913,0.3985,1.1567,-3.4702,-4.3171,-0.85029,0.74103,0.25216,0.065098,0.36066,0.63134
7.1061,-3.3802,-0.022029,2.0603,-4.171,-5.6158,-0.58037,1.2568,-0.33323,-0.56701,0.31098,0.57269
7.1387,-3.6951,-0.85222,0.69512,-4.739,-4.5692,-0.69416,0.81378,-0.19867,-1.3054,-0.49318,0.42233
5.8683,-3.0874,0.10119,0.16576,-3.3702,-3.8695,-0.14374,1.4048,0.71727,-0.77928,0.17911,1.1516
2.8765,-2.2615,-0.34722,-0.70753,-1.8247,-3.1987,0.22958,1.6125,1.3234,-0.3363,0.48137,0.6278
3.323,-2.2868,0.25634,-0.71634,-1.3613,-1.9959,0.52897,1.7108,1.4735,-0.60033,0.5563,0.43585
4.1762,-2.1069,0.89804,0.084274,-0.6707,-2.4582,-0.58626,1.068,2.018,0.2732,0.61009,-0.22192
3.7721,-2.4744,0.7378,-0.50556,-0.61758,-1.1382,-0.32292,1.1418,1.5386,0.62569,0.36231,0.073011
4.2935,-2.8802,0.33416,-1.0926,-0.45418,-0.60872,-0.17439,0.93663,1.6388,0.51021,0.19738,-0.30508
3.7694,-3.3244,0.028329,-1.1897,-0.45132,-0.34973,0.29423,0.99286,1.714,0.38645,0.089501,-0.69367
3.6762,-3.2065,0.2687,-0.86926,-0.3891,-0.7476,0.40908,0.82799,1.778,0.65788,-0.20425,-0.89321
3.7353,-2.8911,0.58932,-0.93903,-0.93992,-0.46575,0.062395,0.8788,1.844,0.19701,-0.030021,-0.93305
3.9327,-3.4817,0.45739,-0.73775,-0.74275,0.15004,0.082968,1.2033,1.7979,0.1339,0.41247,-0.61478
3.852,-3.2551,-0.27236,-0.73531,0.19527,-0.35249,0.30243,0.78951,1.6908,0.0096885,-0.58953,-0.3851
3.6058,-3.219,0.16826,-1.3544,-0.16702,-0.15715,0.46195,0.38698,1.7933,-0.10478,-0.70242,-0.72323
2.9259,-3.2614,-0.20822,-1.471,-0.63816,-0.9148,-0.11625,0.53182,1.8671,-0.41196,-0.93342,-0.91927
3.466,-3.1902,-0.47976,-1.8235,-0.42393,-0.63939,-0.059945,1.1438,1.2902,-0.46471,-0.61391,-0.36718
4.4115,-3.2053,-0.78395,-1.5203,-0.63825,-1.0545,0.35588,1.4059,1.2806,-1.1933,-0.070211,-0.072872
5.6777,-3.2453,-0.91772,-1.1311,-0.57026,-0.93884,-0.11351,0.43373,1.9161,-0.78066,-0.058954,0.72281
4.5602,-3.1584,-1.4423,-1.898,-1.6989,-1.6088,-1.1618,0.31636,0.57132,-1.1569,-0.32009,-0.080356
5.9925,-3.9688,-0.74645,-2.5371,0.12128,-1.6073,0.0041947,-0.13779,1.9164,-1.2786,-0.45732,-0.61657
3.7195,-1.6235,0.28806,-0.7014,-0.40391,-0.54922,-0.078513,0.47528,1.6426,-0.55037,-0.3725,-0.30485
4.4741,-3.1305,1.0672,-0.85488,1.1163,-0.40272,1.4131,-0.088728,1.6086,-1.6138,-0.32725,-0.87281
2.7833,-3.3378,-0.033201,-0.84685,0.7471,0.10085,0.38445,0.013928,1.7497,-0.98958,-0.085889,-1.2419
3.0032,-3.8889,1.2288,-0.62091,0.44329,0.013986,1.3372,0.75192,3.2995,-0.4067,-0.015899,-0.21959
3.5693,-2.7011,0.17233,-0.84963,-0.056917,-0.47262,0.58279,0.97992,2.712,-0.32294,0.55143,-0.45829
3.4804,-3.3171,0.13466,-0.92597,-0.38692,-0.89936,0.74371,0.69756,2.0045,-0.601,0.35645,-0.89872
3.4592,-3.1431,0.60444,-1.4311,-0.58238,-0.67002,0.91037,0.60043,2.0703,-0.34632,0.80171,-1.2742
3.7097,-2.5683,0.88981,-0.62428,-0.18527,-0.18323,0.54645,-0.59253,1.9792,-0.35676,0.14476,-1.3659
3.4226,-3.2673,0.035929,-1.2571,-0.28208,-0.73216,0.29905,-0.037469,1.7614,-1.2384,-0.31872,-1.252
2.9256,-2.8024,-0.30536,-0.95363,-0.11923,-0.85687,1.1477,-0.092699,2.1369,-0.70932,0.40547,-0.50748
2.917,-2.7636,-1.3221,-0.16829,-0.6714,-1.522,1.0349,0.22954,1.9599,-0.64183,0.86544,-0.38164
1.4097,-3.198,-1.3496,0.19566,-0.28732,-1.6464,1.0081,-0.040001,2.4552,-0.12326,0.78737,-0.72926
1.8223,-3.7358,-1.6899,0.4306,-0.2022,-1.1096,1.5083,0.18052,2.7947,0.49778,1.4012,-0.20549
0.9059,-3.9566,-1.7987,1.0394,0.091703,-1.0333,1.0775,0.056521,2.4254,0.19421,1.5151,-1.1601
0.26424,-5.343,-2.291,0.367,-0.48628,-0.80845,1.1869,-0.28354,2.1929,0.36611,1.2698,-0.71711
1.0847,-4.3843,-2.3149,0.39044,0.14509,-0.75173,1.7808,0.93863,2.2376,0.21811,1.325,-0.69142
1.5797,-4.3117,-1.523,0.24936,0.056664,-0.1636,1.4273,0.79666,3.0533,0.85438,1.0644,-0.59235
1.7289,-4.238,-1.3668,-0.048377,-0.52367,-0.16199,1.2176,0.92571,2.6947,0.47593,1.384,-0.32423
2.0608,-4.5688,-1.5361,0.3097,-0.74614,-0.47798,1.2986,1.3912,2.2331,0.61919,0.92059,-0.60974
1.9554,-4.5596,-1.4257,1.2298,-0.41273,-0.61288,0.82098,1.262,2.2963,0.32374,0.43176,-0.58227
1.7868,-3.9572,-1.1923,1.1265,-0.57988,-1.2419,0.29338,0.6578,2.4008,1.5106,0.69283,-0.38456
1.9689,-3.6943,-1.0445,1.5454,-0.19693,-1.4539,0.63645,0.76108,1.2126,1.8485,1.2077,-0.4144
1.8762,-3.8068,-0.67285,2.5204,0.50827,-1.3146,0.53979,1.2396,1.2124,1.6726,1.1706,-0.31393
0.98444,-3.4366,0.18019,3.4396,0.59552,-1.4992,0.68422,1.3772,0.80103,0.52746,0.711,0.21928
0.95714,-3.6132,-0.61685,3.4366,0.77966,-2.0987,0.31692,1.284,1.6332,0.51283,0.62706,-0.43839
0.42418,-3.0852,-0.33649,3.4588,1.3879,-1.3222,0.39769,0.62062,1.0321,-0.26687,0.57298,0.29074
0.64542,-3.2197,-0.89054,2.996,1.5534,-1.2244,0.037442,0.69538,0.71708,-0.30932,0.50003,0.54756
0.91002,-3.9012,-1.3264,2.8796,1.9006,-1.008,-0.82704,0.51116,0.70687,0.36529,0.023751,0.19551
0.59152,-3.3562,-0.60146,2.635,1.1865,-0.96863,-0.37022,0.57386,0.51402,0.24965,0.058921,0.2948
0.51421,-3.0935,-0.48085,2.6814,1.1947,-1.1318,-0.69843,0.70296,0.94071,0.20069,-0.26666,0.13953
0.34803,-2.6316,-0.11193,2.345,0.68036,-1.0278,-0.26281,0.71835,0.57713,0.1021,-0.038827,0.12762
0.30191,-1.9054,0.053868,1.9009,0.49539,-0.84264,-0.035692,0.73659,0.33314,0.095367,0.31878,0.038603
0.29778,-2.0275,-0.074351,1.9634,0.57337,-0.95536,-0.21541,0.69592,0.50472,0.15218,-0.013911,-0.10289
0.31648,-1.1255,-0.1046,1.3538,0.63554,-0.70227,-0.28302,0.79986,0.60056,-0.17118,-0.12124,0.30116
0.19132,-0.82038,0.062647,1.0513,0.28898,-0.62199,-0.0068507,0.76148,0.28249,-0.31491,0.026377,0.41267
0.090288,-1.1836,0.03125,1.2532,0.13378,-0.98559,0.0025978,0.96691,0.12466,-0.65403,0.025884,0.58817
-0.015933,-1.1031,0.047832,1.046,-0.079683,-0.95489,0.111,0.83536,-0.14074,-0.69457,0.16726,0.54054
-0.042754,-0.77881,0.12588,0.74106,-0.20205,-0.68063,0.26721,0.60101,-0.31811,-0.50668,0.3525,0.40277
0.0010449,-0.48096,-0.0030859,0.46383,0.0049827,-0.43616,-0.0066464,0.39925,0.0079993,-0.35483,-0.0089782,0.30497
-0.010418,-0.4871,0.030767,0.47017,-0.049677,-0.44282,0.066264,0.40634,-0.079753,-0.36243,0.089513,0.31315
-9.4301e-17,-0.041817,-5.649e-17,0.041817,-3.1889e-16,-0.041817,7.289e-17,0.041817,-3.6445e-17,-0.041817,2.9156e-17,0.041817
1.8086e-16,-0.063911,1.1662e-16,0.063911,-2.1502e-16,-0.063911,-1.968e-16,0.063911,-1.0205e-16,-0.063911,-3.6445e-18,0.063911
-2.3291e-16,-4.6376e-16,0,2.2779e-16,-2.2475e-16,0,-1.0834e-16,-1.0584e-16,0,0,0,0
-2.3291e-16,-4.6376e-16,0,2.2779e-16,-2.2475e-16,0,-1.0834e-16,-1.0584e-16,0,0,0,0
-2.3291e-16,-4.6376e-16,0,2.2779e-16,-2.2475e-16,0,-1.0834e-16,-1.0584e-16,0,0,0,0
-2.3291e-16,-4.6376e-16,0,2.2779e-16,-2.2475e-16,0,-1.0834e-16,-1.0584e-16,0,0,0,0
-2.3291e-16,-4.6376e-16,0,2.2779e-16,-2.2475e-16,0,-1.0834e-16,-1.0584e-16,0,0,0,0
-2.3291e-16,-4.6376e-16,0,2.2779e-16,-2.2475e-16,0,-1.0834e-16,-1.0584e-16,0,0,0,0
-2.3291e-16,-4.6376e-16,0,2.2779e-16,-2.2475e-16,0,-1.0834e-16,-1.0584e-16,0,0,0,0
-2.3291e-16,-4.6376e-16,0,2.2779e-16,-2.2475e-16,0,-1.0834e-16,-1.0584e-16,0,0,0,0
0.15669,0.033261,-0.10599,-0.19483,-0.19099,-0.096301,0.044196,0.16367,0.20529,0.14926,0.022228,-0.11538
0.055043,-1.1962,0.25767,0.84639,-0.80548,-0.99089,0.71551,0.84292,-0.40658,-0.25264,0.61234,0.14283
-0.1686,-3.4993,0.80475,2.7917,-1.4628,-2.4,1.346,1.7677,-0.87841,-0.85594,0.80128,0.51009
0.41995,-3.9062,0.87228,2.8665,-2.5622,-3.5346,1.4608,2.127,-0.98944,-0.53278,1.6121,0.86175
1.2865,-3.258,0.64966,2.0601,-3.0111,-3.8164,0.73582,1.7667,-0.38312,-0.12402,1.2667,0.82294
2.2263,-2.2986,0.11334,1.3161,-2.6311,-3.6264,-0.63674,0.76447,-0.44972,-0.33378,0.79491,0.63753
6.4537,-3.216,-0.11196,2.0452,-3.9197,-4.8033,-0.5756,1.2758,0.037346,-0.52871,0.73066,1.2071
5.5794,-1.5486,0.53269,1.0609,-3.899,-4.9669,-1.1022,2.0942,0.97899,-0.87419,0.2491,1.3041
3.296,-0.80656,0.77802,-0.37778,-1.9718,-4.3746,0.10189,1.868,1.0695,-0.91943,-0.18683,0.43926
3.7905,-1.2739,0.092322,-0.3873,-1.9114,-3.4729,-0.38467,1.6199,1.5182,-0.70171,-0.43717,0.025657
3.7496,-1.9593,-0.062444,-0.8112,-1.1916,-2.9131,-0.50149,1.7268,1.9102,-0.36148,-0.057679,-0.1212
4.3967,-3.0582,-0.17535,-0.26425,-0.78254,-1.7633,-0.48859,1.4623,2.2226,-0.34589,0.2722,0.36734
6.7352,-3.9261,0.05371,-0.18607,-0.74482,-0.63412,-0.88828,1.3324,2.1398,-0.61681,0.36606,0.56065
5.215,-2.8946,-0.3304,-0.43747,0.048179,-1.0388,-0.2426,0.73269,1.7754,-0.23286,0.16757,0.52257
6.301,-3.4124,0.24645,-0.95068,0.18032,-0.42587,-0.16156,0.2721,1.9253,-0.17722,0.37601,0.30988
5.3933,-2.6132,-0.47886,-0.95109,0.13733,0.30088,-0.12371,0.41358,1.8286,0.079128,0.18666,0.29378
5.0589,-3.1062,-0.36375,-1.2237,0.35546,0.18805,0.10199,0.40063,1.9047,0.30154,-0.1767,0.22378
4.1238,-3.9726,-0.3638,-1.2306,0.2015,0.19923,0.16922,0.4008,2.0395,0.43326,-0.0024535,-0.019468
4.7298,-3.941,0.029116,-1.4332,0.064093,-0.49305,0.73767,0.1254,1.7026,0.43352,-0.0066944,-0.489
4.8875,-2.9569,-0.15625,-1.3214,0.21584,-0.98256,0.95115,0.61646,1.8219,0.61358,0.28103,-0.50277
4.9611,-3.0692,-0.30996,-1.2845,-0.10134,-0.68882,0.61453,0.85437,1.9163,0.76959,-0.25105,-0.086123
5.484,-3.2528,-0.19317,-0.8116,-0.30423,-1.028,0.54304,0.89041,1.5209,0.8374,-0.13597,0.24293
5.2006,-2.2523,-0.81151,-0.54615,-0.60275,-1.0262,0.10602,0.7793,2.0047,0.14195,0.064618,-0.26254
6.4263,-2.7995,-0.8549,-1.5777,-0.48687,-1.3738,-0.076026,0.49633,1.507,0.23291,-0.14384,-0.23624
6.3078,-2.5529,-0.70635,-0.96866,-0.77289,0.44746,-0.2785,0.56758,2.0338,0.92699,-0.56305,-0.55518
5.6527,-2.831,0.086983,-0.5553,-0.75438,0.35013,0.65718,1.2469,2.2134,0.98589,0.063013,-0.40098
6.2347,-2.3724,2.2141,-0.80132,-0.082478,0.22279,0.93298,-0.34321,2.0463,0.60727,0.33437,-0.88883
4.5668,-2.6068,1.6208,0.5718,-0.39316,0.3724,-0.36668,0.54959,2.6379,0.51324,0.16139,-0.51172
6.6852,-2.5572,2.3244,0.088362,-0.30678,0.072651,0.18872,0.493,1.1947,0.24957,0.25918,-0.46625
5.1153,-2.3046,0.79834,0.035229,-0.95375,0.17678,0.10492,1.0955,1.2895,-0.19587,-0.44549,-0.27878
5.2507,-3.6133,1.4994,-0.44674,-1.2266,-0.16183,0.72847,0.88735,1.6081,0.2408,-0.35108,-0.65894
5.3698,-3.6722,1.2025,0.2978,-1.1333,-0.018374,0.23728,0.44273,1.7979,0.20185,-0.08131,-0.96202
4.3872,-2.7428,1.4579,0.01554,-1.0272,-0.1191,1.0329,-0.2315,1.7091,0.38018,-0.41313,-0.67959
3.297,-3.7976,0.91124,-0.44444,-1.7903,-0.51226,0.32508,-1.0472,0.82751,-1.0352,-1.2867,-1.3481
5.3938,-1.9558,1.006,-0.02105,-1.4656,-0.36492,0.67602,0.055825,0.52397,-0.85198,0.090967,-0.0066888
6.0525,-2.5081,0.90639,0.71509,-2.0259,-1.0701,1.055,0.33616,1.4707,-1.1461,-1.0468,-0.088745
5.388,-2.5835,0.85228,0.039389,-2.5527,-1.3506,0.64136,-0.28782,1.4026,-0.57731,-0.80301,0.32112
6.0198,-3.1816,-0.64401,0.17315,-2.1554,-1.3555,0.45727,0.47958,1.8637,-0.047434,-1.0876,-0.17069
5.0664,-3.5782,-0.074095,1.3236,-1.5921,-1.6641,0.042342,0.96795,1.7371,0.74881,-0.20963,-0.040435
4.6309,-3.4673,0.046125,1.1283,-2.5509,-1.8488,0.33923,0.61412,1.3404,1.3833,0.35375,0.33866
4.7646,-3.7225,0.061984,1.655,-1.9841,-1.4577,0.96936,1.1068,1.168,1.444,0.72648,-0.027238
5.4912,-4.0611,-0.80476,1.4393,-1.3263,-0.88403,0.67145,0.78826,1.4028,0.96408,-0.095161,0.22774
5.068,-3.9398,-1.7003,1.3058,-0.27488,-0.4036,0.64102,0.60977,1.0778,1.4212,0.65337,0.11716
5.0358,-4.4254,-1.758,1.5845,-0.13446,-0.036326,1.4663,1.3143,1.1917,1.032,0.24188,0.064711
4.3497,-4.0561,-1.1459,2.0032,-0.13145,-0.2577,1.3993,1.0027,0.64475,1.0739,0.6023,0.05181
3.206,-4.7516,-1.4542,1.55,-0.28154,0.22466,1.8338,1.3242,1.0512,1.189,0.62378,0.10399
3.4241,-4.0329,-1.5697,1.0509,-0.47378,0.083114,1.6858,1.1386,0.68557,0.77189,0.16168,-0.23068
3.0864,-4.3923,-1.0605,1.0828,-0.5463,0.5684,1.3188,0.4643,0.89368,0.5054,-0.54337,0.010187
2.5991,-3.7939,0.10828,1.5196,-0.38632,0.93621,0.9481,-0.25978,0.90137,0.60759,-0.83983,-0.21848
2.8453,-4.6741,-0.60845,1.6843,0.45267,1.5976,0.67619,-0.97859,0.52318,0.38605,-1.3088,-0.86579
2.4646,-4.4326,-0.98728,1.9649,0.94859,1.1929,0.7749,-0.31702,0.54844,0.48186,-1.0436,-1.0972
2.1846,-2.9292,-0.51928,1.8905,0.48109,0.2983,1.0674,0.48644,0.24159,-0.026826,-0.91637,-0.89391
1.167,-2.888,-0.0026115,2.2102,0.29441,-0.47246,0.49017,0.61022,0.40812,0.33392,-0.01392,-0.39877
0.97292,-2.5901,0.19993,2.3199,0.55185,-0.036577,0.83842,0.43933,-0.023406,0.28468,0.35078,0.30641
0.41792,-2.4474,0.16442,2.5127,0.5931,-1.0441,0.075654,0.99906,0.47392,0.058937,0.29471,0.37534
0.46441,-1.9712,0.53445,2.2103,0.32387,-0.65504,0.3342,0.73998,0.29772,-0.093259,0.025584,0.52136
0.24226,-1.5973,0.73581,1.9343,-0.16123,-0.81981,0.79484,1.0867,-0.15787,-0.46222,0.48169,0.86482
-0.0096647,-1.7724,0.031309,1.4919,-0.053975,-1.1322,0.065131,0.79785,-0.049605,-0.55552,0.0068075,0.41168
0.10741,-1.608,0.17607,1.5967,0.095242,-0.99435,0.075646,0.88956,0.27322,-0.39645,-0.16687,0.4506
-0.0080614,-2.0514,0.0090158,1.7966,0.027387,-1.4369,-0.10256,1.047,0.194,-0.69532,-0.2633,0.42391
-0.078955,-1.6763,0.20444,1.4746,-0.24586,-1.2028,0.18592,0.93097,-0.048684,-0.71557,-0.11018,0.57906
0.034174,-0.96801,-0.039889,0.83349,-0.047823,-0.76304,0.11574,0.75034,-0.070627,-0.67462,-0.022886,0.48734
0.1936,-0.25192,-0.327,-0.1181,0.039112,0.1546,0.28179,0.17085,-0.22488,-0.41757,-0.1044,0.28298
0.22626,-0.36541,-0.41614,-0.056655,0.1491,0.15756,0.20607,0.14523,-0.20262,-0.43948,-0.13272,0.36418
0.23751,-0.37984,-0.43251,-0.06805,0.1533,0.20307,0.25301,0.097358,-0.31879,-0.44989,0.0073795,0.44813
0.35012,-0.65862,-0.39961,0.20584,0.184,0.10883,0.27449,0.079552,-0.49206,-0.64668,-0.031068,0.58324
0.49018,-0.91749,-0.79921,0.064165,0.37265,0.37738,0.40242,0.0090598,-0.69646,-0.77697,0.10803,0.88933
0.53711,-1.288,-1.0551,0.27179,0.54949,0.15742,0.31566,0.31899,-0.5979,-1.0368,0.11328,1.2203
0.5613,-1.7759,-1.2541,0.72452,0.27409,-0.3745,0.50632,1.161,-0.42387,-1.6306,-0.18536,1.2712
0.29188,-1.7106,-0.9926,1.1092,0.058544,-0.76435,0.39114,1.2953,-0.21987,-1.5137,-0.0020734,0.9963
-0.38508,-1.0593,-0.68068,1.6048,-0.14292,-0.92738,-0.0072336,1.0425,0.018968,-1.2699,0.36845,0.64672
-1.2068,-0.035384,-1.0567,1.8041,-0.56786,-0.76687,0.1561,0.71531,0.41441,-1.5374,0.85223,-0.12206
-0.93992,0.10305,-1.3936,1.1476,-0.94193,-0.56111,0.57363,0.86466,0.90638,-1.4155,0.25821,-0.73836
-0.29265,-0.40904,-1.6691,0.67109,-1.162,-0.60082,1.0111,1.571,0.89773,-1.6199,-0.30059,-0.73889
-0.67298,-0.079887,-2.2624,0.554,-1.4543,-0.81212,1.6282,1.6719,1.3799,-2.1802,-0.16784,-0.95733
-1.0383,0.24552,-2.804,0.41584,-0.93406,-1.6428,2.2355,1.542,2.0201,-2.6841,-0.41776,-0.63976
-2.2995,1.6521,-3.276,-0.057704,-0.5381,-1.8829,3.0993,0.51214,2.3489,-2.6352,-0.34233,-0.77099
-3.0832,2.194,-3.0742,0.17367,-0.099129,-1.9524,3.1964,-0.4261,2.3096,-2.5686,0.0011827,-0.74918
-3.3434,2.0639,-2.5131,0.81357,0.49932,-1.8679,2.2521,-1.0213,2.0833,-2.0261,0.13541,-0.52947
-2.6252,1.4903,-2.1086,1.0518,0.85098,-3.0572,0.82345,-1.2844,2.6148,-1.121,0.12728,0.19088
0.038701,1.4727,-2.8362,-0.25768,-0.6656,-4.2405,0.078028,-0.71701,2.9589,-0.87231,-0.11798,0.071978
4.0019,2.1818,-3.9575,-1.4547,-0.74432,-3.1722,-0.062906,-1.1635,2.3884,-0.7865,-0.011378,-0.30869
7.1486,1.3452,-3.8126,-2.0471,-0.75876,-1.4361,-0.18195,-0.64966,1.0545,0.20681,0.58867,-0.18322
10.007,0.37106,-4.3731,-0.2985,0.30153,-2.1983,0.22194,-0.29419,1.7098,-0.39042,1.0371,-0.5547
7.3422,-0.38657,-3.1482,-0.73697,0.34633,-0.73197,-0.1072,0.25126,1.4012,0.18851,0.63755,-0.30301
7.4529,-1.7051,-2.5549,-1.1163,0.73937,-0.023841,-0.78963,0.14664,2.4787,-0.017515,0.72935,-0.45861
8.1347,-2.404,-1.5163,-1.7779,0.87192,0.89291,-1.0958,-0.69848,2.3666,-1.0882,0.78692,-0.32135
6.8727,-1.7185,-1.2175,-1.6451,0.47246,0.96251,-1.0649,-0.02501,1.393,-0.75394,0.79179,-0.43454
7.0844,-2.023,-0.57029,-1.6786,0.73451,1.1356,-1.0317,0.20868,1.1711,-0.96123,0.97306,-0.57661
7.3522,-2.8476,-0.054743,-1.3166,0.32063,1.702,-0.53172,0.34997,1.7662,-1.2082,1.701,-0.68358
6.7777,-2.8645,-0.059908,-1.4645,0.86201,1.9926,-0.75099,0.61153,2.0485,-0.47505,1.2582,-0.46463
8.028,-3.2428,0.25919,-1.6445,1.2234,0.98957,-0.28698,0.11405,2.1885,-0.58707,1.5193,-0.82282
8.1069,-2.8971,-0.27279,-1.269,0.47788,1.1684,-0.27199,0.23898,1.5959,-0.50037,1.104,-0.51034
7.7682,-2.4166,-0.52052,-1.4109,0.82118,0.92923,-0.95674,0.75454,1.2491,-0.77644,1.1021,-0.48532
7.4839,-2.1708,-0.59586,-1.7306,0.94127,1.1705,-1.3056,0.19509,1.5973,-0.02491,0.50207,-1.0943
7.7835,-3.556,0.28653,-2.7035,1.2463,0.94177,-0.95594,-0.037875,2.322,-0.47727,0.99592,-0.88065
6.4424,-2.3781,-0.59113,-1.6511,-0.075176,1.3046,-1.0498,0.21706,1.7549,0.48809,0.10436,-0.85478
8.7845,-4.0624,0.043583,-2.0524,0.56341,0.66781,-1.2059,-0.39301,1.9533,-0.54978,0.57536,-0.61312
7.525,-3.8262,0.11944,-2.795,0.52912,0.61699,-1.2326,-0.070618,0.84388,-0.99978,0.51524,-0.75004
6.589,-3.5163,-0.14949,-2.0948,0.35693,0.56835,-0.99096,0.0096239,0.93672,-0.99418,0.26924,-0.98754
6.3949,-3.4852,-1.0312,-1.1036,-0.15012,-0.22587,-1.2515,0.18139,0.45752,-0.58423,0.40413,-0.55615
7.5501,-3.6875,-0.92252,-1.1074,0.42435,0.10939,-1.8319,-0.1522,1.1085,-0.33953,0.14853,-1.3609
7.0631,-3.0301,0.14267,-1.0714,-0.099298,-0.55388,-1.6725,0.17619,0.96789,-0.6001,0.24965,-1.0654
6.2563,-2.6593,-0.6304,-0.85011,0.11062,-0.17126,-2.0739,0.88982,1.4967,-0.73399,-0.075866,-1.159
8.3986,-3.463,0.017966,-0.66566,0.26777,-1.0248,-2.4697,0.72011,1.8598,-1.8405,-0.24469,-0.32186
6.4396,-1.4667,-0.063831,0.0098343,-0.15191,-0.70801,-1.6709,0.12232,0.23402,-1.557,-0.33762,-0.23075
8.1474,-2.7507,0.30913,0.17827,-0.39244,-1.052,-1.2932,0.60454,1.2498,-1.3035,0.28599,-0.61593
7.0381,-0.67658,-0.29991,0.73597,-0.026234,-1.3268,-0.97524,0.81325,0.31238,-1.3704,-0.62071,-0.64193
8.3121,-1.4965,1.0732,0.70292,-0.63153,-1.441,-1.7993,0.39138,0.78825,-1.2209,-0.066635,-0.88758
5.9374,-0.6066,-0.14958,1.3352,0.33357,-1.3826,-1.6953,-0.25396,-0.50362,-0.95085,-0.065352,0.067245
8.042,-2.436,-1.2543,0.72188,0.6171,-0.75114,-0.78747,1.2503,0.45268,-1.0178,0.14625,-0.46884
4.9377,-2.8858,-0.59846,-0.37797,-0.62464,-0.91477,-1.3863,1.1661,0.93929,-0.53588,0.10347,-0.65903
5.7701,-2.644,-0.30782,-0.64574,-0.77346,-0.98059,-1.5555,1.0362,0.18825,-1.3521,0.61726,-0.36037
5.2915,-2.033,0.33787,-0.021428,-0.18826,-0.23603,-1.9355,-0.57264,-0.69328,-1.7445,0.077625,-0.029047
5.0337,-2.5699,-0.86705,-0.44099,0.44005,0.29803,-1.4461,0.12483,-0.17573,-1.2475,0.68931,0.42792
4.5785,-2.9252,-1.9587,-0.91047,0.61724,0.46787,-1.437,-0.32789,-0.66494,-2.0062,-0.50236,0.20447
2.8893,-3.6931,-2.422,-1.1418,0.81172,0.15425,-1.3518,0.062197,-1.0429,-1.5155,0.32464,0.38491
2.661,-2.4365,-0.46845,-0.092559,0.5511,-0.52001,-0.77318,0.26763,-1.6551,-1.4338,-0.25848,-0.59008
2.2614,-2.0983,-0.56393,-0.84733,0.81139,0.2574,-1.1041,0.042596,-1.6775,-1.2551,0.65453,-0.1824
2.7809,-1.5824,-0.15611,0.076456,0.064952,-0.25506,-1.6289,-1.3179,-0.93953,-0.90483,-0.25537,0.425
3.7268,-2.0249,-0.077923,-0.026906,-0.62368,-0.71222,-1.8621,-1.6419,-1.1567,-0.73277,-0.027245,0.46545
3.1587,-3.3869,-1.1708,-0.40094,-0.91844,-0.40968,-1.2067,-1.7828,-1.2355,-0.3175,-0.051489,0.47933
3.6923,-3.7066,-1.1188,-0.26944,-1.8287,-0.82221,-0.10296,-0.81267,-0.89348,0.11241,0.17783,-0.15993
3.9637,-3.2663,-1.0989,-0.51468,-2.781,-1.2276,0.22125,-0.92386,-0.61485,0.38008,-0.041831,0.20573
3.2333,-2.1667,-1.2734,-0.62181,-1.8852,-0.94237,0.62633,-0.2987,-0.68528,0.55254,0.14384,-0.41016
2.5633,-1.8534,-1.3656,-0.67955,-1.3995,-0.94669,0.14476,-0.15268,-0.37135,0.26283,-0.030935,0.13656
2.3434,-1.1457,-1.7353,-1.4176,-1.2566,-1.0348,0.023794,0.42364,0.20462,0.58374,0.26333,0.41458
1.8525,-0.47685,-1.3402,-1.2979,-1.1502,-1.0336,-0.22473,0.6479,0.74838,0.56041,0.25348,0.43012
1.4683,-0.94386,-0.80929,-0.13731,-0.97086,-1.6932,-0.88373,0.50379,1.1517,0.75074,0.17067,0.35495
0.86889,-1.4281,-0.58533,0.66081,-0.38601,-1.5199,-0.72444,0.59069,0.90922,0.49633,0.10322,0.10119
0.39988,-1.2268,-0.5273,0.77109,0.20359,-0.96499,-0.53993,0.67409,0.8061,0.075306,-0.2781,-0.12485
0.11737,-1.0237,-0.32916,0.85604,0.47717,-0.61079,-0.53452,0.3311,0.49366,-0.063264,-0.36699,-0.15273
0.061889,-0.93092,-0.18234,0.74118,0.2909,-0.47213,-0.37464,0.18072,0.41716,0.07631,-0.40323,-0.25634
0.0063875,-0.83514,-0.052326,0.53578,0.17514,-0.15821,-0.36424,-0.1747,0.55536,0.37645,-0.66307,-0.42574
0.024673,-1.412,-0.12538,0.96807,0.34167,-0.41841,-0.64714,-0.053016,0.93103,0.32993,-1.0592,-0.40221
0.22312,-1.6294,-0.63424,1.2533,0.94666,-0.73274,-1.1156,0.19164,1.1228,0.25409,-0.97916,-0.52907
0.29158,-1.6411,-0.72715,1.2522,0.97736,-0.85886,-1.1965,0.36885,1.2684,0.16083,-1.0407,-0.44396
0.17105,-1.0723,-0.48951,0.80626,0.74023,-0.43182,-0.88855,0.031282,0.91466,0.31467,-0.81749,-0.54755
