0.026535,0.024976,0.022466,0.019127,0.015123,0.010647,0.0059088,0.0011248,-0.003496,-0.0077629,-0.011514,-0.014622
1.0027,0.92004,0.78883,0.61822,0.41995,0.20736,-0.0057444,-0.20616,-0.38226,-0.52485,-0.62767,-0.68775
3.7057,3.2021,2.4612,1.606,0.76648,0.052028,-0.46823,-0.77331,-0.88534,-0.85512,-0.7435,-0.60457
4.937,4.1848,3.0863,1.8351,0.63633,-0.33875,-0.98561,-1.2808,-1.2752,-1.0695,-0.78177,-0.51438
5.5583,4.2018,2.7779,1.6444,0.35375,-0.6125,-1.1201,-1.1452,-1.2641,-1.1738,-0.82606,-0.33371
5.8758,3.9858,2.6761,2.113,0.27316,-1.2343,-1.4731,-0.8301,-0.91833,-1.2366,-0.80914,0.064227
7.7758,2.3193,1.6649,2.7074,-0.4919,-3.6945,-2.6618,0.48346,0.644,-1.0443,-1.1052,0.27736
6.5269,1.2044,1.1783,2.3819,-0.59427,-3.4527,-2.1163,1.0348,0.94084,-1.1289,-1.264,0.32141
8.8701,0.82883,0.96576,2.2963,-1.651,-4.7987,-1.8049,2.8092,1.1787,-1.8607,-1.1548,0.51878
9.0153,-0.40231,0.104,1.8646,-1.4457,-3.9588,-1.2882,2.4513,0.66134,-1.8568,-1.042,-0.11979
6.9187,-0.26542,0.49404,0.94831,-1.6223,-3.1281,-1.0816,2.5925,0.84522,-1.6897,-0.7289,-0.20939
10.04,-3.2754,0.91902,0.15809,-0.53141,-2.0221,-1.7927,3.4414,0.71117,-1.3248,0.66728,-1.3467
7.3364,-2.0102,-0.49937,0.70218,-0.18766,-1.7552,-1.1653,2.543,0.7564,-1.0115,0.47836,-0.44798
8.6217,-2.4977,-0.30702,0.70478,-0.67682,-1.9977,-1.3206,2.1993,0.76137,-0.50273,0.56817,-0.58574
10.73,-3.9117,0.56634,-0.36784,-0.16406,-1.6526,-1.2116,2.3401,0.47255,-0.095144,0.66174,-0.79022
7.58,-2.5235,-0.1384,-0.056663,-0.10402,-1.1288,-0.82761,2.295,0.88331,-0.12704,1.0338,-0.78073
5.5412,-1.8211,-0.11577,-0.035527,-0.060492,-1.0455,-0.88973,2.5281,1.4495,0.037732,0.97659,-0.5283
5.0033,-1.7645,-0.045779,-0.35084,-0.0047194,-1.5268,0.071178,1.2658,1.7036,0.49681,0.51693,-0.6214
4.261,-2.0039,0.26201,-0.78996,-0.41154,-1.2708,-0.20521,1.2001,1.8522,0.67078,0.4246,-0.17619
4.5825,-2.5668,0.49299,-1.0385,-1.1118,-1.7032,0.22216,1.2516,1.857,0.11612,0.27159,-0.36274
5.3688,-2.5822,-0.57559,-1.0018,-0.1753,-1.2072,-0.26167,0.78472,1.0539,-0.16572,-0.23064,-0.57574
5.6043,-2.5296,0.40171,-0.97434,-0.49284,-1.5874,-1.2124,0.6594,0.77283,0.16798,0.43246,-0.52021
3.9895,-2.231,0.80471,-1.1867,-0.7011,-2.2336,-1.228,0.28137,1.7635,0.87415,-0.074791,-0.61414
3.9308,-2.7695,-0.32594,-1.4811,-1.5124,-1.7547,-0.6798,0.20461,0.68444,0.46787,-0.026861,-0.64015
5.7705,-2.9044,-0.3256,-0.82819,-0.93223,-1.2689,-0.82373,0.70087,0.42947,0.0080365,0.20663,-0.33553
7.0451,-3.4014,-0.56854,-0.44205,-1.1261,-0.72874,-1.1809,0.94428,0.58572,-0.32944,0.040356,-0.78858
8.2009,-4.7066,1.9152,-1.9168,-1.4833,-0.69318,-1.796,0.63323,0.20237,0.64202,0.15195,-1.2984
4.9719,-3.6534,1.0898,-0.66715,-1.0251,-0.30574,-1.2817,0.80234,0.35754,-0.15047,-0.4261,-1.7384
6.1665,-4.387,1.4047,-0.75102,-0.052651,-0.13415,-1.2192,-0.17264,-0.15933,-0.15639,-0.97202,-0.81944
6.1814,-4.5973,1.4847,-1.0025,-0.7437,-1.5071,-1.2725,0.92689,-0.22051,-0.64442,-0.70572,-0.81216
4.9691,-4.914,1.6766,-1.4097,-0.30749,-0.90337,-0.77768,1.1663,-0.35457,-0.39018,-0.24723,-0.4633
5.5334,-5.0901,1.3326,-1.1876,-0.40914,-0.039795,-0.41842,0.47186,-0.031203,-0.44129,-0.68933,0.089437
5.4122,-4.7097,1.0234,-1.5219,-1.0835,-1.4437,-1.4047,0.54125,-0.2459,-0.8844,-0.72918,-0.69862
2.8489,-5.7823,1.3458,-1.3818,-0.4687,-0.57567,-0.5596,1.4142,0.78433,-0.19537,-0.14212,-0.33468
2.8431,-5.887,0.34247,-2.1102,-1.2261,-0.93605,-0.84534,0.68095,0.9668,-0.3004,-0.72202,0.31209
3.2314,-4.6609,0.71514,-1.5171,-1.2309,-1.078,-0.58407,0.28896,0.43286,-1.117,-1.054,0.30494
3.0234,-5.5726,0.98962,-0.77318,-1.0975,-1.8461,-1.4511,0.95104,0.94428,-0.52933,-0.86083,-0.31229
2.4246,-5.1452,1.2486,-0.31725,-0.88669,-0.95766,-1.3128,0.76784,0.47152,-1.2948,-1.1683,-0.25087
2.5353,-5.0141,1.0776,0.50133,-1.3038,-1.5998,-1.8539,0.6357,0.60434,-0.74866,-0.51551,-0.19882
2.5203,-5.1888,1.1047,-1.4502,-3.1285,-1.5715,-1.1909,0.92061,0.94071,-0.70985,-0.34519,0.37481
2.5819,-4.9354,0.9509,-0.85844,-2.5592,-1.6833,-0.92105,0.49041,0.20509,-0.56321,-0.071124,0.27877
2.2365,-4.7862,0.97465,-0.93461,-2.7224,-1.5477,-1.1957,0.39513,0.66704,-0.12461,0.32279,0.66179
2.3352,-4.5162,0.91722,-0.38156,-2.1659,-0.65449,-1.1495,-0.36056,0.25564,-0.69065,-0.44083,0.33857
2.6745,-4.7518,0.97574,-0.22482,-2.7815,-0.93721,-0.38404,0.34113,0.38329,-1.3225,-1.2051,0.47882
3.108,-3.5687,0.89953,-0.53484,-2.3381,-0.42474,0.0024877,-0.56808,-0.24524,-1.1856,-1.5,0.13708
3.1208,-3.2209,1.0801,0.041733,-2.1952,-1.2137,-0.40682,-0.28494,-0.011115,-1.231,-1.5669,0.45797
2.5688,-3.5189,0.47086,0.41403,-1.8753,-1.3691,-0.087248,-0.13753,0.013362,-0.38033,-1.1441,0.50469
3.2487,-2.6233,1.4341,1.3007,-2.0703,-2.0338,-0.71257,-0.27801,0.0004118,-1.0001,-1.7222,-0.29227
2.3635,-2.394,2.207,1.5339,-2.2595,-1.981,-1.5595,-0.62588,0.51197,-0.75215,-1.0634,-0.11593
2.8589,-1.9959,2.3367,1.8934,-1.8104,-1.7759,-1.2586,-0.59801,-0.41145,-1.6848,-1.1259,0.051853
2.5845,-2.1584,1.5029,1.3612,-2.1304,-1.7772,-0.28616,0.15803,-0.38713,-1.6155,-1.2984,-0.23583
3.1896,-0.51873,1.7228,0.43811,-2.8669,-1.573,0.044752,-0.58123,-0.66533,-0.62936,-0.84054,-0.46905
2.0265,-1.3602,1.1535,0.99747,-2.3918,-2.1627,-0.21044,0.07625,0.19397,0.030804,-0.32956,0.31081
1.5313,-1.3113,0.7598,1.0332,-1.5655,-1.6454,-0.23324,-0.13755,-0.2662,-0.49655,-0.70246,0.21591
2.3475,-0.61553,0.99532,0.94528,-1.8029,-1.9385,-0.17076,0.31607,-0.092321,-0.73751,-0.88648,-0.13259
2.8955,0.031374,0.67684,0.54162,-1.7981,-2.3074,-0.60414,0.41617,0.041368,-0.79575,-1.0177,-0.46037
3.7693,0.78878,0.12949,-0.085424,-1.7974,-2.654,-0.94649,0.8079,0.34793,-0.89162,-0.94718,-0.43663
3.3993,0.81304,-0.22576,-0.61237,-1.8161,-2.4186,-0.93304,0.90808,0.86595,-0.26555,-0.56284,-0.26644
1.6355,-0.51842,-1.0364,-0.73606,-1.1938,-1.3708,0.072172,1.5996,1.164,-0.29075,-0.63326,-0.075893
1.9313,-0.43169,-1.2385,-1.1169,-1.3554,-1.1087,0.29852,1.3041,0.66822,-0.38681,-0.35183,0.28577
2.3027,0.18611,-1.7198,-2.4399,-1.8961,-0.62838,0.60592,1.166,0.91557,0.34151,0.048288,0.12069
2.1685,0.18285,-1.6983,-2.4114,-1.7598,-0.41439,0.69297,1.0478,0.78514,0.38549,0.18823,0.16082
2.0493,0.11073,-1.3629,-1.8485,-1.6582,-0.97184,0.09814,0.93335,0.91488,0.363,0.12899,0.33674
1.9032,0.11314,-1.156,-1.6466,-1.7517,-1.288,-0.022332,1.2271,1.3573,0.55623,-0.04205,-0.052322
1.297,0.38393,-0.59728,-1.25,-1.382,-0.97779,-0.21292,0.54324,0.92181,0.82749,0.46222,0.078113
1.1528,0.45677,-0.375,-1.0101,-1.2204,-0.97258,-0.42226,0.17643,0.5943,0.72081,0.58733,0.32011
0.90929,0.32825,-0.35211,-0.84585,-0.9674,-0.70841,-0.22468,0.25337,0.53572,0.55319,0.36756,0.11572
2.6894,1.7288,0.51682,-0.54056,-1.1426,-1.204,-0.86139,-0.38264,-0.030258,0.053379,-0.11215,-0.38567
4.4366,3.2839,1.8129,0.48941,-0.34771,-0.60794,-0.4465,-0.15051,0.019119,-0.052261,-0.30545,-0.57331
6.3151,4.6334,2.3643,0.95734,-0.20468,-0.49737,-0.62292,-0.31589,-0.26868,-0.26463,-0.47503,-0.60221
5.8424,4.5533,2.8654,1.2636,0.11637,-0.44666,-0.53944,-0.41544,-0.31938,-0.37275,-0.54451,-0.70774
4.7511,3.3572,1.4883,0.50679,-0.44443,-0.67039,-0.70419,-0.39954,-0.2199,-0.10028,-0.21162,-0.40702
4.4428,3.4185,2.0412,0.68026,-0.34675,-0.87452,-0.9267,-0.67851,-0.36648,-0.18612,-0.22013,-0.42335
2.2583,1.5903,0.70718,-0.13571,-0.72353,-0.9526,-0.85415,-0.56466,-0.25876,-0.075027,-0.065801,-0.18938
1.8909,1.4238,0.79214,0.16212,-0.3201,-0.57369,-0.60179,-0.47842,-0.31109,-0.19571,-0.18173,-0.26026
0.8102,0.39136,0.43022,0.33189,-0.22921,-0.50607,-0.21482,-0.095483,-0.32899,-0.23763,0.16017,0.14449
1.4419,-1.0143,1.4408,2.4988,-0.82635,-2.1277,0.13086,0.29825,-1.743,-1.4675,0.21468,0.032321
2.0054,-1.4163,1.6008,2.9342,-1.3374,-3.0707,-0.16907,0.44235,-1.6574,-1.3371,0.55494,0.53673
2.6275,-0.34378,2.2171,2.8204,-1.2971,-2.5141,0.06556,0.049887,-1.8505,-1.0439,0.71098,0.40606
2.2465,0.067494,1.5802,1.8109,-1.1948,-2.2181,-0.44511,-0.34364,-1.6145,-0.95591,0.43854,0.2825
1.7001,-0.12868,1.375,1.8043,-0.80305,-1.8291,-0.27297,-0.23847,-1.7129,-1.3636,0.029698,-0.039101
1.3266,0.052203,1.1765,1.3138,-0.75372,-1.3844,-0.19799,-0.51573,-1.809,-1.2733,-0.09193,-0.394
1.5208,0.10106,1.3947,1.6125,-0.59387,-1.2845,-0.094579,-0.44481,-1.7096,-1.2338,-0.28303,-0.58623
0.90753,-0.19379,1.1436,1.2852,-0.70542,-1.1039,0.28401,-0.42778,-1.6709,-0.90198,-0.0085483,-0.61586
0.66765,-0.39132,0.8228,1.0361,-0.74823,-1.0681,0.13362,-0.27743,-1.4346,-0.78717,0.15826,-0.3632
0.62211,0.014333,0.61618,0.55483,-0.5453,-0.68443,-0.0856,-0.49027,-1.0689,-0.49712,-0.0083542,-0.38976
0.34342,-0.10852,0.4519,0.49086,-0.32731,-0.40368,0.093273,-0.22877,-0.72579,-0.35296,-0.048461,-0.38518
0.12364,0.046088,0.18543,0.13285,-0.099098,-0.14112,0.055595,-0.18589,-0.28209,-0.093219,-0.070384,-0.19116
0.024304,0.017924,0.08575,0.042149,-0.067638,-0.13209,0.051151,-0.14292,-0.15379,-0.018158,-0.019321,-0.043391
0.058373,0.04037,0.047072,0.030688,-0.0084268,-0.018628,-0.01816,-0.046673,-0.065341,-0.048643,-0.045027,-0.059125
0.37736,0.34435,0.29175,0.22303,0.14269,0.055951,-0.031598,-0.1144,-0.1873,-0.24592,-0.28692,-0.30826
1.6769,1.403,0.9927,0.50669,0.013879,-0.42044,-0.74547,-0.93253,-0.97806,-0.9018,-0.74066,-0.53988
3.0849,2.4508,1.5392,0.52892,-0.3956,-1.0877,-1.4693,-1.5408,-1.3708,-1.0683,-0.74762,-0.49703
4.1485,1.4968,1.7113,0.75548,-1.094,-1.862,-1.8671,-0.8278,-1.5217,-1.6339,0.11064,0.31723
3.6812,1.3026,3.3605,0.81262,-2.1775,-2.2734,-1.908,-0.50722,-1.7292,-1.958,0.81825,0.87916
5.632,0.42321,7.2845,1.5416,-3.1228,-2.449,-2.9141,0.34159,-0.60471,-2.1594,1.7572,1.4396
4.2386,1.3817,6.8372,1.3953,-2.9224,-1.8189,-1.9736,0.67986,-0.35813,-2.0661,1.3231,1.5191
7.1195,-0.65992,6.8992,1.4149,-2.5099,-1.1889,-2.5343,1.0585,0.65686,-1.7601,1.7369,1.2963
5.6434,0.16278,6.5873,1.186,-2.3331,-1.0757,-2.0706,1.3322,0.5621,-1.799,1.2259,1.1032
5.2924,0.27288,5.3803,1.0776,-1.918,-0.65177,-1.6719,0.76326,0.24418,-1.4939,1.2085,0.96648
6.3924,-0.38857,7.3022,0.42743,-3.061,-1.4702,-2.1445,1.2618,1.2935,-1.3116,1.054,0.99777
5.7956,-0.49674,6.8855,0.18224,-2.9344,-1.6256,-2.2083,1.7089,1.3666,-1.652,0.90783,1.0761
4.4278,0.13387,5.2863,0.21274,-2.7021,-0.968,-1.597,1.2958,0.72114,-1.3851,1.1522,0.91868
4.8368,0.055494,7.6162,0.32065,-3.4866,-1.4211,-2.0399,1.8409,1.1495,-1.8468,1.043,0.79659
4.7713,-0.0024125,6.0105,0.83751,-2.4754,-0.85473,-1.8567,1.0967,0.7792,-1.472,0.7984,0.64471
5.7174,-0.80206,7.3962,0.66994,-3.1179,-1.1163,-2.0868,1.5342,0.76645,-1.7445,1.0636,0.43971
6.2687,-1.6085,7.9041,0.43447,-3.7694,-1.2941,-2.0302,2.1242,0.7309,-2.4223,0.68426,0.42377
5.8451,-2.0409,6.2007,-1.2564,-3.9382,-1.7112,-2.1834,1.462,-0.56147,-2.6912,0.48683,-0.2557
5.7441,-1.7087,7.0218,-0.8874,-3.9757,-1.6168,-2.1045,1.8117,0.19904,-2.564,0.70582,-0.36528
5.4226,-1.5462,7.1577,-0.25432,-4.2138,-2.7374,-2.6031,1.665,0.045547,-2.3241,1.0243,0.2416
5.1012,-1.5023,5.9181,0.19664,-3.651,-1.868,-1.6606,1.5746,0.16995,-2.0775,0.56164,0.2878
5.5899,-1.4606,6.7887,0.78214,-4.1203,-1.4567,-1.066,1.5548,0.47423,-1.7692,0.51394,0.26232
5.2083,-0.32968,6.2316,-0.019529,-3.7006,-0.57105,-0.58167,1.7192,1.1162,-1.5818,0.40491,-0.45835
3.1864,0.5017,6.2815,0.78395,-2.176,-1.2635,-0.14761,1.0233,1.0916,-2.5717,0.26694,-0.26152
2.0505,0.91116,5.6927,0.73622,-2.0331,-2.3836,0.68663,0.1553,1.2756,-2.3941,0.28059,-0.55429
-0.29404,1.8166,4.9095,-0.37057,-1.9533,-3.9816,0.62895,-1.0846,1.0187,-2.4856,-0.041844,-0.011332
-1.3914,2.4787,4.981,0.36268,-0.99731,-3.7738,0.96961,-1.421,1.2,-2.0822,0.0032697,-0.10001
-1.3881,2.7928,4.927,1.0612,-0.75117,-3.1622,1.9403,-1.5376,1.1049,-1.5502,0.32398,-0.71497
-0.95358,3.1228,4.8043,0.49874,-1.275,-3.2332,2.466,-1.3142,1.0871,-1.2681,0.49275,-0.60445
-1.0108,2.6583,5.0669,-0.14776,-0.7759,-3.2322,1.1374,-0.63631,0.97919,-1.5091,0.65873,-0.01914
-2.1094,2.1814,4.2814,-0.15272,-1.4696,-3.3919,1.3159,-1.9303,0.76492,-1.5674,0.57787,-0.2337
-2.6374,2.4161,3.9204,-0.25495,-1.0942,-3.1713,0.92637,-2.0462,0.5425,-1.6678,0.44046,-0.087269
-2.996,2.7869,4.3232,-0.54376,-0.20098,-1.9174,1.0029,-2.2683,0.92343,-1.3396,0.75891,-0.43004
-3.4493,2.6132,3.173,-0.3951,-0.63616,-1.8872,0.81882,-2.6176,0.40114,-1.9391,0.93837,-0.69363
-3.0743,2.7474,3.8721,-0.52642,-0.49123,-1.8311,0.23396,-3.0536,-0.28267,-2.508,0.41021,-1.1597
-3.4955,2.1019,3.6759,-0.2948,-0.028091,-2.1419,0.59156,-2.5721,-0.49329,-2.6433,0.68334,-0.79567
-3.2294,2.2006,2.8356,0.44147,-0.1791,-2.8576,0.68923,-2.6554,-0.94211,-2.7487,0.28719,-0.86138
-4.1574,1.541,2.5249,-0.10223,0.085976,-2.5822,1.1553,-2.3036,-0.29119,-2.4982,0.78263,-0.74054
-3.7273,1.4631,2.3565,0.59769,-0.36625,-2.1582,1.484,-2.4905,-0.088576,-2.6905,0.74464,-0.85078
-4.3335,0.67469,1.9226,0.24741,-0.64467,-1.7923,1.6144,-2.0598,0.23233,-1.7621,0.95288,-0.57392
-4.6089,0.7511,1.6545,0.73465,-0.34791,-1.6664,2.2478,-1.7053,0.21281,-1.7498,1.0304,-1.1225
-4.2971,1.9103,1.0114,0.42199,0.33582,-2.3998,2.0532,-2.1263,0.024594,-1.8459,0.62466,-0.97304
-4.3726,1.7743,0.65638,0.14124,0.62734,-2.5675,1.476,-1.5233,0.26513,-2.2463,0.85871,-0.41118
-4.3065,2.2217,-0.2052,0.39021,1.0677,-2.6793,1.6519,-1.312,0.67461,-2.4996,0.97085,-0.36119
-4.3913,1.9548,-0.7763,0.22413,1.073,-2.1338,1.6328,-0.77131,1.1827,-1.9029,1.2784,-0.1003
-4.1721,2.3329,-0.65728,-0.5744,1.4933,-1.8251,1.4577,-1.0456,1.1134,-1.2178,0.82119,-0.28864
-4.1518,2.3068,-0.34562,-0.97955,1.5171,-1.5426,1.3896,-1.2564,1.1881,-1.0976,0.84396,-0.40565
-3.6379,1.8837,-0.029033,-1.0773,1.2897,-1.0515,0.86923,-0.97143,1.0631,-0.90259,0.41231,0.061975
-3.6248,1.9511,-0.21365,-0.85618,1.1138,-0.96212,0.9247,-1.1486,1.3506,-1.2201,0.74791,-0.21295
-2.8647,1.7159,-0.66044,-0.36544,1.0335,-1.0777,1.1318,-1.3894,1.2613,-0.87006,0.65392,-0.34359
-2.5327,1.7346,-0.82908,-0.24594,1.1399,-1.4602,1.4786,-1.3726,0.95974,-0.50599,0.33918,-0.18925
-2.6604,1.8174,-0.98638,-0.15154,1.1505,-1.4103,1.4223,-1.4321,1.0057,-0.51767,0.48676,-0.40132
-2.0958,1.433,-1.0269,-0.069872,1.3201,-1.1437,1.0424,-1.6391,0.84514,-0.36879,0.56241,-0.60642
-1.6852,1.4033,-0.93627,0.035085,1.2541,-1.0504,0.85575,-1.7693,0.63998,-0.45476,0.38991,-0.60537
-1.101,0.95365,-0.74726,0.06239,0.1207,-0.53567,0.64482,-1.0532,1.0568,-0.2407,0.32078,-0.39898
-1.0586,0.80133,-0.54686,-0.099084,-0.43471,-0.51102,0.81065,-1.0312,1.2589,-0.064478,0.35894,-0.33215
-1.0666,0.64643,-0.39828,0.047644,0.015307,-0.7836,1.0534,-0.81038,0.89342,-0.49524,0.40422,-0.1247
-0.89587,0.47892,-0.29511,0.1777,0.22699,-0.73098,0.85185,-0.61141,0.47194,-0.5265,0.38209,0.068181
-0.50253,0.42125,-0.26769,0.015662,0.10214,-0.32144,0.41378,-0.40524,0.44927,-0.30391,0.22725,-0.12105
0.099879,0.095457,-0.18056,-0.22879,-0.18745,-0.13695,0.16162,0.11923,0.30734,0.053882,0.02458,-0.17991
0.067904,0.050233,-0.11096,-0.14469,-0.11167,-0.074121,0.10458,0.081763,0.17763,0.02616,-0.0043089,-0.11183
-2.3291e-16,4.6376e-16,4.6035e-16,2.2779e-16,2.2475e-16,0,2.1668e-16,2.1169e-16,1.0304e-16,1.9986e-16,9.6528e-17,9.2843e-17
-2.3291e-16,4.6376e-16,4.6035e-16,2.2779e-16,2.2475e-16,0,2.1668e-16,2.1169e-16,1.0304e-16,1.9986e-16,9.6528e-17,9.2843e-17
-0.021214,-0.032707,0.048681,-0.0081736,-0.041817,0.04329,0.0054624,-0.047878,0.034744,0.0187,-0.050448,0.023665
-0.076445,-0.11786,0.17542,-0.029454,-0.15069,0.156,0.019684,-0.17253,0.1252,0.067387,-0.18179,0.085278
-0.13463,-0.21903,0.31254,-0.037155,-0.2793,0.26414,0.060294,-0.30899,0.1927,0.14554,-0.30738,0.10941
-0.11959,-0.19973,0.27922,-0.026334,-0.25439,0.22981,0.065163,-0.27678,0.15856,0.14144,-0.26723,0.078702
-0.074279,-0.11452,0.17045,-0.028619,-0.14642,0.15158,0.019126,-0.16764,0.12165,0.065478,-0.17664,0.082862
-0.054691,-0.084323,0.1255,-0.021072,-0.10781,0.11161,0.014083,-0.12343,0.089573,0.048211,-0.13006,0.061011
-0.046688,-0.071984,0.10714,-0.017989,-0.092032,0.095275,0.012022,-0.10537,0.076466,0.041156,-0.11103,0.052083
-0.13822,-0.14323,0.25272,-0.087445,-0.14537,0.17628,0.014095,-0.18042,0.10893,0.12468,-0.23961,0.080415
-0.095764,-0.14765,0.21976,-0.036897,-0.18877,0.19542,0.024659,-0.21613,0.15684,0.084417,-0.22773,0.10683
-0.035052,-0.054043,0.080436,-0.013505,-0.069095,0.071529,0.0090257,-0.079109,0.057408,0.030899,-0.083356,0.039102
-0.062518,-0.09639,0.14346,-0.024088,-0.12324,0.12758,0.016098,-0.1411,0.10239,0.05511,-0.14867,0.069742
-0.066617,-0.10271,0.15287,-0.025667,-0.13132,0.13594,0.017154,-0.15035,0.10911,0.058724,-0.15842,0.074315
-0.045833,-0.070666,0.10518,-0.01766,-0.090347,0.093531,0.011802,-0.10344,0.075067,0.040403,-0.109,0.05113
-2.3291e-16,4.6376e-16,4.6035e-16,2.2779e-16,2.2475e-16,0,2.1668e-16,2.1169e-16,1.0304e-16,1.9986e-16,9.6528e-17,9.2843e-17
-2.3291e-16,4.6376e-16,4.6035e-16,2.2779e-16,2.2475e-16,0,2.1668e-16,2.1169e-16,1.0304e-16,1.9986e-16,9.6528e-17,9.2843e-17
-2.3291e-16,4.6376e-16,4.6035e-16,2.2779e-16,2.2475e-16,0,2.1668e-16,2.1169e-16,1.0304e-16,1.9986e-16,9.6528e-17,9.2843e-17
-2.3291e-16,4.6376e-16,4.6035e-16,2.2779e-16,2.2475e-16,0,2.1668e-16,2.1169e-16,1.0304e-16,1.9986e-16,9.6528e-17,9.2843e-17
-2.3291e-16,4.6376e-16,4.6035e-16,2.2779e-16,2.2475e-16,0,2.1668e-16,2.1169e-16,1.0304e-16,1.9986e-16,9.6528e-17,9.2843e-17
-2.3291e-16,4.6376e-16,4.6035e-16,2.2779e-16,2.2475e-16,0,2.1668e-16,2.1169e-16,1.0304e-16,1.9986e-16,9.6528e-17,9.2843e-17
-2.3291e-16,4.6376e-16,4.6035e-16,2.2779e-16,2.2475e-16,0,2.1668e-16,2.1169e-16,1.0304e-16,1.9986e-16,9.6528e-17,9.2843e-17
-2.3291e-16,4.6376e-16,4.6035e-16,2.2779e-16,2.2475e-16,0,2.1668e-16,2.1169e-16,1.0304e-16,1.9986e-16,9.6528e-17,9.2843e-17
-2.3291e-16,4.6376e-16,4.6035e-16,2.2779e-16,2.2475e-16,0,2.1668e-16,2.1169e-16,1.0304e-16,1.9986e-16,9.6528e-17,9.2843e-17
0.22485,0.15952,0.065131,-0.039739,-0.13475,-0.20193,-0.2293,-0.21311,-0.15838,-0.077518,0.012515,0.093873
0.29785,0.2077,0.078161,-0.064389,-0.19127,-0.27754,-0.30717,-0.27618,-0.19316,-0.077079,0.047104,0.15393
0.30314,0.2146,0.086782,-0.055064,-0.18328,-0.27351,-0.30957,-0.28654,-0.21143,-0.10127,0.020737,0.1303
-2.3291e-16,4.6376e-16,4.6035e-16,2.2779e-16,2.2475e-16,0,2.1668e-16,2.1169e-16,1.0304e-16,1.9986e-16,9.6528e-17,9.2843e-17
-2.3291e-16,4.6376e-16,4.6035e-16,2.2779e-16,2.2475e-16,0,2.1668e-16,2.1169e-16,1.0304e-16,1.9986e-16,9.6528e-17,9.2843e-17
0.23168,0.1727,0.085885,-0.013766,-0.10928,-0.1848,-0.22832,-0.23374,-0.20169,-0.13911,-0.057728,0.028298
2.7153,1.2315,-0.38972,-1.4598,-1.7358,-1.4542,-1.0372,-0.74509,-0.54932,-0.28176,0.12241,0.52283
6.9678,2.5548,-1.5816,-3.3721,-2.8221,-1.4673,-0.73617,-0.85436,-1.0973,-0.80194,-0.021661,0.65944
6.103,2.023,-1.6205,-2.6103,-2.1673,-0.954,-0.38093,-0.42277,-0.72699,-0.61257,-0.12495,0.41182
8.4543,3.1507,-2.0411,-3.4451,-2.2194,-0.078548,0.60698,0.11102,-0.56607,-0.3182,0.45289,0.98925
9.3631,3.3825,-2.1193,-3.5392,-2.1519,0.20889,1.0439,0.471,-0.46169,-0.4502,0.28804,0.93921
8.6386,1.1347,-0.8981,-2.5656,-1.7869,0.43992,0.5447,0.41846,-0.2136,-0.15882,0.44613,0.5091
8.7796,1.3386,-1.949,-3.1188,-1.6108,0.8564,1.0317,0.35154,-0.39804,-0.12103,0.63021,0.76152
6.7211,1.5111,-2.4844,-2.8845,-1.2099,0.71585,1.1068,0.61207,0.12433,0.38795,0.75684,0.67852
6.3659,-0.48612,-1.5078,-3.2198,-0.81606,0.80429,1.2108,0.31486,-0.052409,0.3542,1.0004,0.37803
6.9761,-1.5406,-1.1628,-2.2858,-1.0814,1.0958,0.50486,0.26688,-0.013785,-0.041258,0.97057,-0.1393
6.1755,-1.1023,-1.5155,-2.0378,-1.2279,0.87706,0.64366,0.13667,0.25847,0.1123,0.64846,-0.26084
5.4068,-1.9004,-1.6427,-2.2043,-0.93147,0.57342,0.79226,-0.024556,0.2034,0.6167,0.6868,-0.32877
4.708,-2.5472,-1.7328,-2.2544,-0.67163,0.61731,0.90433,-0.084461,0.56963,0.42621,0.83235,-0.27918
4.8439,-2.3347,-1.2164,-2.5055,-0.54527,0.13095,0.91555,-0.40305,0.583,0.56763,0.70945,-0.45384
4.9058,-2.5959,-1.1144,-2.4024,-0.62966,0.97203,1.1554,-0.67823,0.74745,0.11578,0.98625,-0.54827
5.0932,-2.7115,-1.1227,-1.8751,-0.41655,0.83846,0.78445,-0.88065,0.6716,-0.17769,0.75589,-0.26358
4.2572,-3.1114,-1.4121,-2.0978,0.23692,1.4259,0.8581,0.25435,1.0923,0.45291,1.5781,0.032112
4.7227,-2.1648,-0.83997,-2.3512,0.69652,2.1604,0.29413,-0.10983,0.86926,0.90591,1.0539,0.085926
4.5683,-1.9203,-0.79423,-2.2724,0.1311,2.0754,0.66853,-0.15397,0.96673,0.61622,1.2458,-0.070117
5.6443,-2.3511,-0.64777,-1.9135,0.042894,2.1164,-0.20078,0.078762,0.58992,0.41827,1.3856,-0.17721
5.078,-2.1014,-0.81733,-1.7209,0.048431,2.447,-0.041262,-0.74853,0.57274,0.53734,1.0501,0.022507
4.904,-2.6544,-1.0385,-2.0696,1.1664,1.4293,0.78132,-0.93991,0.75032,0.67852,0.44651,0.34763
6.3136,-1.861,-2.3845,-1.3046,0.31569,1.9302,0.43266,-0.21432,0.48142,0.84454,0.80093,-0.45395
8.9716,-3.936,-0.037162,-1.5995,-0.13152,2.1543,0.1174,0.69953,0.97934,-0.28565,0.96176,-0.32447
8.1348,-3.423,0.35877,-1.4804,0.15235,1.7431,0.28181,0.68206,1.4068,-0.72404,0.19856,-0.27967
6.1476,-2.1511,-0.47443,-1.0267,0.18516,1.8559,0.20244,1.1943,1.2831,-0.46505,0.38693,-0.18022
6.8178,-2.3537,0.35486,-2.0157,-0.016684,1.9325,0.69307,0.88364,1.9636,-0.033618,0.28416,0.05471
5.8771,-1.281,-0.10377,-1.7907,-0.052126,2.0759,-0.00010955,0.61969,1.5343,-0.54281,-0.049279,0.49597
7.1538,-1.6706,0.56864,-1.8746,1.1632,2.7475,-0.2952,-0.29587,1.0803,-0.24743,0.33786,-0.016064
5.7373,-0.79308,-0.059754,-1.1709,1.2093,2.0637,-0.37129,0.67794,1.6516,-0.21111,0.014,-0.41187
6.3712,-2.2452,-0.92734,-1.237,1.0261,1.1945,-0.55241,0.49853,1.3378,-0.61569,0.91369,1.0117
7.2296,-1.0231,-1.3731,-0.85109,2.0008,0.79162,-0.81889,0.26213,0.51127,-0.7044,0.14707,0.31531
6.6664,-1.7026,-1.9019,-1.3854,0.83475,0.69599,-0.43605,1.0688,0.79823,-1.1717,0.14784,0.59446
6.9572,-0.72577,-1.7767,-0.98893,0.99026,0.56064,-1.5989,-0.17683,0.46083,-0.69956,-0.22716,-0.70605
6.5255,-0.71338,-1.7336,-1.1595,0.72134,0.95437,-0.52047,0.47917,0.73091,-0.073668,0.51217,-0.014758
4.9877,-0.92297,-1.0015,-0.73462,0.79405,1.2963,-0.55432,-0.26241,0.1483,0.051074,1.1858,0.41606
4.7094,-1.5101,-1.4686,0.21865,0.87791,0.35796,-0.40046,0.21826,0.3027,0.088548,0.89001,0.2808
4.2196,-1.3899,-1.1672,0.16769,0.53682,0.02991,-1.0809,-0.61697,0.20853,0.35262,0.92397,0.46189
3.9661,-1.4914,-0.37459,-0.25219,-0.66317,0.14894,-0.01372,0.64306,1.0387,0.28801,1.0834,0.91516
3.1253,-2.0818,-0.25966,-0.22528,-0.97566,-0.40888,-0.50298,1.0212,1.4442,-0.49241,0.30264,1.0967
2.1366,-2.7889,-0.26212,-0.6421,-1.2684,0.40028,0.21768,1.2658,2.0532,-0.045649,0.21697,1.1311
2.1136,-3.36,-0.57366,-0.41636,-1.2208,0.70085,0.93781,1.1815,1.4992,-0.1957,-0.030048,1.1542
1.9043,-3.5927,-0.46501,-0.063135,-1.4105,0.45222,1.4569,1.3982,0.68055,-0.95271,0.049191,1.9117
2.3519,-2.6312,-0.78352,-0.1345,-1.3464,0.089,1.4794,1.1528,0.48521,-0.14468,0.48839,1.5286
1.8525,-1.6956,-0.81037,-0.66695,-0.61387,0.36854,-0.090774,0.18508,1.3594,0.78773,0.53455,1.1719
1.4665,-1.6792,-0.72321,-0.28611,-0.17787,0.91439,0.71416,0.38975,0.78899,0.15463,0.015894,1.1137
1.0892,-0.72539,-0.18994,-0.074244,-0.13632,0.65189,0.56968,0.14207,0.35502,0.035088,0.13762,1.304
0.67887,-0.80343,-0.055128,0.25757,0.17912,0.78224,0.59491,-0.002869,0.18025,0.22357,0.29084,0.81238
0.50215,-0.18668,0.046694,0.34315,0.47623,0.59485,0.38747,0.20542,0.23175,0.09584,0.23449,0.6365
0.39792,-0.29745,0.13526,0.76374,0.50579,-0.021594,0.1508,0.59066,0.34329,-0.10263,0.26,0.74491
0.34092,-0.057279,0.31103,0.70379,0.36329,-0.040445,0.2482,0.64809,0.38136,-0.045111,0.18015,0.58952
0.38191,-0.019544,0.081431,0.42161,0.45926,0.28988,0.24821,0.23269,0.11048,0.15884,0.45625,0.50418
0.45325,0.049059,-0.065886,0.23939,0.60234,0.59411,0.22156,-0.084496,0.024083,0.40828,0.6097,0.38714
0.6009,-0.18144,-0.35178,0.28615,0.94174,0.81837,0.080087,-0.37517,-0.023073,0.67327,0.86288,0.33946
0.56131,-0.28383,-0.46295,0.23113,0.93639,0.79484,-0.003261,-0.48204,-0.087771,0.66236,0.85188,0.28031
0.53265,-0.20661,-0.37435,0.22293,0.85019,0.74967,0.055497,-0.39236,-0.077452,0.58939,0.79862,0.31902
0.54201,-0.2606,-0.43481,0.22075,0.8945,0.76891,0.012549,-0.45289,-0.089524,0.62707,0.82353,0.28854
0.53494,-0.24549,-0.4159,0.22061,0.8766,0.75649,0.021313,-0.43394,-0.083382,0.61423,0.80901,0.29049
0.51003,-0.2479,-0.41415,0.20344,0.84152,0.72681,0.013309,-0.43076,-0.092235,0.58646,0.77927,0.2776
0.42419,-0.14334,-0.27999,0.17166,0.66091,0.60076,0.070896,-0.29359,-0.073042,0.44704,0.63944,0.28635
0.33784,0.047078,-0.040402,0.175,0.44072,0.44507,0.17889,-0.053851,0.011335,0.29257,0.45665,0.30563
0.23022,0.1631,0.14199,0.18965,0.24837,0.24693,0.18324,0.12677,0.13798,0.19816,0.23119,0.19184
0.19044,0.1896,0.18821,0.18626,0.18377,0.18074,0.17717,0.17309,0.1685,0.16342,0.15786,0.15183
0.18886,0.18802,0.18664,0.18471,0.18224,0.17923,0.1757,0.17165,0.1671,0.16206,0.15654,0.15057
0.17144,0.17069,0.16943,0.16768,0.16543,0.16271,0.1595,0.15582,0.15169,0.14712,0.14211,0.13668
0.17017,0.16942,0.16817,0.16643,0.1642,0.16149,0.15831,0.15466,0.15056,0.14602,0.14105,0.13567
0.15144,0.15078,0.14967,0.14812,0.14614,0.14373,0.14089,0.13765,0.134,0.12996,0.12553,0.12074
0.14709,0.14644,0.14536,0.14386,0.14193,0.13959,0.13684,0.13369,0.13014,0.12622,0.12192,0.11727
0.14119,0.14057,0.13954,0.13809,0.13625,0.134,0.13136,0.12833,0.12493,0.12116,0.11704,0.11257
0.11896,0.11843,0.11756,0.11634,0.11479,0.11289,0.11067,0.10812,0.10525,0.10208,0.098602,0.094838
0.11889,0.11837,0.1175,0.11629,0.11473,0.11284,0.11061,0.10806,0.1052,0.10203,0.098553,0.09479
0.10616,0.1057,0.10492,0.10383,0.10244,0.10075,0.098769,0.096493,0.093935,0.091101,0.088,0.08464
0.093199,0.092789,0.092106,0.091154,0.089934,0.08845,0.086707,0.084709,0.082463,0.079975,0.077253,0.074304
0.083655,0.083287,0.082674,0.081819,0.080724,0.079392,0.077828,0.076035,0.074019,0.071786,0.069342,0.066695
0.077016,0.076677,0.076113,0.075326,0.074318,0.073092,0.071651,0.07,0.068144,0.066089,0.063839,0.061402
0.067727,0.067429,0.066933,0.066241,0.065355,0.064276,0.06301,0.061558,0.059926,0.058118,0.05614,0.053997
-0.47705,0.49925,-0.2619,0.22293,0.025266,-0.034668,0.21152,-0.13868,0.22569,-0.09235,0.13959,-0.014982
-1.3473,1.1709,-0.69231,0.33084,0.18923,-0.45553,0.76086,-0.75116,0.76323,-0.51369,0.36459,-0.072794
-1.9826,1.6215,-0.89661,0.26019,0.48317,-0.89954,1.2381,-1.1719,1.0439,-0.63291,0.32325,0.075339
-2.7485,2.1057,-1.1006,0.065807,0.92798,-1.5784,1.9206,-1.817,1.4669,-0.87537,0.31021,0.214
-3.6739,2.9179,-1.6807,0.4285,0.83439,-1.6754,2.2064,-2.184,1.904,-1.2912,0.71884,-0.1314
-3.8306,3.0124,-1.8295,0.50814,0.71299,-1.6352,2.14,-2.2076,1.9102,-1.3839,0.78925,-0.27025
-4.1213,3.1708,-1.8167,0.34147,0.96616,-1.8809,2.2897,-2.2084,1.7625,-1.1411,0.53965,-0.10677
-3.418,2.6443,-1.5442,0.14074,0.8809,-1.6206,2.0618,-1.8065,1.4571,-0.94022,0.30626,-0.037646
-0.08764,2.4221,-2.9407,-0.96435,0.47823,-2.0508,1.1905,-1.6611,2.1991,0.042509,0.19716,-0.71815
3.1626,1.4012,-1.991,-0.85907,0.097669,-0.97033,0.25149,-1.0947,0.84021,-0.21625,-0.33031,-1.0184
7.7875,0.60627,-3.6527,-1.3186,0.82644,-2.6217,-0.37616,-0.25421,1.7687,-0.46489,0.84658,-1.4251
7.5565,-0.48435,-2.4913,-0.91957,0.93226,-1.2001,-0.89661,0.71031,1.3153,-0.54679,0.37828,-0.78662
6.906,-0.30221,-2.4197,-1.3044,1.4741,-0.54938,-0.87275,1.0407,0.6349,-0.70884,0.89624,-1.1245
6.7029,-0.51443,-1.9358,-1.9291,1.8745,0.28877,-1.0795,1.301,1.4732,-0.33704,0.98006,-1.113
6.912,-0.94848,-1.7857,-2.0343,1.7544,0.63217,-1.3027,1.4137,1.5147,-0.60432,0.87747,-0.49661
7.0642,-1.3227,-1.2241,-1.7825,1.1179,0.51305,-0.91832,0.4999,1.1702,-1.0728,0.82755,0.22751
6.569,-1.6918,-1.2423,-1.6502,1.3675,0.8421,-0.95186,0.50128,1.1764,-1.2017,0.69747,0.14747
6.8248,-2.2174,-0.74808,-2.1843,1.4133,1.4595,-1.202,0.044288,1.7988,-1.1908,0.84713,-0.15596
6.5026,-2.1676,-0.83493,-1.9311,1.1883,1.5692,-1.1407,0.46248,2.1057,-0.86871,0.4668,-0.068174
7.2465,-2.553,-0.60746,-2.2102,1.128,1.4427,-1.5458,0.12818,1.8124,-1.1233,0.54853,-0.28578
7.096,-2.6014,-0.18734,-2.2041,1.5371,1.0526,-1.3465,-0.16068,1.5008,-1.7496,1.012,-0.62261
6.4035,-2.3871,-0.59046,-2.7121,1.314,1.8156,-1.9663,0.34329,1.8665,-1.4937,0.81939,-0.635
7.4324,-2.9141,0.012067,-3.1778,1.379,1.6301,-1.8705,-0.18156,2.4919,-1.5374,0.68271,-0.47385
7.5249,-2.3936,-0.42743,-2.4502,0.92816,1.6562,-2.3,-0.093007,2.0618,-1.3708,0.98895,-0.93928
6.0413,-1.8545,-0.68285,-2.3071,1.306,1.4471,-2.452,0.19529,1.33,-1.1671,0.74657,-1.2114
5.5295,-2.0667,-1.2584,-2.5633,0.73869,1.0975,-2.3138,0.47168,1.7743,-0.93227,0.60477,-1.355
6.2808,-1.6369,-0.78344,-2.4302,0.76707,1.0357,-2.6663,0.49988,1.7681,-1.0166,0.66114,-0.82285
6.0945,-1.2943,-0.32165,-2.0952,0.38012,1.2205,-1.6991,0.44148,0.47283,-1.381,0.40771,-0.73918
6.6486,-2.9912,-0.49826,-2.614,1.229,1.8579,-1.6535,0.42726,1.4261,-1.5715,0.70928,-1.4376
7.6311,-1.3652,-0.64813,-2.0232,1.3281,0.65692,-2.7116,0.50008,1.3579,-0.71865,0.42225,-1.3288
7.6831,-0.60562,0.54206,-1.7134,1.2825,0.64529,-1.756,1.2827,0.96533,-0.9705,0.36888,-0.89971
7.5548,-1.3896,-0.47501,-2.2295,1.2528,1.1147,-1.9778,1.3161,1.4378,-1.0785,0.79135,-0.52847
7.9897,-1.0891,-0.83095,-0.31123,1.0449,-0.18194,-1.3614,1.1022,1.239,-0.55505,0.59039,-0.14438
7.3859,-1.8976,-0.23083,-1.058,1.7587,-0.18816,-1.3728,2.1872,2.2853,-0.51291,0.67501,-0.39037
8.0558,-1.9168,-0.33324,-0.96067,1.667,-0.82953,-1.8317,1.502,1.1771,-0.66738,1.177,0.33142
6.8193,-0.85077,-0.98185,-0.92112,1.0134,-0.049138,-0.72229,2.0209,0.93186,-0.71251,1.0593,-0.14348
8.6628,-1.7806,-1.0974,-0.36874,0.74328,-1.2264,-2.0666,2.01,1.283,-0.6176,1.1532,0.48169
7.2701,-1.3425,0.068493,-0.0030649,1.9629,-0.23108,-1.6916,2.3199,1.3433,-1.1305,0.3932,-0.10613
7.3748,0.31461,0.73331,-0.32384,1.8175,0.058742,-1.6704,1.8066,1.5117,-0.81938,0.18043,0.33459
6.4686,0.40186,0.76622,0.15263,2.1841,-0.32478,-1.787,1.8145,1.2017,-0.51234,0.72693,-0.199
6.7953,-0.21287,0.10458,0.18584,1.9535,-0.0068648,-1.8181,1.6798,0.92116,-1.0552,1.0628,0.54947
6.6087,-1.1591,-0.93228,0.39461,1.7928,-0.42451,-2.3196,1.3068,1.3209,-0.78336,0.44272,0.1881
5.9254,-0.050361,0.28113,-0.15965,1.029,-0.83705,-2.7226,1.4409,1.1921,-1.3715,-0.20285,-0.70398
5.4204,-0.5061,-0.40445,-0.17371,0.68948,-0.66255,-1.4658,2.0082,1.5472,-0.79963,0.14794,-0.093127
4.5921,-0.39021,0.30914,0.80346,0.99964,-0.92457,-1.9782,1.221,1.1127,-0.95853,0.15591,0.37984
4.1712,-0.91112,-0.45883,0.42091,0.81033,-0.69489,-1.3995,0.96823,0.35182,-1.3535,-0.13216,0.21052
4.7582,-0.29901,-0.34957,0.88985,0.58118,-1.3509,-1.1441,1.1558,0.36973,-0.87841,0.19701,0.4623
3.633,-0.96027,-0.46558,1.1729,-0.14163,-1.5386,-0.74721,0.051632,-0.4816,-0.71838,0.25045,0.94089
2.1301,-2.549,-0.12288,1.3193,1.1047,0.4797,-0.41463,-0.22619,-0.16403,0.15225,0.48612,0.14155
2.3607,-1.8271,1.6356,1.6956,0.82481,0.052116,-1.1125,-0.6282,-0.99275,-0.63721,0.43259,0.39091
1.1937,-1.8856,1.6172,0.38043,-0.21117,-0.32041,-1.4009,-0.27779,-0.80622,-0.87094,0.70287,0.84058
1.3394,-1.1023,2.0848,0.58568,-0.16107,-1.278,-2.4732,-0.092528,-0.40285,-1.1072,0.36312,0.46376
0.67787,-0.66973,1.23,-0.13206,0.18174,-1.137,-2.5603,0.2694,-0.0087978,-1.2171,0.17764,0.5102
0.82708,-0.77216,0.55434,0.35432,0.1054,-1.6403,-2.1905,0.51746,0.56399,-0.6666,-0.11284,0.69144
0.54705,-0.96662,-0.18773,0.52471,0.11242,-1.0156,-1.222,0.080675,0.56465,-0.15759,-0.21453,0.63857
