0.09881,0.27619,-0.030942,0.25208,0.13276,-0.11847,0.24316,0.61281,0.56495,0.59986,0.041269,0.30142
0.24203,0.77549,-0.45214,-0.064436,-0.66216,-0.34111,0.15748,0.22712,-0.28224,0.21799,0.0065817,-0.22664
0.80485,1.1952,0.41249,-0.21152,-0.060763,0.17469,0.85922,1.3808,0.3342,0.42985,0.40452,0.83824
1.3109,1.2698,0.32414,0.29416,-0.13886,0.08652,0.61438,0.060898,0.28476,-0.35916,-0.097025,0.37743
0.94878,1.1825,0.54928,0.40429,0.043886,0.14368,0.52381,0.84992,0.88665,0.0027617,-0.5028,-0.72389
0.12553,1.1245,-0.36335,0.42249,0.64995,-0.36945,-0.042628,0.69871,0.69294,-0.23428,-0.064836,0.66305
3.5967,3.9784,0.90875,0.70211,0.24924,-1.0211,-0.65119,0.54888,-0.11455,-0.29951,-0.66693,-0.19111
5.1301,3.495,0.35146,-0.45986,-0.80869,-1.1641,-0.53585,-0.10285,-0.36672,0.071998,-0.11645,-0.45329
6.6624,3.1228,-1.6348,-0.027789,-0.089312,-1.5123,-0.77212,-0.73961,1.3148,-0.16375,0.076581,-0.62766
2.9197,2.572,-0.025177,-0.42884,-0.83012,-1.628,-1.0582,-0.73209,0.61505,0.47711,0.065971,0.13842
2.8471,3.0156,-0.56252,-0.20098,-0.50234,-1.1227,-0.61613,-0.38097,0.45077,-0.14609,0.10013,-0.32824
5.4372,3.0015,-0.2608,0.051022,0.21833,-1.0054,-0.75215,0.23832,0.22777,-0.21707,0.035442,-0.48319
5.8319,3.6865,1.0327,0.28378,0.20961,-1.5395,-0.88449,-0.5084,1.0538,0.35475,-0.23965,-0.28848
5.2832,3.1714,0.032481,0.51143,0.48628,-1.3405,-0.28804,-0.38165,0.7807,0.41748,0.46902,-0.44654
4.7879,3.0109,0.091623,1.0286,0.46004,-1.7304,-0.66837,-0.82611,0.87807,0.40612,0.1585,-0.60804
3.7128,2.7708,0.68129,0.55387,0.57756,-1.8115,-0.87665,-0.45193,0.97499,0.10904,0.61551,-1.1424
3.8351,3.4275,-0.045186,0.59089,0.90027,-2.16,0.0028656,-0.59844,0.90027,0.15665,0.18693,-0.6879
2.7506,4.2582,0.18368,0.24356,1.2214,-1.0602,-0.41836,-0.08488,0.030933,0.99463,-0.12394,-0.68065
2.2612,4.6602,-0.43056,0.20677,1.3005,-1.0292,-0.022872,0.5475,0.75238,0.63672,-0.36906,-0.025003
1.6349,4.8959,-0.33904,-0.0188,1.7219,-0.91747,0.035511,0.41608,0.44067,0.074476,0.2694,-0.70769
0.44481,5.047,0.036892,-0.082163,2.078,-1.0396,-0.88698,1.0649,0.96814,0.87188,0.25045,-0.44272
0.021451,5.0139,0.85762,0.90117,1.7968,-1.1018,-0.55976,0.16521,0.49686,0.57371,0.53854,-0.038322
-0.67693,5.6065,0.45103,0.85902,2.2528,-0.92403,-0.48611,0.42494,0.29565,0.21241,0.56002,-0.66118
-1.9419,6.756,0.33406,0.14762,2.1108,-0.5658,0.69881,0.49793,0.09478,0.23988,-0.046618,-0.20469
-2.3171,6.5548,0.3602,1.0328,2.2339,-1.3776,0.26235,1.0512,-0.20353,-0.31552,0.1606,-0.54221
-2.7033,6.2632,0.67655,0.55084,2.021,-0.45197,0.32321,0.37156,-0.12482,-0.068793,0.55644,0.28173
-1.7854,5.7726,0.058498,0.90085,1.8903,-0.648,0.30745,0.27398,-0.032365,-0.023129,-0.26093,0.055885
-2.0114,5.6949,0.2854,0.82101,2.0472,-0.70339,0.37553,0.80683,0.0059391,0.48842,0.047045,-0.069608
-2.4807,5.1097,0.48229,0.43694,1.8861,-0.82676,0.42351,0.40591,-0.16846,0.23325,-0.47674,-0.086137
0.13171,4.8871,0.30747,0.67813,1.488,-1.4346,-0.07584,0.73039,0.43377,0.86404,0.035346,-0.6343
1.0621,3.7577,0.53477,0.94184,1.1569,-1.9594,-0.49101,0.10095,0.36024,0.54185,-0.28881,-0.46745
2.4824,3.918,0.085218,0.028257,0.42174,-1.7225,-0.43598,-0.38083,0.46244,-0.077923,0.25979,-0.26102
4.2702,1.3578,0.58611,0.77917,-0.097567,-1.4888,-1.3058,-0.42842,0.013639,0.16759,0.0051283,-0.34737
3.6356,1.643,0.86178,0.22858,0.14213,-1.9128,-0.6645,-0.91297,0.65994,-0.59152,0.60366,-0.95065
3.8071,1.4659,0.91918,-0.010711,-0.042458,-1.959,-0.70147,-0.67161,0.37335,-0.52982,0.45609,-0.86867
4.0458,1.1275,1.0393,0.053517,-0.2993,-2.0083,-0.79215,-0.68063,0.77034,-0.77594,0.45496,-0.54338
4.517,0.86112,1.1519,-0.047499,-0.45829,-2.2439,-0.9723,-0.76151,1.0615,-0.59565,0.55943,-0.64904
4.6278,0.4409,1.6138,-0.25592,-0.79267,-2.0685,-0.8853,-0.50428,0.8977,-0.17762,0.38872,-0.57371
4.1805,0.14103,1.1169,-0.11139,-1.0082,-1.888,-1.1833,-0.35055,1.2932,-0.28638,0.41557,-0.62764
5.1607,-0.56591,0.97528,0.012385,-1.3663,-1.3248,-1.3077,-0.37109,1.5175,-0.40417,0.76104,-0.87939
5.2876,-0.89436,1,-0.49733,-1.1973,-1.2765,-1.0216,-0.49417,1.066,0.11845,0.66035,-0.93872
5.6598,-0.62087,0.019358,-0.19189,-1.2203,-0.56417,-1.4348,-0.40356,0.91005,0.35188,0.82432,-1.1897
7.129,-0.94316,-0.48231,0.096464,-1.2485,-1.103,-0.060149,-1.4456,0.94189,0.64501,0.55564,-1.1368
7.2439,0.046533,-0.80932,-0.15348,-1.7163,-0.056923,0.10083,-2.0586,1.2028,0.46304,0.72026,-0.8958
6.7416,0.47741,-0.69884,-0.085474,-0.77245,-0.05347,-0.63088,-1.6405,0.36193,1.2115,0.20493,-0.29712
5.6823,0.64852,-0.11909,0.17601,-0.36322,0.12768,-0.87921,-1.4985,0.92224,1.3741,0.05847,-0.39558
5.227,1.1836,0.17905,-0.038627,-0.22532,0.15804,-0.29145,-1.7268,0.5522,0.69673,-0.18811,-0.21096
5.4792,2.0244,-0.34482,-0.51568,-0.73074,0.54313,0.36441,-1.9546,0.6334,0.42131,0.19575,0.19339
6.3729,2.4912,-1.579,-0.80196,-1.9075,0.14992,1.0396,-0.87213,0.56628,-0.17078,-0.176,0.59295
4.9256,2.291,-0.12591,-1.3054,-1.0556,0.027257,1.734,-0.47102,0.93434,0.5906,-1.1204,-0.21831
5.0313,2.2782,0.18078,-0.95061,-0.80514,0.39651,1.1071,-0.51702,0.63381,0.44398,-0.53353,-0.19476
6.9135,3.3574,-0.51024,-1.8826,-1.5566,-0.043679,0.28614,-0.3703,0.67323,-0.603,-0.47956,-0.41878
5.9347,3.5876,-0.61948,-1.3174,-1.3684,0.083211,0.25233,0.63329,0.1855,0.19407,-0.21916,-0.22564
5.8703,3.4142,-0.74745,-0.62886,-1.0665,0.0084291,0.73867,0.076168,1.0523,0.32494,-0.92039,-0.59092
6.852,3.5126,-0.72985,-1.7817,-2.5093,-0.36263,0.55574,0.024718,0.35332,-0.3381,-0.040182,-0.60703
6.7712,3.4786,-0.26125,-2.1452,-2.2252,-0.67381,0.6342,0.29406,0.32503,0.087213,-0.13235,-0.37206
7.481,3.6898,-0.48248,-2.1014,-2.4949,-0.9909,0.69591,0.24464,0.44608,0.16411,-0.49246,-0.51854
7.6731,3.4906,-0.27984,-1.8011,-2.6353,-0.87776,0.95303,0.2426,0.45559,0.27082,-0.60173,-0.30458
7.3411,3.3393,-0.098929,-2.0459,-2.4526,-0.72761,0.29173,0.54348,0.32483,0.08737,-0.527,-0.47024
7.1892,3.3552,-0.11213,-1.9943,-2.5878,-0.78454,-0.040543,0.5436,0.12656,-0.089836,-0.65835,-0.29192
7.6755,3.563,0.031193,-1.9372,-2.8884,-0.78089,0.2121,-0.0075614,-0.15168,0.10523,-0.18477,-0.60348
6.7838,3.4197,-0.04809,-1.6788,-2.4054,-1.0313,-0.24054,0.077077,0.318,0.11582,-0.3855,-0.41663
7.6649,3.4899,-0.13384,-1.7077,-2.4224,-1.0115,-0.01883,-0.032519,-0.025451,0.31267,-0.53435,-0.38229
7.2451,3.6715,0.392,-1.5487,-2.2939,-1.1169,-0.22349,0.084663,0.1861,0.20936,-0.68397,-0.40971
8.0005,4.6227,0.54263,-1.377,-2.4657,-1.2438,-0.014795,0.53852,-0.11102,0.062729,-0.93752,-0.19704
6.9738,4.1537,0.62036,-1.2268,-1.9776,-1.354,-0.4258,0.47047,-0.11447,-0.070932,-0.28667,-0.21313
6.8286,3.0581,-0.35696,-2.0469,-2.3859,-1.0024,-0.22431,-0.011216,0.021674,0.27757,-0.5894,-0.19934
6.3211,3.5805,-0.22417,-3.1769,-3.3646,-1.2884,-0.16424,0.51251,0.71035,0.48857,-0.86148,-0.16873
5.6028,3.0475,0.6907,-1.4707,-1.6051,-0.9353,-0.24476,0.64658,0.61051,0.080207,-0.49462,-0.45752
5.7217,3.5586,0.45948,-2.1567,-2.049,-1.3946,-0.24308,0.48238,0.63535,-0.10334,-0.28811,-0.45241
6.17,3.7324,0.29483,-2.3935,-3.0207,-1.3172,0.14487,0.11472,0.17437,0.11956,-0.62514,-0.63962
4.5897,3.2617,0.3557,-1.4232,-2.2792,-1.645,-0.31083,0.4955,0.38397,-0.37437,-0.97716,-0.64118
3.9819,3.1042,0.71142,-1.1446,-1.5084,-1.1183,-0.08229,0.44886,-0.0097825,0.10129,0.10735,-0.21779
4.5325,3.1655,0.41369,-0.26063,-1.0807,-1.4818,-0.81836,0.55474,0.24139,0.35836,0.13587,-0.58323
4.1529,3.3272,0.2359,-1.2249,-0.90403,-0.87393,0.16759,1.4016,0.88034,0.36182,-0.50031,-0.61143
2.6799,0.94028,-1.1176,-1.8944,-1.5474,-0.68762,0.6139,1.0574,0.88147,0.081952,-0.62689,-0.94639
2.6319,2.1776,0.095371,0.10733,-0.68772,-0.62348,0.37431,0.67856,0.26751,0.39562,-0.15542,-0.048518
3.1074,2.2397,0.3621,-0.36251,-0.76873,0.094436,-0.50955,0.27286,-0.49935,0.10759,-0.60063,-0.54667
1.58,0.97186,-0.11492,-0.13954,-0.361,-0.35638,0.6213,1.4861,0.55911,0.48837,-0.21892,-0.30605
1.3172,1.6813,-0.3035,-0.18603,-0.09401,-0.56675,0.29008,0.64734,0.23844,0.26615,0.32126,0.020606
1.0111,1.6411,0.9931,0.4301,-0.3106,-0.73777,-0.12854,-0.079284,-0.057613,-0.16137,0.24508,0.27571
0.86824,1.1471,0.25932,0.37302,0.42152,0.28556,0.55291,0.55251,0.56935,0.27633,0.44466,0.72344
0.35989,1.6946,0.12564,0.19729,0.013487,-0.011151,0.67885,0.86194,0.49464,0.2389,0.44242,0.36291
0.88085,1.5661,-0.037884,-0.13469,1.0125,0.72324,1.0632,1.5396,0.39372,-0.002187,0.57028,-0.18478
1.5155,1.2878,0.12716,-0.29013,0.35397,0.61293,0.64519,1.4003,0.62449,0.84127,0.64129,0.45334
0.58804,0.5488,0.33967,0.72828,0.31251,-0.31588,-0.53296,0.25263,0.43905,0.44257,0.24133,0.99563
0.64362,0.94036,0.080415,0.29845,-0.30015,-0.60801,-0.030665,-0.056263,-0.38103,0.55303,0.18881,0.62515
0.87408,1.6082,0.18502,0.76686,0.1242,-0.010297,-0.11775,1.0623,0.28672,-0.3113,-0.28306,0.31286
0.0021704,0.70323,0.41321,0.35947,-0.51437,-0.49876,-0.068504,1.0092,0.67275,0.28084,0.017378,0.86222
1.5633,1.0789,-0.20266,0.1513,-0.0097413,-0.057605,0.91899,1.4421,0.22631,0.12686,-0.06895,0.23584
0.51341,1.2368,0.45631,0.91722,0.67229,-0.24972,-0.29921,0.39542,-0.050459,0.18397,0.22468,0.17515
1.1079,1.6529,0.54259,0.4923,0.57666,0.1261,-0.47959,0.071643,0.21872,0.93961,1.0367,0.90637
0.29593,0.87377,-0.060189,0.0043237,-0.18292,0.041509,0.98528,0.81599,0.060344,0.74748,0.20629,0.44752
0.24034,0.31067,0.069185,0.31638,-0.19706,-0.5889,0.157,0.67566,0.14098,0.036722,-0.43938,-0.067296
0.25842,-0.12146,1.7057,0.76575,0.22803,0.94483,-0.046367,0.18778,0.93666,0.72673,0.70058,0.22959
-1.2957,-2.5043,1.4096,0.38161,-0.073761,0.76138,-0.57379,-0.6584,0.035521,0.58287,-0.2076,-0.0046381
0.38083,-0.37851,1.5995,0.88547,0.14525,0.26572,0.066853,0.27178,1.935,1.1265,-0.61097,0.26524
0.046606,-0.37206,1.4852,0.59951,0.42833,1.128,-0.24995,0.14015,1.1994,0.86412,-0.45317,-0.036582
0.045167,0.17131,0.53316,0.097447,-0.51353,-0.35681,0.22414,0.020142,0.47164,-0.21286,-0.37369,0.11716
0.31288,0.4653,0.16398,0.79579,0.87157,0.36671,0.17132,0.45484,0.46089,0.41985,0.35088,0.83441
0.86613,1.0548,0.066283,0.85592,0.32037,0.30307,0.21639,0.15776,0.50456,0.53709,0.59764,0.88662
0.46107,0.90427,0.13593,-0.29831,0.15233,-0.038497,-0.48843,0.39683,0.51147,0.8327,0.61592,-0.12739
0.97476,1.4073,1.108,0.81535,0.39526,-0.49272,0.030386,0.36709,0.13295,0.6779,0.70474,-0.10971
0.27962,0.69987,-0.47842,0.10148,0.20225,0.025578,-0.11418,0.56537,0.55824,1.0628,1.1073,0.28865
-0.25669,0.26702,0.074365,0.098398,0.21551,0.44178,0.6722,0.93151,-0.024806,0.49815,0.37002,0.17773
0.48192,0.66237,0.63651,0.17966,-0.5032,-0.20446,0.27664,1.3651,0.3606,0.13974,0.23819,0.62052
0.65236,1.4347,0.74951,-0.03892,-0.29228,-0.71103,-0.51467,0.5333,0.84862,0.181,0.32636,0.18464
0.28234,0.37495,-0.43403,0.077853,0.18696,0.1349,0.10113,0.90581,0.77661,1.0501,-0.068657,-0.146
0.49945,0.19357,-0.3868,0.034309,0.05849,-0.079775,0.27934,0.4742,-0.20938,0.54626,-0.086106,0.024754
-0.20857,1.0003,1.1636,1.4091,1.2014,0.64109,0.48461,0.87317,0.032653,0.18103,-0.029509,0.14334
0.83447,0.71781,0.19935,-0.11074,0.44068,0.46456,0.10988,0.94614,0.31433,0.49343,0.46041,1.0499
0.66353,1.2409,0.12805,0.35495,0.13813,0.38861,0.40034,0.75466,0.50562,0.61141,0.15112,0.24973
0.41006,0.66016,-0.022092,0.37005,0.30065,0.00859,-0.17211,-0.02711,-0.27831,0.53401,0.61148,0.22894
0.80732,1.3837,-0.052318,0.44202,0.28633,-0.32807,0.082792,0.12893,0.13212,0.67266,0.57615,-0.28259
0.64087,1.4232,0.51623,0.31213,0.72607,0.96894,0.89421,0.3877,0.01172,-0.018004,-0.40237,-0.53533
1.0485,1.0724,0.62009,0.54326,-0.0017663,-0.060349,-0.64479,0.004776,0.2699,0.28698,0.67916,-0.2533
0.065875,0.98797,0.36691,0.19222,-0.55498,-0.62124,0.071459,0.56303,0.31946,0.48235,0.36418,-0.32881
-0.72324,1.16,1.2339,1.1263,-0.16239,0.056509,0.37055,-0.012408,0.076258,0.26735,-0.034664,0.26852
-0.53632,1.3943,0.98912,0.34436,-0.32189,0.76276,0.56131,0.05749,0.10567,0.5034,0.10699,1.015
-0.11972,1.0726,-0.58411,-0.24274,0.48298,-0.17253,0.12463,0.70216,0.37193,-0.076815,0.90567,0.68692
0.75075,1.2672,0.10775,0.29723,0.037493,0.37988,0.18133,0.94799,0.94486,0.55785,0.76314,0.4439
-0.20319,-0.51985,-0.24494,0.12442,0.19707,0.057592,0.42211,0.77993,0.85052,0.91723,0.72246,0.69932
0.38869,1.1979,0.53214,0.79985,0.096623,-0.52302,-0.23165,0.46942,0.72105,0.12986,-0.31285,-0.1444
-0.25809,1.4333,0.453,0.73069,0.42095,-0.46428,-0.12424,0.74093,0.76801,0.51876,-0.13403,0.31799
0.24234,2.0157,0.34724,0.079485,0.30918,0.33175,-0.93435,-0.42123,0.72546,0.32195,0.1916,-0.0057873
2.7391,2.7822,0.28562,-0.17791,0.28423,-0.62337,-1.4839,-0.45457,1.1922,-0.023482,0.67773,-0.053709
2.2151,2.3056,0.10411,0.3902,0.81554,-0.96862,-0.29262,-0.42434,0.94234,0.89642,0.19523,-0.83798
1.2703,2.5148,0.1955,0.2164,0.27183,0.16759,0.65052,0.75377,1.7656,0.42449,0.7609,-0.3609
0.21772,1.6853,-1.2909,0.3668,-0.29867,-0.68853,0.36603,0.16154,1.8302,1.2451,0.47543,-0.55087
-0.37044,2.9085,-1.1329,0.24461,-0.083471,-1.2586,-0.28272,0.46233,1.8191,0.23252,1.1344,-0.057547
-1.6321,2.5392,-1.6369,-0.078441,-0.19903,-0.89053,-0.24806,0.57175,1.6627,0.31728,1.1748,0.19404
-2.1882,2.6482,-2.5034,0.058548,-0.41075,-0.31884,0.45021,0.15202,0.99643,-0.021907,0.56051,0.1579
-3.0222,2.919,-2.4295,0.81599,-0.30641,-0.72946,-0.93138,-0.018905,1.0386,0.23742,1.2424,0.19601
-3.1092,3.115,-1.9852,0.15112,-0.28136,0.19902,0.93319,0.44139,1.1353,-0.0099315,0.8293,-0.1606
-3.2306,3.2333,-1.9924,0.58756,-0.22615,-0.14753,0.10027,-0.46496,1.4002,0.23799,0.1944,-0.72269
-3.8151,3.3011,-2.0654,1.274,-0.4163,-0.18573,-0.056208,0.73772,1.0787,-0.12893,1.2119,0.42453
-4.0829,4.1527,-2.7092,0.69041,0.091361,0.19967,0.8356,0.4566,1.1326,-0.19689,0.40619,0.014006
-4.0307,3.9363,-2.7361,0.23482,-0.31391,-0.24325,-0.21734,0.70262,1.6797,0.60352,0.8852,-0.0075587
-4.6271,3.5601,-2.5375,1.1059,-0.31696,0.45333,0.0089767,0.070533,1.4693,0.13922,0.34118,-0.1023
-3.7923,4.7665,-3.1179,1.4038,-0.28744,0.013757,0.30764,-0.15239,0.87184,0.20394,0.39381,0.34301
-3.3839,4.5844,-2.5157,0.97215,-0.50227,-0.73177,-0.049524,0.1828,0.84541,-0.40992,-0.093524,-0.0051586
-2.6312,5.2179,-1.5789,1.6273,-1.0073,-0.65233,0.18926,0.29538,1.3149,-0.23615,0.55154,-0.033769
-4.103,4.1541,-2.2458,0.97577,-0.89578,-0.82321,-0.58553,-0.14096,0.87066,-0.27539,0.11005,-0.34593
-2.4014,5.7668,-1.7828,1.4763,0.20415,0.65198,0.60516,0.057575,0.61297,-0.59638,-0.62329,-0.4472
-3.0325,5.0652,-0.97593,1.4828,0.1762,0.49652,0.45818,0.92823,0.89259,-0.47314,0.62058,-0.44061
-2.9261,4.6223,-2.207,1.0815,0.33959,-0.0033476,-0.11426,0.50797,0.99856,-0.93199,-0.011034,-0.18029
-1.9895,5.5141,-1.9136,1.5718,0.22326,0.26019,0.32054,0.56529,1.394,-0.18125,0.3376,-0.46423
-3.0515,5.6899,-0.19092,2.3913,0.33385,0.28972,0.94231,0.39032,0.91354,-0.050638,0.91618,-0.50208
-3.6313,3.455,-2.4959,1.0668,0.059139,-0.012345,0.48678,-0.34408,0.9658,-1.0582,0.24597,-1.0845
-1.2893,2.7948,-2.2813,-0.35604,-0.99585,-0.44351,0.19168,0.44825,0.60518,-0.56501,0.91006,0.059389
-0.66144,2.8302,-1.2937,0.23212,-0.73603,-0.06171,1.0934,1.2083,1.2872,-0.17859,0.28389,0.27466
1.6207,3.8492,0.26442,0.84614,-0.65878,-1.051,0.043273,0.47935,0.65919,0.18934,0.22063,-0.3636
4.6237,3.0589,-1.3901,0.18772,-0.52424,-0.84839,-0.9313,-0.24103,1.1354,-0.089342,0.13003,-1.2388
5.4398,2.43,-1.1946,0.70706,-0.9207,-1.1945,-0.76025,0.19969,1.2697,-0.039293,0.71664,-0.60771
5.3422,1.5831,-0.88955,0.35363,-0.91769,-1.3209,-0.99354,0.39038,1.163,0.48067,0.58026,-0.9047
5.6458,1.4209,-0.9531,-0.54548,-0.71214,-1.428,-1.1748,0.63655,1.2384,0.88505,0.44447,-0.6581
5.8754,0.7679,-1.0936,-0.40304,-1.0237,-1.5681,-0.98772,0.11901,1.0635,0.69453,0.34281,-0.65633
5.7651,0.50823,-0.48059,-0.45824,-0.5118,-1.3509,-0.80208,0.26597,1.1864,0.7402,0.3538,-0.86221
5.674,1.4328,-1.2943,-0.068894,-0.39456,-1.2106,-0.80744,0.015191,1.4355,0.38127,0.34231,-0.67331
5.4701,1.3244,-0.88435,0.28738,-0.47236,-1.6582,-0.58712,-0.024603,1.3512,0.29925,0.77037,-0.40901
5.5187,1.2483,-0.46415,0.21908,-0.68739,-1.8032,-1.0822,0.34197,1.3803,0.79746,0.82087,-0.69426
5.7155,0.89622,-0.52986,-0.026124,-0.46524,-2.1142,-1.1332,0.40969,1.4101,0.86478,0.98609,-1.0494
5.4501,1.5755,-0.79107,0.010966,-0.35628,-1.6669,-1.0949,-0.081994,1.1553,0.66437,0.8107,-0.84433
4.8661,2.2734,-0.92765,0.66762,0.24791,-1.5142,-0.13826,-0.23956,1.4646,0.61379,0.88832,-1.4073
4.8567,2.5246,0.307,1.5699,-0.17166,-1.5837,-0.39348,0.27956,0.86532,0.67939,-0.3898,-1.3055
5.4352,2.9141,0.16631,1.2471,0.46983,-1.5729,-1.4511,0.48879,0.99763,0.63166,-0.12058,-1.2051
5.1672,2.3937,0.089413,0.75824,0.35131,-1.6006,-1.468,0.187,0.84828,0.77328,-0.042196,-0.75322
4.2344,1.8916,0.17048,1.2765,-0.23599,-2.2696,-0.98248,-0.1716,0.74542,1.0772,0.10093,-0.46646
4.0914,2.7344,0.13851,1.0217,0.27831,-0.79369,-0.36993,0.71267,0.56724,0.98023,-0.23664,-0.22989
3.1302,1.6377,0.75174,1.0799,0.30559,-0.49083,-0.23939,0.6938,0.95895,0.93449,-0.063884,-0.34011
2.7058,2.3741,0.96955,1.6323,1.0072,-0.42315,-0.58155,0.87303,0.78477,1.0784,0.16199,-0.16119
1.9842,2.2081,1.2128,2.1871,1.2751,-0.65847,-0.39522,0.5256,1.092,0.47504,-0.41916,-0.39878
1.7699,2.1598,1.2263,1.7813,0.80432,-0.89959,-0.61816,-0.65902,0.354,0.62821,0.89324,0.42565
2.6574,2.7288,1.0083,0.63436,-0.39919,-0.05638,-0.35048,0.14557,0.18238,0.24476,0.71567,0.68977
1.8976,1.9752,1.3302,1.4032,0.87395,0.29865,-0.35867,-0.36983,-0.095488,0.87616,1.1356,0.3835
1.7589,1.9583,1.1296,1.4863,0.36585,-0.44372,0.25745,0.64653,0.75872,0.49563,-0.014337,-0.31422
2.0251,2.3098,0.60431,1.1019,0.97333,0.67588,0.083472,0.76555,0.072027,0.40943,0.89478,0.62964
2.2289,2.8603,1.0427,0.71633,0.36031,-0.14938,0.048627,0.55434,0.49282,0.42193,0.30432,0.59684
1.7704,2.2468,0.38341,1.2988,0.93803,0.44213,0.65496,0.14279,-0.63312,-0.1608,0.16683,-0.16538
-0.88701,0.77616,-1.613,0.011083,-0.29416,-0.13732,-0.21787,0.010732,0.60109,-0.072482,1.0096,0.072314
-2.7645,3.2047,-0.94324,1.3924,-0.27239,0.65291,0.16704,0.67407,1.5116,0.7504,0.76462,-0.25097
-3.9236,4.0808,-1.9049,1.2638,0.63391,0.36674,1.0703,0.5875,1.1706,0.19921,0.28244,-0.29123
-5.119,4.1271,-2.2085,1.3326,1.1243,0.18586,1.1977,0.39746,1.0343,0.027473,1.3856,0.76679
-3.4579,3.7679,-2.5224,-0.28062,0.59799,-0.41434,0.75649,0.19938,1.1141,-0.52436,0.89432,0.92449
-1.8584,3.3375,-2.7774,-1.0254,-0.54466,-1.352,-0.50854,0.29091,0.90629,-0.10539,0.74842,0.31251
-2.1783,2.7728,-1.5655,-0.22558,-0.25033,-1.3785,0.15917,0.94304,1.5024,0.6754,0.69038,0.13462
-2.0704,3.0475,-1.3739,-0.48433,-0.60558,-1.1327,0.35269,0.84305,1.6855,0.66685,0.754,0.02947
-1.2317,2.6267,-1.3133,-0.66726,-0.22727,-1.2503,0.067205,0.33396,1.3706,0.29247,0.79627,0.63817
-0.21581,3.2865,-0.99199,-1.034,0.43528,-1.5022,-0.62881,-0.087429,1.5013,0.78555,0.88006,0.41988
-0.42362,2.3242,-1.9974,-1.2464,-0.089339,-1.3098,-0.69137,0.188,1.9629,1.1108,0.79335,0.50434
-0.77159,1.8199,-1.4124,-0.89075,-0.75124,-2.0827,-0.38944,0.80988,1.4926,1.1805,0.51552,0.80929
-0.85752,1.6624,-0.80452,-0.52555,0.58848,-1.7047,-0.81382,0.50589,0.98929,0.45844,0.70878,-0.046334
-0.92804,2.0045,-0.58732,-0.7492,-0.024497,-0.65757,-0.29165,0.52757,1.1885,0.96568,0.014508,0.28565
-0.076284,0.82425,-1.5332,-1.4164,0.18113,-0.97728,-0.21406,1.1138,1.3602,0.72946,0.1623,0.041095
0.19773,0.94532,-0.45111,-1.5372,-0.39226,-0.76925,-0.25378,0.36832,0.53079,0.92783,0.42938,0.30461
-0.33498,0.76862,-0.15539,-0.44912,0.49898,-0.56534,-0.44209,0.61085,0.95429,1.1364,0.40773,0.56947
0.059934,-0.044021,-0.52883,0.4365,1.0245,-0.51777,-0.27538,1.6819,1.77,0.5491,0.10948,0.50063
1.6764,0.70647,-0.77969,-0.31818,0.76982,-0.55244,-0.088516,0.65593,1.3489,1.0101,-0.038318,0.12765
1.0887,0.048052,-0.95066,-0.10281,0.56339,0.25831,0.65398,1.4389,1.1067,0.42796,0.45293,-0.42904
0.86165,0.34581,-0.34113,-0.52426,1.1276,0.058242,0.34459,0.031865,0.036162,-0.040601,-0.192,0.1206
0.68995,-0.11214,-1.0499,-0.31549,0.73932,-0.19628,-0.179,0.80546,1.1582,0.27621,-0.24635,0.34065
0.55914,-0.57026,-1.4782,-0.85965,0.356,-0.68395,-0.24658,0.75578,0.71566,-0.22871,0.22524,0.5371
1.0036,0.38047,-0.74315,-0.79582,0.19521,-0.16442,-0.26891,1.2727,1.042,0.46063,0.26192,0.86161
1.9048,0.88242,0.033181,0.0031654,0.20639,-0.88413,0.28154,0.85576,0.46939,0.40056,0.23451,0.036724
1.3435,0.24945,-1.089,-0.30758,0.24174,-0.32482,0.12942,1.1158,0.46443,0.096876,0.0023206,-0.11979
0.64015,0.91709,-0.31883,-0.34761,-0.36649,-0.3121,0.37134,1.1078,0.93642,0.93049,0.46988,-0.31582
1.0618,0.57629,-0.31313,-0.061238,0.068141,-0.76832,-0.87952,0.54962,0.56334,0.49561,0.80311,0.093465
0.27111,-0.51157,-1.2523,-0.48676,-0.0023533,-0.54532,-0.074824,0.50731,-0.076602,0.67252,0.64763,-0.10788
0.28405,-0.087986,-1.3445,-0.46806,-0.44413,0.067495,-0.11602,0.81062,0.83894,0.44651,-0.016846,-0.22301
0.32657,-0.20226,-0.37813,0.67431,-0.30821,-0.83909,0.26002,1.0576,0.43101,-0.07583,0.33942,0.47243
0.73267,0.069871,-0.95632,0.24463,0.23537,0.28746,-0.090046,1.048,0.058666,0.47415,0.71133,0.013076
0.1223,0.6914,0.18176,0.24834,0.14708,0.47389,0.20747,0.69115,1.2412,0.88882,0.96084,0.51061
1.2024,1.4785,-0.25692,0.50793,0.75403,-0.1994,-0.27546,0.41354,0.18538,0.057396,0.44909,0.52397
0.50701,-0.051169,-0.3916,0.40492,-0.11458,-0.22987,0.39049,0.94613,0.21341,0.54805,0.4985,0.042734
0.17698,0.54728,-0.19759,0.74669,0.89261,0.56407,0.043063,0.90087,0.54721,0.48942,0.70601,0.75194
-1.0078,-0.86602,-1.2433,-0.14283,0.39917,-0.11149,-0.27409,-0.090484,0.028112,-0.16549,-0.50796,-0.0098726
-0.52915,0.41725,0.059436,1.5106,0.86523,0.53474,0.67096,0.99534,0.4259,-0.11823,-0.72541,-0.33554
-0.65432,0.11462,-0.6534,0.53697,-0.76818,-0.31666,-0.17998,-0.27274,-0.37279,0.40666,0.64694,0.32905
0.67916,0.81784,0.35539,1.377,0.53495,0.37985,0.3012,-0.072638,0.41514,0.095226,0.0048458,-0.117
-0.44105,0.61389,0.27914,0.41618,0.14461,-0.49963,0.69246,0.94014,0.29826,0.52711,0.22176,0.34011
-0.65796,0.80491,0.64953,1.0779,0.58756,0.89394,0.58879,0.38509,-0.22813,0.64331,0.5982,0.57522
0.5551,1.8886,-0.32333,0.46523,0.60527,0.28484,0.37436,1.1876,1.3884,0.83174,0.64327,0.51087
0.0071771,0.45188,-0.4012,0.3226,0.41716,0.15944,0.30777,1.4614,0.78959,0.62143,0.51717,0.60152
0.64978,1.2451,0.25918,0.21675,-0.094805,-0.016927,-0.3759,0.77416,0.36699,0.4022,0.39925,0.48772
0.92172,1.2368,0.089039,0.59938,0.023072,0.12565,0.83142,0.61073,0.13517,0.81559,0.18844,0.86187
0.67156,0.69987,-0.14023,-0.095042,0.39623,0.0093118,-0.15574,0.58062,-0.28859,0.12062,-0.026132,-0.30942
1.4384,1.8536,0.37406,-0.18448,0.11531,-0.054792,0.81101,1.0491,-0.028743,0.17013,0.44965,0.58062
-0.083153,1.3092,-0.56198,-0.37395,-0.049642,-0.66382,0.15319,1.3944,0.063369,-0.038875,0.44692,0.97952
0.15886,0.54558,-0.51636,0.58705,0.57877,0.76518,1.0653,1.1941,0.55261,-0.16546,0.21414,0.005083
0.72442,0.53761,-0.41228,0.44358,0.86611,0.27568,0.061194,0.3338,-0.19255,0.26802,-0.56479,0.38113
-0.39519,0.72069,0.12348,0.78726,1.032,0.83413,1.0533,1.474,1.0132,0.67901,0.27756,0.19393
0.4224,1.8462,-0.085709,0.0030674,-0.60616,-0.53785,0.55249,0.93371,0.9674,0.49468,0.53611,0.47508
1.2733,1.7655,0.34624,0.60776,0.22441,-0.040796,-0.70103,0.20055,0.83662,0.57123,0.19652,-0.22172
0.67655,1.1368,0.19132,0.44898,0.18364,0.33542,-0.15731,0.76395,0.28762,0.15988,0.30722,-0.24654
0.55804,1.7231,0.10754,0.27788,0.32996,-0.13582,1.22,1.6456,0.042856,0.495,0.33648,-0.36616
-0.25606,0.72521,-0.38973,0.82614,1.0377,-0.064325,-0.068358,0.6775,0.4184,0.14218,0.3097,-0.24576
1.5102,1.3446,-0.057056,0.86682,0.51878,-0.15383,0.26827,0.70754,0.34623,0.89094,0.47568,0.1371
0.7787,1.1433,-0.15046,0.90925,0.20202,-0.2939,0.36611,0.88135,0.41258,0.33865,0.69694,0.18394
0.45019,1.9398,0.49965,0.49257,0.50362,0.59502,0.67561,0.65849,-0.13279,0.48855,0.26315,-0.025918
1.2678,1.4014,0.041812,0.92419,0.85482,0.42884,0.83103,0.93862,0.44488,0.63507,0.89148,0.34071
1.0471,1.5266,0.61281,0.59039,0.82234,0.34394,0.38819,0.26287,-0.054151,0.50256,0.46411,0.8136
0.93645,1.9912,0.7946,-0.012504,-0.30269,-0.081123,-0.077434,-0.032881,-0.16242,-0.020514,0.37862,0.14571
1.2341,1.8997,0.69206,0.49213,0.006841,-0.16249,0.35445,0.94142,0.031957,0.54595,1.0966,0.65185
0.82207,1.4381,0.67041,0.70208,0.80482,0.3325,0.80798,0.94434,0.64912,0.34824,0.17241,0.29376
0.44917,1.8153,0.53563,0.45232,0.5364,1.1277,1.4283,1.3035,0.21408,0.52178,0.96733,0.15736
0.90894,1.7052,0.62006,0.22567,0.16062,0.21565,0.35396,0.4461,0.29255,-0.019847,-0.14275,-0.35698
0.29463,1.2206,-0.32062,0.39134,0.70817,0.10274,0.17577,0.21757,0.090934,0.21967,0.16638,0.85669
0.86221,1.0255,0.23239,0.68234,0.38724,0.35738,0.34622,1.3304,0.65593,0.75682,0.51448,0.25185
0.54713,1.7082,0.62515,0.28222,-0.064613,0.18391,0.88659,0.66519,-0.14093,0.65579,0.061288,0.19121
0.88452,1.0382,0.23134,0.20007,0.32899,-0.12416,0.077887,0.59181,-0.10784,0.55539,0.62285,0.18856
0.98085,0.80303,0.073065,-0.18803,0.52405,0.24018,0.47717,0.67421,0.5481,0.28383,-0.66362,0.42078
0.49911,0.25056,-0.57457,-0.54924,-0.58914,0.24766,0.1801,0.37729,0.59219,0.42198,1.3057,0.15269
0.27103,0.67739,-0.45434,-0.19178,0.43831,0.071355,0.51185,0.68568,0.20366,0.24977,0.4833,0.75252
0.63723,1.8543,0.34189,0.044229,-0.11127,-0.20244,0.72341,1.1962,0.56795,0.74406,0.26027,0.18662
0.96211,1.6356,0.46832,-0.22782,0.16167,-0.13887,0.45902,0.76538,0.11034,1.0195,0.30516,-0.23335
0.92515,1.2451,0.30694,-0.22145,-0.16277,0.70418,0.59489,1.2265,0.82402,1.1055,0.1401,0.069312
1.0007,1.4461,0.56191,0.70841,0.36933,-0.42691,0.16379,0.78322,0.45999,0.2259,0.61038,0.44206
0.86743,0.65767,0.17613,0.2973,0.65783,0.10046,0.080135,0.32857,0.18185,0.57747,0.57478,0.32671
0.060619,0.48078,-0.26724,0.14118,0.35298,0.34549,0.060199,0.052241,0.22365,0.63802,0.45624,0.52583
0.65379,1.4871,0.20969,0.6513,0.17882,-0.073092,0.82683,1.3097,0.65427,0.24244,0.95794,0.44057
1.0153,1.0143,-0.19135,0.96932,0.73478,-0.30051,0.4246,0.68699,0.96299,0.91391,0.58169,0.25498
2.1836,2.3704,0.69365,0.99314,0.57161,0.19222,0.11134,0.66304,-0.46487,0.18788,0.13992,0.11764
3.4066,3.5875,1.597,0.7482,-0.12481,0.20396,-0.35031,0.054362,0.030125,0.011383,-0.3639,-0.42679
4.9021,4.0912,1.2542,0.20505,-0.34252,-0.85259,-0.4581,0.13238,-0.36829,0.35057,-0.28787,-0.22737
5.2668,4.0444,1.3757,0.15634,0.0047916,-0.35018,-0.3234,0.43719,0.011148,0.38513,-0.31808,-0.28837
5.7615,3.7409,1.1528,0.34737,0.72728,-0.47791,-0.16746,0.46187,-0.13513,-0.18903,0.178,-0.097125
4.468,4.2726,2.0269,0.65314,0.2069,-0.52522,0.028095,0.67368,0.51274,0.56521,0.17145,-0.25643
4.3124,4.4362,1.8959,0.58267,-0.05891,-0.093484,-0.14938,0.26975,0.14736,0.2723,0.37196,0.054083
4.5192,3.8895,1.4274,1.3492,0.21042,-0.41104,-0.21285,0.31132,0.17363,-0.12855,-0.52602,-0.31815
4.2076,3.8104,0.93082,0.57144,1.2491,-0.33467,-0.27238,-0.20381,-0.46228,0.41057,-0.45217,-0.48496
4.0519,4.0267,2.0294,1.1688,0.4258,-0.18955,0.19647,0.1415,0.033675,0.49363,-0.015346,-1.1904
4.0985,3.3758,1.8305,1.5663,0.088803,-0.1786,0.41862,0.115,-0.24726,-0.37984,0.041956,-0.24076
4.3919,3.9124,2.013,1.2225,0.37361,0.10403,-0.45274,0.63715,-0.71754,-0.38132,0.45727,-0.31942
3.4231,3.3064,2.2121,1.3346,0.61659,0.10747,0.24505,0.58338,-0.3338,-0.28579,0.093313,-0.29565
3.2123,1.6422,2.9731,1.0548,-0.099904,0.54266,-0.076984,-0.035944,-0.37063,-0.12261,-0.22769,-0.69822
1.7513,0.14244,3.151,-0.32606,-0.70249,0.17152,1.1684,0.90614,0.54325,-0.79453,-0.37533,-0.76518
0.88591,0.84589,1.8583,-1.4076,0.07791,0.22438,0.54323,1.373,1.2913,-1.0136,-0.026525,-1.451
3.0173,1.3984,1.8496,-0.752,-0.19187,-0.11529,-1.2383,-0.84893,0.93128,-0.53512,0.46581,-1.1349
4.818,2.3173,0.86271,-0.27615,0.19808,-0.75591,-1.4158,-0.65372,0.55317,0.30235,0.64163,-1.2071
5.661,2.9287,0.20369,-0.27516,-0.047426,-0.80903,-1.0621,-1.4822,0.63129,0.8664,0.17082,-0.88941
6.0503,2.8339,0.33638,-0.35627,0.21318,-0.83744,-1.4003,-1.4344,0.71174,0.3077,0.50295,-1.1591
6.3423,2.7489,0.048684,0.19122,-0.3604,-0.92888,-1.1022,-1.7282,0.45487,0.5904,0.32962,-0.91395
5.8408,2.5395,0.18198,-0.0091219,-0.64729,-1.1099,-0.92228,-1.6793,0.16604,0.23197,0.31985,-0.3387
6.882,2.0568,-0.15784,0.30874,-0.49295,-1.3234,-0.77927,-1.7193,0.21636,0.11722,0.57592,-0.58955
6.3417,2.2426,-0.39943,0.044169,-0.36133,-1.1077,-0.81861,-1.7054,-0.2713,0.60626,0.46335,-0.73091
6.3286,1.3235,0.074356,0.40227,-0.96842,-0.42789,-0.78104,-1.9298,-6.4779e-05,0.43436,0.41206,-0.50865
5.364,1.4119,0.39012,0.2716,-1.1317,-0.51865,-0.53156,-2.2407,0.55535,-0.068065,0.37638,-0.56585
5.6171,2.7064,0.39793,0.014079,-0.51406,-0.14159,-1.0926,-2.4493,0.55289,0.92734,0.60413,-0.90274
5.8889,2.3216,0.63128,0.91939,-0.72758,-0.41213,-1.3968,-2.1961,-0.034898,0.85161,0.31945,-0.53032
5.1432,0.55666,-1.198,-0.1184,-1.3837,-1.2706,-1.1093,-1.8711,-0.2106,1.0345,0.68509,-0.57564
5.2338,1.4416,-0.66566,0.38271,-1.0019,-1.3702,-2.4679,-2.5451,-0.30117,1.101,0.43175,-0.76838
4.6223,2.4943,1.2387,1.0316,-0.21211,-1.026,-1.6586,-1.8152,-0.26874,0.97546,0.5985,-0.41081
4.0067,1.9602,0.71405,0.98544,-0.2747,-0.75092,-1.4133,-1.3682,-0.17667,1.1711,0.5096,-0.52166
3.7806,2.0628,1.6151,1.5738,-0.015852,-0.32156,-0.99406,-1.324,-0.36461,0.20887,0.50342,-0.22815
3.5397,2.4256,0.66748,0.89895,-0.15745,-0.65078,-0.30372,-0.2454,-0.27598,0.2089,-0.17978,-0.31087
2.7751,2.2146,0.89539,1.3679,-0.69596,-1.0532,-0.80059,-0.17358,0.20525,0.20555,0.23077,0.011236
2.9603,2.2324,0.4835,1.1085,0.26101,-0.62815,-0.35676,-0.24725,0.1311,0.68419,0.4959,-0.02907
2.5626,2.4819,0.96733,0.59348,0.29122,0.075139,-0.5108,-0.48922,-0.39281,0.94508,0.91314,0.015407
1.7632,1.6877,0.81851,0.47604,0.095051,-0.038119,-0.20717,-0.35019,-0.52813,-0.26635,0.35641,0.019244
1.453,1.7437,0.54318,0.30235,0.4787,0.23292,-0.47884,0.36511,-0.53991,-0.0060978,-0.18135,0.50698
0.53997,1.7509,0.58254,1.5532,0.90669,0.25135,0.19365,0.3754,-0.29841,0.1457,0.50097,0.12779
0.446,1.4817,0.81258,1.2321,0.74117,0.06734,-0.38358,-0.07746,0.0061748,0.34527,0.25331,0.045809
0.61945,0.83649,0.29519,1.4654,0.98399,0.78712,0.50358,0.28443,0.37358,-0.099561,0.51952,-0.24368
-0.083671,0.95017,-0.058213,0.99237,0.11709,0.82783,0.5098,-0.050895,-0.42612,0.013335,0.12548,0.52251
-0.039749,0.63208,-0.020306,0.95137,0.0042351,0.50487,0.029469,0.036044,0.21321,0.30381,0.45303,-0.20682
0.78011,1.0287,-0.047207,1.1619,0.09822,0.11099,0.10537,-0.23708,-0.35146,-0.60436,-0.38389,-0.011705
0.97917,1.2469,-0.59945,0.87377,-0.20219,0.60446,0.00022037,0.10239,0.16424,0.10353,-0.3103,-0.58063
-0.15701,1.2847,0.092614,1.2433,0.91439,0.18908,0.21189,0.83994,-0.14611,0.20336,-0.03862,0.64816
0.42812,1.5091,0.33029,1.2404,0.67638,0.78741,0.42136,0.74087,0.60655,-0.16244,0.045344,0.28552
-0.32685,0.79051,0.10939,0.53624,0.12247,0.57815,0.082477,0.81966,0.27526,0.17832,0.19663,0.24962
-0.5654,1.0084,-0.10447,0.22389,0.20204,0.45383,1.1806,0.82742,-0.1492,-0.1045,0.28954,0.16181
1.2859,1.7968,0.013701,0.26328,-0.036531,-0.055769,0.12541,-0.029514,-0.68278,-0.15934,0.37746,0.85621
0.76592,1.4341,-0.17818,0.85782,0.032116,-0.14249,0.56021,0.5375,-0.27402,0.17953,0.54039,0.8148
0.23202,1.6671,0.36862,0.87864,0.39003,0.4082,0.42169,0.82365,0.62285,0.78435,-0.086055,0.24241
0.37652,1.2645,0.15817,0.75389,-0.584,0.23169,0.38257,0.60958,-0.25003,0.54743,0.20895,0.54642
0.33404,1.5862,0.35153,1.1445,0.62672,0.59964,0.49149,0.62169,0.83603,0.14981,0.026135,0.36791
0.189,0.82075,-0.57247,0.53785,0.39617,0.25528,0.81816,0.75514,0.5067,0.94611,0.52457,0.35526
0.61903,0.53458,0.20804,0.73357,0.14578,-0.024363,0.63703,1.0408,1.1242,0.26076,0.096681,0.13342
1.1192,1.1422,-0.054688,0.13463,0.43999,-0.25312,-0.37129,0.27228,0.36129,0.84351,0.55085,-0.18179
-0.54071,0.6604,-0.28769,0.31077,-0.15261,-0.32797,0.37488,0.72333,0.65257,0.46054,0.52747,-0.11286
-0.097302,0.43053,-0.76787,0.053669,-0.19243,0.83418,0.47479,1.2584,0.91271,0.5371,0.15534,-0.093498
-0.37243,0.783,0.18415,0.9538,0.89288,0.47512,0.35507,0.79638,-0.21899,-0.23876,-0.47588,-0.58947
0.93641,1.0085,0.037344,0.70205,0.15731,0.35323,0.22118,1.419,0.33603,0.41352,0.26367,0.12942
-0.39695,-0.14807,-0.73142,0.40204,1.2063,0.29874,-0.24101,0.96691,0.89364,0.060562,-0.30163,0.45172
2.0455,1.8097,0.88348,0.91721,0.2926,-0.35828,-0.11173,0.66579,0.32383,-0.2851,0.30013,0.27952
0.46344,0.77146,0.032527,1.1834,0.70739,0.77825,0.2183,0.01255,0.046688,0.53172,0.38536,-0.15956
0.80272,0.75383,0.04941,1.0424,0.39107,0.072891,0.15404,0.33679,-0.058778,0.065561,0.015286,0.016022
0.072561,1.0513,0.54957,1.7056,0.91287,1.1084,0.29421,0.72505,0.42159,0.20803,0.15621,0.41083
0.46518,1.0804,0.10445,0.91784,0.50562,0.80772,0.15176,0.23909,0.35214,0.32856,0.27259,0.47365
0.55949,1.2153,-0.49644,0.79093,0.36679,0.037278,-0.38801,-0.097463,0.1973,0.079835,0.29698,0.33879
-0.14777,1.427,0.42898,1.2045,0.56413,0.67823,0.48189,0.66193,0.58731,0.66086,1.028,0.45765
0.85327,2.0632,-0.12917,-0.77051,-0.65056,-0.27265,0.64958,1.3137,0.48811,0.27097,0.94063,0.15148
0.41647,1.087,-0.55972,0.02957,0.69769,0.7632,0.26547,0.41243,0.11896,0.16968,0.40747,0.081793
1.532,1.0423,-0.49968,1.0328,0.52729,0.12547,0.87349,0.60094,0.28007,0.014564,0.2588,0.73995
1.2892,0.47235,-0.85145,0.18256,0.76981,0.29371,0.29,0.76441,0.84209,0.75361,-0.24258,0.26611
0.47437,1.2316,-0.40733,0.069892,-0.12403,0.53505,1.1535,0.87055,0.7732,0.44464,0.37243,0.71375
0.46964,0.74992,-0.95581,-0.064764,0.59561,0.1139,0.58859,0.82193,0.83913,0.62447,0.21799,0.12643
0.74286,1.4555,-0.17155,0.13167,-0.28271,0.05867,0.022717,-0.217,0.2588,0.6183,-0.32161,-0.90071
0.70884,0.87226,-0.45671,0.55943,0.77299,0.62484,0.15205,0.45186,0.39039,0.63274,-0.044154,0.41623
1.3294,2.627,0.37928,0.58017,0.55869,0.38778,-0.57647,0.28308,0.88703,0.049104,0.013318,0.083699
0.22221,0.77845,-1.1786,0.18651,-0.084783,0.096159,-0.44475,-0.21489,0.4563,0.06884,0.32542,-0.11546
0.18066,1.3773,0.72706,0.76434,0.063948,0.098667,0.11164,0.2625,0.24112,0.50751,0.91545,0.77829
0.90818,1.3213,0.40977,0.26165,0.083567,0.016757,-0.016763,0.21558,0.040272,0.23413,0.090323,0.22561
0.049273,0.26756,-0.52353,0.15558,-0.060695,-0.065568,-0.010019,0.18355,0.66077,0.89666,0.40381,0.63673
-0.29794,0.86543,0.34103,1.3038,0.83785,-0.089442,0.27714,0.25954,0.077644,0.87733,0.85996,0.8565
0.87961,1.5037,-0.033953,0.23118,0.0029809,-0.059571,0.52946,0.83949,0.59483,0.48058,0.96073,0.46604
0.10866,0.47044,-0.49552,-0.29106,0.047418,-0.17615,0.18489,0.11581,-0.17536,0.086618,0.84439,0.7662
0.31422,1.4576,-0.30006,0.47441,0.2046,0.34003,1.0528,0.81756,-0.55976,0.15644,0.87422,0.30872
0.59107,0.91342,-0.54997,-0.19021,-0.20208,-0.83721,-0.43151,0.45423,-0.47722,0.23433,0.71204,0.02726
-0.26417,0.95056,0.37773,0.5844,0.5809,-0.0078263,0.72084,1.0326,0.92589,0.665,-0.071012,0.34953
0.19974,1.0485,-0.40032,0.75586,0.73503,0.22339,0.20781,-0.065094,-0.25061,0.48189,-0.35847,0.4972
0.71249,0.68586,-0.80642,-0.0038166,-0.042853,-0.47319,-0.20118,0.88464,0.0063518,0.32938,-0.033025,0.63233
1.3011,0.98411,-0.44081,0.19955,-0.13728,0.24946,0.26752,0.59443,0.32517,0.27695,0.084987,0.35399
0.63004,0.84108,-0.26823,-0.59015,-0.95496,0.20748,0.25026,0.31154,0.30526,0.39812,0.55562,0.36365
0.80583,0.96179,0.23287,1.6319,0.68677,-0.041763,-0.6046,0.69168,0.7629,0.55505,0.30185,-0.10697
0.11965,0.28317,0.53114,0.69372,0.46905,-0.037674,-0.22311,-0.19694,0.39102,0.91211,1.1054,-0.10462
-0.43184,0.2783,-0.29059,-0.010676,-0.12664,-0.0012019,-0.44921,0.09503,-0.32803,0.40048,0.43538,0.15929
-0.14465,0.64547,0.43166,1.075,-0.12513,-0.035409,0.10486,0.37744,0.040958,0.062331,0.52911,0.31313
0.64953,0.96352,0.20167,1.1249,0.46644,0.15227,-0.076668,0.44219,-0.22856,-0.47432,-0.35761,0.044678
0.9155,1.0894,-0.14697,0.34107,0.45431,0.22307,-0.024815,0.32786,0.25823,0.026598,0.23421,0.10824
-0.015023,1.0716,-0.01055,0.36343,0.1497,0.47357,-0.41714,-0.18904,0.34251,1.1623,0.70757,0.49656
0.69541,0.80903,-0.59648,0.21969,-0.69226,0.14278,0.058558,0.11469,0.27364,0.26974,0.40584,0.40623
0.070179,-0.21738,-1.3366,-0.090741,-0.021931,0.43581,0.23,0.84676,0.76087,-0.12817,0.47056,0.73019
0.089471,1.2283,0.84806,0.30198,0.83788,0.5831,-0.3492,0.48036,0.86433,-0.13989,0.0022991,-0.40481
0.89452,1.5533,-0.011001,0.2303,0.12423,-0.29234,-0.34947,0.18884,0.28245,0.75276,0.24738,0.29075
0.22815,0.54717,-0.66121,0.64676,-0.20814,-0.19223,-0.012392,0.12003,0.17349,0.95543,0.72768,0.52394
1.0814,0.87586,0.016821,0.52629,0.85266,0.9756,0.22781,0.6146,0.5549,-0.080131,-0.090117,0.35369
0.71921,-0.24649,-0.65215,0.59168,-0.30231,-0.14638,0.25842,0.60115,-0.15106,-0.18568,0.16355,0.17679
0.24829,0.66883,-0.86467,-0.64644,-0.42184,-0.45908,0.20465,0.35402,0.096988,0.29996,-0.024212,0.53468
3.9007,1.2068,-0.75027,0.27941,-0.093503,-0.12375,1.009,-0.11851,-0.72068,0.4524,0.67961,0.18247
2.7515,2.0244,0.37934,0.41688,0.213,-0.24499,0.3963,0.34192,0.30168,0.92212,0.97789,0.24494
1.09,1.9948,0.56866,0.84547,1.2372,0.76179,0.74832,0.48211,0.80236,0.59633,0.36012,-0.14078
0.88755,0.30166,-0.5052,0.36593,0.62634,0.27832,0.45784,0.39273,0.43817,0.56501,0.50869,0.61712
1.405,2.0631,-0.069535,0.71905,1.1116,-0.059456,0.77223,0.51534,0.35631,0.41786,0.22516,0.48044
1.0447,0.95394,-0.15076,0.55348,0.77264,0.5793,0.127,0.3011,0.17965,0.68539,0.20308,-0.488
0.41407,0.71539,0.11199,0.794,0.70796,0.6157,-0.09051,0.57141,0.59577,0.14223,-0.30519,-0.45063
1.95,1.5816,-0.056463,0.66595,-0.076683,0.069576,0.48936,0.70036,0.5287,0.51192,0.074133,0.079386
0.33298,1.0834,-0.27399,1.0528,0.5402,0.2979,0.54816,0.94108,0.95264,1.0144,0.18682,0.62561
-0.024179,1.237,-0.87556,-0.30675,-0.11646,0.36083,-0.33744,0.36577,0.80771,0.51381,0.39569,0.35039
0.067685,1.3556,-0.054924,0.74246,0.86641,0.8902,0.49447,0.55,0.092353,0.76816,0.090769,0.14598
0.37555,0.35847,-1.3213,0.16674,0.029525,0.31476,0.95335,1.23,0.43031,0.46528,0.016612,0.3788
-0.57045,0.96095,0.21385,0.095064,-0.54054,0.18747,-0.25808,0.86468,0.43345,0.3599,-0.12497,0.2489
-0.020103,0.55513,-0.3833,1.033,-0.30715,-0.6393,-0.48898,0.79791,0.080635,-0.023023,0.17484,0.29967
0.63502,0.71729,0.058442,0.88942,0.69898,0.10482,0.33033,0.94018,0.16129,0.043684,0.75661,0.031576
0.12976,0.57737,-0.42026,0.47136,0.86396,0.22468,0.30349,0.40295,0.21409,0.40209,0.17185,0.28522
0.5602,0.28126,-0.56204,0.27084,0.6086,0.018254,0.23576,0.97985,0.33717,0.70331,0.5419,0.51766
0.4459,1.4053,0.4269,0.48082,1.0122,0.99935,0.69991,0.058101,0.63406,0.51618,0.28043,-0.4984
0.55325,0.91785,0.2324,1.2305,0.46637,0.30124,0.25329,0.44141,-0.13124,0.42504,0.32571,0.109
0.3397,0.76028,-0.11634,1.0646,1.2936,0.68997,0.23841,0.30699,0.41813,0.26072,-0.46042,0.57782
0.25243,1.2413,-0.025503,1.1886,0.9205,0.070325,-0.59685,-0.56325,0.055334,0.11975,-0.049907,0.040454
0.52055,-0.20636,-0.60085,0.27791,0.26872,-0.19895,0.0087939,0.39575,0.21555,0.13748,0.39959,0.19144
3.3932,1.1757,-1.9959,-0.81081,0.19556,0.15548,0.28602,0.016251,0.6772,0.40114,0.60215,-0.54765
5.2958,2.1944,-1.936,-1.4843,-0.35427,0.73228,-0.77643,-1.2437,1.4311,0.059111,0.17019,0.50866
6.2583,2.7596,-2.9513,-1.2372,0.44405,0.08911,-0.56426,-1.0226,1.1381,0.24298,0.30012,-0.21706
6.7947,2.2761,-2.1723,-1.8533,0.18018,0.15571,-1.0132,-0.80298,0.72119,0.34115,0.32939,-0.19213
7.2757,2.245,-2.365,-1.7181,0.46238,0.47558,-1.097,-0.83649,0.75619,0.60835,0.68234,0.079833
7.0541,1.4668,-2.7384,-1.4247,-0.17042,0.65498,-1.4453,-0.976,1.1297,0.69664,0.69229,0.2569
7.3836,1.0027,-3.3312,-0.96194,-0.12229,0.80328,-1.3565,-0.57909,0.78062,0.60341,0.5085,0.7778
7.7458,0.91834,-3.1729,-1.2402,-0.16973,0.71386,-1.1227,-0.56025,0.98221,0.31002,0.029677,0.47033
7.7644,1.5111,-2.8427,-1.4833,0.33019,0.20077,-0.62346,-0.80823,0.9062,-0.05143,0.52057,0.39455
7.9704,1.6359,-2.5565,-1.6606,0.087947,0.81541,-1.3113,-0.27694,0.82615,0.56049,0.059873,0.47875
8.1222,2.1828,-2.3745,-1.9043,-0.16641,0.89345,-0.86004,0.18556,1.0262,0.47393,0.49158,0.80531
8.0046,1.9005,-2.5739,-2.303,-0.4377,0.963,-0.65191,-0.29863,1.2908,0.72765,0.41011,0.82351
7.6182,1.4377,-2.7538,-2.7455,-0.19128,1.0923,-1.5114,-0.7207,1.3899,0.070652,0.84838,0.45056
6.3691,1.2411,-2.879,-2.0718,-0.2099,0.9592,-0.76813,-0.36087,1.0642,0.38941,0.56685,0.52236
5.7591,0.69254,-2.7507,-1.5724,-0.64472,0.89986,-0.43081,-0.46355,0.81922,0.86797,0.73927,0.74664
6.1413,0.65676,-2.7599,-2.1387,-0.0072469,1.4367,-0.91171,-0.11879,1.6232,0.28704,0.13682,0.90903
6.0387,1.7061,-1.8437,-0.18065,0.23603,0.815,0.12506,0.35543,1.0254,0.24804,0.40879,0.023647
5.2082,1.8226,-0.84883,0.11179,0.085007,1.3418,-0.0182,-0.1169,1.0674,1.177,0.35162,0.36693
4.1455,1.4383,-1.0246,-0.31058,0.51638,1.0811,0.55056,0.59767,0.62891,0.097356,0.83351,0.54415
4.0449,1.0972,-1.4116,-0.48518,0.69938,0.92767,0.1973,0.70505,0.17386,0.44514,0.78347,0.31923
3.8047,2.3061,-0.98643,-0.3802,0.77336,0.57797,-0.077638,0.01892,0.92984,0.6287,0.0064177,0.025063
2.6811,1.1385,-1.149,-1.0718,1.0598,1.175,-1.3727,-1.0507,-0.29791,0.49402,0.65351,0.13178
2.465,0.73846,-1.0542,0.16707,1.4166,0.39647,-0.46757,-0.98507,-0.0019084,1.1761,1.4295,0.42726
3.492,1.1622,-1.0865,-0.13304,0.49243,0.61604,0.51027,0.22571,0.082637,0.22803,0.48917,0.15807
2.5279,0.98106,-1.6445,0.34858,0.9525,0.23883,-0.18316,0.24366,-0.1342,-0.24265,0.030325,-0.083151
2.2048,1.2094,-0.30594,0.61797,0.55636,0.61435,0.2727,-0.033122,-0.1194,0.22485,0.14664,0.48674
2.1279,0.81046,-0.92797,-0.31847,-0.0022023,0.41764,-0.17909,-1.362,-0.40951,0.42909,0.8784,-0.33094
1.5525,0.58408,-0.17161,1.115,0.95202,0.70625,-0.099553,0.01971,-0.45476,0.55495,0.63205,-0.093977
1.6075,1.2665,-0.27782,-0.12474,-0.36185,0.47438,0.55594,0.5577,0.04927,0.26981,0.072152,0.57952
1.2298,1.1925,-0.15846,-0.11065,0.1488,0.48444,-0.27646,0.19544,0.24966,0.68454,0.35304,0.24834
0.53722,1.4105,-0.41307,0.24481,0.72772,0.49668,0.046897,0.5669,0.20722,0.61078,0.27175,-0.21307
0.3681,1.1909,0.25712,0.41889,1.17,0.47731,0.56073,0.75927,0.26444,1.112,0.26525,-0.036077
0.90182,1.0165,0.71865,0.70906,0.8512,-0.2671,-0.14394,0.72951,0.37051,0.52114,0.35846,-0.028003
0.58114,0.53247,-0.48564,0.20414,0.59976,0.26931,0.12769,0.39707,0.3534,0.14385,0.19609,-0.16565
2.1583,0.72554,-0.20681,0.86575,0.72567,0.039759,-0.42227,-0.15229,-0.20702,-0.064106,0.42935,0.069354
3.3806,2.7932,0.71379,0.063396,0.8486,0.048937,-0.50278,-0.34805,-0.37131,0.039415,0.62827,0.4588
2.268,2.7666,2.0457,1.1363,1.1818,0.64379,0.6223,0.50547,0.30911,0.20006,0.48677,0.40814
1.8287,2.5804,1.4702,1.211,0.65787,0.23905,0.23947,0.9541,0.15917,0.2167,0.00079611,-0.18577
1.5309,1.5878,1.2472,1.6351,1.2397,0.76425,0.43009,0.61027,-0.15117,0.95805,1.2266,0.93269
0.99338,1.8157,1.6404,1.4148,1.373,1.446,1.2446,1.1134,0.92102,1.2738,0.31468,0.49099
1.8807,1.4769,0.80532,1.0711,0.68943,1.1662,0.8673,1.0197,0.77594,0.57376,0.66943,0.30799
1.2764,1.1016,0.35569,1.0853,1.7587,1.017,0.80722,1.1341,0.96337,0.33646,0.51158,0.79192
1.3341,1.5359,0.21697,0.95974,1.4706,0.6074,0.73404,1.2438,0.71023,1.1048,0.55491,0.29371
1.1198,1.9756,1.2391,0.9872,0.61618,0.11975,0.64355,0.7636,0.28835,0.89454,0.47228,0.12818
1.8065,1.1709,-0.30666,1.0892,1.5014,0.34369,0.49475,0.79629,0.74649,1.0714,0.31247,0.085666
1.5877,1.5359,0.30983,0.92417,0.94739,0.44488,0.27888,0.60335,1.0495,1.0695,0.78807,0.16361
