0.013411,1.3785,0.26943,-0.48849,-0.22067,0.5377,0.92142,1.6376,1.0233,0.89754,0.67326,0.32734
0.96624,1.226,0.42368,0.29653,0.51547,0.46941,0.4274,1.0647,0.89027,0.30451,0.61404,0.060352
1.1576,1.0816,0.3783,0.7468,0.77074,0.69757,0.7604,1.1656,0.19395,0.70968,0.71249,0.65143
0.70028,0.64696,-0.32921,0.13265,-0.42263,0.022287,0.6848,0.60333,0.35764,0.0031734,0.088988,0.10747
1.0045,0.80169,0.58947,0.29423,0.54126,0.17742,0.36177,0.80209,0.75713,1.1106,0.98236,0.1097
1.1227,1.89,0.60697,-0.19835,1.1001,0.80056,0.53792,0.51191,0.41058,0.50405,0.55009,0.62355
1.4153,0.89349,0.37761,0.45374,0.31623,0.047416,1.01,0.91725,0.71665,0.58577,0.49754,0.1322
0.5394,0.71929,-0.16633,-0.29574,-0.03925,-0.56327,-0.11838,0.33162,0.29818,0.089067,-0.051342,-0.64757
0.68121,0.6783,-0.3108,0.29781,0.18681,-0.44812,0.32146,0.83511,0.28951,0.071211,0.12476,-0.080006
0.71224,0.80815,0.06787,0.72785,-0.089591,-0.008132,-0.52073,-0.4329,-0.32765,0.038484,0.023597,0.088338
0.25785,1.0342,0.66654,0.24557,-0.37655,-0.6783,-0.21866,0.36413,0.33651,0.69324,0.048892,-0.29523
-0.005435,0.5486,-0.39125,0.43124,0.17743,-0.16661,0.99753,1.0542,1.4203,0.94543,0.92253,0.32299
0.12407,2.0403,-0.15533,0.62554,0.39825,-0.22707,0.89333,0.64649,1.0584,-0.012501,0.96427,0.45305
-1.3783,1.8015,-1.2143,0.7354,-0.38091,-0.33381,1.0025,-0.22223,1.0273,-0.43993,0.96074,-0.127
-2.3432,2.5821,-1.3614,-0.17211,-1.299,-0.24576,0.50788,-0.19153,-0.076826,-0.51953,0.98051,0.43275
-3.4969,2.8211,-1.549,1.1101,0.42173,0.8145,0.51954,0.52654,0.41283,-0.59211,0.60567,-0.22866
-3.4538,2.8664,-1.8808,1.0696,-0.097064,-0.2388,0.724,0.73683,1.0131,0.54673,0.73743,0.39529
-3.3364,3.9104,-2.2792,1.2909,-0.67766,-0.18417,0.43437,0.016808,1.1529,0.11478,0.39075,0.59862
-4.1499,3.4941,-2.8804,1.1674,-0.89231,-0.53269,0.024996,0.32115,1.058,-0.31331,0.25905,0.035178
-3.8562,3.2112,-2.4934,0.99886,-0.42279,0.61468,0.99411,0.75473,0.98388,0.11279,0.48946,0.080263
-4.5656,3.9359,-1.7996,1.3248,-0.39703,0.70996,0.96963,0.59639,1.1666,0.5013,1.2756,0.48812
-4.7741,3.9975,-2.9312,1.4615,-0.17691,0.82023,0.70176,-0.039501,0.64727,-0.26108,0.85672,0.26261
-4.8765,4.0907,-2.2334,1.6964,-1.164,0.22302,0.65543,0.653,0.48703,-0.23775,-0.070277,0.32458
-5.3201,4.659,-2.0961,1.8779,-0.14349,0.20211,0.064234,0.25757,0.97424,-0.076719,0.34286,0.20558
-5.872,3.9361,-2.1476,1.6071,-0.56669,0.33908,0.0041282,0.53705,0.47961,0.53303,0.2566,0.8636
-5.8495,4.8254,-2.1952,1.0234,-0.39051,-0.0057143,0.51714,0.91662,1.2909,0.29175,0.94943,-0.49754
-6.0357,3.5415,-2.5966,1.1143,-1.3314,0.26269,0.59594,0.54619,0.84856,0.061055,0.18592,-0.49365
-5.6056,4.3368,-2.1162,1.2201,-0.77759,-0.19886,0.46221,0.18924,0.60165,-0.13514,0.22527,-0.0042145
-5.5166,4.2121,-2.3249,1.4434,-0.74036,0.29415,0.93805,-0.46607,0.82162,-0.047669,0.73251,0.20189
-6.6386,3.2165,-1.6696,0.97927,-0.53294,0.65613,0.68066,0.2226,0.60758,0.93053,1.0971,0.29614
-3.5815,2.9697,-2.9513,-0.31223,-0.50698,0.57344,0.30101,0.25252,0.74151,0.22359,0.73731,0.15557
-5.5278,2.5593,-1.4828,0.14903,0.00095351,0.99095,0.31481,0.23456,0.74501,0.079211,0.49475,0.28045
-4.8492,1.9305,-0.83408,0.5239,0.0076604,0.56612,1.1006,1.3611,0.65972,0.072537,0.10509,0.31089
-2.5158,2.6164,-0.92724,0.63116,-1.1506,-0.79825,0.027308,0.048738,0.57197,0.85069,0.92783,-0.49249
-2.704,1.5793,-0.54618,0.17102,-0.73979,0.42183,0.87772,0.22128,0.26695,-0.6046,0.64978,-0.093852
2.0891,3.4229,-0.055067,0.1947,-1.341,-1.1052,-0.29031,-0.53541,0.082977,-0.28587,0.68966,-0.4277
3.0162,1.8018,0.24807,0.22099,-1.0735,-1.3834,-0.30811,-0.36878,0.64422,-0.3615,0.78989,-0.76002
3.2925,1.2824,0.76925,-0.20156,-1.2188,-1.8127,-0.44504,-0.37886,0.68952,-0.38923,0.8731,-0.63683
3.2097,1.2384,0.85929,-0.46028,-1.2827,-1.9124,-0.32132,-0.45852,0.65237,-0.065116,1.168,-0.88924
2.9735,0.86957,0.83696,-0.64155,-1.3985,-2.1804,-0.3047,-0.38957,0.68573,0.030577,1.3068,-1.1052
3.3339,0.52791,0.8296,-0.70223,-1.3877,-2.2862,-0.64011,0.018722,0.91213,-0.10907,1.5743,-1.1154
3.3524,0.68668,0.86754,-1.0181,-1.5621,-2.3119,-0.21222,-0.022817,0.83657,-0.24065,1.4059,-0.99246
3.9887,0.30112,0.84693,-0.74615,-1.4499,-2.3742,-0.2394,0.11215,0.93214,-0.3307,1.0861,-0.68995
3.1726,0.67799,0.60603,-1.0468,-1.2291,-2.1745,-0.046858,-0.51764,0.83282,-0.41073,1.4742,-1.613
3.2148,0.58122,0.69956,-0.8422,-0.81828,-2.0634,-0.025928,-0.55518,1.0091,-0.27241,1.2362,-1.4613
4.2661,0.45842,0.74077,-0.56237,-0.68309,-1.5996,-0.50428,-0.39978,0.59396,-0.27962,1.2103,-1.475
5.2457,1.7205,0.48231,-0.14775,-0.39524,-2.0216,-0.33916,-0.47831,0.13511,-0.2951,1.2952,-1.3914
4.5474,1.7619,1.1401,1.051,-0.68701,-1.7804,-0.68273,-0.56414,0.72949,0.15155,0.52809,-0.9833
4.413,1.6825,1.0701,1.295,-0.117,-1.6664,-0.30855,0.33426,0.7434,-0.16027,0.23063,-0.35794
3.9039,1.2815,1.1937,1.6991,-0.41121,-1.8914,-0.51917,0.4152,0.83377,0.45758,0.31254,-1.0635
3.6036,1.5758,0.55764,1.0059,-0.47538,-2.2556,-0.66638,-0.12337,-0.00094529,0.48022,-0.2104,-0.51077
4.0437,1.8128,1.2838,1.5208,-0.15726,-1.816,-0.63587,0.1553,0.21742,0.738,0.5886,-0.31886
2.815,1.6487,1.1459,0.96273,-0.90862,-1.7363,-0.67701,0.32427,0.14733,0.9144,0.43535,-0.51185
2.9472,1.8851,1.9023,1.5117,0.093558,-0.97599,-0.64013,0.97005,0.044185,0.5464,1.4011,0.018484
2.5815,1.751,0.79368,0.94738,0.26848,-0.7358,-0.43817,1.0217,-0.37439,0.055599,0.47794,-0.12175
1.8384,1.2787,1.0643,1.5118,0.32222,-0.74394,-0.3068,0.88538,0.27855,0.15168,-0.14932,-0.24666
1.5123,1.1791,0.11505,0.56345,0.69557,-0.29652,0.053382,0.45983,0.30844,0.17198,-0.3443,-0.38201
2.4429,2.1824,1.2126,1.8201,0.24549,-0.53773,-0.4586,1.1596,0.84394,0.57886,-0.5454,-0.21155
1.8217,1.6921,0.184,0.3656,0.40134,-0.60379,-0.048757,0.28254,-0.48266,0.55391,-0.038415,-0.19823
1.0559,1.3625,0.41378,0.80109,-0.029164,-0.45356,0.17406,0.61646,0.44425,0.27467,0.11892,0.16954
0.48619,1.2189,0.33908,0.17456,0.070142,0.067352,0.33506,1.1588,0.71385,0.33852,-0.31952,0.10678
1.033,0.66063,-0.11683,0.44328,0.18086,0.12934,0.12709,0.61159,1.0258,0.72263,0.27271,-0.13412
1.3289,1.2356,0.026266,-0.07059,0.66032,0.32638,0.53044,0.36104,-0.31702,0.42348,0.31426,0.12068
1.0203,1.3221,0.64027,0.75167,0.97457,0.45464,0.67523,0.18201,0.18187,0.29128,0.5678,-0.41576
0.84321,0.82157,-0.24751,-0.26297,0.21684,0.389,0.29795,0.066272,0.1593,0.33093,-0.46047,0.045274
0.68104,0.87393,0.51359,0.58256,1.13,0.92561,0.729,0.36048,-0.26471,0.056132,0.21352,0.29569
0.97039,0.92676,0.053365,-0.0084633,-0.032545,-0.59115,0.53751,0.83778,0.28819,0.33441,-0.20054,-0.20325
0.95994,1.0555,0.44676,0.60396,0.48219,-0.044298,-0.092605,0.55493,0.78611,0.47008,0.29736,0.094607
0.86466,1.3486,1.0017,1.4275,0.93431,0.20846,-0.32426,0.18171,-0.095111,0.15109,0.1885,0.28711
1.0075,1.1315,0.024605,0.39256,-0.56593,-0.56069,0.028336,1.2462,0.47393,0.86514,0.51496,0.74414
0.092527,0.68374,-0.30364,0.1109,0.098242,0.39138,0.68052,0.49448,1.0287,0.57027,0.61306,0.10031
-0.97707,0.39099,-1.6859,-0.81508,-0.83132,0.06763,0.7454,-0.030532,0.5763,-0.74243,0.60944,0.014663
-1.8299,2.3803,-1.849,0.76749,-0.44766,-0.093141,0.5585,0.48755,0.88605,0.0085604,0.63025,0.027144
-3.0952,2.9312,-1.8345,1.1384,0.20944,0.17224,0.71499,0.51613,0.78312,-0.57154,0.4643,0.55033
-2.6686,3.4261,-1.2045,0.93602,-0.60868,-0.23178,1.0077,0.57716,0.73137,-0.045859,0.52683,0.62408
-4.605,3.0343,-1.2583,0.15755,-0.32267,-0.31886,0.29387,0.037645,0.66318,-0.44138,0.44274,-0.21452
-3.1163,2.6049,-1.7795,0.57911,-0.22156,-0.53439,0.21545,0.19501,1.0953,-0.48033,0.36693,0.26079
-3.6745,3.1541,-1.7715,0.32735,-0.14063,0.25658,0.65941,-0.36118,0.48022,-0.28154,0.8923,0.1496
-0.67453,2.0209,-1.9237,-1.2582,-1.7836,-1.2005,0.015166,0.41046,1.703,-0.78335,0.51173,-0.031366
-1.5171,2.5402,-1.5047,-0.42195,-0.7144,-0.57313,-0.089931,0.19406,1.6485,0.069312,0.61599,-0.39986
-2.2203,1.5012,-1.1133,0.53577,0.41301,0.57399,1.4425,1.2134,1.8606,0.41724,1.0223,-0.1394
-0.2118,2.8181,-0.14736,0.80452,0.49277,0.075262,0.4665,0.51938,0.57672,-0.40245,0.70445,-0.23673
-0.2326,1.4986,-0.9079,0.24984,-0.0011112,-0.033746,0.031895,0.38734,1.1035,0.23627,0.59486,-0.2083
0.22885,1.9278,0.00073071,0.31768,-0.43348,-0.14478,-0.20319,-0.19019,0.77667,0.54058,0.28248,0.39429
0.062073,1.5134,-0.63379,1.0885,0.38138,0.26914,0.27125,0.74848,0.93462,0.12598,0.10884,0.36888
-0.48039,0.93784,0.58231,1.3583,1.0167,0.29056,-0.096691,0.68154,0.9972,0.16332,-0.033554,-0.0083181
-0.32604,0.82237,-0.40707,0.45405,0.81907,0.21821,0.65147,0.69484,-0.19731,0.63286,0.53358,0.3977
0.96803,1.4411,0.21043,0.12001,-0.42843,-0.21845,0.14689,0.62401,0.5368,1.142,0.64013,0.2646
-0.36335,0.29882,-0.057421,-0.02329,-0.088381,0.20798,0.45422,0.70097,-0.0022292,-0.23053,-0.22554,-0.56632
1.1927,1.6798,0.090502,0.63543,0.55722,-0.15068,0.49575,0.68534,0.42599,0.92525,0.77416,0.26758
0.64002,0.95776,0.47933,0.87259,0.37462,0.71635,0.69909,1.8669,0.81019,0.067563,-0.77312,-0.71519
0.90819,1.0396,0.46791,0.47234,0.45553,0.5619,-0.10302,0.42969,0.082056,0.24145,0.31495,-0.17307
0.37287,0.64267,0.88269,0.55442,0.89548,0.62308,0.90124,0.7589,0.93552,0.33053,0.10493,0.043625
0.98102,1.4111,0.5666,0.20721,0.36415,-0.2513,0.30942,1.5558,0.85469,-0.14486,-0.30018,0.21891
1.2354,1.809,0.13371,1.1999,0.71451,-0.45215,-0.27241,0.47869,0.51486,0.014243,0.94956,0.20997
1.088,1.0808,0.17707,0.59683,0.45197,0.5999,0.032403,0.40316,0.49336,0.015178,0.30498,0.42487
0.42332,0.59176,-0.12515,0.11114,0.16483,0.51039,0.57119,0.75764,0.15644,0.13388,0.57858,0.43728
1.1254,1.3967,0.35635,0.3858,0.60479,-0.074593,0.58484,1.1388,0.7504,0.73111,1.2211,0.59525
0.78797,1.5436,0.030497,0.14052,0.19557,0.56002,0.252,0.019307,-0.46095,-0.19373,0.12145,0.056113
0.55646,1.9173,0.19614,0.43856,1.0665,0.18043,0.39839,0.86551,0.84004,0.58986,0.00095168,0.2742
0.91624,1.0522,-0.2138,0.37405,0.12229,-0.14254,0.72894,1.1955,1.1011,0.94273,0.22632,0.047289
-0.094857,0.84353,-0.29583,0.15825,0.38331,0.061977,0.37709,0.6915,0.7827,0.9923,1.0676,0.38655
0.66143,1.5437,0.81367,0.2986,-0.14278,0.1959,0.9282,0.69232,0.51428,0.30581,0.29829,0.31374
0.77145,1.4504,0.27793,0.38932,0.22412,0.43785,0.50425,0.68612,0.74707,0.25722,0.16825,-0.45563
-1.1753,2.0328,-0.53171,0.46005,0.49025,1.0912,0.24439,-0.02164,0.91711,0.13641,0.70563,0.38043
-1.421,2.8929,-0.97886,0.87552,0.89015,0.54289,0.0073412,0.44041,0.29446,-0.54948,0.16886,0.51723
-2.4992,3.3633,-0.73768,-0.028611,-0.1412,0.47864,0.38288,0.57963,1.2902,-0.23185,0.15443,-0.3721
-3.2379,3.4411,-0.55417,0.039566,-0.44413,0.1081,-0.12816,-0.7542,0.22337,-0.049487,0.65701,-0.076587
-3.7653,1.8601,-1.3847,0.63006,0.74405,0.56191,1.0766,0.43174,1.2298,0.24827,0.87864,-0.44631
-3.1316,3.1496,-0.56596,0.087591,0.21355,0.30335,0.72251,0.71093,0.72891,0.8739,0.82702,0.43878
-2.8302,2.9372,-1.0416,1.1997,0.38908,0.52531,0.2379,0.71161,0.98757,0.12506,0.6114,-0.4799
-3.4571,3.0076,-0.7173,1.2083,-0.6692,0.54457,0.38576,-0.040085,0.91754,0.044447,1.1395,0.41856
-2.9298,3.0571,-0.8938,0.13883,-0.15515,0.61686,0.53073,0.65664,0.8992,-0.10982,-0.18008,0.085227
-3.0228,2.6194,-0.93155,0.69184,-0.050336,1.0098,0.8002,0.94852,1.0052,0.93562,0.80821,0.011501
-3.2667,2.3681,-0.33328,0.89121,-0.5911,0.34051,-0.065513,0.69041,0.39405,0.073845,1.1826,0.94849
-3.5406,2.7426,-0.45651,1.5555,0.46048,0.23276,0.28777,0.81544,0.98237,-0.29201,-0.19616,-0.35947
-3.1807,2.6346,-1.1996,0.86136,0.31667,-0.37147,0.07918,0.88108,0.5613,0.24373,0.69643,-0.2894
-3.5278,2.6367,-0.56816,0.6374,0.68477,0.79235,-0.26671,-0.027278,0.89038,0.43382,0.75551,0.54616
-3.1004,1.9987,-0.64376,0.88015,-0.43812,0.35836,0.38602,0.12349,0.097109,0.76637,0.9734,0.67335
-2.8231,3.0021,-0.14753,0.75327,-0.75304,-0.37496,0.045101,0.45241,0.3716,0.074598,0.54789,0.46331
-2.9016,2.4965,-1.305,-0.5079,-0.1239,0.54461,-0.0041667,0.69971,0.45049,0.47615,0.84249,0.20258
-3.0747,2.6179,-0.24634,0.97774,-0.3561,0.60003,-0.26482,-0.067905,0.42892,0.042631,0.16761,0.71713
-2.947,2.9323,-0.43899,0.55984,0.2201,0.99068,0.78933,0.68878,0.34665,-0.50789,-0.044172,-0.10107
-4.0391,2.5141,-0.44402,0.38285,-0.46362,0.2022,0.46662,1.2081,1.6248,0.64298,0.42814,-0.34958
-3.3951,2.9913,-0.49118,1.1989,0.12977,0.83961,0.8303,0.85336,1.2689,0.48688,-0.10134,-0.17946
-2.9138,3.0061,-0.55881,1.0209,-0.086022,0.2276,0.43757,-0.25289,0.6153,0.091252,-0.011551,-0.30463
-3.7273,2.9678,-0.29013,0.44825,-0.63576,-0.0052711,-0.063027,0.062336,0.57978,0.18269,0.62562,-0.040982
-4.0498,3.2226,-0.48714,1.4147,0.32607,0.74398,-0.048292,0.52732,0.6533,0.1287,0.68047,0.13453
-4.218,2.1596,-0.10931,0.35747,0.12428,-0.63478,-0.15377,0.17876,0.79782,0.55789,1.0315,0.072604
-4.0273,2.6816,-0.20289,-0.14135,-1.1903,0.17468,0.068808,0.13799,0.51762,0.1614,0.5581,0.068066
-3.6115,2.2612,-0.87046,0.032325,0.19801,0.65534,-0.094189,0.53657,0.050733,0.12739,0.39098,0.96518
-2.9631,3.0248,-1.0198,1.271,-0.088825,1.1083,0.24859,-0.1655,-0.095915,-0.013057,0.40101,0.51487
-3.574,3.2403,-0.27603,0.75325,-0.52514,0.33568,0.62014,0.84832,0.38745,-0.34853,0.14692,0.066656
-4.0775,2.3974,-1.1849,-0.19405,-0.69271,0.088126,0.85453,0.44314,0.44621,0.46757,0.67742,0.8393
-3.5797,2.687,-0.41393,0.79069,-0.32055,0.4572,0.57746,0.33606,0.43159,0.46891,0.57594,-0.0059995
-4.2475,2.7672,-0.48906,0.24292,-0.46934,0.54904,0.94235,0.5776,0.61366,0.44292,0.41216,0.32462
-3.6447,2.8083,-0.64383,0.65059,-0.24343,0.089693,-0.14832,0.58981,0.95658,0.65633,0.97116,-0.28329
-3.5517,2.6816,-0.14975,0.68128,-0.070029,0.077158,-0.07225,0.59116,0.70591,0.74039,0.73966,0.30645
-2.7133,2.1968,-0.46882,1.067,-0.04982,0.54264,0.14654,0.81448,0.45262,-0.16848,0.29941,-0.19203
-4.7795,2.0483,-0.88825,0.36414,-0.40034,0.58811,0.59794,-0.093638,1.0218,0.69594,0.93356,0.40369
-5.0602,2.1504,-0.51642,0.46932,-0.03837,1.0271,0.93706,0.57961,0.53646,0.087768,1.0476,0.12104
-4.4427,2.7209,-0.53564,0.38605,0.06431,0.91335,0.23182,-0.14528,0.77306,0.33937,0.86304,0.083739
-5.7701,2.0368,-0.19266,1.0392,0.064638,1.183,0.93419,0.9353,1.067,-0.34603,0.73349,0.15616
-4.4785,2.2355,-0.63774,0.25948,0.054151,0.18021,0.65767,0.79507,1.1049,0.043603,0.99505,0.22743
-1.2238,3.0116,-1.1654,-1.3617,-0.91445,0.76268,0.90692,0.32408,0.05552,-0.4822,0.53254,0.11569
-2.2689,2.8119,-0.21154,-0.076985,-0.10787,0.24977,0.074037,1.027,0.78779,-0.42312,0.81469,0.45456
2.6351,2.4872,-0.26103,0.45364,-0.60254,-0.35138,-0.40105,-0.22624,0.42406,-0.076061,0.13571,-0.71902
4.39,1.464,0.095912,0.1365,-1.21,-1.4973,-0.5592,-0.58697,1.1639,-0.17286,1.0155,-1.0078
3.5412,0.19245,0.50652,-0.87099,-1.3201,-1.9765,-0.63174,-0.41495,1.4476,-0.063625,1.7502,-1.3407
2.8565,0.081696,0.88204,-1.395,-1.1582,-2.3447,-0.35562,-0.30834,1.5363,-0.30933,1.8679,-1.5282
2.6843,-0.025074,0.29771,-1.3696,-1.1667,-1.9015,-0.36222,-0.29137,1.1544,-0.2786,1.7893,-1.456
3.2511,0.021049,0.28093,-1.1318,-1.0219,-2.1444,-0.031588,-0.14679,0.94825,-0.60483,1.5997,-1.2454
4.433,-0.21371,0.36867,-0.80597,-1.2073,-1.6181,-0.35381,0.11308,1.0356,0.12574,1.0637,-0.94477
4.2726,-0.064048,0.32475,-0.77714,-0.90181,-2.2149,-0.36575,0.1797,1.3492,0.28198,1.1775,-0.76635
3.6809,0.29609,0.36778,-1.2686,-1.2162,-2.1838,-0.24216,0.31052,1.375,0.63009,1.5769,-0.74358
3.7922,-0.20918,0.11842,-1.2893,-1.3566,-1.9885,-0.40372,0.41686,1.1399,0.56866,1.7214,-0.79137
5.0347,-0.061086,-0.23402,-0.79005,-1.3082,-1.9028,-0.23943,-0.1374,1.3082,0.28565,1.6802,-1.1136
4.7071,1.3776,0.47217,-0.39342,-1.0477,-2.0118,-0.85023,0.088933,1.148,0.31549,0.99976,-0.8836
4.7406,2.0101,1.2836,0.22658,-0.88536,-2.1544,-0.71364,-0.29071,0.73817,0.56398,1.3199,-0.47812
4.9885,1.987,0.44467,0.1285,-0.48339,-1.7921,-0.98645,0.6119,1.5722,0.023665,1.5567,-1.1515
4.7192,1.2483,1.0273,0.74132,-0.82889,-1.7099,-0.55032,0.62994,1.1563,0.52809,0.50397,-0.96481
4.5408,1.8423,0.85118,0.7203,0.057424,-1.4161,-1.1063,0.70374,0.61836,0.34792,0.70591,-0.13926
3.958,1.3481,0.60385,0.72986,-0.2843,-1.7707,-1.218,0.20896,0.66853,0.018599,0.82912,0.043064
3.6487,1.6419,0.7535,0.52886,-0.28968,-1.3695,-0.65685,0.17109,0.6434,0.62258,0.92977,0.40369
3.2331,0.9296,0.76968,0.29129,-0.61466,-1.8775,-0.8647,0.38747,1.0016,0.92234,0.21819,-0.20116
3.4078,1.9632,1.3596,0.67083,-0.2984,-1.2413,-0.15343,0.80839,0.94811,0.3551,0.19222,-0.38139
2.9266,1.9303,0.48819,1.2188,0.12102,-0.30667,0.16286,0.83508,0.49878,0.27797,-0.15357,-0.28198
3.0273,1.6787,0.57037,0.94895,0.66094,-0.14584,-0.70183,0.080198,0.99279,0.6804,0.35609,0.34074
1.7463,1.5894,0.72442,0.20664,-0.16926,-0.58652,-1.1922,0.7661,0.9092,0.58028,-0.063631,0.042855
2.1265,1.1316,-0.10426,0.27653,0.55575,0.014545,-0.54541,0.60075,0.86268,0.54074,0.20863,0.46139
1.8844,2.4038,0.79034,0.32349,-0.14436,-0.44887,0.07308,1.0916,0.73335,1.0453,0.47535,0.28064
0.9641,1.3683,-0.24199,-0.29617,-0.47741,-0.22529,-0.036138,0.68406,0.27544,0.59206,0.9135,0.80395
1.488,1.3561,0.44703,0.13184,0.65935,0.5305,0.34378,0.54696,0.19777,0.82905,0.28024,-0.36024
1.1117,1.0824,0.075296,0.42754,0.8328,0.32376,0.19928,0.52779,0.2919,0.41298,-0.4534,-0.30885
1.3226,1.0286,0.27784,0.25145,0.14797,1.1023,0.72923,0.90229,0.80478,0.56187,0.49343,-0.25002
0.88104,0.84501,0.92014,0.6148,0.47626,0.54823,1.3847,1.5512,0.53083,0.14461,-0.14712,-0.15758
1.6558,1.515,0.36761,0.44162,0.46706,0.73227,0.39685,1.0918,0.52468,0.27623,0.54159,0.27373
0.64712,1.2854,0.78343,0.75581,1.1113,-0.26844,0.18441,0.89485,0.0050031,0.14546,-0.28057,-0.60997
0.46782,0.72026,-1.9985,-0.73434,0.19508,0.3998,0.50985,-0.062972,0.87207,0.22738,0.92727,-0.55921
-1.9021,2.1125,-2.2979,-1.1088,-0.69983,-0.11607,0.44877,-0.73498,0.53501,0.32913,0.65776,-1.0568
-4.4833,2.8271,-2.1006,-0.0018913,0.24906,-0.41321,0.85549,0.53015,2.3173,1.0818,0.98813,-0.023055
-5.1602,3.1485,-1.2566,0.33655,0.57906,0.24242,0.38676,0.15914,1.2641,0.045283,0.21299,-0.070208
-5.2963,3.8389,-1.6284,0.002144,-0.21039,-0.85932,0.68435,-0.093349,0.52987,0.11396,1.3789,-0.083039
-5.829,2.4586,-2.2362,-0.030099,0.64475,0.85249,1.5893,0.43247,1.5074,-0.55264,0.13735,-0.22463
-5.1756,2.6948,-2.414,-0.38874,-0.37478,-0.39281,1.0938,-0.37793,1.2974,0.11693,0.37906,-0.029889
-3.3174,2.1528,-1.7964,-1.1264,-2.0446,-1.3282,0.44554,-0.45455,1.218,0.027103,-0.49159,-0.49756
-3.2096,2.8737,-2.0601,-1.4611,-0.531,-0.87214,1.2291,0.73076,1.582,-0.17806,0.77597,0.87479
-2.9007,1.849,-1.5801,-2.1093,-0.83645,-0.7182,0.73379,0.52721,1.0115,0.57631,1.4856,1.0884
-2.8364,1.3259,-1.5387,-1.308,-0.65126,-1.5138,0.87432,1.1817,1.7068,1.0929,0.73488,0.58817
-2.6364,1.2169,-0.79421,-1.0416,-0.53049,-2.3515,0.3758,0.11563,2.0407,1.1921,0.49793,0.71016
-1.0145,2.2418,-1.2169,-0.8335,-0.95762,-1.9905,0.39274,0.76357,1.2934,0.6593,0.079141,-0.046479
-0.21315,2.6357,-1.0261,-1.1743,-0.47218,-1.6316,0.22968,0.29298,1.4443,0.64383,-0.0062979,0.27082
-0.032223,1.2778,-1.363,-0.86867,-0.054691,-2.4109,-0.6516,-0.045792,0.55731,0.69105,0.33049,0.057808
0.19935,1.4162,-0.66104,-0.12188,-0.070525,-1.3404,-0.56002,-0.030968,0.80939,0.85911,0.84255,0.055708
0.024764,1.6787,-0.57521,-0.49848,0.10354,-1.244,-0.10568,-0.1831,0.022065,0.22514,0.28528,0.85314
0.054502,1.9333,0.043977,0.59112,0.73942,-0.97556,0.19356,0.48326,0.23746,0.27455,0.70657,0.22775
0.75454,1.0136,-0.87072,-0.087862,0.14208,-0.78174,0.55884,0.75753,0.87257,0.70496,0.39096,0.53353
0.18657,0.79243,-0.21227,-0.67144,-0.84411,-0.99442,0.025596,-0.50307,0.14611,0.63977,0.32047,0.59111
0.61797,1.6118,0.22324,0.2674,0.52672,-0.44899,0.46127,0.67069,0.97027,0.5319,0.36594,0.29812
0.59743,1.8281,0.72595,-0.29562,0.091567,-0.25549,0.095202,0.44362,-0.010984,0.37447,0.38119,0.52078
0.72632,1.9912,0.71563,0.11918,0.29902,-0.07563,0.46599,1.0841,0.48034,-0.027534,-0.065231,-0.024692
0.16203,0.83953,0.8513,0.52592,1.1723,0.7606,0.58256,-0.13343,0.098985,0.39591,0.42931,0.032559
0.31604,0.7971,-0.11674,-0.092617,-0.20938,-0.58327,-0.18578,0.73427,0.27976,0.79841,0.73194,0.22322
0.38298,1.0958,0.94993,1.0767,0.66392,-0.30521,0.34394,1.1902,0.083675,0.73232,0.007383,-0.39457
0.47486,0.77856,-0.30085,0.45,0.71959,0.80936,0.60541,0.44402,0.10293,0.24517,0.55559,0.46838
0.95682,1.4026,0.95941,1.3648,0.8166,-0.35084,-0.1328,0.65013,0.51845,1.0211,0.51499,0.38726
0.77258,1.0141,0.5427,1.1944,1.1432,0.74697,0.73485,0.84154,0.43377,0.19859,0.52952,0.41175
0.84614,1.5436,0.0094873,0.78072,0.091476,0.13138,0.39996,1.0597,0.47992,0.8096,0.35019,0.015451
0.95668,0.97334,0.51679,0.571,0.61288,0.38763,0.79426,0.80944,0.50122,0.29017,0.044378,-0.19797
0.86516,1.3717,0.54717,0.09102,-0.032039,0.12835,0.090477,0.52325,0.30784,0.43376,0.37202,0.0026058
3.2758,1.1516,-0.45427,0.78483,1.1631,1.2147,1.0441,0.9354,0.47611,0.33568,0.83836,-0.17145
2.8143,2.1642,0.6774,-0.21194,0.95216,1.6974,1.5875,0.21207,0.66057,0.34464,-0.23056,-0.28535
2.4739,1.7607,1.0658,1.0009,0.5151,0.9022,0.4977,0.95474,-0.035351,0.15845,0.66152,0.43137
1.6679,2.2579,1.5926,1.4042,0.99752,0.57151,0.0059128,0.40538,-0.034236,-0.066637,0.16799,0.5289
0.99445,2.2483,0.61036,0.41089,1.4506,0.89963,0.41499,1.5342,0.97959,0.15951,0.39103,-0.08254
1.393,1.9079,1.1921,1.4095,0.96535,0.43736,0.45989,0.618,0.5612,0.36701,0.87588,0.2921
1.11,1.668,0.44947,0.73091,0.86469,1.2308,0.63109,0.82594,0.49497,0.22235,0.32977,-0.059181
0.82758,1.6213,0.77701,0.54751,0.9247,0.84058,0.58849,1.7106,1.0218,0.47109,0.71384,0.47922
0.75615,1.5529,1.4866,0.74619,0.64062,0.95031,0.72666,0.62148,0.33864,0.38833,0.77178,0.53926
1.6126,2.1469,1.1128,1.2241,0.64516,-0.11516,0.66917,1.075,0.72379,0.4023,0.25692,0.23824
1.8861,1.9873,0.55288,0.35896,0.74486,0.35659,0.5831,0.90642,0.60197,0.90358,0.42541,0.44284
0.72503,0.60115,0.43323,1.0609,1.2693,0.11792,-0.063283,0.70906,0.38135,0.30597,0.29409,0.51004
1.0178,0.78193,0.67498,0.74564,1.2111,0.23599,0.6892,1.0242,-0.011985,0.68756,0.96605,0.6282
2.3453,2.3742,0.78701,0.95555,1.0464,0.60988,0.61074,0.84876,-0.040795,0.050164,0.098499,0.041084
1.9273,1.4842,0.78431,0.6228,0.60597,0.23605,0.073971,1.2031,0.19656,0.11797,-0.51824,0.54566
0.31523,1.2989,0.60362,0.84228,0.16523,-0.29535,1.0559,1.6648,-0.059308,0.28649,0.5509,-0.15683
1.5259,1.9035,1.1036,1.2346,0.34109,0.23577,0.34622,0.72273,0.47361,0.70551,0.24791,-0.33244
0.59999,1.2317,0.37357,0.11547,0.35302,-0.17541,0.3159,1.7135,1.1418,0.16217,0.65581,0.34732
1.1165,1.3674,0.2269,0.48183,-0.11348,-0.3189,-0.057279,1.4471,0.70369,0.022854,0.55004,0.30083
-0.017909,0.34333,-0.7613,-0.15468,0.20311,-0.058029,-0.085624,0.2643,0.54639,0.76769,-0.59126,-0.26966
0.9543,0.93458,-0.28721,-0.043672,-0.10604,0.0083203,0.19989,1.3312,0.46859,0.57085,-0.014528,0.19892
1.7744,1.7379,1.1845,1.0988,1.1121,0.91798,0.75313,0.68488,0.15909,0.96477,0.82007,0.71985
2.0865,2.1784,0.85367,0.52281,1.0743,0.93705,0.84528,1.4372,0.45668,0.2954,0.21861,0.47018
0.41714,1.3382,1.0743,1.6125,1.2035,0.87674,0.56752,1.1162,0.66954,0.54306,0.33444,0.39012
0.37316,-3.3514,0.57237,-0.50257,-1.6395,1.5068,-0.66232,-1.299,0.74175,0.71533,-0.14927,0.39511
0.91493,-0.5737,1.0474,-1.4775,-1.7277,2.0769,0.47887,0.5139,1.08,0.9868,0.28201,0.9106
2.6437,1.235,-0.26342,-3.5637,-1.2662,1.2921,-0.63159,0.26927,0.66153,0.21889,-0.28328,1.1632
2.8765,1.7871,-0.23736,-4.1225,-1.911,0.59356,-0.55096,1.2066,0.22905,0.082415,-0.012694,0.96369
3.7027,3.0344,-0.51162,-2.9084,-1.6672,0.8396,-0.11861,1.0991,1.1838,0.071664,0.42835,0.39989
2.6511,2.4617,0.030901,-2.7824,-1.5384,0.68987,0.44583,1.0512,1.1307,0.53492,-0.33871,0.12268
2.9347,4.2012,-1.5156,-2.6521,-2.427,0.83894,0.22694,0.66402,1.0801,0.33795,-0.22041,0.15326
1.9195,3.9046,-2.5558,-3.0518,-2.9596,0.017126,-0.19094,0.40076,1.4697,0.57801,0.1631,-0.071132
0.46928,4.4613,-1.2887,-2.1214,-1.8334,-0.23435,-0.60607,0.50835,0.96822,0.26574,0.091645,0.37622
3.1434,3.8699,-1.4553,-2.2575,-1.7721,0.28777,0.73862,0.74988,1.1384,0.36311,-0.039956,0.56903
3.6159,4.532,-0.90378,-2.1734,-1.9797,-0.42088,-0.31595,0.48308,1.6891,0.59332,0.69752,0.79778
2.9031,4.0273,-0.30688,-1.0609,-1.7372,-0.71206,-0.42107,0.49245,1.1974,0.37032,0.5286,0.64639
3.4625,3.9579,-0.48226,-2.2251,-1.1603,0.037589,0.033755,0.25783,1.574,0.88491,0.56217,-0.031711
2.6179,4.2176,0.14518,-2.2854,-1.5773,-0.94318,-0.27547,0.37251,1.6524,0.84811,0.72799,0.16862
2.3408,3.5657,0.751,-1.2955,-0.91318,-0.29396,-0.0003741,0.35513,0.83465,0.36836,1.2311,-0.26634
4.3953,4.3027,1.554,-1.0165,-1.2764,-0.94011,-0.28315,-0.18968,0.67136,0.30746,0.59827,0.34857
5.3888,4.3664,0.66813,-1.547,-1.8089,-1.4751,-0.38307,0.036359,0.67703,0.17129,0.43974,0.43392
5.2555,3.6551,0.6166,-1.3197,-1.5737,-0.90562,-0.36645,-0.02435,0.77966,0.5405,0.37347,0.43613
7.7334,3.5007,0.65475,-2.1697,-2.2538,-1.0108,-0.26729,-0.016702,0.72262,0.35818,-0.10019,-0.39359
6.859,3.8072,0.99105,-2.1473,-2.3591,-0.71927,0.26352,0.2122,0.37706,0.45796,-0.053009,0.21772
6.0103,2.8109,1.1258,-2.361,-2.5166,-0.13268,-0.5453,0.063829,0.45758,-0.092668,0.059596,-0.24898
6.0207,3.131,1.4812,-3.198,-3.2215,0.34867,-0.417,0.38406,0.83471,-0.21448,0.16019,-0.54956
5.8111,2.0585,0.79257,-3.3407,-3.18,0.10709,-0.27238,0.56189,1.1054,-0.069376,0.20131,-0.15705
6.6711,1.4469,1.1448,-3.8803,-3.3949,0.43795,-0.013835,0.42139,0.97035,-0.021162,0.27364,-0.39537
5.7306,1.0714,0.54994,-4.1574,-3.1278,0.67519,0.051662,0.7337,0.62886,-0.031941,0.45373,-0.036838
6.3775,0.78706,0.69669,-4.3402,-2.8168,1.407,0.1778,0.94383,0.29157,0.016448,0.36677,-0.10121
5.5362,0.47733,0.18163,-4.1889,-2.4375,1.4574,0.80739,1.1679,0.70588,0.036356,0.52275,0.12152
4.9463,0.49117,-0.25478,-4.7564,-2.7851,1.4264,0.92127,1.1546,0.83974,0.10042,0.66059,0.060654
4.415,0.067378,-0.68743,-4.7226,-2.406,1.0712,0.66923,1.0978,0.646,0.027131,0.77628,0.049895
5.1042,0.0092446,-0.73166,-5.057,-2.3523,1.2983,0.78801,0.5415,0.33706,-0.0098698,0.93297,-0.31275
4.6793,0.22636,-1.139,-4.0948,-1.8389,1.0806,0.80275,0.97675,0.19863,-0.14058,0.60706,-0.11284
6.3025,0.71944,-1.143,-4.3761,-1.8811,1.2411,1.1496,0.74727,0.091134,0.019622,0.83242,-0.56043
6.5357,0.69375,-1.411,-4.7761,-1.7656,1.3742,1.554,1.0587,0.49841,-0.11416,0.71785,-0.31316
6.4639,1.0712,-1.5586,-3.7312,-1.7,1.2848,1.4194,0.73815,-0.067271,0.2365,0.75516,-0.46584
5.4807,1.2895,-1.2079,-3.6786,-2.2162,0.37462,1.0307,0.22479,-0.049957,-0.35488,0.36504,-0.44402
5.3637,0.68979,-1.6397,-3.2815,-1.6397,1.0401,0.99113,0.47228,0.33985,0.52945,0.6158,-0.39087
5.1318,1.4263,-0.60161,-3.0613,-1.9367,0.7826,1.5511,0.57292,0.042163,0.33167,1.0747,0.20378
4.0759,1.1742,-0.17933,-2.8392,-1.1381,1.4522,0.97056,-0.006538,-0.19968,-0.68967,0.74743,-0.60312
4.6648,0.56325,-1.2878,-2.522,-0.91504,1.2857,1.3485,1.0569,0.17563,0.083028,0.52953,0.061406
4.8919,1.7947,-1.1563,-1.6222,-0.43734,0.78614,1.3004,1.5516,0.35496,0.6586,0.36916,-0.14086
4.3362,1.0377,-0.54971,-1.3086,-1.1708,-0.26514,0.94677,0.91522,0.86652,0.64304,0.52015,0.39933
3.975,1.5916,-1.4266,-1.1831,-1.1158,-0.19584,1.1186,0.62475,-0.6145,0.20247,0.77578,0.04398
3.2051,1.0802,-0.86858,-1.0968,-0.54208,0.49898,1.3939,1.5152,0.22697,0.30208,0.49616,0.18903
2.1841,2.1252,-1.1495,-1.8714,-0.65052,0.2863,0.57796,1.4974,0.40058,-0.29358,0.52979,1.054
2.5489,1.8192,-0.76377,-1.0853,-0.66013,0.36263,0.42448,0.40664,-0.26171,1.1265,1.1672,0.37606
1.4687,1.4214,0.30663,-0.39296,-0.21576,0.087496,0.71174,0.80052,0.13377,0.37305,0.65708,0.26107
0.74171,-0.1347,-0.75843,-0.78412,-0.11958,0.2085,0.79565,0.94734,0.26371,0.81741,0.95078,0.88905
1.2566,1.1207,-0.65011,-1.0383,-0.011621,0.0062515,0.46309,1.0005,0.088567,0.88567,0.26642,0.57664
0.49782,0.53474,-0.42989,-0.090917,0.14474,-0.36676,0.45177,0.97857,0.34772,0.64545,0.71485,0.36552
0.60564,1.097,0.32173,1.2349,0.8251,-0.004578,0.71235,0.87725,0.50442,0.16784,0.15007,0.15159
0.61725,0.88218,-0.54241,-0.0043814,-0.25042,-0.05765,0.59324,1.0672,0.61179,1.0049,0.85214,0.60243
0.53996,1.1025,-0.44932,-0.2218,0.1506,0.33898,0.6744,0.67026,0.37113,0.93165,0.78708,0.0054635
1.1178,0.75651,0.5316,0.41756,0.69756,0.14598,0.61343,0.85085,0.41829,0.8817,0.24285,-0.014511
0.57876,1.1027,-0.31066,-0.75428,-0.28899,-0.055781,0.12212,0.30745,-0.40603,0.73328,0.25258,-0.40371
1.1874,1.3142,0.18897,-0.067204,0.98381,0.89272,0.73853,1.1679,0.39552,0.73307,0.21496,0.28793
-0.11443,0.4585,-0.35759,0.35086,-0.0122,0.50952,0.30754,1.242,1.3621,0.89686,0.91081,0.0074558
1.0802,1.5317,0.04672,-0.057592,0.18067,-0.46969,-0.30652,0.99694,0.79028,0.19169,-0.032015,0.23372
0.35852,1.0287,-0.39144,-0.14476,0.34223,0.025367,0.46401,1.006,1.3826,0.59707,-0.24595,0.27242
0.41174,0.44659,-0.51516,0.33868,0.28805,-0.39263,-0.025857,0.37383,-0.1031,0.54507,0.35796,0.0078903
1.2956,1.5689,0.52545,0.21758,0.67707,0.018386,0.46044,0.81796,0.99275,0.92696,0.36566,-0.38138
1.0285,0.78744,0.59156,0.27237,0.12845,0.35779,0.33789,0.89462,0.055486,0.48002,0.80978,0.31774
0.25353,0.71355,-0.22374,-0.68507,0.11856,-0.26721,0.51382,0.77346,0.48845,0.31137,0.94618,0.47315
0.79815,1.0911,0.52616,0.18963,-0.044968,0.2289,0.61152,1.1908,0.68036,0.79192,0.82501,0.35408
1.0004,1.0641,-0.29517,-0.28323,0.86735,0.27435,0.33404,0.92921,-0.087001,-0.11975,0.15686,0.33333
0.31956,0.24437,0.22074,0.66096,0.020927,0.80082,0.91627,0.52292,-0.41894,-0.51062,-0.072056,-0.26287
1.2962,0.90758,-0.40395,-0.11657,0.94236,-0.061294,-0.3212,0.43121,0.12565,0.14988,0.45452,0.34588
1.4107,1.3209,0.5291,0.57001,0.37791,-0.16206,-0.49041,0.29734,-0.20558,1.0626,-0.23782,0.016535
0.55252,1.2716,-0.35119,-0.48891,-0.068068,0.36294,1.5175,0.065011,-0.00067992,1.2695,0.70505,0.26927
0.85723,0.92083,0.27941,0.0033568,-0.0027111,0.13503,0.26541,0.46619,-0.063542,0.68434,0.5043,0.15251
0.46589,0.5348,0.24599,0.38576,-0.16609,-0.81813,-0.12141,0.54588,0.32289,0.19493,0.17425,0.48121
1.6413,1.7489,0.074534,-0.0247,0.30039,-0.14532,0.13952,0.76914,0.21646,0.6321,0.36052,0.39525
-0.055222,0.64614,0.052133,0.6284,0.95009,0.68665,0.6377,0.73521,-0.0061398,0.11124,0.88321,0.73761
0.40382,1.1297,-0.40873,-0.47004,-0.20269,-0.5283,-0.66232,-0.15737,-0.39988,-0.059184,0.0074034,-0.42281
0.058265,1.0696,0.23955,0.44186,0.37341,-0.23032,0.48415,1.2948,0.45681,0.60127,0.63398,0.18105
2.596,1.8137,-0.16212,-0.030571,-0.23924,-1.1001,-0.41767,-0.46361,-0.12798,0.43809,-0.036949,-0.2889
3.7227,1.6442,-0.034048,-0.39603,0.44262,-0.92644,-0.76861,-0.08224,0.74805,0.45352,0.086595,-0.54259
1.2603,2.3923,0.0097995,-1.0133,-0.66116,-0.75756,0.11285,0.45782,0.44379,0.92724,-0.34078,-0.6226
-1.8292,2.7012,0.61198,0.09267,0.64636,-0.76677,0.27781,0.23967,0.23875,1.1349,0.32995,-0.50508
-2.4377,2.9781,-0.37842,-0.88153,0.32956,-1.1609,-0.2618,0.1894,-0.33878,0.16957,0.39004,0.35634
-2.5958,2.6594,-0.14789,-0.60664,-0.46347,-0.95344,0.56773,0.53,0.94431,0.7939,0.32408,0.61802
-3.9704,1.8214,-0.62195,-0.27687,0.80532,0.17667,1.0839,1.0878,0.45197,0.54876,0.16669,0.42783
-4.358,2.8936,-0.072296,-0.20099,0.42199,-0.29403,0.99913,0.8555,0.026304,1.0382,0.57566,0.63236
-4.1297,2.9108,-0.5546,-1.1157,0.66724,-0.00026317,0.71285,0.63668,0.55368,1.1178,0.17714,-0.13731
-4.7177,2.3705,-0.11379,-0.41786,0.592,-0.091007,1.2254,1.1293,0.26349,1.0438,0.21037,0.073468
-5.3357,2.4613,-0.61125,-0.65174,0.79762,0.057833,1.0431,0.88355,0.611,1.186,0.35023,0.79827
-4.9685,2.9333,0.18533,-0.1733,0.14618,-0.33035,0.3562,0.8415,0.031102,0.81115,0.038865,0.24634
-5.2153,2.2479,-1.2843,-0.53056,0.74026,-0.048514,1.4301,1.4324,0.37069,0.76384,-0.041498,0.465
-5.4677,2.3774,-0.66522,-0.62055,0.38755,-0.43084,0.95761,1.3324,0.11644,0.34594,1.2274,1.0852
-5.3368,2.2539,-0.65422,-0.95561,0.56912,0.062024,0.5713,0.78198,0.32547,0.72861,0.20659,0.66337
-5.0718,2.0051,-0.17053,0.23738,0.39592,-0.25774,1.1006,0.9673,0.91148,0.42483,0.76553,0.50957
-4.6596,2.3417,-0.47841,-0.0066816,0.47414,-0.81478,0.94342,0.60376,-0.35574,0.58634,0.26431,0.62646
-5.0213,2.5982,-0.81868,-0.41665,0.28962,0.0054761,0.63253,0.19526,0.36756,0.92521,0.46381,-0.016009
-4.9286,2.4827,-0.54087,0.35983,0.28312,-0.83601,0.38421,1.1498,0.591,0.97011,0.73061,0.36712
-4.748,1.7602,-0.96496,-0.3948,0.92808,0.4176,0.79233,1.0568,0.3347,0.29679,-0.26404,0.028017
-4.6082,2.1167,-0.64627,0.028969,0.99809,-0.23112,0.78639,1.4402,0.37267,-0.16042,0.27102,0.15578
-4.1995,2.1492,-0.7722,-0.042739,0.58435,-0.71927,0.30803,0.58477,-0.058971,0.65788,0.46386,0.19774
-4.9298,2.4797,-0.19735,-0.47654,0.05833,-0.51174,0.83058,0.64916,0.024725,1.2854,0.41812,0.79206
-4.5928,1.7708,-0.37761,-0.25376,-0.04989,-0.66709,0.071507,0.23947,0.53129,0.59485,0.42772,0.57591
-5.7656,2.1165,0.41207,0.14302,0.25399,-0.62527,0.70026,0.73214,0.59632,0.71979,0.35017,0.041792
-4.1887,2.4592,-0.1748,0.087872,0.49684,0.26619,1.493,0.51701,0.56118,0.28595,-0.37497,0.2476
-4.9929,2.1716,-0.83073,-0.47853,1.0097,0.18175,0.77742,0.94579,0.050595,-0.036713,0.15502,0.5476
-4.6853,1.9013,-1.1117,-0.089758,1.2501,-0.52143,0.70453,0.44842,-0.14126,0.25037,0.80488,0.56284
-4.7954,2.3241,-0.51037,0.70379,0.88824,-1.1228,0.29396,-0.13083,0.33265,0.63673,1.0586,0.78925
-4.2267,2.1901,-1.4258,-0.31158,0.81847,-0.29103,0.92409,0.95903,0.9204,0.90602,0.23408,0.56426
-5.5957,2.3952,-0.8714,-0.33853,0.35728,-0.68424,0.63078,0.44707,0.48844,0.15115,0.0034849,0.73368
-5.09,2.466,-1.2001,-0.3051,-0.26016,-1.1607,0.65871,0.42543,0.69351,0.55027,-0.095034,0.47954
-4.8198,2.5518,-0.81814,-0.52544,0.61391,0.1762,0.58269,0.22759,0.29088,0.70574,0.48759,0.36195
-5.8033,2.511,-0.0077683,0.28554,0.25943,-0.65712,0.35695,0.28871,0.053195,0.32761,0.67978,0.25182
-5.9111,1.2967,-0.8731,0.032513,0.55801,0.27653,1.0257,0.60587,0.29033,1.1937,-0.11915,-0.036935
-4.9489,1.9384,-1.3133,-0.31011,0.35977,-0.58227,0.97064,0.41249,0.73322,0.96072,0.22059,0.68893
-4.9455,2.2045,-0.81329,0.39121,-0.056086,-0.90037,0.61716,0.1454,0.38534,1.137,0.25591,1.0242
-4.9387,1.355,-0.6084,0.012206,0.041527,-0.45183,0.66043,0.70046,0.048087,0.52633,-0.30287,0.26027
-4.6408,2.2766,-0.04454,-0.52057,0.3806,-1.1763,1.1308,1.8286,1.119,0.9134,-0.28154,0.078459
-3.5538,1.8156,0.081196,-1.6227,-0.57987,-0.95874,0.32668,0.58371,-0.42746,0.37357,0.6205,0.72928
1.2395,2.7175,0.26125,-0.7483,-0.18375,-1.2236,-0.12378,0.36632,-0.11708,0.60578,0.1275,-0.40479
3.3266,0.42712,0.66338,-0.95703,-0.81916,-1.2794,-0.60007,0.18166,0.10103,0.18011,0.31113,-0.94966
3.8723,0.6676,1.2758,-1.1696,-1.1512,-1.4281,-0.95292,0.14887,0.3181,0.57154,0.93214,-0.79441
3.716,0.5002,1.0731,-1.4853,-1.7592,-1.8941,-0.93992,0.4096,0.96507,0.89425,1.3788,-0.95418
4.668,0.77646,1.1243,-0.78354,-2.541,-2.0329,-0.42555,0.59127,1.0735,0.78588,0.66258,-0.68231
4.8079,1.269,0.75473,-0.50469,-1.6298,-1.7775,-0.85981,0.78075,1.0205,0.42386,0.9246,-0.9461
4.5274,1.6994,0.83993,0.075056,-1.1608,-1.8333,-0.11692,0.44101,0.84565,0.88788,0.86665,-0.4097
4.6362,2.2649,0.31005,-0.92844,-1.7751,-2.5781,-1.4104,0.68568,0.96329,0.59427,1.241,0.066477
3.5354,2.288,1.2382,-0.14981,-1.4302,-2.2571,-0.62239,0.15238,0.94393,0.24603,0.72598,0.26825
3.7908,2.6912,0.6638,-0.12459,-1.2653,-1.9872,-0.71785,-0.20523,0.75298,0.27972,0.71382,0.24041
4.6244,3.1062,0.88135,0.0093815,-0.64076,-1.7881,-0.908,0.34307,0.46944,0.21061,0.19678,-0.57677
3.3762,2.0787,1.1096,0.073384,-0.1392,-1.3313,-0.47462,0.86846,1.3153,1.1332,0.5304,-0.041677
3.5576,3.3851,1.1919,-0.21375,-0.4357,-1.1142,-0.84743,0.93958,0.83798,0.90754,0.83298,0.47566
3.0058,2.1522,0.12722,-0.29363,0.61606,-0.80943,-1.0713,-0.426,0.030629,-0.0054926,0.014514,0.053905
1.7711,0.92538,-1.1086,-1.5886,-1.2914,-1.228,-0.88225,-0.21452,-0.10452,-0.37711,-0.33571,-0.15337
1.7263,1.045,-0.28157,0.083752,-0.35559,-0.4271,-0.63285,0.64881,0.43736,0.46056,0.47407,0.36792
1.9856,1.9228,0.54605,0.057078,0.62774,-0.16575,-0.5346,0.042611,-0.07372,-0.0015056,0.098019,0.33161
2.0471,1.8038,0.74085,0.066116,-0.19193,-0.1657,0.082681,0.4155,0.78038,0.7887,0.30963,-0.18552
1.381,1.2483,0.2242,0.23765,0.34455,-1.2041,-0.13296,0.42514,0.53917,0.62775,0.012493,0.0097293
1.0135,1.4679,-0.13961,0.15671,0.63891,0.015901,-0.36728,0.47698,0.4771,1.0481,1.0599,0.17481
-0.69601,-0.07232,-0.91774,-0.31658,-0.66838,-0.81398,0.24209,0.77772,0.22449,0.35036,-0.47056,-0.44953
0.2814,0.17648,-0.16936,0.41384,0.065651,-0.83115,-0.78547,0.58632,0.32071,0.91385,0.091811,-0.1712
0.77021,0.62531,0.26397,0.44186,-0.12678,0.23727,0.13034,0.92679,0.74972,0.67785,0.37988,0.27454
0.062811,0.2779,-0.21957,0.47582,-0.32482,-1.1389,-0.35588,0.57902,0.1447,0.5505,0.45086,-0.11073
0.18688,-0.012769,-0.27483,-0.52066,0.07372,-0.41712,-0.73555,-0.66056,0.3031,0.13246,-0.12991,0.12981
0.4683,0.45944,-0.52018,-0.08776,0.71457,0.3394,-0.23052,0.20809,-0.081251,0.5139,-0.13125,-0.38904
0.95499,1.2456,0.23336,0.62183,0.85279,0.73298,1.0946,0.24382,0.06773,0.70956,0.46452,-0.26119
1.2006,0.05825,-0.39845,0.72301,0.1255,-0.42881,0.35393,0.56358,0.48315,0.46923,0.090997,-0.03155
1.1697,1.1175,-0.27374,0.41666,0.80188,-0.010732,0.28084,0.56393,0.55279,0.32016,0.22594,0.10505
1.6745,1.6925,0.01231,0.85846,0.67052,0.24283,-0.18599,0.53869,0.13561,0.57712,0.23692,0.2485
1.4825,0.96621,0.021423,0.08551,0.30744,-0.43335,-0.049201,0.92967,0.11282,0.41939,0.32473,0.94744
0.53866,1.0474,0.14464,0.40762,0.63133,0.15526,-0.2235,0.32073,0.1116,0.15207,0.85688,0.18644
1.2353,0.79296,-0.38373,-0.17582,0.19925,-0.12367,0.61864,0.78455,0.16386,0.29525,0.43861,0.3464
1.0653,0.98894,-0.31938,0.28681,-0.11689,-0.43084,-0.041412,0.92974,-0.09004,0.51658,0.65972,0.053653
0.17737,0.60005,-0.55355,0.4792,0.084024,-0.10533,1.028,0.9551,0.59971,0.81014,0.58508,0.33522
0.23514,0.3523,0.075926,1.0294,0.66732,0.021291,0.40601,1.1788,1.2227,1.164,0.73602,0.57887
0.28334,0.47643,0.082961,0.42916,0.14234,-0.19609,0.80837,0.7886,-0.094081,-0.055708,-0.015209,0.20145
0.18941,0.42722,-0.69423,-0.046118,0.46654,0.26526,0.51085,1.3331,0.90916,0.026443,0.48267,0.37034
0.68227,0.77788,0.038079,-1.4426,0.25053,-0.01456,0.72589,0.32023,0.55642,0.25263,0.54208,0.23017
1.0684,1.1186,-0.20264,-2.1019,0.13407,-0.48296,0.56516,0.15858,0.76448,0.31325,0.69558,0.31769
-1.6372,2.6197,-0.5308,-0.55879,0.50536,-0.49677,0.81583,0.38497,0.53963,0.57521,0.45272,0.81203
-2.1989,2.2114,-0.60439,-0.5866,0.939,-1.1816,0.78016,0.3529,0.68393,-0.33211,-0.02418,0.04928
-2.4832,1.8565,0.01024,-0.13014,1.05,-0.83192,0.98343,0.67168,2.0166,0.48061,0.63383,0.42916
-2.624,2.9322,-0.020864,0.53517,1.6492,-1.1041,0.82381,0.39228,0.85612,0.27235,0.60441,1.106
-3.3304,2.7909,-0.23034,-0.5689,1.0174,-0.14033,1.5196,0.62611,1.3498,-0.31463,-0.44072,-0.7611
-3.2777,2.5553,0.36446,-0.70958,0.90201,-0.60951,1.2636,0.22641,0.69291,0.34234,0.85977,0.44236
-4.1372,1.995,0.063661,-0.47804,1.6675,0.14446,1.6579,0.52243,0.89406,0.66511,0.55914,-0.030605
-3.5692,1.9686,0.082668,-0.41153,0.93154,-0.8435,0.41273,0.50213,1.2796,0.7586,0.168,0.24418
0.54236,1.695,-1.1537,-2.3268,-0.84203,-0.52761,1.0969,0.27257,0.33891,0.46032,0.95681,0.39385
-1.751,1.9117,-0.19862,-1.8341,-0.052717,-1.3338,-0.11533,0.41298,0.45088,0.11929,0.8618,0.43486
-2.386,1.7093,-0.33568,-1.4991,0.14271,-0.9964,-0.24761,0.77897,0.63194,-0.036969,0.40701,0.38169
0.34095,1.8528,-0.029168,-2.1885,-0.83275,-1.1284,-0.24227,0.38012,0.4858,0.63033,0.14888,0.03588
-0.86589,2.2387,0.61439,-1.566,0.0079399,-1.0161,-0.73052,0.62104,1.4364,1.2019,1.3651,0.63432
-2.2343,1.0683,0.30834,-0.4226,0.89045,0.15338,0.67152,0.08938,0.10562,0.42627,0.020344,-0.069331
-0.35933,2.4021,0.088656,-0.8069,0.69396,-0.047924,1.3139,0.36415,0.088269,0.7636,0.50957,0.23358
-1.0903,0.97135,0.32232,-0.93919,0.098177,-0.88874,0.1813,0.41679,0.66606,0.9756,0.026764,0.56972
-0.66671,0.54205,0.52139,-1.1949,0.44389,-0.59866,-0.067089,0.63422,0.34021,0.46366,1.1001,0.68109
-0.44391,0.69259,-0.37617,-0.82472,0.40824,-0.5617,0.41664,0.61383,0.81713,0.5533,0.33579,-0.097009
0.66263,0.97188,0.71957,-0.85684,0.01259,-0.63091,0.015795,0.59646,1.1992,0.9675,0.29053,0.23371
-0.089735,1.3437,0.25719,-1.3475,-0.56892,-0.33235,-0.21184,0.71449,0.59818,0.92443,0.53392,-0.10076
0.82772,1.1606,0.2421,-0.26147,-0.16709,-0.52876,0.36757,1.1182,0.80187,0.81561,0.65999,-0.033903
0.74647,1.1164,0.1601,-0.48008,0.36997,-0.1191,0.0063909,0.9562,1.0479,1.1135,0.93463,0.80837
0.46491,0.54098,-0.23136,-0.32573,0.24799,-0.80391,0.85745,0.60037,0.95355,0.36751,-0.0029121,0.035234
0.79062,0.61708,-0.32349,-0.25967,0.42673,-0.73603,0.28471,0.47829,0.67601,0.35253,0.71009,0.68617
1.2071,0.9699,-0.72707,-0.71297,-0.32611,0.0069246,-0.38159,0.4756,0.30128,0.55766,-0.20677,0.62113
0.43792,0.38301,-0.70126,-0.88936,-0.17749,-0.56369,-0.076889,0.38618,0.39061,0.45082,-0.031297,0.054343
