0.94215,1.8749,0.62197,0.05404,-0.38866,0.19226,0.57347,0.512,0.14544,0.27492,0.77868,-0.10732
0.65315,0.88415,-0.049468,0.10231,0.33607,-0.56861,-0.3446,0.79873,0.30716,0.24706,0.51768,0.043254
0.19167,1.3393,0.15314,0.87853,0.79434,0.40171,0.84533,1.2366,0.6355,0.17326,0.21439,0.11269
0.13439,0.81944,0.42923,1.0949,0.49458,-0.58923,0.036053,0.88079,0.76303,0.32148,0.18959,-0.024458
0.49697,0.68751,0.16809,-0.015906,-0.29544,-0.828,-0.82007,0.44626,0.97391,0.76186,0.28526,0.53928
0.62508,1.2863,0.011428,-0.57557,0.71187,-0.042344,0.023344,0.27513,0.65198,0.33717,-0.10956,0.53181
0.41237,1.0834,-0.52779,0.65861,1.1322,0.075156,0.21316,0.72505,0.46093,0.69822,0.37278,0.39893
-0.0080431,0.22221,-0.6182,-0.40772,0.045888,-0.24071,-0.50943,0.59116,0.60503,-0.0059682,0.30856,-0.37506
1.0557,1.3277,-0.075342,0.12789,0.37495,0.033934,0.40741,0.63905,0.6105,0.65913,0.2082,-0.087456
1.0288,1.6848,-0.50524,0.11816,0.24895,-0.71541,-0.088064,1.2244,0.70713,0.034741,0.4888,0.32742
-1.1989,0.44349,-0.66205,-0.028631,-0.0074851,-0.8969,-0.30187,0.21873,0.13166,0.12065,0.53223,-0.027069
-0.02776,1.9247,-0.58726,0.64694,0.12768,-0.4836,1.0113,0.31875,1.0787,0.17422,0.87771,0.20428
-2.2642,2.5087,-1.0017,0.23454,0.72279,0.35084,1.581,-0.28945,0.68118,0.22275,0.86549,0.4117
-2.3749,3.2151,-0.98105,-0.098322,0.49775,-1.1418,0.57214,-0.25389,0.75298,-0.22317,0.45312,0.086935
-2.8475,3.7102,-1.8292,0.4069,0.75665,-0.91263,-0.029799,-0.20451,1.3879,-0.16646,1.4936,0.24833
-4.1138,3.1184,-1.381,0.49915,0.30278,-0.58781,0.43375,-0.79229,0.25013,0.25216,1.3088,0.8117
-4.5321,4.0149,-1.6762,0.34715,-0.11967,-0.27547,1.2923,0.62136,0.83993,-0.23417,0.25646,-0.55857
-4.7182,3.4941,-2.9711,0.3402,0.21774,0.059498,1.3839,0.34431,1.3291,-0.51061,0.42531,-0.24652
-4.2054,3.5741,-2.1951,1.9771,0.80919,0.10297,0.64109,-0.020605,0.73668,-0.76539,0.22215,-0.25727
-4.6213,3.4605,-2.0898,1.6477,-0.054402,-0.0061106,0.87718,0.8811,1.4552,0.006581,0.81158,-0.37542
-4.0675,4.1147,-2.9024,0.87383,-0.090908,-0.69467,-0.2487,0.19407,1.663,0.29106,0.69142,0.42511
-4.2365,4.5616,-2.0385,1.2285,0.82838,0.072256,0.77781,0.46514,0.90545,-1.0631,0.5593,0.45349
-5.2172,4.1545,-2.0102,1.1451,0.11171,-0.50687,1.1052,0.57854,1.1215,0.047431,0.96354,0.10019
-4.1042,4.1674,-2.7617,0.80557,0.43651,-0.49866,0.53192,0.2435,0.99133,0.64254,0.93538,-0.7856
-4.7011,3.6416,-1.8905,1.1063,0.14136,0.24779,0.90876,-0.11684,0.29582,-0.49861,0.03174,-0.64641
-4.5089,4.114,-2.4796,0.29772,0.57133,0.12293,0.44122,-0.12081,1.0037,0.30017,1.1798,0.37693
-4.2992,3.9718,-2.6717,1.0353,0.29958,0.58529,0.94211,0.2047,0.68019,-0.40026,1.2256,0.43069
-4.8044,3.1511,-2.704,1.137,1.1462,0.26604,0.80866,0.79632,0.84912,-0.56377,0.47023,-0.81121
-4.9606,3.7776,-2.0652,1.2575,0.31228,0.42938,1.3699,0.68765,0.6662,-0.13854,0.63157,-0.51393
-5.2243,4.2484,-2.2677,0.4336,-0.46881,-0.80003,0.44949,0.14396,1.4919,-0.36849,0.42035,-0.4881
-4.9776,3.7913,-2.9548,0.87309,-0.44152,-0.43552,0.46649,1.2336,1.1857,-0.6573,0.80124,0.18419
-4.3538,3.7361,-3.1143,0.89887,0.3546,-0.30549,0.30556,0.70018,0.47629,-0.24817,0.83628,0.19974
-4.2092,3.4885,-3.1883,0.65207,0.52753,0.13856,0.52968,-0.41549,0.088819,-0.73022,0.28346,-0.14885
-4.4804,3.5572,-3.319,0.67963,0.42727,0.097341,0.4169,0.3715,0.91181,-0.45167,1.3561,-0.042812
-5.125,2.3524,-3.0678,1.1411,0.47561,0.23394,0.84044,0.86153,1.654,0.011248,1.0375,-0.70337
-5.5381,2.1465,-3.4519,0.94226,0.67609,-0.068923,0.14163,0.30379,1.0251,-0.36944,0.82356,0.31102
-4.5246,2.693,-2.6012,0.78323,-0.069744,-0.05047,0.97804,0.68957,1.7963,-0.051086,1.0775,0.027793
-2.654,2.6542,-2.6643,-1.1928,-1.7281,-1.5426,0.1957,0.41653,0.66074,-0.50396,0.77691,0.066632
-2.6427,1.6805,-2.344,-1.5041,-1.0103,-0.87257,0.076366,1.29,1.4688,-0.015817,1.1485,0.49406
-2.4544,1.6103,-1.3176,-1.4394,-1.7315,-1.0304,0.13276,0.48818,0.96402,-0.16937,-0.10263,-0.58298
-0.57135,2.2702,-0.88727,-0.96774,-1.0625,-1.2974,-0.87615,0.52023,0.61868,-0.1429,0.22963,0.35857
3.9776,2.7376,0.1066,0.13932,-0.57873,-1.8448,-0.56434,-0.27787,0.83129,-0.37946,0.045584,-0.51627
4.4541,0.95761,0.10418,-0.073878,-0.70897,-1.7662,-0.59751,-0.30628,1.1176,-0.4125,0.78041,-0.85514
3.5531,0.97764,0.30753,-0.37911,-0.64492,-1.3804,-0.80005,-0.23297,1.1218,-0.28511,0.66152,-0.9509
4.1313,0.58275,0.27377,-0.41932,-0.80307,-1.5412,-0.63381,0.027012,1.0081,-0.62195,0.6406,-0.69349
4.4684,0.4,0.16839,-0.3805,-0.9017,-1.2537,-0.85221,0.025624,0.63179,-0.090617,0.54641,-0.73697
4.3132,0.70597,0.43888,-0.53427,-1.0739,-1.4746,-0.74046,-0.14693,0.73799,0.00017366,0.87386,-0.63584
4.0414,0.49957,0.38131,-0.61883,-1.1927,-1.7869,-0.84354,0.122,1.1062,0.071961,1.0357,-0.79079
3.952,0.028772,0.17237,-0.83966,-1.1536,-1.6609,-0.74078,0.36892,1.3007,0.13462,1.1985,-0.70831
3.3831,0.09102,-0.093478,-0.92933,-0.89841,-1.5652,-0.74075,0.17118,1.0655,-0.034089,1.0799,-0.88765
3.6497,-0.18017,0.15619,-1.0202,-0.76552,-1.3942,-0.77808,0.16063,1.1186,-0.102,0.75649,-0.98352
3.8015,-0.28495,0.58484,-0.98947,-0.87088,-1.43,-0.55325,0.001744,1.0611,-0.41982,0.51326,-0.90527
3.7855,0.26398,0.54599,-0.51331,-1.0056,-1.6292,-0.40174,0.16741,0.93331,-0.58064,0.38671,-0.62947
4.6884,0.67809,0.70064,-0.06227,-1.0141,-1.6955,-0.29852,-0.032765,1.0385,-0.45742,0.0030013,-0.46148
5.0104,1.1194,0.783,0.5358,-0.80434,-2.3768,-0.69873,0.19541,1.1101,0.056189,0.35275,-0.72315
4.9811,0.95583,1.0439,0.64109,-1.1549,-1.572,-0.10292,0.17376,0.72067,-0.13115,0.17766,-0.52006
4.6105,1.6699,1.346,0.094298,-1.6438,-2.2688,-0.37988,0.5369,1.6074,0.57633,0.17092,-0.37681
4.0577,0.11468,-0.24915,-0.8731,-0.61227,-2.0684,-0.33719,-0.69091,0.74331,0.20012,0.019062,-1.2079
3.8799,0.54457,0.60205,-0.58336,-1.1239,-2.4233,-0.91336,-0.59087,1.011,0.76367,0.15844,-0.84756
3.7446,1.2723,1.557,0.97475,0.05201,-1.1587,-0.86568,0.73075,1.2111,0.35071,-0.34061,-0.43869
3.9454,1.2355,0.83967,0.81216,-0.52034,-1.4529,-1.0856,-0.12228,0.94784,0.10504,-0.41354,-0.45882
4.4607,1.648,1.0275,0.89257,0.076085,-1.0446,-0.89157,0.48327,0.90802,0.23525,-0.14977,-0.18602
3.0191,0.87075,0.79966,1.1844,0.22153,-0.91433,-1.0255,-0.39414,0.54173,0.099786,-0.17938,-0.33683
2.5123,1.0019,0.89414,0.9205,-0.059442,-0.48511,-0.4429,-0.059891,0.58094,0.765,0.74815,0.15584
2.1631,1.188,1.1908,1.2295,-0.11159,-1.0149,-0.71265,0.20425,-0.19572,-0.062157,-0.78703,-0.34431
3.2504,2.0938,0.9322,0.92125,0.48793,-0.21889,0.11235,0.28183,0.56302,0.46388,-0.50451,-0.30574
2.4361,1.3023,0.15792,0.80788,0.41809,-0.24366,-0.64891,-0.45823,-0.075262,0.41312,-0.44803,-0.30288
2.6308,1.7449,0.19695,0.68335,0.47024,-0.78995,-0.082088,0.45146,-0.029814,0.17792,-0.030575,-0.74007
1.3368,0.58421,0.36801,0.96399,0.48266,-0.28884,-0.26928,0.39448,0.25931,-0.070071,0.029516,0.00069059
1.0783,1.3515,0.75285,1.0167,0.61738,0.015258,0.37249,0.15426,0.33002,-0.18021,0.13124,0.28556
0.77621,1.0881,0.1951,0.3818,0.092659,-0.44111,-0.745,0.31279,0.06585,0.2751,-0.027844,-0.41515
1.2053,1.4133,0.96249,0.29789,0.23874,0.18542,-0.51251,0.6221,-0.081905,0.48075,-0.058334,0.35055
0.91711,0.78329,0.04016,0.86998,0.69751,0.31198,0.60509,1.2259,0.32518,0.14885,0.51911,-0.42276
0.77266,1.1722,0.15798,0.34732,0.91941,-0.39285,-0.64889,0.79719,0.9226,1.0948,0.48718,0.081103
-0.54412,0.68636,-0.24854,-0.4337,0.84445,-0.031311,0.5809,0.51291,0.98901,0.10662,0.35439,-0.12513
-0.77385,1.4495,-0.44697,0.1018,0.39591,0.17976,0.33896,0.6529,0.92285,0.37937,-0.0011629,0.2828
-2.6319,2.1882,-0.65067,0.47233,0.97913,0.22831,0.87811,0.48232,0.89482,0.48464,0.2467,0.78225
-3.8608,3.0903,-1.8596,-0.0089926,0.92742,-0.24917,1.1327,-0.2154,0.83114,0.73453,0.51668,0.13411
-4.3531,3.8598,0.252,0.14348,0.50297,-1.4299,0.42082,0.35335,0.73458,1.1188,0.53211,0.14259
-4.888,3.2866,-0.35434,-0.16662,0.78271,-0.23763,0.84207,0.52242,0.90396,-0.068781,-0.43314,0.29213
-4.5637,2.6499,-2.0697,-1.1093,0.94261,-0.55137,0.73176,0.94466,0.9351,0.084886,0.46876,0.73651
-3.1266,2.9248,-1.6905,-1.3468,0.91827,-1.2269,0.83217,0.34579,0.21094,0.013915,0.25315,-0.17075
-3.7396,3.2535,-0.64378,-0.65704,1.3725,-1.3772,0.95348,0.25299,0.89023,0.24393,0.62932,0.25016
-3.4195,3.0781,-0.1076,-1.499,0.54174,-0.87749,0.44278,1.1232,0.6484,0.41472,0.23059,-0.35873
-2.6441,2.5379,-0.3443,-1.9949,0.15387,-0.57745,0.21546,0.48954,0.47529,0.15392,0.66917,0.020012
-1.0891,2.0092,-0.67203,-2.654,-0.38819,-1.1426,-0.18176,0.29677,0.30391,0.37218,0.22795,0.5334
-2.5417,2.6938,-0.59579,-2.0812,0.4462,-0.36532,-0.09645,0.96835,0.59587,0.35226,0.26615,0.1761
-3.1017,0.63469,-1.3654,-1.347,0.46792,-0.62905,0.086765,1.0741,0.69896,-0.065704,0.59132,0.12058
-2.2794,1.4742,-0.58689,-1.5766,0.34965,-0.42385,-0.3308,0.75466,1.0291,0.045082,0.63816,0.13013
-1.8688,1.0437,-0.46712,-0.77365,0.89041,-0.98716,-0.49171,0.67015,0.68892,1.4193,1.1764,0.39234
-1.9547,1.1356,-0.37665,-1.1902,0.36601,-0.32171,0.21324,1.1425,1.45,0.67394,1.0476,0.46314
-1.462,0.25771,0.28052,-0.79002,-0.087253,-0.64352,-0.46688,1.0084,0.92518,0.17635,1.0043,0.97843
-0.77381,0.76868,-0.47355,-1.9362,-0.2773,-0.61107,-0.82977,1.0566,1.1673,0.46689,0.72415,1.06
-0.22771,0.42442,0.13438,-1.2755,0.58416,-0.90658,-0.12438,1.1128,0.77415,0.28525,0.12153,-0.11345
0.19833,0.38586,-0.85116,-0.46209,0.12609,-0.57706,-0.68672,0.53326,0.64148,-0.033331,0.72386,0.29512
0.79161,-0.26903,-0.6616,-1.1109,-0.40346,-0.42401,-0.66772,1.4177,0.82154,0.40015,0.82392,0.31673
0.45934,0.29363,-0.30403,-0.31147,0.588,-0.30554,-0.83681,0.83951,0.13558,0.57102,1.2107,-0.34532
1.1072,0.29593,-0.96346,-1.2335,0.45381,-0.20211,-0.25656,1.1962,1.2451,1.4087,1.2328,0.29763
1.3498,0.36188,-0.53568,-0.7879,0.39347,0.10249,-0.50012,0.80676,0.99033,0.82183,0.32692,-0.11514
1.2157,0.4916,-0.33868,-0.61757,0.31682,-0.30493,0.46665,1.6544,1.1313,0.87743,0.43035,0.31999
2.181,0.44716,-0.85339,-0.28822,0.046633,-0.13575,0.022853,0.99288,0.46281,0.78281,-0.0021039,0.24766
0.7774,0.30879,-0.38948,-0.016187,0.88706,0.17471,-0.19369,0.69846,0.0063686,-0.34621,-0.20054,-0.57925
0.8843,0.74831,-0.86306,-0.85216,0.058273,-0.28195,-0.18791,1.034,1.3789,0.64475,0.34231,0.24899
1.2104,1.261,-0.25261,-0.5799,0.1099,-0.65546,-0.52141,0.46499,0.1427,0.75803,0.42026,0.4308
0.95618,0.27078,-0.51956,-0.55928,0.65948,0.49919,0.095291,1.0719,0.58687,0.11754,-0.24845,-0.45965
1.0792,0.51928,-0.59782,0.033635,0.49774,-0.59041,0.0097483,0.33917,0.25922,0.27913,0.34328,0.4322
0.85434,-0.059718,-0.85076,-0.70813,-0.17903,-0.28032,0.052209,0.90689,0.81426,0.21019,0.12005,0.30751
0.73994,0.89056,-0.025494,-0.16154,0.14486,0.23618,0.81313,0.93079,-0.48728,-0.13773,-0.11338,0.098636
1.2251,1.1309,-0.14232,-0.14229,-0.19819,-0.49572,0.01428,0.8983,0.54601,0.13777,0.26228,0.45579
0.88722,1.0045,-0.25531,-0.43507,-0.60963,-0.58819,0.5805,1.3488,0.35947,0.14542,0.15596,0.33283
1.4774,0.89898,-0.78121,-0.68477,0.35987,0.33213,0.28952,0.78719,1.0578,0.83867,0.66478,0.28117
1.0482,0.72887,0.2755,0.37171,0.63825,0.050837,-0.1372,0.4979,0.10038,0.76302,0.12354,0.58203
0.55413,0.66295,-0.12228,0.2891,0.91782,0.68423,0.67301,1.3107,0.65371,0.79639,-0.42782,-0.57975
1.4186,1.4021,-0.40443,-0.5084,-0.37213,-0.045831,-0.014133,0.69573,0.27344,0.95989,0.70312,0.47847
1.6915,0.98183,-0.036239,-0.21445,-0.22647,0.40996,-0.027159,0.15232,0.5126,0.50608,-0.28153,-0.090701
1.105,1.2194,-0.14771,-0.55259,-0.17887,-0.47135,0.56869,1.4908,0.49436,1.3395,0.96157,0.6323
-0.49982,0.58346,-0.5218,-0.29688,0.35904,0.1195,0.28238,0.90023,0.71127,0.94197,0.68977,0.48073
1.3713,0.54582,0.023538,-0.082573,-0.26051,-0.032134,0.30197,1.3486,0.86204,0.4949,0.24639,0.13879
0.98085,0.58069,-0.82917,0.56932,0.47535,0.0039725,0.63531,0.9088,0.060806,0.083367,0.34382,0.10216
0.96991,0.13427,-0.73205,0.39031,0.13468,0.61237,0.45434,0.79145,0.54994,0.7433,0.37063,0.39504
1.1785,1.4206,-0.27233,-0.34063,0.67726,-0.36182,-0.88824,0.38851,0.17658,0.43786,0.52548,0.017186
-0.025824,0.30176,-0.30351,-0.096901,0.066035,0.38547,0.26622,1.1424,0.26368,0.71257,0.082029,-0.39074
0.19569,0.29197,-0.16721,0.75532,0.75021,-0.22966,0.40088,0.73234,0.080486,0.61349,0.62019,0.56185
0.146,0.67787,0.044095,0.73978,0.71985,0.04231,0.84353,1.1742,0.79696,1.2343,0.58991,0.2796
0.85557,0.98163,-0.00014535,0.13679,-0.096106,-0.30369,0.11553,1.0751,0.50387,0.65972,0.66178,0.67096
1.2136,0.58326,-0.39239,0.42333,-0.0077209,-0.30527,0.33801,1.217,0.2237,1.2968,0.6241,0.078751
0.53817,0.49678,0.58808,0.58269,0.71448,0.1076,0.37936,1.4123,0.93402,1.4351,0.77185,0.35593
0.58681,0.8915,-0.51552,0.37337,0.52335,0.09697,0.38746,0.72336,0.33535,0.79647,1.0587,0.73234
0.67162,0.95481,-0.21825,0.22266,0.33915,0.078099,0.76402,1.2229,0.15789,0.29968,0.035585,0.45264
1.4664,0.55148,-0.87953,0.28126,0.22597,-0.081597,0.79193,1.2861,-0.059125,0.43991,-0.342,0.027605
0.85562,0.93711,-0.61004,0.27881,0.73953,0.58594,0.0053549,-0.034895,0.42749,0.22609,0.047756,-0.12486
1.2946,1.3965,0.20545,0.31688,0.27766,-0.25431,-0.17931,0.71508,0.18606,0.8293,0.63521,0.22323
1.0955,1.1881,0.60789,0.67533,0.58113,-0.11452,0.21906,0.99705,0.5892,1.1707,0.21243,-0.53344
1.0212,1.5796,0.42131,0.57063,0.31484,-0.11031,0.26676,0.67614,0.87051,-0.088998,0.11028,0.5245
0.63337,0.78804,0.60179,-0.12366,-0.051119,-0.36888,0.7702,1.1141,0.17216,0.69718,0.28361,-0.22378
1.0263,0.65001,0.18679,0.19181,-0.00043531,-0.23224,0.18498,0.27612,-0.38896,0.53423,-0.074134,0.054681
1.2883,1.3108,0.24983,0.67878,-0.16063,0.11457,0.24183,0.070764,0.53815,0.54368,0.88205,0.6923
1.2205,0.79065,-0.06935,0.54212,0.51292,-0.18794,-0.7543,0.44171,0.63525,0.44973,0.16689,0.19816
0.82259,0.28269,0.19049,0.10828,0.62905,0.66935,-0.063592,1.0403,0.78968,0.27868,-0.21342,0.29192
0.53805,1.2109,0.76063,1.0854,0.57776,-0.4526,0.54695,0.4404,-0.18032,0.12629,0.80487,0.61804
0.35056,1.1056,0.055229,0.19781,-0.21818,-0.18354,0.24761,0.68664,-0.25911,-0.08048,0.41475,0.5449
0.0018971,0.55665,-0.022846,0.65575,0.41568,-0.46835,-0.33062,-0.14295,0.045605,1.4994,0.83536,0.15728
-0.31477,1.2454,-0.063361,-0.062758,0.50384,-0.11253,0.69148,1.4995,0.49861,0.7961,1.4684,0.074223
-0.38315,0.62244,0.87005,-0.31279,0.15017,-0.16832,-0.049136,1.1437,-0.035744,-0.075907,1.5703,0.43885
-0.15302,0.55058,-0.33878,-0.10159,-0.26393,-0.2216,0.069734,0.43364,0.68394,0.38222,0.40328,0.067223
0.158,0.71254,-0.73761,-0.051103,0.77859,-0.41985,-0.40903,0.19752,0.46122,0.55548,0.8731,0.46839
0.62808,1.8945,0.31648,0.28105,0.42999,-0.023319,0.27537,0.33363,0.52811,1.0284,0.53974,-0.33865
0.41858,1.1122,-0.25403,-0.096744,0.049303,-0.13104,-0.20341,0.36169,0.23894,0.63844,0.60339,0.099643
0.054636,0.8494,0.31816,-0.26398,-0.17636,-0.10693,0.23081,0.38433,0.43295,0.57679,1.0928,0.3521
1.2805,1.4481,0.9326,0.6367,0.19147,-0.73367,-1.0444,-0.022838,0.19531,-0.17926,0.46477,0.2114
0.55079,1.3199,0.68463,0.8183,0.73305,0.046278,-0.14348,0.19221,0.23718,0.29027,-0.051534,-0.42963
0.45694,0.83663,0.012442,0.29752,0.64288,-0.36009,-0.32688,0.65624,0.46906,0.58143,-0.052009,0.023801
0.9847,1.1391,-0.060483,0.75706,0.75915,-0.37321,0.10023,0.97259,0.099568,0.075266,0.16033,-0.051979
0.88774,0.33006,-0.11281,0.42249,-0.13032,0.0042772,0.31785,0.47378,0.43768,0.53122,0.26898,0.34118
0.60586,0.92116,0.78897,0.61956,-0.14454,-0.3856,0.57277,1.1147,0.62036,0.8556,0.37999,0.13108
0.74879,0.90017,-0.14109,-0.32234,-0.023087,-0.13585,0.64953,0.9981,0.5465,0.41013,-0.29071,0.20548
1.4503,1.2702,1.093,0.4405,0.73547,0.24,0.61962,0.87307,0.095527,0.13987,0.040398,0.098812
1.9402,2.6626,0.79587,0.36995,0.93381,0.72123,0.33988,0.56061,0.059327,0.41173,-0.69448,-0.60061
2.0791,2.8618,0.93869,0.53286,0.55035,-0.098376,0.44535,0.41513,-0.44239,-0.16526,0.070678,0.19183
5.0262,3.4965,1.6115,1.4107,0.4646,-1.1351,-0.06519,0.39552,0.16235,0.42801,-0.15456,-0.75637
5.1739,3.9915,1.5569,0.90204,0.063107,-0.58368,-0.5199,0.95662,0.27864,0.016128,-0.047246,-0.28773
4.6451,4.4399,2.2825,0.83192,-0.00065206,-0.58203,0.14177,0.88372,-0.022752,-0.018358,-0.11551,-0.18817
5.0978,3.8546,1.8644,1.0101,0.63736,-0.55041,-0.4285,0.11741,-0.015492,0.1691,-0.25057,-0.30557
5.2441,3.7245,2.064,1.0812,0.17558,-0.42108,-0.71204,0.04153,-0.25536,0.060676,0.69496,0.0087025
5.3199,4.3663,2.0045,0.72138,-0.36063,-0.83637,-0.4283,0.43762,0.17206,0.081373,-0.0040586,-0.49127
5.067,4.1062,2.1008,1.2321,0.029851,-0.60899,-0.35057,0.33709,0.41812,0.22842,-0.41395,-0.56679
4.8729,3.8916,2.0064,1.2992,0.52759,-0.47644,-0.096171,-0.0047276,0.069238,0.31791,-0.19255,-0.26028
4.7934,3.493,1.6859,1.4296,0.84748,0.30006,-0.22776,0.36859,0.016823,0.04575,-0.46919,-0.3946
4.4245,3.3434,2.0301,1.3868,0.7188,-0.26469,-0.70623,0.44497,0.48685,0.47313,0.026391,-0.17229
4.6763,3.5418,1.9161,2.0308,0.37751,-0.28565,0.059517,0.52951,0.13056,0.215,-0.48665,-0.17948
4.9907,4.178,1.8295,1.1562,0.1456,0.061774,-0.15565,0.44231,0.082317,0.23674,-0.23134,-0.47394
4.559,3.2659,1.8343,1.6601,0.73829,0.65636,0.11002,0.11381,-0.24993,-0.50864,-0.25682,0.08953
5.0095,3.1882,1.5526,1.5468,1.1928,0.49488,-0.24943,0.14753,-0.38297,-0.36769,-0.11369,-0.36599
3.8616,3.5239,2.1409,0.97953,0.85366,0.25277,-0.044353,0.13625,0.010407,0.46809,0.62337,-0.015636
2.8879,-0.76273,3.2829,0.02961,-0.090041,1.5912,-0.69344,-0.12251,0.78425,-0.72429,0.5528,-0.11977
3.2449,0.26817,2.207,-1.5841,0.39006,1.6975,-0.72923,0.64226,0.29477,-0.041527,0.8143,0.4318
2.446,2.3695,1.9472,-1.1893,0.038918,0.74205,-0.20656,0.14243,1.0614,-0.60189,0.024452,-0.04794
3.2809,2.355,2.0904,-0.62897,0.71952,0.69661,-0.9396,-0.31479,0.95983,0.29376,0.74412,-0.042515
4.8876,1.4045,2.0168,-0.2783,0.30865,0.025276,-1.5492,-0.99714,0.58998,0.29623,0.3668,-0.41717
6.2295,0.99326,1.3147,-0.082687,-0.36679,-0.20961,-1.0849,-1.2851,0.70932,-0.057422,0.11774,-0.83393
5.9965,1.0333,1.2989,0.16722,-0.65004,-0.092391,-1.3816,-1.2805,0.4293,0.27099,-0.11988,-0.76589
6.8949,0.29465,1.4249,0.32341,-0.96613,-0.010536,-1.4829,-1.4722,0.38236,0.19877,-0.1342,-0.59856
6.641,0.28341,1.5753,0.18849,-0.88448,0.070468,-1.4941,-1.2331,0.22662,0.1477,0.031298,-0.90598
6.8445,0.43222,1.5193,0.32842,-0.94603,-0.024216,-1.3207,-1.5444,0.55361,0.015027,-0.33292,-0.46999
6.5866,1.0675,1.3124,0.51934,-0.99044,-0.11109,-1.3314,-1.708,0.58079,0.3365,-0.10654,-0.5686
6.611,0.9644,1.0047,0.69425,-1.0791,-0.27367,-1.3262,-1.8964,0.43704,0.45249,0.25849,-0.89036
7.0241,0.047599,1.0205,0.67476,-1.1706,-0.12972,-1.4787,-1.7717,0.6942,0.04592,0.56255,-0.68098
6.6979,0.30897,0.66655,0.25815,-1.1093,-0.16032,-1.3026,-1.3557,0.76341,0.084263,0.32739,-0.40585
6.4257,0.36201,0.39855,0.50319,-0.9953,-0.24145,-0.99377,-1.0096,0.34897,0.5201,0.045421,-0.36301
6.8347,-0.47171,1.1406,-0.049439,-0.63377,-0.2063,-1.4204,-0.78345,0.39154,0.55635,0.19379,-0.46526
6.5607,0.86484,1.0893,0.14243,-0.38075,-0.58464,-1.2942,-1.1448,0.81085,0.86016,0.26129,-0.32969
6.3323,0.90332,0.96337,0.51258,-0.5955,-0.39968,-1.3391,-0.98127,1.2601,1.201,0.26829,-0.29961
6.6583,1.5604,0.31354,0.65673,-0.34553,-0.21329,-1.0034,-0.77881,1.0911,1.54,0.3457,-1.0216
6.9134,1.9926,0.61765,0.28116,-0.43075,-0.66005,-1.1978,-0.84884,0.94843,0.56083,-0.1421,-0.29327
6.7254,1.4495,0.83943,0.72896,-0.64347,-0.37155,-0.91949,-0.90708,-0.14552,0.8378,-0.34351,-0.71089
6.8631,0.073703,-0.35171,-0.01692,-0.94576,-0.61776,-0.9368,-1.0518,1.0159,0.97476,0.24522,-0.43171
5.286,1.5309,0.6835,0.25468,-1.1695,-1.0518,-1.3747,-1.1398,0.2712,1.0949,0.79876,0.31721
4.8898,1.7685,0.57063,0.77774,-0.13774,-0.7068,-1.0596,-1.1317,0.36159,0.88632,-0.021687,-0.29685
4.7289,2.7185,1.1302,0.83446,-0.61992,-1.0393,-0.54253,-0.78098,-0.084025,0.51139,-0.16752,-0.22805
3.992,2.449,0.88213,0.77395,1.1496,-0.60319,-1.2288,-0.002376,0.5673,0.71572,-0.65481,-0.79895
3.0071,2.0294,1.4662,0.87222,-0.21579,-1.4473,-1.2106,-0.55639,0.64024,1.64,0.12486,-0.66438
3.2227,2.2047,0.70386,1.0714,-0.099426,-1.0404,-0.6624,-0.44116,-0.14687,0.62743,-0.0042969,0.032878
3.268,2.3697,0.86983,0.58808,-0.06534,-0.79415,-0.69542,-0.52642,0.016741,1.1579,-0.054854,-0.70508
2.9532,2.4149,0.991,1.2782,0.28062,-0.31702,-0.81205,-0.17457,-0.99381,0.30642,0.65363,-0.17226
1.2217,1.2492,0.25481,1.3122,0.83905,-0.64432,-0.38579,0.21801,-0.18219,-0.16702,-0.2829,-0.7686
1.3955,1.996,1.2357,1.2104,0.29594,-0.32271,0.14631,0.20389,-0.26382,0.89109,0.33697,-0.11758
1.786,2.4371,1.1306,0.38699,-0.25077,-0.28718,0.051859,0.14306,-0.16677,-0.12824,0.084364,0.24028
1.0121,1.3194,1.0192,0.87136,1.2381,0.20425,-0.21299,0.0088467,0.25188,0.026341,-0.15368,0.4377
0.67537,1.2271,1.3271,1.2168,0.75349,-0.14831,0.24471,0.87372,0.80961,0.92912,0.076654,-0.48577
1.574,1.6659,0.42301,0.47107,0.52481,0.5933,0.4579,-0.077155,0.65799,0.9281,0.34521,0.67319
-0.78485,0.12556,-0.19634,0.012081,0.38289,0.57129,0.20797,-0.16076,0.035941,0.42564,-0.22921,-0.15984
0.14816,0.024014,0.48218,0.72197,-0.10112,-0.38032,-0.22381,0.46166,0.97105,0.65053,0.17243,0.14622
0.43407,0.2624,0.00061763,0.37403,0.79976,0.67488,0.66909,0.54868,0.54009,0.7454,-0.077084,-0.34413
1.1293,1.2037,0.056348,0.34272,0.73597,0.08595,0.20414,0.16478,0.16441,0.25969,-0.20816,-0.37648
1.0125,0.45239,-0.099286,0.73037,0.59873,-0.015685,0.14813,0.3182,0.077154,0.33844,0.21133,-0.20854
0.40113,0.20706,-0.51112,0.46277,0.61535,0.27228,0.45033,0.54872,0.21569,0.27187,-0.38894,-0.61084
1.125,0.38001,0.014262,0.79779,0.67193,-0.047315,-0.34961,0.065182,0.57771,0.35793,0.12628,-0.59221
0.75073,0.041191,-0.39683,0.61525,0.63677,-0.16039,0.62284,0.515,0.51558,0.6977,0.22963,0.50038
0.90111,1.0252,0.67699,0.95238,0.42818,-0.51537,1.0241,1.2865,0.33234,0.28222,-0.13164,-0.28825
0.87898,1.0307,-0.15895,-0.57865,-0.21284,0.37403,0.70733,0.22486,0.27618,0.26651,-0.4705,-0.55219
0.36459,0.90466,0.221,0.32518,0.93403,0.67373,0.52464,0.21315,0.52591,1.1655,0.31357,-0.12006
0.41921,0.5564,-0.42242,-0.45759,-0.16011,-0.23204,-0.34279,0.47391,0.47516,0.26495,-0.55172,-0.02016
1.2173,0.39251,-0.34731,1.332,0.97465,0.48242,0.6105,0.93619,0.27879,0.67496,-0.40842,0.36157
0.6753,0.70804,-0.040045,0.85265,0.63782,-0.030916,0.76285,1.5702,0.83952,0.89315,0.48073,0.3624
0.93681,0.52964,-0.18691,0.43062,0.42878,0.35804,0.591,0.66595,0.29377,-0.038851,-0.72014,-0.28785
1.0132,1.6922,0.60462,0.86959,-0.024539,-0.6796,0.18405,0.65284,0.20458,0.29662,-0.077494,0.65556
1.1865,1.3377,0.29993,0.47407,-0.030031,-0.54201,0.23237,0.84947,0.41434,0.41981,-0.11374,-0.17499
0.56994,1.3628,0.5937,0.032551,-0.49709,-0.088178,0.21609,0.69034,-0.16152,0.20919,0.33579,0.54104
0.5907,0.52778,-0.79358,-0.00059729,0.14242,0.49866,0.49837,0.94688,-0.090558,0.45748,0.058096,0.12434
0.23142,0.6694,0.030767,-0.64741,-0.25933,-0.35435,0.18519,0.076387,0.21525,0.49806,0.4574,0.10316
0.1782,1.2639,-0.8516,-0.2379,0.40612,-0.19183,0.37077,1.1276,0.08076,0.43175,0.043295,-0.099257
0.88713,0.66521,0.18625,-0.55975,0.54626,0.94625,1.0535,0.54918,-0.13022,0.23913,0.63074,0.21817
-0.0076092,0.64455,0.44699,-0.15236,0.59423,0.36698,0.38769,1.3049,0.45325,-0.048676,-0.26971,0.25277
-0.20516,0.86699,-0.32311,-0.31412,-0.35673,-0.24767,0.059233,0.78559,0.6921,1.1072,0.69132,0.13627
0.32283,0.39445,-0.33067,0.34155,0.33176,0.067793,0.32862,1.1062,0.41745,0.015613,-0.084466,0.088385
0.19951,0.7523,-0.17677,0.32231,-0.28274,0.39246,0.042305,0.19336,-0.026899,-0.07891,0.23043,0.2892
0.78916,1.4983,0.6097,0.40577,0.28867,0.2012,-0.13999,0.78411,0.30121,0.043341,0.52234,0.35354
0.50339,1.1215,0.15148,0.53853,0.58785,-0.27622,0.19388,1.0111,0.70881,0.44029,0.31833,0.42658
0.61128,1.0695,-0.64448,-0.50673,-0.22641,-0.52695,0.16608,0.48677,-0.043979,0.26759,0.068986,-0.39824
-0.63054,-0.025848,-0.33721,0.25182,0.92349,0.34513,0.24373,0.21681,0.34479,0.58456,1.1649,0.76999
1.1418,1.137,0.20137,-0.054876,0.44469,0.19939,0.1796,0.071537,0.33554,0.55693,0.48665,0.25886
0.11689,0.76917,0.38837,0.54245,0.43744,-0.082839,0.73224,1.0162,0.75739,1.2048,0.7537,0.57808
-0.063685,0.46089,-0.10182,-0.26096,0.43522,-1.1233,-1.2536,0.30994,0.019846,0.51464,-0.43379,-0.044299
0.41729,0.93279,0.26046,0.92655,-0.034346,-0.29367,-0.37093,0.57446,0.28732,0.90246,0.60688,0.1295
-0.19912,1.0931,0.56145,0.53056,0.4568,0.44036,0.46192,0.41418,0.12771,0.87872,1.0858,0.42231
0.61806,1.3869,0.55486,0.014772,0.045129,-0.092231,0.15242,0.72866,0.21611,0.33948,0.31617,0.46309
0.68801,0.75852,0.35936,0.25872,-0.80287,-0.057345,0.46399,0.73658,0.023558,0.08694,0.33629,0.33648
0.16952,0.86328,-0.047966,0.28848,0.22463,-0.20129,0.43473,-0.22929,0.17845,0.37406,0.059994,-0.02747
0.13714,1.119,0.71904,0.45659,0.028739,0.10859,0.073593,0.93441,0.25708,0.10778,0.27556,0.23671
0.34217,1.0501,-0.13024,0.054701,0.33691,-0.47886,0.31867,1.3012,0.36761,-0.039563,0.0032742,0.58334
0.2919,1.1749,0.50244,0.25005,0.47869,-0.0075349,0.62386,0.63685,0.36486,0.61836,0.17612,-0.091438
-0.065156,0.31887,-1.1341,-0.66762,0.13942,-0.48253,-0.81402,0.65189,0.16204,0.33893,0.80534,0.57087
1.0097,1.4424,1.0691,0.59934,-0.053839,-0.40323,0.21391,0.82373,0.18373,0.08632,0.061572,0.35207
1.0677,1.1625,0.79662,0.19454,-0.098608,-0.1434,0.20714,0.78445,-0.43085,-0.30401,-0.28905,0.27276
0.79659,1.5077,0.77182,0.17136,-0.29363,-0.030312,0.32023,0.9217,0.40035,-0.43259,0.030374,0.12581
0.92763,0.70909,-0.31519,0.21295,0.6096,-0.048325,0.42972,0.88739,0.813,0.46008,0.51452,0.38402
0.82968,1.1285,-0.31946,0.10942,0.20437,-0.53564,-0.68974,0.74255,0.045649,0.33933,0.10171,-0.16508
0.20065,0.3181,0.082881,0.71944,1.1819,0.70562,0.16985,0.78141,0.39612,0.16554,-0.1749,-0.1064
1.1071,1.4734,0.65112,0.10512,-0.056224,-0.28832,-0.50721,0.26627,0.27284,0.54007,0.14316,0.28847
-0.43483,0.60029,0.13611,0.49576,0.78238,-0.13631,-0.49191,0.37156,-0.22074,-0.0087605,0.24463,0.20064
1.1577,1.3638,-0.33277,-0.25384,-0.014674,-0.1264,0.31147,0.78509,0.21971,0.66588,0.93163,0.18182
1.1546,1.2966,0.30661,0.33133,0.72859,0.7188,0.48073,0.94272,-0.080829,-0.039261,0.35746,0.43245
1.4408,1.5194,0.19112,0.090139,0.1459,-0.0099841,0.76979,0.7802,0.068794,0.22121,0.40291,0.12792
2.8411,2.028,1.0971,1.3204,1.0816,-0.55489,-0.2252,0.12124,-0.68053,-0.099782,0.21072,-0.0073893
2.1999,2.2624,0.437,1.5855,1.0958,0.65894,-0.18385,-0.22738,-0.53269,-0.15877,0.31138,0.35134
2.0098,2.1879,0.23831,0.63935,0.56127,-0.11975,-0.76107,-0.16737,-0.22879,-0.24828,0.018696,-0.49004
3.8857,2.954,1.7115,1.1621,0.23602,-0.61875,-0.29743,-0.36093,-0.09229,0.1548,-0.09601,-0.32056
3.0264,2.6285,1.3451,0.5459,-0.38679,-0.96132,-0.43737,-0.42579,-0.44268,0.36923,0.21324,0.088302
2.4349,2.6394,0.73266,0.27973,-0.1976,-0.51684,-0.27295,0.094842,-0.41338,-0.70472,-0.7567,0.1047
1.5248,1.2342,0.27047,0.69065,0.80615,-0.47756,-0.97555,-0.47683,-0.77636,-0.05757,0.14362,-0.33474
2.0501,2.2636,1.1137,0.66782,0.097543,0.21518,-0.23896,0.14353,-0.46699,-0.47135,-0.36653,-0.6686
1.0906,1.6352,0.7011,1.1919,0.30299,0.2555,-0.029338,0.19671,-0.1341,0.13642,-0.16666,-0.1879
2.2852,2.1311,1.6435,1.8879,0.83575,0.57807,0.41323,0.13702,0.048957,-0.023284,-0.4324,-0.83374
4.2418,3.5825,1.7525,1.3641,0.32377,-0.19335,-0.34307,0.09169,-0.69075,-0.23023,0.030404,-0.44981
4.7393,3.6903,2.2363,1.7372,-0.10679,-0.64939,-0.12969,-0.25657,0.16672,-0.39386,-0.23249,0.69426
4.2353,3.3611,2.6338,2.1206,0.13561,-1.3111,-0.51723,0.26775,-0.334,-0.3731,-0.076407,0.2237
4.5229,2.9249,2.4416,2.2308,0.20484,-0.91029,-0.64118,0.26888,-0.20642,0.010701,0.06404,0.39076
4.1437,2.578,1.9089,1.9577,0.27233,-0.4644,-0.72904,0.42678,-0.38068,0.11653,0.22634,0.26966
4.7147,2.8992,2.2397,1.9117,-0.040366,-1.2326,-0.13677,1.2274,-0.51154,-0.55454,0.1197,0.2958
4.6887,3.1195,1.9639,2.3221,-0.048211,-1.5357,0.3289,0.70473,-0.84776,-0.7301,-0.076293,0.41518
4.9066,3.1123,1.88,2.6279,-0.015194,-1.2516,-0.31549,0.079068,-0.57495,-0.3494,0.14056,0.60608
4.7145,3.2659,2.3441,2.3566,-0.2009,-1.2168,-0.098333,-0.1235,-0.7926,-0.32744,0.12942,-0.040571
4.3356,3.0784,2.4511,2.0912,-0.023188,-0.83842,-0.38998,-0.0037778,-0.5537,-0.33393,0.265,-0.0181
4.9337,3.1137,2.0223,2.1353,-0.085702,-1.0916,-0.46127,0.6012,0.081366,-0.48995,-0.54119,-0.18888
4.3479,3.1108,2.1882,2.4287,-0.087843,-0.37243,-0.53699,0.64165,-0.10435,-0.69266,-0.52245,0.29679
3.7845,2.2646,2.6315,2.38,-0.080646,-0.54039,-0.053328,0.37943,-0.27545,-0.24429,0.26754,-0.27372
3.3991,3.0468,2.0325,2.9082,0.03557,-0.089019,0.63103,-0.19273,-1.3055,0.17606,0.54091,0.53435
3.4448,2.2633,2.1789,2.7554,-0.057633,-0.18125,-0.4458,0.49079,-0.32406,0.10289,0.17914,0.33093
4.0634,2.5749,2.1296,2.7757,-0.33153,-0.12957,-0.23509,0.64323,-0.83941,0.30004,-0.025033,0.4541
3.9702,2.9647,2.4256,3.4693,-0.52291,-0.90411,-0.89093,0.78142,-0.26455,-0.012077,-0.39124,0.84392
4.081,2.9461,2.0205,2.9583,-0.062656,-0.60254,-0.32618,0.87641,-0.50763,-0.48791,-0.38623,0.5038
3.7784,3.229,1.9713,2.3418,-0.074001,0.12631,-0.12999,0.72739,-1.2051,-0.86831,0.17278,0.70149
4.1728,3.0487,1.7013,2.7646,-0.39092,-0.70277,-0.40071,1.1407,-0.52552,-0.30776,-0.002992,0.82786
4.5145,2.9416,1.5634,2.2835,-0.39341,-0.65625,-0.35372,0.61788,-0.11347,0.32788,0.059876,0.60955
4.0888,2.648,2.2489,2.5155,-0.49748,-0.34511,-0.56943,0.6269,-0.23508,0.10531,0.61716,0.90103
3.9804,2.5803,1.8844,2.2201,-0.19104,-0.71735,-0.33453,0.67983,-0.15551,0.27017,0.49845,0.77159
4.163,2.1015,2.2797,2.8595,-0.43508,-1.2772,-0.044385,0.83181,-0.47111,-0.25621,0.48885,0.64719
4.3651,2.4624,2.8031,2.8775,-0.51165,-1.3814,0.11481,0.87208,-0.96313,-0.91134,0.65354,0.77951
4.6069,1.7928,2.5652,2.7355,-0.92226,-1.3832,-0.17616,0.69519,-0.48876,-0.37204,0.19597,0.41598
4.7428,1.4366,2.8616,2.7112,-1.0805,-0.87187,-0.075028,0.58177,-0.67905,-0.6203,0.62891,0.6831
4.2598,1.6789,2.4948,2.1014,-0.68135,-0.88467,0.4705,0.33165,-0.60413,-0.54135,0.033859,0.54465
3.5965,1.4315,3.8202,2.0859,-1.4926,-0.52125,0.53804,0.49324,-0.047924,-0.26824,0.3934,0.35861
3.1692,1.5149,3.9022,2.1803,-1.1487,-0.40196,0.13867,-0.05121,-0.14718,0.16019,0.2642,0.37831
2.9579,1.4561,4.285,1.6684,-1.1878,-0.28942,-0.14496,-0.17054,0.43574,-0.15248,-0.13434,0.72438
3.1055,1.0297,4.6339,1.1646,-1.2148,-0.11551,-0.29581,-0.5453,0.30418,-0.32946,0.20457,0.61612
2.619,1.7772,4.0058,1.098,-0.96816,-0.4338,-0.3951,0.62603,0.20554,-0.50178,0.29416,-0.23874
2.1711,2.4447,3.7768,-0.16574,0.067269,0.0049148,-0.75377,0.85873,0.38012,-0.7052,0.671,0.11978
1.277,2.9908,3.753,0.17285,0.65094,-0.20048,-0.62485,0.79461,0.30931,-0.13147,0.50012,0.23215
1.2114,3.202,3.9608,0.23142,0.29885,-0.10269,-0.51665,0.77758,0.63524,-0.20629,0.67719,0.39813
0.57079,3.2921,3.4641,0.042562,0.24867,-0.69871,-0.27146,0.78653,0.16306,0.3247,0.64144,0.69829
0.86053,4.3258,2.3568,0.38053,0.74275,-0.85232,-0.11585,0.14837,-0.33934,0.068463,0.89254,0.23627
-0.23803,3.9162,1.9422,0.1676,0.2522,-0.20812,-0.29473,-0.19494,-0.53248,-1.0493,0.08707,-0.19965
2.2795,3.1308,1.3635,1.2839,1.1143,-0.24191,0.43499,0.3432,0.36027,-0.22649,-0.29158,-0.27807
2.3287,2.8584,1.4281,-0.12081,-0.32225,-0.80616,0.18929,-0.011178,-0.14613,-0.07051,-0.17298,-0.068618
2.3758,2.2061,1.4993,-0.11532,0.15593,-0.086657,0.35187,0.02086,0.41156,0.31008,0.44017,0.01291
2.1464,2.0456,0.86089,0.56402,0.33826,0.22319,0.64926,1.2019,0.54276,0.50768,0.12652,-0.40147
1.3353,1.0605,1.0486,1.643,1.2221,0.28235,0.42058,1.1851,1.0827,0.54471,-0.11829,-0.45713
2.1481,1.3176,0.12753,0.73774,0.32123,-0.57431,0.31867,1.4183,0.14037,0.38228,0.54319,-0.15549
1.3893,0.90596,0.47693,1.2295,1.1404,-0.1825,-0.10672,0.47088,0.082651,0.68765,0.29258,-0.036731
1.5423,1.2532,0.2181,0.93428,1.2793,0.30219,0.040942,0.064544,0.1402,0.99129,0.869,-0.17417
0.95134,0.079312,-0.29392,1.2464,0.73867,-0.042743,-0.030926,0.37806,0.23111,0.96848,0.49141,0.18038
1.3752,0.66844,0.4643,0.9518,0.86793,0.56005,0.23014,1.0466,0.36962,0.036264,-0.34304,0.10033
1.3647,0.52708,-0.31406,0.50791,0.76836,0.51333,0.38473,0.68424,0.63069,0.33622,0.59105,0.49496
0.7569,0.69029,0.7354,0.68416,0.71291,0.41518,0.79679,1.0416,0.43579,0.35886,-0.49048,-0.51044
0.49946,1.2777,1.3573,0.17098,-0.43243,-0.27933,0.4227,0.53084,-0.066882,0.48915,0.20309,-0.073854
1.4414,0.90074,0.28531,0.66155,0.83667,0.1824,0.085659,0.17536,0.35418,0.7172,0.77086,0.20807
0.27006,1.3964,0.10204,0.17717,0.15217,1.1376,0.89617,1.3641,0.11117,-0.70227,0.34727,0.18877
-2.6321,2.0979,-0.081558,0.79973,0.29547,1.54,0.25504,0.42423,0.6171,0.63509,1.201,-0.4576
-2.0086,2.4442,-0.97917,1.3543,-0.42126,0.23228,0.36982,0.36962,0.40802,0.64563,0.50958,0.43302
-3.1331,3.1839,-2.0206,0.79699,-0.45362,0.207,0.28859,0.65855,0.31577,0.16128,0.29603,-0.051315
-4.4307,3.9211,-2.4781,1.131,0.2389,0.58587,0.65109,0.10048,0.24054,0.16666,0.58784,0.18205
-4.4804,4.4503,-2.4777,0.43825,-0.30498,0.26627,-0.17713,0.87629,0.74017,-0.38424,0.45039,-0.12052
-5.1384,4.8854,-2.4587,0.61875,-0.43518,-0.064454,0.57537,0.33022,0.59267,-0.10082,0.21645,-0.56194
-4.8082,4.1781,-2.5875,0.31182,-0.35436,-0.30291,0.68656,0.17349,0.47046,-0.53445,0.37006,0.0058339
-3.3507,4.6768,-1.9765,-0.61158,-1.0648,0.086419,0.95604,0.65136,0.83007,-0.69511,0.47016,0.75772
-4.9066,3.3254,-0.90125,0.043251,-0.5467,-0.777,0.029299,0.30673,0.96329,-0.32794,0.58923,0.69197
-5.6029,2.6123,-0.89351,0.85539,0.040041,-0.30314,0.89059,-0.36877,0.53511,-0.66948,0.75857,0.81138
-3.7961,3.2945,-1.2757,-0.006369,0.08014,-0.46486,0.35581,0.53364,1.3312,-0.082823,0.49734,0.40801
-3.7309,3.0994,-0.81532,-0.24334,-0.49524,-1.1209,0.43565,0.43589,1.2976,-0.10822,0.54617,0.32149
-4.9792,3.0463,-0.15426,0.03007,0.83429,-0.77831,0.35181,0.71469,1.2673,0.33221,0.83392,0.48473
-4.6664,2.1924,-1.2317,-0.51782,0.012062,-0.23934,1.5881,1.121,0.53476,-0.39759,0.65104,0.44828
-3.7448,3.0061,-0.70864,-0.096561,0.38916,-0.80458,0.50041,1.0522,1.0867,-0.44762,0.32053,0.10034
-3.3572,2.1579,-1.4608,-0.83608,0.29807,-1.1563,-0.51987,0.73717,0.8837,0.11618,0.58578,0.33858
-2.4163,2.111,-0.77776,-0.91779,0.51804,-0.2597,0.45235,1.0458,0.90432,0.36091,0.66551,-0.020337
-2.8487,2.3226,0.090351,-0.19526,0.412,-0.65335,0.42717,0.63416,0.84879,0.82763,0.65259,-0.27245
-2.8356,2.0877,0.036076,-1.0335,0.067472,-1.0086,0.16047,0.9561,0.88622,0.30095,0.2294,-0.39518
-1.6187,2.3023,0.28823,-1.345,-0.38202,-1.0784,0.14543,1.0177,0.5786,0.52473,0.32837,0.2946
-0.98995,1.3953,-0.4998,-1.4834,0.020703,-0.83538,-0.081397,0.82768,0.69051,0.60368,0.89104,0.14635
-0.76105,1.1396,0.25085,-0.29902,0.12446,-1.0843,-0.0014185,0.00087502,0.7113,0.71032,0.31583,0.11641
0.25682,0.56977,-0.3023,-0.42592,0.29475,-0.81535,-0.43917,0.68976,1.25,0.48734,0.48688,-0.013457
0.20941,0.16188,-0.13507,-0.28498,0.40601,-0.47241,-0.29123,0.16117,0.63262,0.42068,0.37379,0.49093
0.46806,-0.096514,-0.53838,-0.71039,0.089634,-1.0042,-0.67305,0.48289,0.48429,0.53755,1.1453,1.067
1.3676,0.72165,-0.71031,-0.49147,0.36288,-0.60779,-0.46936,0.70631,0.68146,1.0675,0.78725,0.31539
1.0568,0.7521,-0.63535,-0.13339,0.41246,-0.39988,-0.53947,0.5933,1.1013,0.38869,0.30111,0.55634
1.4979,1.5011,0.41089,-0.00028003,0.34572,-0.084371,-0.2731,0.88335,0.95473,0.59159,-0.19878,0.36701
0.021705,0.71548,-0.58354,0.1099,0.22998,0.26728,0.38724,0.49698,0.38265,0.31846,0.6307,0.33429
1.1155,2.0223,0.54844,0.24207,0.035353,-0.19924,0.12262,0.24259,0.78391,0.61104,0.41538,0.90877
0.78833,1.4001,-0.29292,-0.0038784,-0.064601,-0.39446,-0.15365,0.28821,0.80471,0.6243,0.39792,0.89592
0.26853,1.4201,0.10391,-0.29267,-0.45291,-0.26749,0.67128,0.95127,0.42471,0.62427,0.7291,0.85136
0.63313,1.2892,-0.13856,-0.14949,-0.48915,-0.28472,0.19796,0.77756,1.0291,0.72918,0.5682,0.71776
0.94437,0.68945,-0.04008,0.49207,0.55188,-0.17265,0.41775,0.48611,0.42903,0.34262,0.07018,0.1047
0.97217,2.1917,-0.17646,-0.59839,0.42934,0.76124,0.56284,0.21952,0.00069332,0.0020526,0.052632,-0.25544
0.71665,1.3818,0.67761,0.60467,0.6281,-0.25696,0.33416,0.90305,-0.13528,0.48335,0.52999,0.25838
1.0433,0.90166,-0.73051,-0.006737,0.073804,0.14426,0.24128,1.0298,0.29935,0.24599,-0.092774,-0.0047751
0.72719,1.3028,0.53151,0.15969,0.42765,-0.12597,-0.10748,1.0744,0.30842,0.50944,0.68917,0.57912
0.17928,0.3702,0.15761,0.35112,0.47746,0.24238,0.38112,0.94807,0.64963,0.053358,0.34353,0.15059
-0.94208,0.44584,0.01135,-0.062425,-0.25466,-0.32098,-0.11492,0.43537,0.085968,0.61376,0.15188,-0.031633
0.16714,0.62687,-0.24928,0.48135,0.42794,0.67291,0.89791,1.3238,1.364,0.7404,0.76311,0.65115
0.077489,0.69123,0.38373,0.76996,0.67234,-0.044009,0.20418,0.98964,0.25226,0.4092,-0.11377,0.37046
1.0802,1.7351,1.1109,0.6942,4.6048e-05,0.43303,0.80796,0.97959,0.26359,-0.097894,0.42041,-0.31262
1.0233,0.80621,0.12405,0.63259,0.92538,0.60157,0.74249,0.68231,0.34252,0.54918,0.55585,0.081262
-0.60016,0.32975,-0.25546,0.54727,0.49318,0.53988,0.14938,0.67957,0.96881,1.0698,1.2099,0.55778
0.65269,1.1805,-0.13487,-0.26517,0.27612,0.74681,0.37926,0.81505,0.12488,-0.28873,-0.036386,0.38597
0.72956,1.4734,0.5019,0.25418,0.33232,-0.22725,0.50691,0.61818,-0.13283,0.058294,-0.088364,-0.50943
1.1348,1.1322,-0.16534,0.56592,0.31702,-0.39588,0.21517,0.99475,-0.27056,0.28568,0.63434,0.13708
0.56481,0.99279,0.25128,0.53086,0.60973,0.28524,0.73375,0.35018,-0.47694,-0.32249,0.31821,0.044553
-0.8286,0.54081,-0.4696,0.33974,1.0686,-0.37234,-0.48478,0.60808,0.014541,0.62326,0.77405,0.16083
0.22365,1.0412,0.58159,0.61346,1.5865,0.80741,0.033248,-0.013695,-1.2631,-0.29011,0.6825,-0.13068
0.28812,1.5149,1.0743,0.53937,0.52701,-0.11692,-0.17913,0.61885,0.030353,1.0123,0.98489,0.42942
0.54976,1.4408,0.71834,-0.25076,0.088676,-0.21581,0.18966,0.65945,0.34055,0.6384,0.32202,0.083779
0.2111,0.51508,0.56163,0.76874,0.73889,0.2649,0.18427,0.9818,0.29241,0.2699,0.85766,0.71625
0.10216,1.0629,-0.39933,-0.20799,0.48425,-0.35763,0.49641,0.41933,0.28108,0.81173,1.171,0.13013
2.0452,2.172,-0.19687,-0.27915,0.39125,-0.79079,-0.20298,0.61282,0.010806,0.27893,0.27666,-0.4134
-0.19685,3.5322,0.26172,-0.22802,1.2552,-0.85439,0.40805,0.17997,0.7033,0.65613,0.14041,-0.12701
-2.7504,3.5474,-0.81194,-0.43902,1.7929,-0.77491,0.21105,-0.2056,0.87678,0.19987,0.15537,0.2484
-3.7549,4.345,-1.0627,-0.53433,1.6926,-1.0049,1.1905,0.30739,0.95535,0.46876,0.5283,-0.19492
-4.503,4.3341,-1.4223,0.038892,1.9388,-0.37384,0.60343,-0.27484,0.36902,-0.023832,0.44722,0.1497
-5.7158,3.9097,-1.3646,0.41774,1.1355,-0.51772,0.90226,-0.038299,0.79875,-0.11056,0.41068,-0.072268
-4.8674,4.3064,-1.6168,0.64627,2.063,-0.46107,0.11884,-0.6635,0.6071,-0.70776,0.35614,0.2302
-4.6666,4.7222,-1.395,0.43793,1.0796,-0.973,0.79932,0.30202,1.0378,-0.16529,1.0065,0.23005
-4.8023,4.7836,-1.5169,0.60568,1.8797,-0.68018,0.21173,0.54795,0.64598,-0.52086,0.80367,0.42066
-5.6971,3.7952,-1.5211,0.33766,0.92445,-0.41508,0.76628,0.0051123,0.8471,0.090935,0.93072,0.65187
-5.286,4.7302,-1.0185,0.21289,0.58169,-0.69724,0.96924,0.089144,1.3929,0.40612,1.2906,0.68946
-5.5514,3.9021,-1.6675,0.4465,1.4272,-0.50162,0.84745,0.62333,0.72748,-0.45687,1.1524,0.45766
-5.2908,3.8995,-1.8397,0.30415,-0.093531,-0.85365,0.25526,0.14188,0.8225,0.15381,0.44944,0.05117
-5.6788,3.6586,-2.073,0.20425,0.55858,-0.46702,1.4938,0.0081387,0.4758,-0.16251,0.47549,0.095622
-5.8658,4.0409,-2.0798,0.4733,-0.28779,-0.22141,1.529,-0.33887,0.78635,0.78613,0.82155,0.15447
-5.8367,3.8567,-2.0514,0.33783,-0.26009,-0.42082,1.0084,-0.07451,0.88263,0.090446,0.97123,0.45153
-5.8585,3.8569,-1.7746,0.92837,0.22121,-0.1846,1.2432,0.13203,0.94884,0.34412,1.0375,0.45617
-5.2815,3.7217,-1.8925,0.17629,0.52253,0.15001,1.5771,0.22812,1.0158,-0.10863,0.76625,0.22311
-6.2379,3.2455,-2.084,0.27197,0.017227,-0.1845,1.6607,0.63026,0.95215,0.013817,0.58772,0.88441
-6.1375,3.5745,-2.4584,0.45868,-0.20807,-0.63591,0.58412,-0.57863,1.29,0.60857,0.81151,0.63274
-6.5206,4.0915,-2.3151,1.0927,0.42823,-0.31024,0.77493,-0.65024,0.11761,-0.057356,0.62661,0.79736
-7.2108,3.7419,-2.2038,1.0648,0.93451,0.45159,0.92088,-0.24267,0.01125,-0.33649,0.71298,0.44707
-6.5436,3.6519,-2.2608,0.15527,0.070265,-0.42785,0.73831,0.37849,1.1084,0.55792,1.1286,0.24256
-6.181,3.4195,-1.8138,-0.22485,0.38617,-0.44982,0.99168,-0.038486,0.3993,-0.39291,0.82458,0.75663
-6.5277,3.778,-1.9336,-0.39303,-0.36558,-0.73185,0.78127,0.59459,0.59126,0.053697,0.56129,0.28787
-5.3853,3.6408,-1.0762,-0.3635,0.81257,-0.38025,0.28391,-0.24328,0.27806,-0.38749,0.34111,0.73115
-5.6908,3.4433,-1.2466,-1.1614,0.097648,-0.58418,0.18788,0.20252,1.0094,0.068245,0.29612,0.45
-5.7264,2.9341,-0.45541,-1.6513,0.59515,-0.37265,0.22817,0.39321,0.01766,-0.42251,0.50777,0.18829
-0.89637,5.0418,1.135,-0.60883,0.68621,-0.80889,-0.73031,-0.34774,-0.0064287,-0.0496,0.44242,-0.16707
-0.20998,3.8518,1.7577,0.56757,0.27231,-1.4488,-0.16463,-0.27002,-0.29811,-0.45681,0.086399,-0.1224
0.59717,3.7712,1.2123,0.9037,-0.2468,-1.2634,0.27456,0.091186,-0.095622,-0.34069,0.015379,0.083673
1.4805,4.0116,1.3336,0.76344,0.19498,-0.90659,-0.55709,-0.38169,-0.27159,-0.31486,0.41645,-0.014604
2.2929,3.9622,1.7905,0.31311,0.30067,-1.285,-0.71813,-0.19086,-0.49218,-0.4553,0.57074,-0.12464
2.3139,2.4758,2.1344,0.2569,-0.086295,-1.2463,-0.99655,-0.040624,0.034577,-0.78081,0.97193,-0.34245
2.4467,2.5974,1.9061,0.014843,0.094762,-1.2052,-0.27627,0.46945,-0.49663,-0.25221,0.1761,0.006263
1.3164,3.3437,1.1768,0.54673,0.50469,-1.9101,0.63906,0.37935,0.23364,0.269,-0.27891,-0.22074
1.0988,4.3891,1.3511,0.28787,0.38594,-1.4846,0.25515,-0.051112,0.25071,-0.11123,0.073105,-0.085789
0.74944,4.8833,1.8487,0.16543,-0.038843,-1.4945,-0.010533,-0.33824,0.3947,-0.35638,0.64239,0.27647
-1.6427,4.7219,0.88892,0.86327,0.67732,-0.93372,-0.017611,0.081951,0.2051,-0.46245,0.1445,-0.072355
-2.891,4.902,1.2912,0.47719,1.0172,-1.0689,-0.22422,0.50511,0.38893,-0.16458,-0.2669,-0.31702
-5.068,4.8308,-0.44479,-0.34129,1.5587,-0.94232,-0.079652,0.39926,0.60556,0.13717,0.43106,-0.56228
-5.5015,5.3669,-0.23862,0.80115,0.82513,-1.1291,0.35746,0.39416,0.35601,-0.98527,-0.45121,-0.4914
-4.8311,5.5742,-0.04955,0.51007,1.1854,-1.0093,0.2589,0.47128,0.69171,-1.1674,-0.30373,-0.63207
-4.8533,5.9115,0.32743,0.62528,0.97725,-0.81432,0.91332,0.19993,0.65414,-0.86093,0.31674,-0.02192
-4.8043,5.7818,-0.36596,-0.30878,0.47357,-0.28243,0.070413,-0.22004,0.15213,-0.1728,0.36849,-0.55005
-4.945,5.8291,-0.80595,0.40542,0.83604,-0.621,0.90944,-0.16785,0.18082,-0.52664,-0.090203,0.28409
-5.2221,5.2251,-0.96866,0.51249,0.7844,-0.24392,0.035298,-0.33352,-0.27748,-0.068906,0.88376,0.5122
-5.7792,4.4298,-1.4371,-0.14624,-0.50677,-1.1447,-0.87616,0.083725,-0.031648,-0.47435,-0.42094,-0.10745
-4.8981,4.927,-1.2792,0.26194,0.64079,-0.062085,0.27446,0.54136,0.27413,-0.050533,1.3424,0.039904
-6.0804,4.448,-1.3696,0.40138,0.25671,-0.55307,-0.10383,-0.23685,-0.090032,-0.40453,0.49752,0.28214
-5.4979,3.9829,-1.7674,-0.065574,-0.33126,-0.11082,0.3661,-0.083389,0.55933,-0.438,0.24002,-0.1398
-5.64,4.3787,-0.95153,0.57992,0.83183,0.25025,0.73316,-0.2182,-0.18141,-0.053071,0.52623,0.66165
-5.6893,4.0341,-1.8456,0.071075,0.030722,0.26363,0.7888,0.13226,1.158,0.22438,1.2262,-0.10166
-6.2048,3.4825,-1.838,-0.32675,0.11893,0.25709,0.74934,0.59274,1.0088,-0.12521,0.41006,0.49
-5.897,4.757,-0.96228,0.65419,-0.083177,-0.53769,1.5381,0.86122,0.72499,-0.069609,0.96565,0.11535
-5.3155,4.5673,-1.6197,-0.125,0.18787,-0.65637,1.3463,0.26087,0.58792,-0.24853,0.46403,0.51162
-6.1345,3.6597,-2.0924,-0.01046,0.43266,-0.08616,0.55364,0.59941,1.0553,0.5942,0.96762,0.41026
-5.9438,4.3053,-1.2439,0.0158,0.0025961,-0.2947,1.0159,0.9096,0.79708,0.34747,0.83255,-0.057279
-6.2427,4.3656,-0.44079,0.07487,-0.59063,-0.28845,1.5314,0.91584,0.10745,-0.31107,1.1022,0.37948
-6.3363,3.6783,-1.8833,0.3237,-0.12879,-0.617,0.50546,0.57965,0.49213,-0.23418,0.61462,0.67927
-5.5992,4.0941,-2.2363,-0.11082,0.53175,-0.20857,1.0184,0.57721,0.44491,0.47494,0.45136,-0.042542
-6.7044,3.3459,-2.1215,-0.56175,0.22306,-0.37872,0.33886,0.78147,1.0801,0.67996,0.83258,0.75923
-6.0008,3.9782,-1.609,0.16844,0.63423,-0.20065,0.89244,0.99413,0.85218,0.18137,-0.49938,0.072658
-5.1351,3.8287,-2.1833,0.23828,0.64376,-0.92701,0.13898,0.31266,0.47411,0.24596,0.86205,0.66026
-5.5965,4.3395,-2.1765,-1.3957,0.096075,-0.52626,1.1862,0.6551,0.30107,-0.12015,0.44839,0.10634
-5.9965,4.0707,-1.7749,-0.36357,1.1692,-0.0089943,0.44608,0.061564,1.1522,0.84413,0.21001,0.10851
-5.9563,3.6959,-1.8838,0.58793,0.96853,-0.35696,0.31221,0.055587,0.62929,0.30403,0.81026,-0.32842
-5.8741,3.4335,-2.2137,-1.5585,0.55807,-0.83691,0.21901,0.40501,0.67261,-0.81531,-0.085674,-0.0097689
-5.8845,3.9818,-1.188,-0.49884,0.19544,-1.0066,0.70266,0.43338,1.3906,1.0346,0.871,0.51274
-5.0872,3.9984,-1.4482,-0.62077,0.66986,-0.68194,1.43,0.9939,0.19988,-0.068083,0.69035,0.29363
-5.0541,3.7955,-0.89902,-0.69316,0.87269,-0.77329,0.56114,-0.006643,0.56111,0.22055,1.348,1.0536
-5.0668,3.6109,-0.22632,-0.89457,1.3994,-0.52058,-0.02848,0.75547,0.64576,0.004812,0.61315,0.58901
-5.3693,2.6872,-0.10388,-1.1637,0.95963,-0.24817,0.94042,1.7227,0.73876,-0.24154,0.3286,0.30885
-4.3943,3.0832,-0.42818,-1.8565,0.24866,-0.54376,1.1186,1.1788,0.97901,0.35692,1.0777,0.71412
-4.3094,2.7583,0.9065,-0.90033,0.099527,-1.2221,0.033518,0.82705,0.8176,0.1584,1.0519,0.50801
-3.929,2.197,-0.72094,-1.3861,-0.27586,-1.1305,0.75999,0.91025,0.2809,-0.29189,0.42796,0.60335
-3.6187,1.6071,0.20282,-1.1532,0.39243,-0.87059,0.48073,1.003,0.4752,-0.73786,0.34137,0.55608
-3.442,1.592,0.80581,-0.57041,0.96104,-0.485,0.020931,0.45396,-0.13746,0.29789,0.56812,0.20899
-3.4853,1.4162,-0.60264,-1.8928,0.80123,-0.44946,0.5125,0.61963,-0.071899,-0.47819,0.24505,0.095816
-3.3748,1.1163,0.25063,-0.35786,1.1452,0.018818,1.2527,1.8144,0.4897,0.47561,0.65458,0.32558
-3.4383,1.4237,0.6464,-0.3867,1.1706,0.10465,0.90366,1.2801,-0.030952,0.045204,1.0411,0.43682
-3.3167,1.0815,0.94522,-0.25965,1.2036,-0.99231,-0.44205,0.28582,-0.14378,0.34303,0.80677,0.59844
-1.4198,1.2129,0.59557,-0.80368,0.81471,-0.62493,0.13002,1.4245,-0.08001,-0.5854,1.2229,0.77955
-1.4564,0.45778,-0.052189,0.4161,0.98572,-0.71173,0.48246,0.98718,-0.29803,0.27244,1.1551,0.97057
-0.32772,0.88915,-0.16748,-0.57303,1.134,-1.2787,-0.77595,-0.088307,-0.13873,0.016506,0.40689,0.34092
-0.64722,-0.17955,0.36051,0.64253,0.81387,-0.57661,0.08762,1.0018,0.33738,0.59456,-0.35155,-0.26836
-0.27717,0.33624,-0.75145,0.37761,0.16924,-0.73873,0.0093846,0.85825,0.32889,0.66153,0.31633,-0.17633
-0.37029,0.49993,0.70534,1.4966,1.1778,-0.56842,-0.15779,0.076615,-0.37686,0.35548,0.31319,-0.060476
-0.44915,-0.070294,-0.76252,-0.17254,0.11247,0.40661,0.7357,0.75686,0.35698,0.86173,0.82229,0.47172
-0.094429,1.2091,-0.029822,-0.001434,0.062153,-0.093433,1.0401,1.9176,1.0236,0.7303,0.21815,0.23135
0.20129,1.0493,-0.15207,0.46371,0.070553,0.2035,1.2697,1.3794,0.56734,0.21993,0.72652,0.15112
0.19918,0.72513,0.29073,0.18223,0.54831,0.48989,0.47732,1.0315,0.52879,0.31265,0.23981,0.24283
0.68316,1.0549,-0.12864,0.26319,0.11885,0.19452,0.8834,1.0468,0.63691,1.006,0.12016,-0.29143
0.69913,0.21159,-0.55697,0.50242,0.86409,0.14548,0.31582,0.43948,0.6599,0.67702,0.70664,0.85854
