0.57841,0.85224,-0.26673,0.89821,0.45832,-0.34874,-0.010161,0.93478,0.29791,0.8047,0.14305,0.33096
0.4812,1.317,-0.20416,0.40372,0.32122,0.1509,-0.2415,0.54112,0.37745,1.0687,0.31937,0.041478
0.34102,0.30356,-0.48219,-0.60499,-0.49805,-0.2953,0.20401,0.4189,-0.21103,0.70934,0.082131,0.039496
0.49901,0.87429,0.30668,1.107,0.80715,0.79461,0.64278,0.18339,-0.064979,0.36826,-0.3789,-0.2357
0.57672,0.72983,0.36176,0.42251,0.58099,0.18595,0.40773,1.045,1.0754,1.036,0.16918,0.088775
1.0905,1.1899,0.82187,1.0189,0.60394,-0.024377,0.9105,0.79031,0.19886,-0.18366,-0.0036316,-0.6082
1.3698,0.81129,-0.14664,0.54867,0.077455,-0.57349,-0.31156,0.59105,0.55807,0.60051,0.67542,0.32962
-0.045558,0.392,0.061211,0.99186,0.74554,0.083033,0.59892,0.49526,0.63466,0.91193,1.1056,1.208
0.24818,0.77999,-0.26262,0.35073,0.18671,-0.083833,0.72992,0.21127,0.61401,0.7966,1.0228,0.56072
-0.77169,1.7059,0.63658,-0.099119,0.75126,-0.9042,0.77044,0.68253,0.76612,0.32231,0.76319,-0.015248
-2.4244,2.0517,-0.33011,-1.2611,0.59594,-0.6543,0.24728,0.83126,0.91035,0.43217,1.2075,1.0198
-2.6063,2.527,-1.1611,0.088697,0.58125,-0.47035,0.44358,0.74049,0.88625,-0.30326,0.36856,0.16983
-3.2915,2.4449,-0.88692,-0.22995,0.33249,-0.52926,0.62463,0.32146,1.0804,0.021064,0.72966,-0.098389
-4.831,2.7216,-1.7301,-0.71762,-0.70696,-1.1625,0.41366,-0.62705,0.87186,-0.49524,1.4154,0.6395
-3.2877,3.678,-1.5294,0.68768,0.32847,-0.96348,0.60204,-0.087978,1.6641,0.33911,0.81114,0.30483
-3.342,3.9182,-1.9593,0.62712,0.73226,-0.4696,0.95564,0.15221,1.0299,-0.019794,1.1864,0.62475
-3.0699,3.7292,-1.714,0.39459,0.55105,-0.080938,0.77902,0.39064,0.85555,-0.3201,0.92405,-0.57097
-3.0212,4.3312,-2.1359,1.0378,0.92501,-0.95353,0.51185,0.57253,0.48477,-0.39314,1.5381,0.14978
-3.5918,3.9565,-2.4346,0.43056,0.54134,-0.33041,0.20188,-0.082499,-0.096982,-0.44785,1.278,-0.40441
-4.0296,3.1635,-2.7369,0.35695,0.72425,-0.068405,0.6259,1.4723,1.4584,-0.081714,0.77121,0.57162
-4.1663,4.2663,-2.1569,0.47339,1.02,0.30701,0.32936,0.55598,1.1384,-0.072049,0.2854,-0.46707
-3.9,3.5201,-1.9223,0.62271,-0.022166,-0.0054301,0.98242,1.1571,1.0718,0.13904,1.1498,0.24754
-3.8063,3.559,-2.2043,0.45943,-0.24692,-0.72366,-0.12999,0.84897,1.0783,-0.046588,1.5867,0.10514
-4.5625,3.3144,-2.1103,0.80364,-0.023745,0.38845,0.14619,0.089773,0.631,-0.42566,0.50131,-0.38762
-4.1207,4.288,-1.7955,1.0805,0.019253,-0.49688,-0.41575,0.32534,0.79143,0.076996,1.4736,0.13532
-4.8863,3.0709,-2.3626,1.1371,0.39069,-0.43733,-0.32021,0.0059375,0.62395,0.36099,1.3446,0.22583
-2.9275,4.2648,-1.6508,0.39369,-0.78106,-0.20452,0.4979,1.2221,0.83247,-0.18498,0.7054,0.015744
-3.5562,4.0356,-2.5844,0.86906,0.43174,-0.031974,0.41104,0.26538,0.8844,0.144,1.0227,0.40401
-4.5789,3.7376,-2.4712,0.71794,-0.12732,0.51449,-0.020412,0.70474,1.0751,0.14741,0.30747,0.13952
-4.583,3.6892,-2.534,1.1539,0.023147,-0.13863,0.16995,0.53308,1.1275,0.74644,1.9262,0.30774
-4.0827,3.7003,-2.8128,0.03356,-0.45435,0.17635,0.14062,0.44854,1.1603,0.38302,1.2113,-0.52258
-4.8101,3.3812,-2.381,0.9732,-0.22399,0.075756,0.13125,1.1265,1.3667,0.47558,0.75739,-0.30034
-5.278,3.3276,-2.3475,1.1039,-0.40429,0.19324,-0.0051645,0.90951,0.44502,-0.67126,1.07,0.18443
-5.2768,2.7241,-2.4458,1.0608,0.261,0.72956,-0.00081667,-0.04684,-0.63306,-0.48077,0.599,0.10043
-4.8016,2.1447,-2.265,1.4633,-0.046758,-0.0081279,0.2997,0.48395,0.31705,-1.1093,0.68884,0.18703
-4.8359,2.104,-2.6229,0.2458,-0.66422,-0.90893,0.02559,0.24154,1.4174,-0.4856,-0.23462,-0.65848
-2.9289,2.2538,-3.5303,-1.2298,-1.6687,-1.0838,-0.42267,0.22336,0.44822,-0.89075,0.83988,-0.38732
-1.8966,1.8336,-3.2844,-2.218,-0.90731,-0.82647,0.21108,-0.037926,0.37089,-0.22564,0.5718,0.10713
-1.8178,3.0431,-2.1411,-1.7901,-0.43974,-1.6924,0.16186,0.46273,0.7699,0.27119,0.56301,-0.0667
0.27266,3.3217,-0.38987,-0.67434,-0.16437,-0.73316,-0.17473,0.41893,0.7844,-0.29588,0.20356,-0.54242
3.9295,1.8259,-0.48091,-0.65158,-0.06355,-0.98698,-0.56893,-0.52031,0.63575,0.23593,0.39873,-1.0032
4.5747,1.5999,-0.38095,-1.0527,0.16581,-1.358,-1.0547,-0.3873,0.72922,0.58251,0.99744,-1.3311
4.7195,1.3721,-0.27746,-1.2033,-0.24534,-1.013,-1.142,-0.427,0.70135,0.76409,1.2396,-1.4067
3.9565,1.2384,-0.49355,-1.5996,-0.06595,-1.078,-1.2696,-0.28838,0.66491,1.1311,1.3474,-1.5146
4.3205,0.47901,-0.57472,-1.4536,-0.09728,-1.2823,-1.2336,-0.024275,0.53636,0.96054,1.3302,-1.2716
4.305,0.085864,-0.41884,-1.7503,-0.14179,-0.98453,-1.7643,0.21431,0.27146,0.91988,1.2846,-1.2457
5.1677,-0.28376,0.033593,-1.9149,-0.063536,-0.85129,-1.5397,0.072508,0.10009,0.82283,1.1892,-1.1958
5.526,-0.29527,0.0022349,-1.5604,-0.083542,-0.77238,-1.4476,0.32891,-0.34278,0.77563,1.1517,-1.2281
4.9143,0.053024,-0.089494,-1.6821,-0.00052008,-0.49518,-1.076,-0.45535,0.40531,0.30289,1.1714,-1.5829
5.3632,-0.12066,-0.13526,-1.9994,0.45843,-0.28055,-1.2855,-0.73866,0.72048,0.26278,1.0249,-1.5452
6.2195,-0.41708,-0.27531,-1.624,0.52409,-0.16113,-1.5616,-0.56413,0.56115,0.59561,0.73442,-1.363
6.491,-0.20214,-0.44857,-1.5199,0.48869,-0.094309,-1.7197,-0.60294,0.61317,0.76136,0.77675,-1.265
6.1895,0.053113,-0.7984,-1.1957,0.24619,-0.28218,-1.4351,-0.99941,0.81922,0.71281,1.0287,-1.5418
5.8751,0.034491,-0.75952,-1.3556,0.2607,-0.47545,-1.3493,-1.0028,0.92178,0.7033,1.071,-1.558
5.758,-0.33256,-0.23193,-1.9729,0.34028,-0.23645,-1.7747,-0.74495,0.72743,0.98393,0.89968,-1.3933
5.4616,0.16637,-0.42013,-1.672,0.71847,-0.60363,-2.1195,-0.60048,0.79581,0.2834,1.2538,-1.2907
6.1718,1.2074,-0.43575,-0.95264,0.77331,-0.5249,-2.461,-0.99605,0.56668,0.65014,0.56245,-0.72516
6.2192,1.7263,0.19597,-1.0228,-0.031193,-1.0597,-2.4139,-0.42871,0.28726,0.52112,0.21703,-1.3866
6.5416,1.819,-0.78068,-0.94095,0.016048,-1.4649,-2.0543,-0.69119,0.76075,0.44439,-0.36747,-0.32687
4.1667,1.1089,0.35286,0.14929,0.44357,-0.72301,-2.083,-0.32153,0.63975,0.63548,0.66672,-0.79658
5.4043,1.5586,0.76242,0.26348,0.11857,-0.50699,-1.399,-0.23506,0.9174,1.0649,0.54512,-0.63659
5.4456,2.0575,0.46668,0.49844,0.050191,-0.77639,-1.3521,-0.84697,0.38048,0.89661,-0.74286,-0.7578
3.0467,1.3625,0.99812,0.63864,0.44998,-0.46549,-0.87446,0.052599,0.78227,1.5886,0.67603,-0.73879
3.3903,1.0298,0.91093,0.779,0.25592,-0.83241,-1.6059,-0.62454,0.1407,0.48947,0.61934,-0.38481
3.2345,1.3163,0.44344,0.65019,0.46603,-0.28625,-1.1532,-0.68064,-0.32552,0.93414,1.1536,-0.20934
0.96765,1.4558,1.2805,0.10673,0.2063,-1.216,-1.3873,0.26799,0.49802,0.29157,1.7876,-0.038366
2.7586,1.49,0.16157,-0.26305,0.10822,-0.90139,-1.3189,0.012233,-0.40721,-0.26579,0.67056,0.55225
1.8353,1.1352,1.2845,0.98594,0.71527,-0.51897,-0.66392,-0.064125,-0.36971,-0.48511,-0.14128,-0.00014741
1.2465,0.92667,-0.22982,0.24472,1.0792,0.55077,1.1213,0.31888,0.070487,0.34622,0.44041,0.049948
1.6933,1.1935,-0.30547,0.76772,0.46966,0.10011,-0.2133,-0.15226,-1.2021,-0.033199,-0.20404,-0.57255
0.95781,1.3264,0.36648,0.86869,0.54081,-0.48914,0.20471,0.43585,-0.14021,-0.31297,0.33416,-0.45052
1.4074,1.5325,0.63554,0.71794,0.74025,-0.58062,-0.18349,-0.048775,0.12466,0.24022,0.18733,0.33933
1.1364,0.89503,0.30734,-0.052594,0.66122,-0.50489,0.40716,0.7804,0.55467,1.5721,0.59223,0.7256
-0.4788,-0.84169,1.4973,-1.0973,-0.13945,0.24906,0.73228,0.5672,0.24997,0.31042,1.3635,-0.378
-1.0801,-0.26587,1.2707,-1.0484,-1.017,0.16632,0.37452,0.55168,-0.031015,0.43289,1.56,-0.41608
-2.9031,1.0177,1.0059,0.83386,-0.7733,0.16678,0.6635,0.90312,0.88874,-0.20714,0.56533,-1.0448
-3.5997,0.94612,0.34082,-1.9375,-0.19134,0.07904,0.78742,0.49141,0.63587,0.15461,1.4141,-0.33179
-3.1707,0.53027,1.153,-2.0057,-0.8353,-0.47827,-0.05261,0.2507,-0.63206,-0.4004,0.7088,-0.6001
-2.254,0.60181,1.4863,-0.95243,-1.088,0.1295,-0.37699,-0.072899,-0.14448,0.29814,1.1269,0.12677
-3.5041,-0.10862,1.1541,-1.0248,-0.82779,0.55953,0.18102,0.36818,0.041332,0.12792,0.91472,-0.18513
-3.5942,0.65726,1.5658,-0.82132,-1.0121,0.2163,0.53346,0.78767,0.081352,0.23961,1.0478,0.19155
-4.8588,0.76295,1.0403,-0.65024,-0.66029,0.72084,0.82799,0.14118,0.084564,0.17729,0.95692,-1.0094
-3.5202,0.64092,1.8281,-0.47654,-0.023038,0.60494,0.40408,0.98403,0.56151,0.39278,0.42165,-0.12554
-3.5058,1.1825,1.4987,-0.83971,-0.51417,0.39265,0.23793,0.67878,1.0862,0.40432,1.042,0.092977
-4.064,0.28135,0.86797,-0.44954,-1.5099,0.30547,-0.43667,-0.16216,0.685,-0.17916,1.2124,0.26939
-4.5034,0.35199,1.4077,0.10607,-0.37969,0.47848,0.0022115,0.45612,0.45224,-0.43739,1.0114,-0.089584
-4.1732,0.38523,1.6647,0.084402,-0.16819,1.014,0.31427,-0.1723,0.73481,0.098315,0.69232,-0.6299
-3.7763,-0.75222,1.2168,-0.21106,-0.27528,0.1583,-0.027267,0.84463,0.55149,0.12863,0.76974,-0.15295
-3.2711,-0.074029,1.004,-0.77095,-1.3118,-0.39822,-0.11104,1.0701,0.78942,-0.3247,0.93259,-0.14606
-3.5559,-0.35339,0.82428,-0.22763,-0.78621,0.072573,-0.064749,0.093569,0.40104,0.15335,1.3746,0.035889
-3.3224,0.11715,1.09,-1.0845,-1.3747,-0.046081,0.36891,-0.069336,0.58702,0.17251,1.3319,-0.13659
-2.8662,0.69641,0.63696,-0.95563,-1.9445,-0.80973,0.10144,0.12595,0.78941,-0.84821,0.95479,-0.43992
-2.0678,0.21238,1.0385,-0.57453,-0.094422,-0.35519,0.42483,0.81953,1.033,-0.060457,1.0828,-0.25968
-1.6779,0.41815,1.0182,-0.569,0.14139,0.56418,0.15442,0.96819,1.4089,0.61627,0.8513,0.1357
-1.2268,0.19906,0.64891,-0.75967,-0.37681,-0.29711,0.40921,0.92353,1.2617,-0.32657,0.91447,0.43112
0.053449,0.35373,1.1921,0.098858,0.03173,0.2333,0.26804,0.43614,0.17983,-0.39954,0.016955,0.51738
0.36643,0.35246,0.031438,0.18984,0.35622,0.56952,0.40717,0.1998,0.6303,0.44747,0.057069,0.24766
0.56983,-0.35663,-0.14614,-0.39438,-0.063245,0.51097,0.41302,1.2521,0.6332,-0.13407,0.34251,0.13904
0.86312,-0.1015,-0.18396,-0.39558,-0.30519,-0.038737,0.80974,1.24,0.79887,-0.87123,0.3204,0.34817
0.84629,-0.22728,-0.19461,-0.38018,-0.08335,-0.34055,0.17365,1.1007,0.47882,-0.21136,0.22289,0.41364
0.88627,0.33952,-0.15999,-0.19629,-0.053303,-0.66939,0.31597,1.1693,0.20191,-0.19387,0.21116,0.44796
1.1864,0.21525,-0.78766,0.20331,0.47409,-0.10487,-0.39548,0.66469,0.54834,0.10121,0.077015,0.40253
1.751,0.87526,-0.57565,0.017293,0.067085,-0.45159,-0.13083,0.6965,0.70092,0.50412,0.36311,0.11078
0.93874,-0.13529,0.27965,0.11703,0.019455,0.33378,-0.097092,1.0453,0.69064,-0.28523,0.24311,0.62218
0.4869,-0.17612,-0.2701,-0.1059,-0.35737,-0.51367,0.69232,0.93653,0.6785,0.52543,0.42035,0.31775
1.9061,0.75508,0.53053,-0.66674,-0.39596,-0.41559,0.041368,1.3674,0.42868,0.61783,-0.045421,0.015228
1.1083,1.0921,0.31217,0.011172,0.092339,-0.748,-0.52742,0.94302,0.47857,0.35333,-0.032705,0.12004
1.1983,0.70717,0.2896,0.10287,-0.35835,-0.60256,-0.03544,1.2402,1.1401,0.4005,0.14372,0.18428
1.0611,0.018142,-0.52778,0.22762,0.14094,-0.76408,-0.61115,0.46515,0.073088,0.12274,0.60466,1.0888
1.1467,0.52552,-0.45715,-0.11237,0.19493,0.19344,-0.015216,0.85457,-0.05658,0.44569,-0.25527,0.2299
0.84796,1.6242,0.17611,0.11492,0.61561,0.35183,1.0688,0.51655,0.35759,0.066062,-0.872,-0.37332
0.5732,1.2987,0.079352,0.091116,-0.060588,-0.040747,0.31154,0.99097,0.58702,0.090566,-0.14064,-0.38477
0.20923,0.67784,-0.80943,-1.2005,-0.85489,0.2492,0.51115,0.56196,0.43645,0.42178,0.42568,0.31788
0.84485,0.50269,0.0084799,-0.47532,0.028172,0.10146,0.36939,1.1018,0.83727,0.98076,0.25466,-0.37289
0.084745,0.58397,0.24075,0.18719,-0.12339,0.060729,0.31395,0.89482,0.34749,0.78056,0.79576,0.45079
0.79152,0.94599,0.71638,0.64298,1.0947,0.61875,0.1747,-0.016872,-0.30909,-0.38471,-0.61311,-0.040886
1.9252,1.3196,-0.81842,0.34937,1.4319,0.38082,-0.41701,0.23213,0.38128,0.15271,-0.18093,0.51401
1.2573,1.5542,0.048418,0.17927,-0.14342,-0.37928,-0.037119,0.046748,-0.011789,0.34911,0.38508,0.32951
1.71,1.3208,0.16928,0.62804,0.086445,0.035949,-0.84078,0.1723,0.21338,0.086533,-0.095226,-0.2507
1.8389,1.1947,0.11008,0.54843,0.95074,-0.048971,-0.31206,0.25441,0.42658,-0.47762,-0.67637,0.17128
1.2678,1.1293,0.17388,0.54134,-0.12505,-0.57074,0.51078,0.81589,0.2196,0.2849,-0.58519,-0.83517
1.9474,0.4285,0.093854,-0.0047063,0.67667,-0.33486,-0.5885,0.45695,0.45159,0.54616,-0.34513,-0.35728
1.3772,0.82485,0.43967,0.20802,1.198,-0.45841,-0.099754,-0.18175,0.53503,0.55491,0.2329,-0.031691
1.068,1.1204,0.20992,0.49189,0.58146,-0.63781,-0.30855,1.3074,0.63012,-0.084689,-0.81053,-0.41302
1.2154,1.1547,-0.35228,0.21615,1.1212,-0.27231,-0.93984,-0.26624,-0.078323,0.34969,-0.16977,-0.10038
1.3722,0.78151,0.096046,-0.30076,0.30889,-0.28997,0.13218,0.67185,0.61064,0.62317,0.16474,-0.057736
0.32565,1.0944,-0.05076,0.22833,0.56085,-0.45108,-0.39028,0.3705,0.359,-0.16339,-0.058688,0.5551
1.4054,0.98717,0.20683,0.56551,0.37077,-0.40171,-0.44541,0.12035,0.41583,0.45007,0.073481,0.14508
0.85502,0.84136,0.047077,0.63997,0.82884,0.17762,-0.24916,0.6784,0.50351,0.51019,0.58951,-0.10577
2.4415,2.2904,0.86278,0.98549,0.55959,-0.18724,-0.11495,-0.37709,-0.71333,0.096621,-0.62678,-0.16011
1.5738,1.7868,0.48718,-0.05576,0.42287,-0.50105,-0.36632,0.25937,-0.11157,0.16506,-0.21124,-0.064633
0.78106,1.5386,0.16568,0.47012,0.50089,0.058851,-0.56801,0.52533,0.054843,0.454,0.42462,-0.076586
0.82213,1.2114,-0.81609,-0.11486,0.39595,-0.14905,0.63411,0.53245,0.12508,-0.27832,0.15315,0.082872
1.0525,1.1308,0.21173,0.42336,0.11047,-0.42373,0.43736,0.63154,0.2193,0.42871,0.32311,0.16519
1.0638,1.107,0.33435,0.4558,0.27871,-0.074869,-0.27921,0.16383,-0.15541,0.13517,-0.22977,-0.47512
0.36005,1.3593,0.37734,1.0051,0.68285,-0.44732,0.16256,0.5132,0.75121,1.1135,-0.15688,-0.31331
0.90528,0.28457,0.15394,0.29407,0.34618,0.57796,0.5706,1.0399,0.284,0.18968,0.065988,0.6104
0.029694,0.67106,-0.63685,-0.17004,-0.082469,-0.3281,-0.36452,0.54222,0.33821,0.22598,-0.37158,0.43723
-0.38558,0.78782,0.38845,0.16138,0.21189,1.091,1.5309,1.4963,0.84247,1.0103,0.18993,-0.32051
0.73704,0.58477,-0.13545,0.81251,0.27531,-0.1245,0.58865,0.014594,-0.16685,-0.010023,0.0021092,-0.10824
0.90977,1.3052,0.14191,0.88952,0.11992,-0.26118,0.7965,0.57939,0.25317,0.67808,0.7673,0.61494
0.59725,1.7268,0.1715,0.21339,0.20676,0.37793,1.061,0.72519,-0.082428,-0.2584,0.18138,-0.11797
0.96487,1.0837,0.43238,0.61582,-0.35216,-0.19671,0.39278,1.0365,0.23503,-0.57608,-0.83771,-0.14208
0.78779,1.1754,0.60944,0.76631,0.3413,0.26684,0.77238,0.77275,0.75502,0.35415,0.20985,-0.05386
0.61194,2.4501,0.23404,0.13767,0.54452,0.32285,0.14108,0.019358,0.19687,0.72378,0.23407,-0.25551
0.44171,1.1968,0.5607,0.82975,0.22094,0.3193,0.76976,0.77684,0.75204,0.48907,0.33577,0.34683
0.97611,0.95591,0.6361,1.6582,0.95803,0.83631,1.0077,0.74336,0.13058,0.102,-0.54924,-0.23523
1.6338,1.7649,0.15974,0.52633,0.54925,0.084008,0.40783,-0.089067,0.32008,0.74035,-0.10704,-0.076139
1.4524,2.0785,0.87564,1.1964,1.2982,0.59068,0.8721,1.308,0.16141,0.34013,-0.19375,-0.41719
3.2912,3.4317,1.9478,0.96121,0.8122,0.542,0.30503,0.32441,-0.42754,-0.21484,0.036896,-0.34566
4.6585,3.402,1.7199,1.3363,0.82597,0.032765,-0.19142,-0.055352,-0.27046,0.40275,-0.19493,-0.5727
4.3375,3.7644,2.0141,1.2948,0.56236,-0.18284,-0.13841,0.7965,0.43358,0.29092,-0.34586,-1.0114
4.7854,3.8733,2.0761,1.5443,0.29333,-0.59021,-0.38565,-0.14926,0.033016,0.035224,0.025156,-0.76392
5.5209,3.5472,2.1054,1.479,0.0050527,-0.53362,0.16255,0.26176,0.05591,1.0124,-0.32679,-0.93319
4.5486,4.2222,1.9685,0.72995,-0.041561,-0.13702,-0.25476,0.45976,0.30747,-0.44923,-0.74561,-0.23364
5.5712,3.2309,1.7045,1.0548,0.40499,-0.4008,-0.69175,0.27991,0.29946,0.71915,-0.44857,-0.74545
4.7276,3.2219,1.5355,1.3494,0.42767,-0.0057372,-0.19378,-0.0012125,-0.0011194,0.25975,-0.33154,-0.45116
6.6236,3.2343,1.2782,1.3411,0.4998,-0.51813,-0.96144,0.216,0.90447,0.13174,-0.84738,-0.81726
4.7229,2.8704,1.5411,1.3471,0.43466,-0.297,-0.011116,0.32442,0.65331,0.68451,-0.28712,-0.58283
5.7326,2.5735,1.6034,1.2993,0.23809,-0.15809,-0.22332,-0.058961,0.40862,0.56774,-0.3953,-0.41439
5.4777,2.6255,1.5446,2.0537,0.14812,-0.33108,-0.085162,-0.030625,0.48418,0.8309,-0.21367,-0.92413
5.6391,2.3901,1.545,1.9716,0.5443,-1.1478,-0.21482,-0.02147,0.75147,1.1911,-0.66763,-0.65996
5.8766,2.1002,1.7602,2.0096,0.22905,-0.85295,-0.06681,0.090181,0.37913,1.0646,-0.49642,-0.90696
5.4877,2.4451,1.871,2.1383,0.28622,-0.7902,-0.70841,-0.27373,0.51426,0.56755,-0.2237,-0.501
6.4361,2.3514,1.1476,1.9694,0.22772,-0.6697,-0.17108,-0.18582,0.11949,0.58498,-0.46302,-0.43708
5.498,1.2945,2.2706,-5.8248e-05,0.71127,0.64752,-1.4481,-0.90712,0.0094454,-0.89369,-0.30503,-0.44632
6.984,1.3654,0.61557,-0.10628,0.06854,-0.23142,-1.4256,-0.15439,0.63053,-0.065225,0.093889,-0.58352
6.9529,1.5151,0.34219,0.228,-0.2505,-0.66636,-1.3966,-0.21902,0.84839,0.26735,-0.086154,-0.13544
7.0117,1.2646,0.19108,0.053136,-0.21753,-0.69367,-1.6773,-0.13831,1.2262,0.36494,-0.1032,-0.19449
7.0411,0.75444,-0.12894,-0.17148,-0.51418,-0.39041,-1.5822,-0.49197,1.3136,0.3946,0.18826,-0.75368
7.0635,0.37465,-0.4108,-0.031012,-0.52908,-0.6551,-1.1539,-0.47726,1.1721,0.54129,0.12073,-0.53331
6.9314,0.77271,-0.73461,-0.1865,-0.52419,-0.018222,-1.4969,-0.12972,0.7378,0.68833,0.077241,-0.56152
6.9332,0.69793,-0.87738,-0.00093155,-0.77161,-0.072876,-1.1725,-0.18881,0.45598,0.7785,0.1487,-0.4738
7.6934,0.66472,-0.73726,0.2036,-1.167,0.0078383,-1.1675,-0.47477,0.51105,0.94389,0.42642,-0.41963
7.4088,0.76122,-0.91717,0.18592,-1.4447,0.013833,-1.1429,-0.74116,0.66696,1.1901,0.56558,-0.52651
7.328,0.21334,-0.96379,0.002836,-1.4614,-0.0044379,-1.1303,-0.69099,1.0832,1.3286,0.72155,-0.5045
6.9325,0.16228,-1.2366,-0.18421,-1.4029,-0.010066,-1.1095,-0.84986,0.75523,1.4352,0.75714,-0.65034
6.4816,-0.29482,-0.26316,-0.77614,-1.1304,0.13373,-1.608,-0.33767,0.53458,1.2605,0.45452,-0.21798
5.7423,0.40651,-0.27692,-1.1078,-0.6441,-0.29304,-1.1215,-0.6335,0.61834,0.88925,0.80084,-0.43837
5.8384,0.77461,0.12059,-1.1179,-0.65909,-0.297,-0.63548,-0.70718,0.45616,0.87315,0.6937,-0.57562
6.445,1.4233,0.19043,-0.9034,-0.72207,-0.60698,-0.33141,-0.85759,0.12472,0.80982,0.95024,-0.47604
6.1009,1.4219,0.069321,-0.43533,-0.32499,-0.84355,-0.75454,-0.94368,0.3762,1.4902,0.76433,-0.54609
6.2024,2.0219,-0.20437,-0.64328,-0.32831,-0.65536,-0.75518,-0.47425,0.47608,1.5219,1.0481,-0.37413
5.5639,1.8295,-0.21248,0.23102,0.048062,-0.58729,-0.58627,-0.80964,0.81343,1.697,0.9515,-0.21466
5.0062,2.2194,0.22757,0.17282,-0.16521,-0.24874,-0.52384,-0.35358,0.39779,1.0798,0.30842,-0.19959
3.5633,2.1033,0.66499,-0.36147,0.21739,0.18362,-1.2703,-1.2059,0.092187,0.88697,0.59078,-0.13201
2.6304,2.4125,0.84898,0.11275,0.21755,-0.41528,-1.5673,-0.27522,0.13555,0.21462,1.2341,0.023466
1.7452,2.2404,0.39412,0.16493,0.082016,-0.46269,-1.3631,0.054124,0.050915,0.19289,0.90103,0.071838
0.63901,2.0578,1.1167,0.74825,0.33871,-0.06123,-0.7868,-0.14912,0.36025,0.64694,0.66958,0.12702
0.078439,1.6963,-0.51702,-0.0090173,0.092297,0.17224,-0.56996,-0.071611,1.0037,1.1127,0.96549,-0.23557
-0.43544,1.4977,0.71428,0.27183,0.75302,0.44346,-0.22622,0.54014,1.1762,0.38145,0.86614,0.33645
-0.70923,1.4681,1.0535,0.17816,0.1764,-0.42775,-0.89966,0.25925,0.71112,0.76065,1.0607,0.13905
-0.17237,0.51789,0.58459,1.0942,0.2131,0.43927,0.22568,0.10484,0.61538,-0.58902,0.18221,0.17044
-0.7323,1.0024,0.062778,0.28397,0.34193,0.31417,-0.55861,0.55539,0.38836,-0.16488,0.52867,-0.39558
-0.99734,0.88372,0.43615,0.43764,1.361,0.35882,-0.31658,0.58578,0.71602,0.34929,0.52403,-0.086522
-1.4084,0.78177,0.50055,0.71185,1.1363,0.90755,0.2976,0.43634,0.20745,-0.52702,0.72948,-0.097356
-1.0407,0.3506,0.52962,0.96714,0.25815,0.50987,0.4082,-0.083002,0.098573,0.45094,0.32065,-0.11969
-1.5604,0.36243,0.71265,-0.12224,-0.15443,0.59927,-0.12948,0.34667,0.2912,0.92242,1.2001,-0.21896
-2.5328,-0.57113,-0.82143,-0.68903,-0.044913,1.4528,1.0124,1.08,0.3763,0.3349,0.64116,-0.15843
-1.3525,-0.12164,-0.37824,-0.36774,-0.47711,0.62748,0.25721,1.0101,1.2543,0.56277,0.32385,0.39926
-2.1283,0.032545,0.19845,0.099393,0.34682,0.20702,0.21454,0.6694,0.68529,-0.11623,-0.13148,-0.232
-1.9355,-0.050782,-0.51051,-0.34041,0.31126,0.54741,-0.073275,0.32305,0.62011,-0.47646,0.051686,-0.68271
-1.8587,-0.16285,-0.52332,-0.73049,-0.48365,0.50006,-0.33345,0.32345,1.3428,0.27683,0.76138,-0.039729
-1.371,-0.46088,-1.0594,-0.74929,-0.15447,0.63673,0.55872,0.41401,0.57242,0.54548,0.71164,-0.62882
-1.7879,-0.5263,-1.4123,-0.84667,0.017055,0.10089,-0.28604,0.53736,1.1263,0.74769,0.75195,-0.00044304
-1.1923,-0.041032,-1.4707,-0.78797,0.21908,0.8489,0.0095141,0.031734,1.2552,0.91913,0.84986,0.32619
-1.8209,-1.492,-2.0787,-1.2873,-0.42043,0.45249,-0.02815,0.18191,1.4192,0.98908,0.79394,-0.1928
-0.088563,-0.2275,0.028911,-1.1129,-0.93505,0.30593,0.88271,0.77982,0.7923,-0.11663,0.81933,0.10663
-0.51302,0.098937,-0.43227,-0.86318,-0.134,0.098035,0.23027,0.66946,0.84193,0.71053,0.46309,-0.19665
-0.15071,-0.31825,-0.54416,-1.076,-0.44882,0.19293,-0.10133,0.63862,1.1863,0.83991,0.63922,-0.13182
0.60322,-0.47359,-0.97488,-0.98765,-0.39436,-0.1927,-0.24362,0.75148,1.1361,0.45866,-0.10663,0.12504
0.35862,0.25859,0.08942,-0.5127,0.2915,0.65365,0.14557,0.55894,0.81387,0.43014,0.47702,0.24212
-0.4314,-1.2227,-0.98814,-0.022145,0.2509,0.52039,0.31805,0.97442,0.8824,-0.2187,0.20467,-0.90378
0.37963,-0.75617,-0.71101,0.13718,0.4778,0.89506,0.2808,0.61506,0.86955,0.4566,0.95133,0.3748
0.74675,-0.22433,-0.65068,-0.62061,0.10764,-0.089603,0.32754,0.62554,1.0527,1.0883,0.71628,0.30322
1.7416,-0.21696,-1.1254,-1.0881,-0.71743,-0.84834,-0.089643,0.51044,0.61439,0.46957,-0.17851,-0.18781
1.2752,-0.29308,-1.2357,-0.99096,-0.59625,-0.089856,-0.32466,0.1706,0.80408,0.68972,0.85437,0.22498
1.3244,-0.0099454,-1.1381,-0.40055,0.14331,-0.15541,-0.52113,0.21491,1.4136,1.0328,0.25355,-0.19712
1.4733,0.60801,-0.60556,0.06565,0.31415,0.22772,-0.017752,1.0276,0.8634,1.1945,0.28567,0.016683
1.8955,0.73346,-0.54108,0.29959,0.34794,0.15166,0.083073,0.66257,0.75753,0.83628,-0.41833,-0.31666
1.7057,-0.10946,-0.21123,0.46715,-0.045074,0.18346,-0.16165,0.56294,0.19138,1.1129,0.3694,-0.2899
1.3714,0.77937,-0.52741,0.96613,1.2641,0.1039,0.0070592,0.35338,0.61362,0.19401,-0.25264,-0.86039
2.0217,1.704,0.33298,0.39044,0.15299,-0.70689,-0.48319,-0.030239,0.20916,0.842,-0.094885,-0.68744
2.5422,1.5072,0.45477,0.61168,-0.10238,-0.4749,-1.0615,-0.081188,-0.20744,0.79377,0.31247,-0.24798
2.69,1.8505,-0.039756,-0.02474,-0.73185,-0.47096,-0.73813,-0.10056,0.33945,0.41145,-0.44539,-0.1311
2.0841,1.5621,0.34937,0.068133,-0.047467,-0.46613,-0.64391,-0.66196,-0.088481,0.65569,0.40713,0.16196
1.557,1.6269,0.29721,0.62284,-0.75237,-0.70302,0.29317,0.28822,-0.042396,0.29071,0.29106,0.025883
0.74693,0.8211,0.65397,0.55191,0.096482,0.075887,-0.19166,0.5454,0.098469,0.20762,0.10831,0.13734
0.50709,1.6517,0.37106,-0.034128,-0.39178,0.065392,0.36864,0.34621,0.035152,-0.17626,-0.14984,-0.096161
1.3225,0.93894,0.71486,0.73363,0.30834,-0.10783,-0.18434,1.2148,0.38958,0.56316,-0.10477,0.33281
1.0358,1.0036,0.39173,0.71572,0.47707,0.63626,-0.63384,0.2942,0.067309,0.16134,-0.075554,0.67367
0.98932,0.48702,-0.54859,-0.4356,0.39139,-0.33793,-0.042469,0.18501,0.35162,0.73247,0.68044,0.17071
0.47577,1.1628,0.83845,0.55975,0.81231,0.37795,0.19189,0.65658,-0.22568,-0.3047,0.35227,0.388
0.55378,1.0386,-0.045489,0.59372,0.073128,-0.46509,0.47254,0.31068,-0.030025,0.092847,-0.037442,-0.13735
0.24798,0.7021,-0.26559,-0.1658,0.27446,0.052386,0.11133,0.64022,0.51182,-0.0076767,-0.29863,-0.6242
0.72451,0.91898,0.24754,0.18561,0.10759,0.096487,-0.092292,0.83838,0.71363,-0.18426,0.49454,0.20163
0.41348,1.1387,0.3639,0.56209,-0.19676,0.52963,0.94752,0.51627,-0.11599,0.38362,-0.019243,0.10016
0.769,1.808,0.62844,-0.083327,-0.0088814,-0.062093,0.74299,1.0913,0.18316,-0.29742,0.4475,1.26
0.39344,1.0314,-0.045412,0.59402,0.3565,0.17722,0.21671,1.4469,0.30018,-0.38043,0.018379,0.52421
0.25177,0.43634,-0.23172,0.37377,-0.077454,0.056891,0.91372,1.192,1.252,1.0729,0.73865,0.50349
-0.017317,0.84617,-0.24412,0.23204,0.52634,-0.21835,0.06853,0.36773,-0.0026148,0.56129,0.12353,0.71847
0.68842,1.1657,0.040588,1.0163,0.72303,0.037267,0.4157,0.94117,0.099013,0.4579,0.13746,0.30598
0.50843,0.59405,-0.054065,0.0086584,0.17138,-0.23298,0.035071,0.77589,0.078596,-0.20202,-0.18504,0.266
0.11943,0.36528,0.64425,0.9947,-0.088372,-0.35852,0.44175,-0.081774,0.20179,0.37857,0.86274,1.0021
0.79914,0.95314,-0.66177,0.30401,-0.33223,-1.0758,-0.34432,0.4204,0.42881,0.29529,0.42447,0.74808
0.0018574,1.0282,0.11652,0.0698,-0.104,-0.57522,-0.36259,0.22343,0.11163,0.76454,0.77103,0.51159
0.86085,0.86074,0.25034,0.46741,0.76637,-0.1238,-0.3498,0.47238,0.22047,0.58207,0.20512,0.47263
0.34736,0.67566,-0.22179,0.61941,1.0063,0.4446,0.14339,0.17873,0.45136,0.47647,0.3711,0.19356
0.96645,1.3827,0.70065,0.46717,0.26181,0.13763,0.505,0.030014,0.10601,0.2741,0.3232,0.21117
0.81325,1.3141,-0.28491,0.30842,0.63891,-0.043162,0.078876,0.55747,0.16788,0.40388,0.22211,-0.030125
0.11982,0.029835,0.096185,0.5702,-0.021415,-0.3567,-0.062337,0.11837,0.63712,0.46809,-0.15313,0.61444
1.0906,1.6162,0.09428,0.37454,0.27555,-0.45845,0.19063,0.89443,0.035089,1.0687,0.13062,0.13777
0.39229,0.78167,-0.0034362,0.48044,0.73115,0.31388,0.57599,1.0116,0.32454,-0.24876,0.23289,0.043784
1.8729,1.5811,0.85524,0.65755,-0.061685,-0.54343,0.11619,0.56128,-0.48539,-0.60952,-0.50312,-0.29882
3.0246,2.606,1.0518,1.6376,0.041805,-1.1091,-0.58782,0.23259,0.14098,0.3003,-0.2072,0.056672
1.4793,0.68292,0.6107,0.63479,0.59106,-0.56969,-0.48493,-0.33592,-0.65932,-0.75636,-0.79962,-0.76817
1.5441,1.1655,0.27142,0.88581,0.70902,0.20357,0.5777,0.51951,0.026221,0.1406,-0.10433,-0.04117
0.66808,0.92177,0.52647,1.076,1.2648,0.35712,0.54083,1.1802,0.17234,-0.17808,0.29519,0.30172
3.5316,2.779,1.459,1.3226,0.75863,0.061044,-0.24037,0.75692,-0.19128,-0.38739,-0.031057,0.49095
4.0785,2.8452,0.96754,1.5265,0.9787,-0.14984,-0.1387,0.26718,0.12864,0.024102,-0.03622,-0.37557
4.1033,3.5959,1.993,1.6719,0.21628,-0.77622,0.021566,0.7533,-0.13966,-0.27133,-0.5241,0.21351
3.9011,2.8788,1.3557,1.7915,0.31683,-0.89455,0.13475,0.88557,-0.031743,-0.68357,0.20114,0.15162
1.9788,1.1507,0.56695,0.20501,-0.056306,-0.34107,-0.22711,0.32428,-0.52994,-0.39039,-0.51143,-0.69527
2.6307,1.7262,0.88607,1.1455,0.50392,-0.56675,-0.2938,0.73216,0.10452,-0.59952,-0.054667,0.0048847
2.3347,2.0917,0.88847,1.6338,0.93619,-0.71023,-0.56562,0.63362,-0.041861,-0.42778,-0.92394,-0.16183
2.9481,2.0654,0.90363,0.77896,0.58082,0.57903,-0.14296,0.6571,-0.18181,-0.28928,-0.6212,-0.50176
3.9776,2.9363,1.3327,1.4592,0.43749,-0.086126,0.040395,0.82791,-0.099076,-0.30838,0.10697,-0.1779
4.8352,3.031,2.4008,1.9465,-0.2836,-0.64334,-0.56492,0.51664,-0.094296,-0.50733,-0.013836,0.10246
2.9297,1.9028,1.1168,1.5485,0.50074,-0.20488,0.25651,1.623,0.8864,-0.50878,-0.48651,0.25459
4.8819,2.3044,0.86615,1.4213,0.78343,-0.71543,-0.34566,1.007,-0.23631,-0.68202,-0.8575,-0.51146
4.3366,2.4443,1.5936,1.8967,0.62175,-0.46211,0.36448,1.1208,0.21773,-0.49492,-0.32998,-0.5513
4.9551,2.3235,2.0942,1.04,0.054185,-0.49495,-0.83312,0.12013,-0.10913,-0.18389,0.28503,0.10889
4.1615,2.9691,2.5683,2.0347,0.28565,-0.81801,0.40889,0.73098,-0.11362,0.11818,0.083314,-0.44002
4.9707,2.0108,1.9064,1.7143,0.11324,-0.48001,-0.0076432,1.1252,-0.10228,-0.094573,-0.38354,-0.0523
5.633,2.0011,1.8083,1.9807,-0.26572,-0.60828,-0.3784,0.64953,-0.24594,-0.42208,-0.23557,0.29255
5.1701,2.1009,1.8651,2.7409,0.34428,-1.4576,-0.44681,1.0552,0.27288,-0.45886,-0.54511,0.28631
5.1382,1.9311,2.35,2.2727,-0.16742,-0.73354,-0.34169,0.93664,0.22458,-0.79126,-0.23481,-0.14684
4.6659,1.8628,2.5815,2.4468,0.064522,-0.69681,-0.35805,0.76101,0.30486,-0.0068848,-0.14584,-0.30419
4.6876,1.3123,2.2226,2.3655,0.0049491,-0.77588,-0.17029,0.92917,0.33747,-0.10127,-0.32493,-0.075848
4.7225,1.404,2.2955,2.2617,-0.31298,-1.3333,0.39484,1.4992,0.35272,-0.22221,-0.28351,0.29701
5.4982,1.168,2.2735,2.9205,-0.8142,-1.3755,-0.132,1.3492,0.15877,-0.21579,-0.23593,0.13217
5.0057,1.478,2.5872,2.4477,-0.45307,-1.5633,0.039507,1.4388,-0.22166,-0.42595,0.20375,0.39731
4.552,1.1657,2.7637,1.6682,-0.60346,-0.42796,-0.067831,0.54797,0.5637,-0.15287,-0.01561,0.22695
3.6504,1.0055,3.1579,2.1507,-1.0771,-0.65048,0.082395,0.59385,0.13088,0.016404,0.82619,0.03682
3.5001,0.8997,3.5775,1.8054,-0.87663,-0.20132,0.4602,0.065679,-0.052015,0.21877,0.36877,0.32465
3.5447,0.84772,3.5325,1.7247,-1.2507,-0.16027,0.030311,0.029445,-0.073135,-0.20533,-0.16413,0.0037811
3.6501,1.4343,4.1015,1.107,-1.8631,-0.13633,-0.22089,0.34273,0.40256,-0.33873,-0.68179,-0.00017721
3.1943,1.0677,3.974,0.59727,-1.07,-0.28546,-0.35255,0.16622,0.32129,-0.48838,-0.1975,-0.20966
2.6176,1.7679,3.7149,0.57419,-0.83176,-0.44693,-0.73346,0.80633,0.82074,-0.90595,-0.063798,-0.45911
2.4112,1.9378,3.7887,0.46967,-0.67324,0.21519,-0.55866,0.64286,0.31961,-0.58464,-0.095275,0.018305
1.5119,2.4735,4.1008,0.22915,-0.98671,0.037124,0.19442,0.67472,0.0087496,-0.96716,-0.41945,0.072736
1.6452,2.6665,3.3309,0.31272,-0.64035,-0.21551,0.067649,0.92234,-0.096193,-0.4843,-0.22398,0.43793
-0.41999,2.9358,2.7632,0.49124,1.0684,-0.16797,-0.24805,0.9279,0.69593,0.11945,0.29334,0.13906
0.92769,4.5289,2.4636,0.91406,0.81772,-0.50691,-0.033278,0.004855,0.55508,0.18842,0.4106,-0.051817
2.5301,2.83,2.0777,1.7112,0.41727,-0.24342,-0.59916,-0.28328,-0.60881,-0.39356,-0.7337,0.27587
1.7984,2.465,2.1506,1.0391,0.64351,-0.066285,0.15395,0.21199,-0.1128,0.26893,-0.49969,0.04679
-0.13023,3.244,-0.21484,1.8278,-0.47523,0.0062082,0.36401,0.22373,0.69857,-0.15239,0.20814,-0.44067
0.96731,2.5628,1.3698,1.5376,0.34413,-0.031856,0.3358,0.81397,-0.21695,-0.23754,-0.41073,-0.18396
1.877,2.2466,1.6376,0.80752,0.13611,0.49876,0.17663,0.65039,-0.42327,-0.52069,-0.5689,0.35976
1.3321,1.6202,0.72295,1.7388,1.4756,0.2023,-0.0034786,0.71096,-0.070757,-0.32733,0.035294,0.21956
1.3583,2.0422,1.1871,1.0269,0.77287,0.72195,0.34679,1.1438,0.17872,-0.09467,0.10817,0.15595
1.0969,1.3424,0.28654,0.60012,0.78657,0.10986,0.0031673,1.1129,-0.3175,-0.15981,-0.24917,-0.13387
1.1891,1.5899,0.75463,1.6826,0.6386,-0.051066,0.80898,0.83393,0.11721,0.51697,0.75423,0.18945
1.1891,0.90701,-0.57229,0.44075,0.62443,-0.43304,-0.38326,0.38289,0.12503,-0.47259,-0.3671,-0.16786
0.63002,0.95471,0.3549,0.92769,0.95701,0.4354,1.0878,0.94885,-0.085284,0.40938,0.024825,-0.13042
0.83448,1.3247,0.28387,-0.15046,0.50352,0.1375,0.11331,1.2104,0.86711,0.18009,-0.065924,0.029515
-1.9452,1.571,-0.70729,0.134,-0.26525,0.35083,0.20884,0.34982,0.52561,-0.09096,0.46287,-0.61113
-1.8968,2.2422,-1.7179,0.95629,-0.57316,0.34942,0.53562,0.94052,1.0901,0.3061,0.21256,-0.52347
-2.5217,4.6341,-1.4029,1.5741,0.65673,0.073803,0.28486,0.41339,0.73862,-0.59923,0.48992,-0.070178
-4.1563,4.2758,-1.908,1.4441,0.55247,0.31578,0.91199,0.41277,0.53172,0.15475,0.48746,-0.40012
-5.5261,4.0457,-2.4742,1.0974,0.17186,0.20383,1.4156,0.80257,1.205,-0.15025,0.47977,-0.53849
-4.7591,4.3544,-2.6009,1.2011,0.48514,0.18537,0.26899,-0.60188,0.70125,-0.6095,0.89565,0.53507
-4.8473,4.5206,-1.8601,-0.38718,-0.25352,-0.41875,0.17614,-0.54794,1.003,-0.61518,0.7343,-0.040558
-4.3963,4.3553,-2.0861,0.15139,0.36162,-0.012138,0.30138,-0.44867,0.94746,-0.14602,0.9581,0.58291
-3.1763,3.3935,-1.5336,-0.85756,-1.0685,-0.85794,1.2009,-0.21704,1.0567,-0.19212,0.83654,0.35
-3.6542,2.7586,-1.8254,-0.85671,0.27766,-0.25424,0.55043,0.049836,1.2631,0.13812,1.0593,0.33612
-4.1701,3.3266,-0.67778,-0.62606,-0.071821,-0.83953,0.75122,0.43783,0.948,-0.57637,0.41171,0.0094365
-3.109,3.2262,-1.0841,-1.1429,-0.62013,-0.92378,0.9653,0.29238,0.57197,0.18764,0.78187,-0.10062
-2.8126,2.7237,-1.1225,-0.94824,-0.16312,-1.667,0.48222,0.2174,1.0102,0.89913,1.1221,0.31686
-3.5187,3.1919,-0.99251,-1.0045,0.016592,-0.58748,1.1861,1.1225,0.94342,0.51599,0.79339,0.2697
-3.2458,2.6904,-0.50917,-1.1965,-0.10575,-1.2651,-0.39764,1.3294,2.1153,0.61729,0.849,0.61685
-3.5606,2.0177,-0.51263,-1.8113,0.34679,-0.40796,0.55083,1.0853,0.5818,0.27978,0.88304,0.4874
-2.7866,1.7865,-1.4985,-1.6502,0.32859,-0.74195,0.48006,0.74262,0.68062,0.34016,0.43956,0.90401
-1.4124,1.8282,-0.32488,-1.8116,0.41744,-0.18617,0.53746,0.59561,0.43988,-0.6835,-0.066676,0.22086
-0.90563,2.8405,-0.2472,-1.5823,0.44156,-0.69102,-0.062515,-0.2561,0.69729,0.79699,0.86465,0.30145
-0.8355,1.4809,0.02246,-1.1053,0.5611,-0.26752,0.29997,0.5332,1.2039,0.74505,0.4168,0.010986
-1.5833,0.83442,-0.93142,-1.1901,0.74542,-0.41063,-0.051811,0.61505,0.7651,0.75314,0.45109,0.44297
-0.54712,2.3082,0.67651,-1.4465,0.034485,-0.44172,0.40365,1.5294,0.49078,0.81335,0.91333,0.77636
-0.48823,0.40951,-0.53001,-1.112,-0.042813,-0.95343,0.19729,1.4313,0.88148,0.63398,0.2826,0.37137
0.83523,1.07,0.069031,-1.0083,0.28696,0.081649,-0.73074,0.64588,0.23419,0.332,0.026886,0.27174
0.86497,1.3115,0.49034,-0.30354,0.68706,-0.54116,-0.76146,0.95621,1.1223,0.28278,0.01481,0.068346
0.69449,1.0421,-0.22423,-1.0009,-0.5141,-0.31973,-0.22134,0.87344,-0.23688,0.071372,0.32819,-0.049095
0.8867,1.1562,0.62382,-0.23036,0.45198,0.011111,0.19559,1.0819,0.70207,0.40663,0.073704,0.3378
0.84864,1.1556,0.24201,0.090637,0.2361,-0.27922,-0.095832,0.83639,0.24982,0.10241,0.63016,0.084992
-0.38768,-0.26312,-0.374,0.0056039,-0.083975,-0.40405,0.36526,1.1303,0.82426,1.0166,0.1322,0.49444
0.48992,1.1994,-0.28055,-0.93909,-0.16789,-0.25769,0.028862,0.78052,0.77549,0.066493,0.41446,0.32736
0.44173,1.0457,0.38282,0.69031,0.33445,-0.40029,-0.31502,0.36002,0.16036,0.30526,0.70205,0.83998
0.87538,0.99752,-0.06737,0.57847,0.20281,0.16159,-0.0077829,0.64197,0.32925,0.76969,0.89626,0.33526
0.78847,0.7553,-0.29212,0.27761,0.020016,-0.39264,0.28094,0.13422,0.088774,0.47931,0.50293,0.071004
0.18517,0.29424,-0.74367,1.1178,0.91285,0.8725,0.70942,0.53552,0.47723,0.23465,0.032525,0.061894
0.032421,0.22079,-1.1781,-0.85816,-0.16689,0.29574,0.45316,1.4062,0.79218,-0.18742,0.28408,0.64745
1.4575,1.36,-0.077948,0.62609,0.58408,0.48128,0.32712,0.69793,0.59235,-0.42509,-0.14069,0.065599
0.66595,1.099,0.27738,0.55171,0.82994,0.46555,-0.7013,0.2348,0.74959,0.5847,0.35134,0.37983
-0.43154,0.29098,-0.84862,-0.21799,0.044524,0.29728,0.30984,0.62634,0.67523,0.30518,0.23502,-0.13829
1.0597,2.4041,0.35097,0.063273,0.71546,0.29377,0.17809,0.58373,0.084665,0.40711,-0.13952,0.591
0.95573,0.9806,0.12084,-0.27745,-0.24622,0.11834,0.25596,1.2103,1.2262,0.2981,-0.31932,0.68203
0.9676,1.0741,0.19988,0.48739,0.12125,-0.21816,0.080171,0.8571,0.059033,0.21668,-0.353,0.1017
0.06287,0.58158,0.27688,0.13665,-0.16269,-0.53417,0.19575,1.044,0.511,0.5026,-0.037598,0.58592
1.2229,1.821,0.38346,0.38824,0.34559,-0.29048,0.091818,0.65499,0.70658,0.74494,0.37626,0.14052
-0.21337,0.41143,0.023053,-0.074403,-0.41639,-0.31549,0.19923,0.48131,0.1855,0.06972,0.46619,0.41821
1.1074,1.0582,0.18829,0.76098,0.33933,0.10134,0.30146,0.63399,0.20152,1.3177,0.94918,0.63187
-0.032448,0.26634,0.47366,0.28852,0.42012,-0.054617,0.87873,1.8898,0.72829,0.28352,0.34759,0.39048
0.4504,0.89019,0.69788,0.3259,-0.016813,-0.54742,0.22771,0.56823,0.58011,0.90954,0.54711,0.59506
0.64835,0.34882,0.3344,0.76783,0.44111,-0.42496,0.51559,0.91748,0.82439,0.62731,0.28516,-0.045858
0.10979,0.63478,0.83359,0.41183,-0.16548,-0.035361,0.37644,1.2566,0.60238,0.90727,0.59319,-0.10261
0.60146,1.2034,-0.43063,0.37171,-0.08688,-1.0013,-0.15848,1.0121,1.0438,1.2032,0.3422,0.015555
0.39671,1.4029,0.40456,0.82047,-0.20155,-1.232,-0.13136,0.92607,0.1368,0.048689,-0.25328,0.19393
0.86114,0.72236,-0.26935,0.084879,-0.016801,-0.19435,0.48408,0.99746,0.27085,0.039839,0.20079,0.06165
-0.035353,0.26382,-0.54831,-0.077965,-0.45971,-0.10051,0.57121,0.41577,-0.12265,-0.025822,0.1587,0.76992
0.074029,0.12217,-0.56601,-0.42769,-0.0060921,0.1641,0.0075266,-0.014343,0.71514,0.90167,1.0469,0.60509
0.71447,1.7148,0.32888,0.18802,0.03388,0.06729,0.86459,1.1802,0.3921,0.67356,0.40784,0.27369
-0.12569,0.71186,0.30513,0.69998,0.92359,-0.54682,-0.34881,0.34278,0.62057,0.6521,0.38376,0.08157
0.51563,0.86919,-0.084546,0.60031,0.71891,-0.2548,0.3306,1.0353,0.45976,0.46273,0.80754,0.22675
0.091764,0.2332,-0.72875,0.056893,-0.11756,-0.85025,-0.19295,0.59789,0.041821,0.33228,0.70624,0.20604
0.71104,1.12,-0.2166,0.35945,0.4705,0.086709,0.531,0.75641,0.058583,0.28049,-0.58093,0.17559
1.1125,1.079,0.43964,0.22675,-0.099502,-0.039153,-0.1178,0.24977,-0.34381,0.3333,0.13835,1.1232
0.77304,0.21582,-0.34352,0.74511,0.26255,0.22342,0.052057,0.36243,-0.42812,-0.25587,0.36445,-0.11699
0.33266,0.80845,-0.37414,-0.10684,0.49869,-0.3599,-0.41501,0.66884,0.30491,0.22931,0.53798,0.43551
0.36648,0.5105,0.65607,0.28324,0.34068,-0.24953,0.41647,0.72515,0.13141,0.57965,0.91043,0.71429
0.58241,0.73663,-0.19049,-0.43681,-0.31864,-0.30674,0.2477,0.27722,-0.60181,0.18968,0.27074,0.39601
1.0147,0.61137,0.13979,0.41462,0.37682,-0.0027262,0.28312,0.86242,0.12031,0.44997,0.1578,0.87018
0.39998,0.5631,0.47709,0.67167,0.30397,0.31526,0.8471,0.83881,-0.35985,0.63004,0.71908,0.86973
1.1123,1.3001,0.22469,0.23661,-0.20521,-0.11485,0.60403,1.1154,-0.072088,0.047726,1.1355,0.63112
0.52226,0.94157,0.18896,0.095309,-0.054454,0.18956,-0.52946,-0.18033,0.59283,0.83767,0.64727,0.52484
-0.10524,0.77894,-0.36621,0.15226,0.59765,-0.46444,-0.23332,-0.0105,-0.012098,0.14297,-0.059108,0.19076
0.30587,1.0049,0.074401,-0.24495,0.13072,0.35692,-0.017846,0.78967,0.90299,0.29823,0.32177,0.47412
0.58387,-0.053176,-0.28075,0.89321,0.56074,-0.15396,0.091824,0.39447,0.56662,0.438,-0.36321,-0.12326
0.81831,1.4629,0.12573,0.51654,0.20991,0.50885,0.27508,0.64288,0.00025451,0.12711,0.12812,0.32852
0.086733,0.52641,-0.24767,0.68519,0.61887,0.048409,0.59622,1.0984,0.31867,0.49217,0.33148,0.16002
0.78591,0.79038,0.45593,0.90565,0.6631,0.0958,-0.22602,0.81265,-0.27579,0.28145,0.17101,0.017897
1.0537,0.94465,0.211,-0.029347,0.34797,-0.029236,-0.57703,0.045249,-0.22288,0.6051,0.61865,-0.00087757
0.8402,-2.1404,0.27571,-1.6899,-0.41209,0.7032,-1.1075,0.59794,0.73335,-0.062057,0.85404,0.13935
1.0378,-1.0537,0.37168,-1.8388,-0.023107,0.71425,-0.53289,0.38223,0.54879,0.1855,0.96021,-0.0090623
-0.78492,-0.82327,-0.46363,-1.5592,0.18293,0.52206,-0.23862,0.33742,0.034852,-0.015839,1.8417,0.89515
0.7013,-0.083616,0.22841,-1.4928,0.54664,0.68942,-0.13093,1.066,1.2521,0.055976,1.5093,1.016
1.1137,0.71248,0.097283,-1.3318,0.69247,1.3833,-0.034484,1.0419,0.24498,0.47563,1.3188,0.42733
2.9515,0.67067,-1.2272,-1.9352,0.3352,1.1342,0.0014616,1.0681,0.54966,0.2867,0.91877,0.35266
3.0743,0.92339,-1.2881,-2.0176,0.44898,0.78533,0.32349,0.87748,0.20263,0.5132,1.6003,0.74152
2.071,2.6896,0.024741,-0.97919,0.86313,0.2539,0.17169,0.81987,0.52503,0.27318,0.94718,0.66635
1.9517,2.069,-0.76781,-0.712,0.91001,0.88464,0.91072,0.82582,0.60243,0.66613,0.54774,0.86231
1.1271,2.8003,-0.99488,-1.1654,-0.077146,0.47656,0.97363,1.367,0.54267,0.46838,0.66316,0.39658
1.3422,3.3695,-1.0057,-1.3044,0.76177,0.86611,0.56536,1.1585,-0.31234,-0.41459,0.2612,0.48833
0.89441,3.4637,-1.7144,-1.3852,-0.10912,0.25191,0.61886,1.2238,0.72279,0.040719,0.19878,0.25475
1.348,3.7332,-0.23101,-1.743,-0.06233,0.52788,0.27436,1.3546,0.8486,0.56447,0.1753,0.07375
0.73608,3.0401,-0.83891,-1.026,0.046425,0.58783,0.59237,1.7016,1.2717,1.352,1.4519,-0.10637
0.90159,2.5965,-0.081829,-0.30743,0.21632,1.5202,0.63139,1.9918,1.15,0.69058,0.43708,-0.27265
0.73221,2.3105,-0.25371,-0.5502,-0.49098,0.48414,0.022676,0.92846,0.77281,0.70221,0.39713,0.067987
0.55852,2.155,-0.86829,0.12745,0.41795,1.0711,0.22892,0.53876,0.42969,0.24242,0.68792,-0.47443
-0.30845,2.201,-0.95438,-0.71836,-0.21932,-0.16504,0.43147,1.2493,0.93019,1.065,1.4685,0.10357
2.4274,2.9689,0.16341,-0.36644,0.24083,-0.39345,0.4978,0.46945,0.39737,-0.19242,0.24457,-0.57121
7.5492,4.0173,-1.069,-2.1276,-2.2823,-0.71852,0.685,0.31883,0.36954,0.061763,-0.21888,-0.46984
6.6765,3.7476,-0.39071,-2.2709,-2.121,-0.53344,0.6075,0.621,0.62431,-0.1653,0.078866,-0.015537
6.4252,3.0757,-0.35173,-2.5982,-2.117,-0.1927,0.021341,0.46054,0.53274,-0.33778,0.36969,-0.25799
6.4522,3.3112,-0.33067,-3.56,-2.4269,-0.15065,0.48548,0.85907,0.78835,-0.1683,0.53396,-0.11048
6.4801,2.7637,-1.0678,-2.7324,-2.2722,-0.49583,0.85551,0.96015,0.80767,0.089602,0.35633,0.38993
6.7911,2.8463,-0.99501,-2.8315,-2.0881,-0.18658,0.76137,1.0352,0.55008,-0.29424,0.038074,0.49252
8.096,3.3575,-1.1098,-3.0703,-1.7017,0.054451,0.22297,1.0066,0.13537,-0.4067,0.37694,0.37724
6.6332,2.9307,-1.2298,-2.8065,-1.859,-0.028081,0.5502,1.1224,0.37452,-0.24357,0.29267,0.52992
6.4385,1.8828,-0.81097,-3.8819,-1.958,0.61964,0.065696,0.61459,0.26869,-0.63116,0.59448,-0.26747
6.3797,2.5204,-0.92088,-4.9182,-2.3755,0.64878,0.54895,1.1825,0.20009,-0.17971,0.84847,0.26086
4.7524,1.2602,-1.3721,-2.401,-1.4942,0.15006,0.6141,0.84033,0.41735,-0.18671,0.15256,0.41478
6.4034,2.5566,-0.92682,-2.9166,-2.0951,-0.070575,0.062175,-0.25563,0.16315,-0.15664,0.50942,-0.57853
5.7987,2.1089,-1.1327,-2.9116,-2.1497,-0.15674,0.11046,0.50539,0.23746,0.31657,0.95101,0.4002
4.7834,2.53,-1.0845,-1.6659,-1.2767,-0.66602,0.44585,0.85961,0.35668,0.79558,0.8494,-0.10061
4.1393,2.6503,-0.18174,-2.1144,-1.9619,-0.58448,-0.182,0.8158,0.29894,0.14305,0.093111,-0.36327
3.6742,2.0375,-0.68549,-2.0436,-1.2325,-0.67601,0.50453,0.74914,0.26539,0.19353,0.38357,0.75896
3.2676,2.4725,-0.30885,-0.68666,-0.61513,-0.84165,0.079384,1.0253,0.91364,1.1018,0.70119,0.6662
2.8118,1.8284,0.18162,-0.46908,0.10104,-0.23468,0.30991,1.146,0.84579,0.53111,0.25535,-0.095804
2.2461,1.5046,0.51135,-0.22988,0.016961,-0.28585,-0.056141,0.81681,0.50915,0.10216,0.21063,0.23575
2.0174,1.7202,0.54504,-0.46038,-0.13193,0.13452,-0.10943,0.97082,0.59953,0.96138,0.034368,0.049585
1.8307,1.4671,-0.47335,-0.63115,-0.049065,-0.081115,0.039319,0.49023,0.1787,0.14998,0.029908,0.24277
1.1492,0.53087,-0.51183,-0.21588,0.21885,-0.027208,-0.20919,0.84118,0.48056,0.28727,-0.34561,0.071002
1.1045,1.5314,0.012,-0.15659,0.33503,-0.053588,-0.2263,0.63983,0.61541,0.67193,0.55191,0.882
1.2753,1.6502,0.095544,0.73909,0.20239,-1.0313,0.080969,0.68267,-0.023559,0.40101,0.1379,0.1629
0.24717,1.0451,-0.64941,0.6225,1.1346,-0.28431,0.20906,0.40053,-0.098007,0.5046,0.052833,-0.55205
0.55401,1.3383,0.039321,0.36161,0.34453,-0.49548,0.29855,0.87398,0.45569,0.95545,0.44611,0.4848
1.0461,1.0545,0.57406,0.232,-0.40043,-0.043708,0.52312,0.7705,-0.32218,0.42603,0.30779,-0.1735
0.73504,0.88581,-0.012738,0.4449,0.046536,-0.68173,0.49704,0.75288,0.35595,-0.069841,0.42419,0.54778
0.79541,1.2778,0.47118,0.67128,0.83077,0.10295,0.23284,0.30758,-0.21502,-0.16356,-0.1286,0.25597
1.0854,0.87419,-0.70648,-0.28624,0.10031,-0.13778,0.82136,1.0409,0.18611,0.79659,0.73648,0.3671
0.45928,0.30072,0.15235,-0.3811,0.00107,-0.29621,0.1203,0.18557,0.063003,0.29927,-0.018171,0.058065
0.62,0.68243,-0.20869,0.40039,0.40883,0.18512,0.6268,1.1442,0.59291,1.2721,1.5064,0.42818
0.066487,0.45943,-0.47524,0.27218,1.0071,0.020523,-0.32872,0.36134,-0.32229,-0.038315,0.40328,0.43358
0.66898,0.38565,0.50387,1.0369,0.69664,0.42347,0.70637,0.4629,-0.019388,0.23297,0.42944,0.8886
0.42108,1.1912,0.57325,0.51613,0.44001,-0.22716,0.25304,0.78378,0.2926,0.31556,0.46241,0.31081
0.28681,1.1495,0.36587,0.62781,0.58345,0.26131,0.61914,0.65608,0.34271,0.24226,0.10633,0.45129
1.0076,1.0191,0.036042,-0.12119,0.0066162,0.0047058,0.36477,0.5065,-0.32505,-0.063322,-0.58542,-0.48132
0.0079448,0.31978,0.10189,0.68833,0.24511,-0.40828,0.1755,0.71626,0.014668,0.32676,0.12859,-0.22745
1.0788,0.91963,-0.12016,0.079109,-0.21601,-0.76711,-0.55398,0.016537,-0.36228,0.44852,0.36127,0.48261
1.345,1.6367,0.34325,0.86918,-0.16507,-0.61326,-0.27461,0.37028,0.19236,0.12156,0.064948,0.40355
0.92915,0.60596,0.29457,1.2012,0.24887,0.19031,0.35841,0.70819,0.4503,0.17874,0.14094,0.47677
0.91777,1.3729,-0.13124,-0.10379,-0.092472,-0.46478,0.29468,0.89238,0.45425,0.18678,-0.31439,-0.44338
-0.22634,0.25601,-0.29982,-0.071968,-0.012456,-0.16552,-0.048472,1.0249,0.43488,0.471,0.71998,0.5418
0.44476,0.59868,-0.56697,-0.42246,-0.28865,-0.17088,0.70238,0.48838,0.14072,0.34148,0.41117,0.69336
1.0123,1.8506,0.019808,-0.42868,-0.063028,0.54527,1.1728,0.91021,-0.30094,0.25258,1.4999,0.43349
