1.6782,1.2344,0.35991,0.067422,0.55981,0.49196,-0.097447,0.51455,0.024848,0.26998,0.28651,0.23573
0.72782,0.63131,-0.51638,-0.22275,-0.45973,-0.097765,0.30674,0.91572,-0.31481,0.018171,-0.12227,-0.14289
-0.49738,-0.13072,-0.67849,-0.23173,-0.22475,-0.27374,0.16796,0.5963,-0.052983,-0.1351,-0.097579,-0.37383
0.31681,0.74536,0.35217,0.31026,0.74534,0.92095,0.51319,0.29978,0.16841,0.15895,-0.07816,-0.17001
1.0689,0.97481,0.20752,-0.21185,0.58291,0.012963,0.5103,1.0721,-0.13786,0.36168,0.3553,0.64337
0.74344,0.71641,0.077942,0.55814,0.7473,-0.35183,-0.058626,0.61317,-0.025003,0.76418,0.36585,0.15157
-0.45997,0.30365,0.92124,-0.5933,0.26561,0.74859,0.12803,1.2282,0.6429,0.031654,0.039891,0.2445
-2.8435,-0.008323,0.16416,-2.395,-0.069713,1.3095,0.41545,1.2813,0.6423,-0.3358,0.09709,0.45104
-2.2606,1.0259,-0.39204,-2.4921,-0.37461,-0.001897,-0.51945,0.5099,1.1777,-0.40555,0.67632,0.049399
-3.1329,1.8211,-0.44481,-2.3387,-0.63903,-0.3889,-0.11214,0.8637,1.303,-0.019836,0.88535,0.31174
-3.7067,1.8726,0.86922,-1.7995,-0.099793,-0.30095,-0.58818,0.78459,0.41539,0.03167,0.6765,0.0091731
-3.1998,1.4979,1.0009,-1.7576,-0.3907,0.34347,-0.52921,-0.29377,0.19753,0.41176,0.36478,-0.0018826
1.4459,2.6843,1.8934,-0.5238,-0.49365,-0.41567,-0.99518,0.35563,-0.20613,-0.44701,0.13275,-0.24059
2.92,1.2642,2.1622,-0.2253,-1.0311,-1.2047,-0.64482,0.15831,0.52875,-0.44587,0.8488,-0.42105
3.1028,1.031,2.117,-0.57631,-0.99629,-1.4917,-0.64057,0.054391,0.80754,-0.38974,1.1588,-0.50061
3.6559,0.84074,1.9561,-0.95945,-1.4326,-1.6297,-1.1375,0.19616,0.54496,-0.10064,0.99751,-0.57105
3.1304,0.436,1.3437,-0.62955,-1.1887,-1.6483,-0.59692,0.18159,0.80099,-0.3493,1.0476,-0.84893
3.8663,-0.37105,1.1211,-0.86744,-0.98856,-1.6569,-1.0831,0.49919,0.6604,-0.47213,1.1039,-0.82017
4.016,-0.016159,0.80733,-0.75255,-0.79258,-1.4839,-1.0282,0.31215,1.1103,-0.51055,0.86576,-0.8229
3.9549,-0.095505,0.87797,-0.51737,-0.88475,-1.0643,-0.91816,0.26472,1.0285,-0.19197,0.78358,-0.97975
4.1133,-0.18149,0.7881,-0.57751,-0.51636,-1.4484,-0.77712,0.4384,0.93772,0.085146,0.80497,-0.6543
3.9638,-0.012125,0.94457,-0.73298,-0.76955,-1.4537,-0.71422,0.43901,1.1641,0.44806,1.0862,-0.83965
4.1954,-0.42561,0.51071,-0.98473,-0.89438,-1.3322,-0.69872,0.52086,1.1989,0.60539,1.4398,-1.0728
3.6633,-0.20138,0.15306,-1.0616,-0.38043,-1.4046,-0.786,0.61211,0.91647,0.60127,1.3082,-0.9225
3.8707,0.6186,-0.34991,-0.67061,-0.4567,-1.3256,-0.76882,0.1848,0.86339,0.26101,1.1559,-1.0763
4.2378,0.86737,0.13268,-0.59839,-0.51727,-1.1226,-0.78692,0.32955,0.39546,0.13053,1.4039,-1.3908
4.4099,1.6054,-0.014911,-0.28305,-0.20697,-1.4318,-0.70413,-0.014182,0.42875,0.26494,1.3612,-1.4847
5.3414,1.8421,0.42351,0.042371,-0.19008,-1.6052,-0.94233,-0.018786,0.73199,0.38022,1.6003,-1.3589
5.2908,1.2946,0.35506,0.12908,-0.28861,-1.7967,-0.63476,0.13761,1.0375,0.656,1.3193,-1.2701
5.1815,1.4546,0.72256,0.11777,-0.089766,-1.0786,-0.71498,0.32213,0.60358,0.59563,0.89456,-0.66472
5.141,1.1203,0.42879,0.46158,-0.38133,-0.96308,-0.68209,0.13342,0.64095,1.2732,0.95374,-0.92604
5.4691,1.5972,0.54031,0.80323,-0.20874,-1.3285,-0.89449,-0.1385,0.49626,0.57067,0.44319,-0.5057
4.2575,1.6052,1.5286,0.64745,-0.52672,-1.592,-0.74076,-0.089309,0.75728,0.89283,0.63554,-0.51887
4.407,2.0481,1.4656,0.91795,-0.47634,-1.7054,-0.67288,0.076867,0.59134,0.94257,0.94362,-0.68445
4.3891,1.9442,1.5567,0.81033,0.092078,-1.2361,-0.66887,0.21932,0.12842,0.40251,0.465,0.036487
4.0191,2.3254,1.1482,1.1059,0.098212,-0.67953,-0.51038,0.6399,0.6599,0.53431,0.30658,-0.49799
2.3216,2.2725,1.7676,0.87149,0.39141,-0.63251,-0.30586,0.43438,0.014703,1.0826,0.59184,-0.25745
3.5083,1.7542,0.43019,0.63655,0.21222,-0.6328,0.13952,0.25197,0.29472,0.06055,-0.19182,-0.26242
3.0956,2.3375,0.9046,0.83549,0.33446,-0.80419,-0.2809,0.1763,0.53928,0.52683,0.12494,-0.0020033
-1.8136,2.2689,0.64442,-0.96219,0.49541,-0.051929,0.57012,-0.043902,0.32863,-0.1766,0.24191,-0.073594
-1.4571,0.30684,-1.5655,-0.79934,-0.075144,-0.41889,0.4736,0.34104,1.2813,0.53441,0.37706,-0.92221
-1.156,2.0398,-0.96789,-0.41033,0.32764,-0.1587,-0.62826,-0.25996,1.1036,0.80136,1.0276,-0.13609
-0.77199,0.49887,-0.98434,0.1143,1.4378,-0.69775,-0.88335,-0.37179,0.68277,0.86847,0.94829,0.25516
-0.69933,1.5422,-0.76669,-0.80144,1.3361,-0.13568,-0.17474,0.22308,0.41974,0.44271,1.0903,-0.023268
0.28312,1.3876,-1.2041,-1.4504,0.42938,-0.50318,-0.29699,0.26825,0.342,1.4947,1.5086,-0.3369
0.73303,1.2596,-2.0554,-0.89948,1.6758,0.64441,0.25492,-0.40962,-0.09493,1.3034,1.7704,-0.1327
1.7023,3.4749,-1.2787,-1.7681,1.0207,0.26215,-0.0078777,0.77045,1.083,2.0738,1.4836,-0.11495
0.44847,1.4932,-1.6704,-1.3685,1.6173,0.70509,0.44845,1.1252,0.31065,1.8965,1.412,0.048623
-0.525,1.4075,-2.7227,-1.4076,1.257,1.1429,-0.483,0.31033,1.2201,1.8382,1.6977,0.29892
-0.6203,2.8235,-2.4381,-1.637,1.2973,0.32983,-0.83581,0.337,0.3227,0.44983,1.2986,-0.28355
-0.18215,2.211,-2.4615,-1.0409,1.6632,0.66424,-0.29969,0.58264,1.024,2.0758,1.3891,-0.53021
-0.89514,1.2726,-2.0891,-0.93377,2.3058,1.356,-0.72649,0.16576,0.68554,1.6106,0.79484,-0.34771
-0.16659,2.3342,-1.4431,-1.0222,2.6508,1.1864,-0.72641,0.31089,0.84043,1.8632,1.8482,-0.084102
0.2769,0.99072,-2.1291,-1.8999,1.2779,0.92518,-0.64155,0.30288,1.4212,1.7547,1.6064,-0.32043
-0.46274,2.0778,-1.7043,-1.4605,0.72063,0.40934,-0.23135,-0.21963,0.84128,1.3216,1.269,0.40039
0.32689,0.77169,-2.2556,-1.7174,1.8163,1.0216,-0.25141,0.31342,0.73313,1.5182,0.88218,0.30815
-0.52527,0.92513,-1.4648,-1.0943,1.2354,1.176,-0.34268,-0.22205,1.0064,1.2376,1.3736,-0.54154
-0.20851,1.642,-1.2829,-0.93805,1.4147,0.37297,-0.47802,0.36913,0.89288,1.9388,1.459,-0.2578
-0.96715,1.4279,-0.59186,-0.4502,2.0542,1.1882,-0.13586,0.28325,1.0095,0.78841,0.85025,-0.89049
-0.64088,1.5722,-1.8413,-1.2107,1.8445,1.1349,-0.01135,0.42344,1.3631,1.2078,1.5306,-0.015727
0.035827,0.66877,-1.6377,-1.5832,1.5284,1.1597,-0.47069,0.45628,1.8843,1.8882,1.6487,-0.01436
-0.25212,1.2409,-1.2231,-1.573,0.80626,0.31671,-0.2919,0.17334,1.3195,1.4478,1.416,-0.13506
-1.6359,0.79636,-1.4958,-2.2096,0.58836,-0.28555,-0.91346,-0.35346,0.84884,1.4002,1.3763,-0.29199
-1.1606,-0.19499,-1.7953,-2.2645,0.89083,0.16294,-0.98522,-0.24145,1.0299,1.4777,1.2047,0.15617
0.18011,-0.43694,-2.2243,-1.9662,0.81976,0.66589,-0.36611,0.52544,0.83771,0.44145,0.33357,-0.995
1.1079,-0.29883,-1.5107,-1.35,0.77178,0.73015,-0.24975,0.40252,1.1011,1.0862,1.0853,-0.16583
0.63287,0.49555,-1.2581,-1.6767,0.9486,0.53341,-0.27152,0.65046,0.8481,0.68078,0.78683,-0.028518
1.2763,-0.12064,-1.295,-1.2247,0.95618,-0.4047,-1.1338,0.26893,0.63294,0.40448,1.0694,-0.1532
0.6578,-0.19094,-0.90021,-1.56,0.54499,0.43337,0.11387,0.67294,0.87597,0.63989,0.86234,0.025254
1.5191,0.18852,-1.001,-1.0472,1.0722,0.24309,-0.16628,-0.14461,0.53332,1.3274,0.81703,-0.30728
0.85757,-0.33344,-1.3129,-1.6792,1.2273,-0.51376,-1.2435,0.25015,1.1517,1.3956,0.92716,-0.23407
1.1808,0.38512,-1.1077,-0.748,1.2452,-0.26038,-0.46567,0.80807,0.9555,0.80674,0.74126,-0.042982
1.2227,-0.025419,-0.94016,-0.33388,1.734,0.61088,-0.12996,0.21524,0.40264,0.49378,-0.1577,0.13075
0.75899,-0.22433,-1.0963,-0.1202,0.90579,0.1697,-0.031326,1.4223,0.93899,0.30316,0.2012,-0.35256
0.94921,-0.33681,-0.6254,0.04558,0.72903,0.013241,-0.19544,1.1769,1.0677,0.13551,-0.19572,-0.43114
1.8692,0.16036,-1.1568,-0.39371,0.66184,0.24363,-0.43946,-0.24183,0.6079,-0.35664,-0.14437,0.2106
2.1106,0.038404,-1.0034,-0.32497,1.3486,0.80804,0.30619,0.92519,0.56102,0.23404,-0.35851,0.016567
1.4653,0.071338,-0.56675,-0.35388,1.0575,-0.1057,-0.3221,0.86731,0.24525,0.47106,0.14275,-0.047116
1.9326,0.49361,-1.2623,0.12679,0.7931,0.097429,0.068169,0.77604,0.69197,0.33796,-0.29615,0.062954
1.9582,-0.39052,-0.97202,0.13374,1.0714,0.8619,-0.32957,1.118,0.48627,0.053605,-0.18044,-0.075138
1.4086,0.044729,-0.61384,0.42288,1.5542,0.47669,-0.38068,0.67229,0.80547,0.23187,-0.38092,-0.65073
0.88563,0.42205,-1.1476,-0.13883,0.73158,0.8086,0.33021,0.91544,0.1113,0.077554,0.13589,-0.052611
0.80574,0.38955,-0.87381,-0.055695,0.57973,1.1441,0.86141,0.36385,0.4571,0.38861,0.064704,-0.21976
1.1591,0.25689,-0.68119,0.035073,1.4265,-0.24019,-0.36111,1.147,0.36699,0.1488,-0.39987,-0.15064
1.0204,0.57467,-0.38948,-0.32037,1.1281,0.24143,-0.038191,0.69241,0.85953,0.069865,-0.37341,-1.302
1.6506,0.79132,-0.94035,0.22859,0.90291,-0.077891,0.23509,0.75289,0.46822,0.097608,-0.38443,-0.88135
1.299,-0.41114,-0.50182,-0.058952,0.74293,-0.43536,-0.057618,0.62089,-0.14974,0.28858,-0.66495,-0.1507
0.5031,0.10302,-0.15342,0.57278,0.83325,-0.10586,-0.2775,0.77309,0.65588,0.71498,0.065459,-0.12777
0.80802,0.31688,-0.78483,-0.049219,1.0372,0.19141,-0.65604,1.313,1.2404,0.43568,-0.0051182,-0.3573
1.3996,0.39082,-0.024099,0.43391,1.2705,0.57483,0.21276,0.7496,0.97786,0.92324,-0.25005,0.012349
0.91972,-0.36687,-0.5412,0.0948,0.5304,-0.47418,0.51582,0.70455,0.73873,0.27977,0.15903,0.15343
0.6175,0.042514,-1.0266,-0.64589,0.15442,-0.33424,0.33901,1.0278,0.79935,-0.13558,-0.32131,0.12182
0.80103,0.45272,-0.54794,0.75661,1.2383,-0.31673,-0.35616,1.2278,0.82558,0.79564,0.10331,0.68183
1.2374,0.42446,-0.95307,-0.37869,0.28574,-0.61844,-0.56395,0.62051,0.64534,0.66598,-0.052685,0.28258
0.57042,0.037157,-0.61625,0.24154,0.2195,-0.26076,-0.10972,0.71803,0.64575,-0.2962,0.083945,0.70946
0.93544,0.61866,-0.40279,1.0448,0.92865,0.088219,0.10018,0.95945,0.18116,0.052592,-0.022136,0.27974
1.2514,0.74271,-0.17801,1.4404,1.0297,-0.21449,-0.11304,0.46686,0.45243,-0.051319,-0.77889,0.11554
2.5472,1.5977,0.62932,1.6995,0.42826,0.062276,-0.08485,0.50481,0.49373,-0.53225,-0.56807,-0.34121
2.9939,2.1063,1.1728,1.1666,0.40462,-0.076481,-0.73487,-0.38043,-0.47061,-0.41572,-0.53412,-0.71562
1.9026,1.9142,0.96394,1.2475,0.63491,-1.0967,-0.45805,0.21786,0.075815,0.70869,0.44932,0.26274
1.1071,0.88041,0.15639,0.58665,0.43918,0.242,0.58153,0.35472,-0.043757,0.28619,-0.17678,0.24967
0.65136,1.6018,0.58664,0.16008,0.066015,-0.21224,0.13292,0.51504,-0.07529,0.39275,-0.23564,0.49648
1.1768,1.2345,0.29493,0.70775,0.93062,-0.59203,-0.33803,0.79901,0.51421,-0.052759,-0.48224,-0.68162
0.58905,0.39337,-0.3087,0.81879,1.1463,0.64042,0.67668,1.1203,0.4865,0.86467,0.78593,0.31235
0.62616,0.93522,-0.63351,0.46022,0.25102,-0.18484,0.00187,0.42341,-0.61815,0.32076,0.17781,-0.56052
1.7653,1.9005,0.19339,0.23254,0.92781,-0.034041,-0.070263,0.3868,0.065349,-0.021728,0.31909,-0.1579
0.75039,1.2744,0.58376,0.63073,0.52448,0.64225,0.19762,1.0753,-0.1485,-0.37661,0.2827,0.10907
0.65226,1.7988,0.72805,1.2851,0.45441,0.26855,0.30914,0.27137,0.3855,-0.25639,0.17973,-0.18139
0.43121,1.0344,-0.022038,0.29699,0.047667,0.021462,0.59968,1.0611,-0.017128,0.021415,0.79983,0.44104
0.052851,1.3999,0.3721,0.23122,-0.34477,0.31238,1.0414,0.75044,0.28045,0.21899,0.12856,0.57216
0.86292,1.5,0.43802,0.27603,0.40278,-0.028317,0.67098,1.4036,0.52158,0.953,0.45218,0.54281
0.85371,0.39086,-0.32066,0.053671,0.61166,0.18208,0.49508,1.3041,0.95952,0.39274,-0.3406,0.53712
0.90707,0.62265,0.016252,-0.043662,0.41444,-0.41291,0.18744,1.295,0.062867,0.3217,-0.2494,-0.42157
0.59162,0.56784,-0.43715,0.31766,1.8869,0.13598,0.19246,0.31524,-0.15923,0.59386,0.32011,0.28056
0.43929,0.97003,0.79575,0.36507,-0.15096,-0.652,0.24233,0.72144,0.19892,0.20599,0.71152,0.513
0.18312,1.1898,0.34406,0.90583,0.76646,-0.082166,0.37934,1.441,0.43624,0.476,0.034535,-0.045003
0.83697,1.0803,0.46334,0.77949,-0.56034,-0.050768,1.06,1.142,0.51826,0.34483,0.079782,0.49853
0.46914,0.62452,-0.31116,-0.27789,-0.69935,-0.44359,0.77616,0.94922,0.81235,0.84164,0.61848,0.56452
1.1869,1.1366,-0.079441,1.0117,0.69337,0.015644,0.17024,0.65821,-0.10757,-0.42915,0.45783,0.48885
2.5672,2.4757,1.6403,1.3351,0.8485,0.30142,0.49067,0.67599,-0.82656,-0.4783,-0.58953,-0.40659
5.5514,3.1162,2.1567,1.5552,-0.67182,-1.0106,-0.16522,1.057,-0.3984,-0.31638,-0.07659,0.016937
6.533,2.0938,1.7894,2.0627,-0.34572,-0.97673,-0.15879,0.2883,-0.59441,-0.29977,-0.18207,0.3098
5.7037,2.0869,1.914,2.4297,-0.087946,-1.1775,-0.33495,0.026457,-0.48785,-0.18476,0.50578,0.28952
5.5415,2.6226,1.7094,1.9276,0.12215,-0.8918,-0.24602,0.5499,-0.43184,-0.45583,0.023628,0.33156
5.5209,2.8151,1.7813,2.5038,0.10252,-1.2084,-0.32597,0.16094,-0.38917,-0.35348,0.014632,0.25628
5.077,2.38,2.7018,2.85,0.059122,-1.6187,-0.77751,0.37539,-0.3612,-0.2137,0.14045,0.49411
5.7263,2.3,2.2701,2.5914,-0.64353,-1.1914,-0.44825,0.22198,-0.14378,-0.22279,0.41133,0.16324
5.5514,2.0145,2.1104,2.3709,-0.28223,-1.3589,-0.40028,1.0456,0.0080484,-0.34044,-0.11472,0.22663
6.0099,2.2573,1.2818,2.1847,-0.001311,-1.2901,0.16654,0.8518,0.091983,-0.015237,-0.30847,0.40476
5.4248,2.3858,1.6247,2.2043,0.52981,-1.1184,-0.040824,0.94267,0.25991,-0.19515,-0.12199,0.60141
4.9012,2.3474,2.3785,2.171,0.6253,-1.2017,-0.4019,0.91974,-0.053637,-0.24801,0.52327,0.66289
5.297,2.399,2.3283,2.0733,0.2929,-1.2655,-0.32466,0.46145,-0.11676,0.048939,0.06218,0.77902
5.4811,2.8292,1.5017,2.1402,-0.15543,-1.2052,0.01368,0.57472,-0.20205,-0.16714,0.20489,0.32614
5.6868,2.201,1.7252,1.7991,-0.20613,-1.2717,-0.60788,0.67647,0.47704,-0.50851,0.275,0.5132
5.0858,2.7082,1.5523,1.729,-0.14202,-0.90104,-0.40569,0.31739,0.22542,0.10707,0.18978,0.09062
4.9138,2.0655,2.0011,1.4535,-0.14489,-0.95111,0.15913,0.79802,-0.016474,0.1953,0.10626,0.30061
4.735,2.0742,2.1997,1.4776,0.14647,-0.7278,-0.39723,0.55768,0.28535,-0.82195,0.30057,0.42817
5.5114,1.8862,1.8374,1.9142,-0.037288,-1.4595,-0.38193,0.80457,-0.19151,-0.38963,-0.0077359,0.22712
5.3872,1.4315,2.4139,1.8768,-0.63893,-1.51,-0.51473,0.65522,-0.023753,-0.08294,0.063601,0.026665
5.7267,1.3873,1.9499,1.5196,-0.3928,-1.1614,0.03234,0.37616,0.036673,-0.091994,0.17422,0.45982
5.0982,1.6998,2.6602,1.3999,-1.0554,-1.0683,0.51074,0.86553,0.24132,-0.11918,0.21153,-0.31501
4.8405,2.0588,2.7111,1.3881,-1.3801,-0.4861,0.53835,-0.0031194,0.22661,-0.12383,0.34735,-0.14112
4.8237,1.5595,2.8176,1.1475,-1.5831,-0.6067,0.4855,0.13031,-0.25015,-0.22915,0.37344,-0.0021933
4.8873,1.0363,3.3952,1.0897,-1.9298,-0.18216,0.11261,-0.20837,-0.28444,0.16788,0.35328,-0.23077
4.1835,1.2798,3.7587,0.66192,-1.7713,0.44762,-0.37805,-0.12494,0.10444,0.059044,-0.040988,0.26553
2.9106,2.3502,3.0797,0.29231,-0.82453,0.19915,-0.55012,0.80732,0.080162,-0.71026,0.31687,0.23696
2.3072,2.1608,3.7915,0.63212,-0.25958,-0.0073901,-0.30743,0.36858,0.21682,0.0033704,0.087226,-0.11365
1.0863,2.7239,3.9865,0.32989,-0.012465,-0.16349,-0.64162,0.5797,0.14704,-0.12795,0.030298,-0.16079
0.080369,3.5245,3.9936,0.013807,-0.030558,-0.54066,-0.55735,0.73133,0.45474,-0.042642,0.3815,0.1423
-0.16003,3.477,4.1598,0.2762,0.51339,-0.51631,-0.3286,0.52522,0.119,0.2645,0.24546,0.23163
1.1089,3.7052,3.0936,1.2641,1.5664,-0.63595,-0.85582,-0.21983,-0.3305,0.66004,0.35823,0.17306
2.6035,3.5428,2.242,0.26604,0.96939,0.28601,-0.19914,0.10045,0.21533,0.66787,-0.08548,-0.34378
3.2261,3.0049,1.867,0.15015,0.88924,0.22616,-0.37595,0.20466,0.14892,0.5449,0.1855,0.1422
3.365,2.8919,1.4851,0.819,1.3661,-0.10409,-0.61175,0.51466,0.81519,0.7209,0.18673,-0.032791
2.6429,2.2703,1.3418,0.54677,0.90712,-0.09015,-0.035835,0.29729,0.18851,0.88223,0.36958,0.19512
2.5486,2.2488,1.2757,0.53824,0.55974,-0.03415,-0.12308,0.41436,0.53819,1.0977,0.9476,-0.03704
2.3184,2.2826,1.3029,0.63056,0.72405,0.023913,-0.087162,0.78349,0.87673,0.07804,-0.39029,-0.37663
1.9674,2.2785,1.9008,1.5202,1.2961,0.0038975,0.35591,0.84335,0.15024,0.2912,-0.0031637,-0.29965
0.90346,1.7372,1.0899,1.0975,0.63243,0.32476,0.48147,0.28585,-0.1157,0.20513,0.15963,-0.36622
1.9219,1.0526,0.5858,0.83334,0.99729,0.99895,-0.10109,0.61767,-0.022381,0.63299,0.20187,-0.06118
0.88031,1.2356,0.047806,-0.0082256,0.85581,0.55636,0.72123,0.33729,0.49201,0.33407,0.52088,-0.68511
1.4976,1.5042,0.71271,0.80962,0.29644,0.20653,0.67137,0.88014,0.8267,0.48575,0.066306,-0.18633
0.072178,0.13275,-1.3706,-0.68282,0.030349,-0.17129,-0.034684,0.10636,0.46497,-0.31477,0.60496,-0.23627
-0.8184,1.8654,-1.402,0.24202,0.25667,-0.19351,0.69759,0.24392,0.86811,-0.038082,0.38385,-0.51851
-3.2911,3.5003,-0.77367,0.86126,0.51851,-0.010233,0.54028,-0.071481,0.91714,-0.13682,1.0861,0.013096
-2.9006,3.6019,-0.91588,1.0748,0.71414,-0.32343,0.05328,0.50034,1.0385,-0.31671,0.54891,0.34568
-3.8834,2.7383,-1.2047,0.39457,1.0005,0.13135,0.5308,0.32489,0.61213,-0.92942,-0.19424,-0.80819
-3.4644,3.7372,-0.66341,0.29307,0.94888,-0.14057,-0.53922,0.25706,1.0651,0.47381,0.89226,0.17747
-3.6451,4.2601,-1.2963,0.31096,1.1965,0.34836,0.52381,-0.49038,1.0613,-0.14733,0.76174,-0.39762
-4.5358,3.493,-1.196,0.25219,0.046393,-0.91699,-0.071959,-0.24297,0.79761,-0.24794,0.28354,-0.44456
-4.3874,3.8972,-1.5318,0.64942,1.0806,0.58143,0.69471,0.30429,0.95913,-0.32797,0.63965,0.078643
-5.5318,3.3239,-1.2741,0.58375,0.77064,-0.82475,0.053508,0.81696,0.93929,-0.38985,0.71595,0.19094
-4.7365,4.4094,-1.5231,0.27369,0.84009,-0.38346,0.54076,0.49366,0.8488,0.43808,0.5418,0.13949
-5.4809,4.3321,-0.31369,0.38771,0.23303,-1.219,0.31115,0.057973,0.49128,-0.75828,0.26519,0.3613
-5.3708,3.8578,-0.90136,-0.39048,0.7749,-0.06431,1.3294,0.081877,0.17375,-0.32574,1.1063,0.7071
-5.0783,3.8723,-1.5296,-0.74513,0.99897,-0.71579,0.61296,0.64924,0.56265,-0.097227,0.81175,0.48314
-5.449,3.1678,-1.5594,0.35316,0.49296,-1.5133,-0.29394,-0.32788,0.35578,-0.20581,0.36923,-0.52228
-4.2165,3.2658,-1.4168,-0.69184,0.50141,-1.0064,0.36563,-0.3672,0.59504,0.23201,0.95929,0.28761
-4.884,2.9295,-1.1259,-1.019,1.5745,-0.78372,-0.01956,0.052818,0.87309,-0.024342,1.3908,0.80537
-5.4933,2.8538,-0.97022,-0.68631,1.4213,-0.85984,0.28957,0.18193,1.2279,0.496,1.3307,0.28963
-5.9267,2.9349,0.20138,-0.013277,1.8703,0.079925,0.72918,0.58727,0.097574,-0.20315,-0.65958,-0.14043
-5.2468,2.7783,-0.35535,-0.93953,1.012,-0.40316,0.84952,0.19962,0.70269,-0.075648,0.85184,0.080765
-5.8211,2.1395,-0.44438,-1.3569,1.2611,-0.51135,0.64639,0.44254,1.048,0.49533,1.226,0.023569
-5.1381,3.075,-0.98644,-0.78443,1.4761,0.28049,0.87594,0.75725,0.8138,0.35367,0.82114,0.27227
-4.6483,2.243,-1.0197,-1.2409,1.5305,-0.93278,0.33997,1.1525,0.62979,0.19881,1.6476,0.99476
-5.8421,1.8994,-0.62243,-0.64886,0.50111,-0.30162,0.80286,1.0644,0.38278,-0.046413,0.8719,0.037002
-4.6314,2.4973,-0.34719,-1.5921,0.65661,0.008935,0.70798,0.98451,1.2828,0.32239,1.2726,0.96532
-4.902,1.4687,-0.57673,-1.4372,0.010656,-0.6757,0.3145,0.82633,0.71555,-0.057437,0.64316,0.27015
-3.7567,2.0716,0.1592,-0.69884,0.88429,-0.78402,-0.12488,0.83841,0.43987,-0.37374,-0.18727,0.17221
-4.5966,2.041,-0.30474,-2.0556,0.79135,-0.7424,-0.16737,1.7939,1.2851,-0.29305,0.049699,-0.056952
-3.7889,2.4881,0.1316,-1.8775,-0.13401,-0.65895,-0.36051,0.67701,0.5963,0.38233,0.82714,0.33957
-3.9209,1.933,0.84812,-1.1313,0.62893,-1.1121,-0.58342,1.3363,0.7458,0.14727,0.68847,-0.051832
-3.6326,1.4711,0.22513,-1.514,0.2088,-0.47094,-0.78714,1.3368,0.88937,0.0047205,0.89729,0.24932
-2.5604,2.7768,0.64313,-2.1721,-0.55535,-0.53033,0.035517,1.0095,0.35474,-0.16244,1.0686,0.19171
-2.1446,2.1395,0.29272,-2.7306,-0.48191,-0.66133,0.21143,0.93384,0.26205,0.097058,1.1139,0.7451
-2.1796,1.0264,-0.17978,-1.8633,-0.035817,-0.76472,-0.65713,0.83016,0.40367,0.0098368,0.88062,0.076542
-2.088,0.52602,0.092149,-2.1142,-1.19,-1.328,-0.72438,0.26319,0.09509,0.054253,0.74247,0.93105
-0.19228,0.89735,0.21455,-1.3035,-1.0133,-1.0733,-0.57843,0.98874,1.0957,0.5031,1.1524,0.61211
-1.2036,0.31033,-0.50548,-1.3641,0.24784,-0.80515,-0.16577,0.62776,0.85062,-0.010255,0.81277,0.72401
-0.36406,-0.015791,-0.15755,-1.2349,-0.83107,-0.87523,-0.84355,1.4043,0.91541,0.18385,0.39139,-0.13351
0.12062,0.21921,-0.62599,-1.1442,0.08489,-0.73138,0.097212,1.1708,1.5134,0.51764,0.45132,0.19323
0.025826,-0.38605,-0.28941,-0.47665,0.71551,-0.44559,-0.22345,1.1853,1.2017,1.3013,1.0819,0.81041
1.4933,0.42086,-0.10334,-0.58885,0.49275,0.22091,-0.29149,1.2822,0.95757,0.60489,0.5109,0.018359
1.2507,0.34413,-0.95858,-0.64741,-0.81551,-0.81171,-1.0798,0.36152,0.27549,0.19159,0.48345,0.35757
1.6342,0.49094,0.01323,-1.272,-0.12853,-0.025918,0.36074,1.5523,1.0568,0.19157,0.95095,0.26537
1.6096,0.58256,0.42175,0.095933,0.12316,-0.0019064,0.028897,0.88467,1.64,0.56405,0.55157,-0.18856
2.2657,0.76484,-0.27884,-0.86456,0.29376,-0.8635,-0.61632,1.1447,0.92371,0.71729,0.77817,0.32274
1.1905,0.34167,-1.0613,-0.54707,-0.80263,-0.70535,0.28968,0.40839,0.24667,0.14988,0.24805,0.11459
1.8109,0.84114,-0.41604,-0.67759,-0.87229,-0.91239,-0.33697,0.87655,0.99355,0.34694,0.57636,0.06847
1.2792,0.67454,-0.32122,-0.12445,-0.72498,-1.2076,-0.47202,1.0408,1.4988,0.52802,-0.58533,0.39021
1.1224,0.95294,-0.020357,0.16395,0.089301,-0.56529,0.19232,1.1602,0.08154,0.26625,-0.077801,-0.28581
1.799,0.91914,0.14304,0.15235,-0.36764,-1.0381,-0.37521,0.75086,0.85071,0.048254,0.52052,-0.20116
1.0742,1.0093,0.35923,-0.32205,-0.33572,-1.3415,-0.72658,0.42789,0.53508,0.23202,0.41422,0.1651
1.4054,0.32103,-0.29059,0.3103,0.33819,-0.28576,-0.06455,1.2564,0.77839,0.62728,0.13102,0.36232
0.24051,0.94479,0.49389,0.39704,0.80689,0.08599,0.52587,1.0591,1.0183,0.47012,-0.0058158,-0.43825
0.079588,0.39865,-0.30016,0.15978,0.48973,0.32396,0.60939,1.3878,1.0118,1.0454,0.78621,0.077007
1.0302,1.2683,0.1165,0.17796,0.05361,0.51544,0.6311,0.84513,0.90319,0.62501,0.39283,0.53367
0.2166,1.767,0.52788,0.5161,0.046096,0.56385,1.4887,0.68507,0.085418,0.11362,0.24814,0.18871
0.3197,0.94958,0.16816,0.64026,-0.48873,0.28677,0.27335,0.822,-0.15184,0.12728,0.75589,0.20056
0.98347,0.64283,-0.68461,-0.055731,-0.10818,0.20691,0.56398,0.89712,0.18163,0.51213,0.72087,0.34859
1.3119,1.0808,0.58306,0.47065,0.18425,-0.034559,-0.1254,0.084393,-0.06767,-0.10223,0.28322,0.16732
2.3108,2.4998,0.5638,0.39817,0.11942,-0.42027,0.26402,0.28428,-0.24323,-0.26871,0.089302,-0.13865
3.1774,2.6374,0.45738,0.32473,0.20429,-0.87182,-0.87174,-0.21726,0.35068,0.34608,0.50783,0.69344
1.6133,1.0091,-0.64323,-0.003659,-0.074145,-0.65437,-0.30804,-0.11194,-0.30124,-0.22799,-0.5516,0.32689
0.13154,0.69471,-0.11566,-0.1304,-0.66158,-0.054194,0.9847,0.95309,0.23967,0.45708,0.3905,0.52378
1.2216,1.7479,0.43416,0.078951,-0.072017,-0.0083361,0.48084,-0.6552,-0.83958,-0.12517,0.38311,-0.021805
0.61191,1.2447,0.65265,-0.35584,-0.24634,-0.70343,0.21444,0.32209,0.6878,0.26671,0.33957,0.73851
1.5741,1.2906,-0.15368,0.1338,0.53518,0.65077,0.71809,0.82991,0.21041,-0.08698,0.44832,0.18086
0.15782,0.49549,0.24774,0.20877,0.86421,0.80231,0.30917,1.013,-0.53118,-0.056384,0.45551,-0.047067
1.0452,1.6323,0.15554,0.2221,-0.11455,0.065715,0.39827,0.31653,0.2956,0.78925,0.71629,0.46614
0.96924,1.2976,0.94909,1.0205,-0.44963,-0.11118,0.62883,0.15205,-0.21216,-0.085214,0.0020294,0.65866
0.82764,1.0673,0.74286,1.1037,-0.086803,-0.76633,-0.32757,-0.10227,0.41908,1.1256,0.51281,0.69569
0.57021,0.40864,-0.01778,0.091219,0.53325,0.37925,-0.079588,0.46003,-0.1337,0.62929,0.54971,0.53769
0.94465,1.657,0.62568,0.14663,0.42264,0.77968,0.52694,0.37273,0.4426,0.39244,-0.17186,0.053025
0.9518,1.0521,0.026629,-0.34076,-0.094537,-0.55927,0.24191,0.48901,-0.42677,-0.18003,-0.20645,-0.40027
0.72112,0.61566,-0.041208,0.26588,1.0521,0.3374,0.43979,0.79642,0.1418,0.31796,0.024327,-0.059791
0.45444,0.35161,-0.42731,-0.25344,-0.1122,-1.0261,-0.082765,0.32569,-0.11802,0.16673,0.43055,0.44794
-0.4854,0.031527,-0.6613,0.091244,-0.2691,-0.14032,0.38455,1.0632,0.54998,0.13774,0.38637,0.41296
0.20658,0.31836,-0.83735,-0.017947,-0.11955,-0.21803,0.1549,1.6695,0.33406,0.21719,0.55977,0.74327
1.3101,0.68123,0.26704,-0.070062,0.67672,0.29701,0.33648,0.91336,0.14689,0.71342,0.72542,0.6602
0.28325,1.0579,0.61626,0.29588,0.69047,0.0051483,0.26584,0.88556,-0.053062,0.01805,-0.20482,0.18856
0.84677,1.2223,-0.21418,-0.13829,0.38617,0.17208,0.38966,1.0572,0.19177,0.07406,0.19729,0.095871
0.29189,0.6109,0.43015,0.82836,0.40731,-0.46621,0.079414,0.634,0.11905,0.25317,0.35046,0.13093
0.84245,0.65601,0.40678,0.71711,0.52484,0.24232,-0.12292,0.6072,0.2143,0.50143,0.082722,-0.20386
0.97833,0.92334,0.58746,1.0697,0.57644,-0.1184,0.3392,0.61124,0.076907,0.40216,0.050391,-0.36564
0.26061,0.95432,0.87849,0.71534,0.76622,0.19332,-0.019379,0.18332,-0.1795,0.43351,0.0064289,-0.22767
0.85912,1.7802,1.1902,0.4881,0.6192,-0.34669,0.6498,1.2625,-0.1469,-0.17215,-0.08506,-0.90078
2.9307,2.7968,1.0475,1.1942,0.96177,0.25661,0.35498,0.41799,0.00092257,-0.16604,-0.067482,-0.35663
3.6775,3.4483,1.9734,0.91107,0.82568,0.3977,-0.027642,0.30162,-0.30912,-0.269,0.30956,0.16837
2.9098,3.3813,2.2287,0.50529,1.0463,1.1417,-0.1119,0.39108,0.45545,0.38669,0.064963,-0.13223
3.023,3.1515,2.0909,1.2677,0.60957,0.90542,0.47417,0.27536,-0.019681,-0.12563,0.10064,0.12002
3.4602,3.6103,2.1722,1.0869,0.55896,-0.10779,0.082993,1.2244,0.2322,0.087514,-0.28401,-0.97838
3.2635,2.3921,1.7934,1.6632,1.0201,0.24924,0.33644,0.76811,0.31187,0.23118,-0.23175,-0.39422
3.4135,0.13333,3.0912,0.14091,0.12609,1.852,-0.11573,0.31895,0.21333,-0.52075,-0.31693,-0.35778
1.6853,1.2698,2.5866,0.094344,0.27732,2.0565,-0.27921,0.13482,0.33002,-0.43442,0.21961,0.14448
3.5492,1.7594,1.9165,-1.186,-0.10583,1.0239,-0.60304,0.39736,0.58472,-0.84271,0.21636,-0.36793
4.5114,2.1181,1.8401,0.1262,0.13213,0.20341,-0.90098,0.38105,0.43731,-0.054608,-0.10445,-0.25669
4.2875,2.2692,2.1044,0.9449,-0.044886,-0.18247,-1.1843,-0.2224,0.41384,0.38325,0.14868,-0.50078
4.7996,2.2987,2.3548,0.89395,0.17937,-0.49281,-1.8518,-0.71892,0.3949,0.31595,0.19033,-0.69471
6.0027,2.211,0.7869,0.88882,-0.36648,-0.90071,-1.01,-0.99282,0.50438,0.54923,-0.2922,-0.73062
7.012,1.4306,0.61866,0.90217,-0.46281,-0.7091,-0.8342,-1.0842,0.49131,0.43572,-0.044211,-0.88619
6.38,1.1469,1.1889,0.70185,-0.68724,-0.15559,-0.90403,-1.326,0.98991,0.23142,-0.049897,-0.59599
6.182,1.1824,1.1924,0.58389,-0.50972,0.24882,-1.0821,-0.88959,0.68922,0.10945,0.058609,-0.70704
6.1511,1.2735,1.6689,0.78526,-0.47306,-0.06613,-1.4973,-1.3731,0.66218,0.057149,0.152,-0.77665
6.3892,0.95484,1.5974,0.61943,-0.58151,-0.23139,-1.5141,-1.5632,1.0352,0.16913,0.25387,-0.97561
6.2385,0.34438,1.3182,0.50371,-0.83435,0.014092,-1.5201,-1.3583,1.1589,-0.085166,0.50441,-1.0679
5.481,-0.055643,1.8029,-0.054457,-0.35868,-0.2654,-1.358,-1.2499,0.97068,0.082363,0.19533,-0.79188
4.3765,0.61917,1.4103,0.44925,-0.31999,0.046248,-1.0653,-1.2653,1.2129,0.12028,0.15475,-0.65479
4.8113,1.1658,1.5769,0.61443,-0.36674,0.042964,-1.0662,-1.407,1.108,0.40646,0.042092,-1.1592
5.2142,1.4354,1.4629,0.90564,-0.40355,0.101,-0.97589,-1.3831,0.8633,0.39428,-0.02147,-0.72867
4.6653,1.721,1.02,0.1453,-0.4089,-0.36143,-1.748,-1.7568,1.3505,0.52539,0.22352,-1.0364
4.5514,1.2729,0.87758,0.46383,-0.61233,-0.57089,-1.0705,-1.3711,0.0036928,0.39581,-0.45207,-1.0107
6.0109,1.0482,1.4273,-0.47017,-1.1274,-0.020239,-1.2493,-1.594,0.35958,0.59215,0.48263,-0.58304
4.0698,2.4204,2.0736,1.1149,-0.62309,-1.4125,-1.4691,-1.1439,0.02532,0.67884,0.45107,-0.85473
3.3815,2.0991,1.4318,1.2421,0.10301,-0.32998,-0.589,-1.0884,-0.33579,1.0355,-0.028942,-0.31007
3.7578,2.6688,2.241,1.4956,-0.22792,0.032437,-0.81626,-0.89233,0.28302,0.65785,-0.52462,-0.6643
2.9991,1.6943,1.7187,1.477,0.32746,-0.3873,-0.59677,0.12144,0.029995,0.60391,0.092336,-0.47246
2.7424,2.6033,1.216,0.80442,0.086086,-0.59005,-0.74067,-0.37499,-0.36866,0.64523,0.43534,0.13363
1.7798,1.5747,1.0567,0.38271,-0.50903,-0.81335,-0.11081,0.077088,-0.76663,0.23763,0.53626,0.15488
3.1826,2.1861,0.5736,0.99318,-0.13113,-0.22118,-0.62823,-0.5764,-0.15908,0.17959,0.24667,0.20148
1.1044,2.0981,1.2066,0.99411,0.3071,0.026567,-0.19015,0.60254,0.56478,0.75197,0.75173,-0.29249
2.7651,1.5379,0.54797,0.54848,0.54464,0.49507,-0.26691,-0.10117,-0.8331,0.36064,0.13645,0.026432
1.7257,2.1777,0.84107,0.59553,0.33857,-0.67681,-0.35912,0.39743,-0.35349,-0.15784,-0.39199,0.48421
0.9619,1.9482,0.79303,0.36639,-0.034813,-0.74372,-0.61465,0.36615,0.28693,-0.21156,-0.40612,-0.50357
0.75497,1.4829,0.73278,0.71173,-0.15941,-0.52099,0.24145,0.11989,-0.47921,-0.29046,-0.064976,-0.12067
0.7699,1.3422,-0.19675,0.38564,0.81699,0.30701,0.87423,0.84755,0.32926,0.17124,-0.14056,0.11057
1.403,1.68,0.4969,0.56364,1.0737,0.60361,0.29145,0.68909,-0.25526,-0.25159,-0.17691,0.14672
0.03257,1.0111,0.75342,0.62772,-0.029734,-1.3546,-0.42071,0.32376,0.14342,0.3041,0.78782,0.36045
0.73518,0.90497,-0.01957,0.76138,0.18684,-0.15102,-0.11835,0.5469,0.13371,0.25907,0.7234,0.6225
-0.0081453,0.7111,-0.84002,0.093987,-0.09498,0.086871,-0.12821,0.18931,0.15472,-0.77732,-0.50923,0.36629
0.25798,1.0372,0.57209,0.66273,0.16508,-0.037538,0.75674,0.95148,0.09239,0.042485,-0.24418,-0.22607
0.85969,0.88316,-0.15401,0.48244,0.085121,-0.84015,0.10771,0.57179,0.22716,0.20183,0.35512,0.32515
0.34551,0.18723,0.1933,0.061736,0.20004,0.062979,0.28059,0.92473,0.87574,0.68547,0.11042,0.0055452
0.099772,0.85175,0.43548,0.40205,0.14505,-0.030179,0.60962,0.88119,-0.35722,0.92223,0.2354,0.41179
-0.07415,0.38238,0.14775,0.52164,0.23915,0.027936,-0.65694,0.47427,0.53176,0.57303,0.51069,0.5139
0.39363,0.56103,0.043503,0.52584,0.18353,-0.18121,0.53062,1.0535,0.80945,0.82709,0.6917,0.44546
0.74079,0.033513,0.2024,0.47614,0.46768,0.44655,-0.23792,0.34318,0.58332,0.8558,0.17604,-0.11979
1.1281,1.2433,-0.021858,0.24932,-0.0090938,-0.36927,0.42982,0.28179,0.79475,1.0077,0.62773,0.21465
0.99188,0.94185,0.38861,0.63331,-0.46299,0.11727,0.36878,0.029322,0.6627,0.61339,0.31637,0.24711
0.23299,1.0245,0.26809,0.33852,0.51465,0.30341,0.35809,0.57723,0.20281,0.60637,0.4781,-0.021138
0.64744,1.1272,-0.11219,-0.18976,0.34081,-0.028434,0.029419,1.0348,0.72653,-0.28238,0.3662,0.44406
0.067554,0.21022,-0.15902,0.63629,0.91719,0.095476,0.32768,-0.057314,-0.12016,0.51941,-0.013956,0.067466
0.4932,-0.039929,-0.16159,0.8515,0.015787,-0.6301,0.14304,0.98336,1.3051,1.2131,0.44832,-0.3487
0.19807,-0.069064,-0.27633,-0.40829,-0.25448,-0.28201,0.023334,0.89803,-0.098532,0.14193,0.059342,-0.10793
0.40291,0.088266,0.0366,0.61346,0.97231,-0.18639,-0.48955,0.38293,0.86306,0.33733,0.073795,0.19289
0.7458,0.96327,0.73231,0.56346,0.75707,0.0943,-0.62974,0.58807,0.8447,0.75279,0.85828,-0.17904
0.15983,0.95023,-0.098524,0.92317,0.22751,-0.76702,-0.32618,0.081515,0.25672,0.57335,-0.034066,-0.90647
0.94801,0.76045,-0.08093,0.33571,0.54401,-0.49476,0.017308,0.70531,0.48857,0.15399,0.57204,0.20949
0.92011,0.84029,0.48043,0.28746,-0.12858,-0.39445,0.041286,0.55437,-0.070019,-0.39357,0.3304,0.61897
0.041591,0.34897,-0.1434,0.62711,1.2181,0.34891,0.52276,0.38887,0.38255,0.032207,0.034118,0.32049
0.22768,0.89448,-0.11969,0.3694,0.31316,-0.33217,0.29496,0.91467,0.94072,0.55827,0.28127,0.51709
0.37383,1.0858,-0.3628,-0.052396,0.5882,-0.15442,0.12084,0.18873,0.13066,0.16585,0.22303,0.53481
0.89275,1.5534,1.1351,0.86683,0.74662,-0.45045,0.020691,0.36182,-0.076676,-0.27664,0.31957,0.22948
1.1386,1.4707,0.52077,0.4688,-0.10049,0.12269,0.63806,1.2043,0.28043,0.18806,0.18092,0.33379
0.2693,0.58493,-0.025505,0.85254,1.4346,0.26144,0.3186,1.2166,0.37333,0.54125,-0.30846,-0.53919
0.72253,1.4594,1.0788,0.55259,0.050577,-0.0011889,0.78143,2.0947,-0.024935,0.33124,0.28553,0.547
0.34546,1.3966,0.48455,-0.019783,0.27327,-0.046435,0.49878,1.0025,-0.24377,0.60832,1.3214,0.97721
1.6275,0.75243,-0.28313,0.57086,0.1516,0.26316,0.88799,0.99186,0.34856,0.10301,0.1456,0.02573
0.95491,1.12,-0.0013943,1.4284,0.13257,-0.64557,0.54116,1.3155,0.94033,0.92976,0.70694,0.66537
0.14053,0.12502,0.030108,0.79004,0.47433,0.093384,0.66461,1.0949,0.29225,0.63467,0.66389,0.19132
-0.31175,0.57651,0.1671,0.48227,0.32515,0.43638,-0.014796,1.1608,0.95576,0.7537,0.17391,-0.13019
0.89202,0.96411,-0.9436,0.68386,0.84425,-0.069561,0.15494,0.42447,0.04734,0.30499,0.3551,0.55933
1.006,1.6868,0.16797,0.16241,-0.26946,-0.37957,0.37483,1.0084,0.20117,-0.019419,0.1373,0.51518
0.76325,0.9484,0.86447,0.041816,-0.032554,0.26296,0.96643,0.74567,0.056104,0.30576,0.33291,0.16136
1.4644,1.0831,0.46625,0.54799,0.61187,-0.0095952,0.12882,0.30399,0.39477,0.49083,0.43814,0.51996
0.89164,0.92165,0.059808,0.62016,0.58183,0.36105,0.1696,0.81359,-0.11398,0.011136,0.54392,0.78799
0.51869,1.3449,0.25375,0.27643,0.58528,0.13158,-0.035881,0.43544,0.57016,0.68487,0.67633,0.62929
0.24964,0.96907,1.5495,1.4341,1.0023,0.29981,0.14001,0.89282,0.12386,-0.16639,0.69707,0.79617
0.89047,1.3979,-0.48489,-0.24821,-0.10577,0.46889,1.146,0.36632,-0.3926,-0.065822,-0.26319,-0.0081719
0.32576,1.3363,0.78041,0.63141,0.24029,0.032401,0.74964,1.0352,0.34189,0.29596,-0.31037,0.19603
1.1042,0.57994,-0.19882,0.15426,0.13683,0.61371,0.6263,0.081762,-0.029107,0.11135,0.7414,0.46873
0.84307,0.75833,0.19053,0.28184,0.13309,0.55376,1.0431,-0.22533,-0.29623,0.011074,-0.20258,0.046803
1.0162,1.1512,-0.055877,0.09749,-0.24324,-0.096926,0.26179,1.0058,0.4773,0.65457,1.0197,0.30015
0.3886,1.0262,0.0014454,-0.47509,0.22397,0.12242,1.2012,1.91,1.0136,0.53489,0.51314,0.49309
0.039146,0.6259,-0.075084,-0.14248,-0.23425,-1.1413,-0.63552,0.30912,0.64542,0.48282,0.35979,0.15215
0.45104,1.6676,-0.013558,0.1267,0.10144,0.23128,0.27882,0.70883,0.99804,0.85549,-0.030924,-0.2149
-0.47067,0.97477,-0.09446,0.49015,0.89215,0.44139,0.69361,0.18579,-0.024368,0.76421,0.77511,0.42446
-0.16192,0.98488,-0.53064,0.15056,0.48786,-0.33282,0.17586,1.5334,0.87063,0.42432,0.02852,0.324
0.062602,0.87864,0.4448,-0.37871,-0.1926,-0.37274,0.059032,0.99968,0.29528,0.62796,0.40005,0.03419
0.13721,0.7438,-0.44685,-0.079848,-0.12259,0.13726,0.061466,1.4278,0.65433,0.39515,0.42996,0.38226
0.86987,0.91594,0.23676,0.08732,-0.19257,0.7175,0.52967,0.58201,0.28401,0.72266,0.62561,0.14788
-0.49309,0.90428,-0.01745,-0.44782,1.2581,0.83396,0.18084,0.7617,0.49769,0.39312,0.17275,-0.22047
0.85492,1.171,-0.13367,-0.58844,0.067244,-0.035241,-0.2549,0.39904,0.20636,0.43688,0.25257,0.080955
0.30885,0.58136,-0.68575,-0.64181,-0.1628,-0.15304,-0.12067,0.79166,0.72985,0.69299,0.66819,1.0695
0.18024,0.93201,0.25081,-0.4049,-0.46147,-0.60854,0.12494,0.82078,0.68021,0.88864,-0.17993,-0.42614
0.38974,1.0334,0.21455,0.19244,0.57564,-0.024946,0.13917,0.97781,0.96689,0.82711,0.54495,0.40348
0.818,0.94105,0.19658,0.36921,0.56406,-0.33639,-0.18958,0.52389,-0.27717,0.90207,0.37875,0.34854
1.1363,1.0616,-0.22148,0.34914,0.94522,0.14419,0.39172,0.89069,0.21839,-0.098141,0.18516,0.31216
0.5592,1.0109,0.39999,0.29932,0.91051,-0.049886,0.39962,0.61795,0.40677,0.044441,0.32868,0.36374
0.17321,-0.06378,-0.47478,0.47912,0.15879,-0.15969,0.20619,0.72506,-0.22949,-0.020227,0.15859,-0.54078
0.99823,1.9303,0.78578,0.24989,0.41775,-0.3567,0.33779,1.5003,0.41958,0.0755,0.40335,-0.066447
0.38475,1.3029,0.71025,0.038796,0.080873,-0.68078,-0.056085,0.32982,-0.02045,0.047853,-0.22962,-0.051464
1.0709,1.037,-0.24436,0.036685,0.1485,-0.71345,0.21504,0.6775,0.27569,0.91725,0.54273,-0.51584
0.36329,1.0838,0.76218,0.44435,0.63949,0.47134,0.81825,1.4027,0.7849,0.16351,-0.29169,-0.45055
0.24013,1.8981,-0.58542,-0.1293,0.29459,-1.0988,0.68092,-0.19013,0.32848,-0.91103,-0.27332,-0.6334
-2.3417,4.0115,-1.3782,0.67824,0.46781,-0.60193,0.21338,-0.48639,-0.10295,0.15197,1.129,-0.27295
-2.7167,4.1155,-0.68178,1.089,0.42418,-0.49279,0.63823,1.7409,0.073466,0.10265,-0.3844,0.33861
-3.6922,3.6353,-0.80125,0.61235,1.1596,-0.38368,0.9645,1.7163,1.3013,0.5936,-0.015858,0.2044
-4.0059,3.7725,-0.93929,1.1083,1.0679,-0.26233,1.0397,0.90193,1.4098,0.39304,0.025696,0.23845
-3.7332,3.411,-1.7371,-0.24791,1.227,-0.25842,0.045276,-0.28465,0.37732,0.70517,1.0148,0.63348
-3.9613,4.2292,-0.93764,0.9404,1.359,-0.55514,1.1108,0.9245,0.12436,0.5186,0.7785,0.35091
-3.9335,4.2347,-1.6462,1.178,1.5072,-0.52285,0.5763,-0.32694,0.19091,-0.20768,-0.22465,0.41481
-3.8805,3.9727,-1.208,0.52759,0.81752,-0.64799,1.3733,0.64725,0.1218,0.1256,0.24006,0.28216
-3.5018,3.8263,-0.75669,0.41622,0.74347,-1.2366,0.83253,0.72264,0.88046,0.55006,-0.11602,0.014689
-4.492,3.3109,-2.0346,0.41788,0.15286,-1.5713,0.21069,-0.18063,-0.37484,-0.083632,-0.47356,-0.050435
-4.0479,3.5551,-1.5815,0.87362,0.68122,-1.164,0.2551,-0.14373,0.19756,0.97964,-0.20542,0.073105
-3.83,3.4534,-1.1271,0.6624,0.48084,-0.76487,0.69461,1.1239,-0.28587,0.75769,0.12558,0.25358
-4.1598,4.1173,-1.3668,0.47472,0.20452,-0.76583,0.21383,0.41253,0.3017,0.57909,0.66317,-0.042761
-4.3716,4.1547,-1.1783,0.48303,0.60012,-0.27626,0.57698,0.26751,0.27168,0.31856,0.085757,0.8136
-5.212,3.689,-1.1469,0.46368,0.12567,-0.44635,1.5353,1.0166,0.53957,1.1435,0.29257,0.36099
-4.2668,4.0829,-0.55529,0.956,-0.46706,-0.45191,0.75734,-0.015556,-0.4958,-0.31435,0.041986,0.14921
-3.9223,3.4799,-1.1207,1.316,0.43905,-0.2931,1.6333,0.52941,0.58037,0.94862,0.38189,-0.097474
-5.1386,3.7847,-0.80097,0.63601,0.54076,-0.37656,0.69979,0.73907,0.70284,0.90561,0.73438,0.37949
-5.2794,3.1858,-1.1535,0.24218,0.92765,-0.0031295,1.0872,0.53449,0.0020645,0.38523,-0.15476,0.80467
-4.7461,3.5671,-1.5235,0.076875,-0.24018,-1.2985,0.55677,0.73765,0.44746,0.2135,0.33353,0.12975
-6.2358,3.6584,-1.1495,0.065219,-0.15375,-1.1351,0.59048,0.47334,0.39407,0.2296,-0.00055309,0.52678
-5.7277,2.6568,-1.7972,-0.89151,0.61147,-0.43511,0.1803,0.40709,-0.39336,0.17697,0.47072,-0.0021025
-6.1856,2.7185,-1.2534,-1.3375,0.43442,-0.061891,0.97896,1.8625,0.99576,0.029221,0.3958,-0.44359
-4.8759,3.6409,-1.2685,-1.2258,0.55255,0.34513,0.46656,0.75903,0.6343,-0.66417,0.83441,-0.032087
-4.9849,2.9281,-1.1623,-1.1845,1.0207,0.36778,0.4371,1.1915,0.94111,0.020217,0.65091,-0.42044
-3.6084,3.6523,0.54471,-1.3079,0.78249,0.31799,0.66434,1.1687,0.42459,0.015085,0.38417,-0.43298
-1.154,4.4128,2.0922,0.28944,1.0181,-1.2149,0.051149,-0.226,-0.11747,-0.42014,0.59673,-0.1765
0.17418,3.7753,2.2926,0.74081,0.43562,-2.2585,-0.65011,0.5699,-0.061732,-0.083064,0.95216,-0.48935
0.26913,4.2312,1.6655,-0.53463,0.55007,-1.7995,-0.46645,0.86949,-0.1608,-0.33569,0.3512,-0.031558
1.0724,4.3884,2.305,0.11323,-0.17269,-1.7754,0.0036977,0.62778,-0.62412,-0.38201,0.62829,-0.576
0.5409,4.2769,1.913,0.12988,0.75165,-1.7549,0.0487,0.92937,-0.72994,0.11491,0.39474,0.065751
0.3994,4.1001,1.981,0.22435,0.87886,-1.5003,-0.069891,0.67522,-0.16427,-0.41614,0.94532,-0.51021
0.25924,3.6822,2.234,0.4248,0.69699,-1.6356,-0.5106,0.52161,-0.2235,0.13301,0.83925,0.09626
-0.021021,3.5846,2.289,-0.014013,0.71511,-1.7353,-0.76221,0.896,-0.20239,0.0019087,1.002,0.70523
-0.25642,4.0568,2.3307,0.16481,0.74003,-1.0457,-0.43245,0.21714,-0.43592,0.59182,0.33062,0.44636
-1.8316,5.4821,1.0757,0.17979,1.0612,-1.1706,0.2177,0.23523,-0.29317,0.15889,0.22221,0.68613
-2.8768,5.1409,1.0489,-0.5068,0.71145,-0.51494,0.71206,0.1395,-0.042315,0.38713,0.45091,-0.058641
-3.5791,5.5891,0.66342,0.24772,1.2551,-1.2193,0.79276,0.30936,-0.054956,0.35165,-0.031061,-0.055929
-4.9494,4.9352,0.74742,-0.12404,1.5855,-0.79979,-0.58309,0.00019151,-0.20724,-0.18804,0.012838,-0.10519
-5.2065,4.3956,0.1441,0.060152,0.83054,-0.86239,0.45428,0.16269,-0.66472,-0.33878,-0.013775,-0.14757
-5.3489,4.454,-0.083298,0.28581,0.57245,-0.89047,-0.047811,-0.61703,-0.41116,-0.14327,0.94648,-1.1674
-5.115,4.9012,0.33066,-0.21473,0.8876,-0.40313,0.76872,0.14556,-0.24859,0.073254,0.65511,0.13443
-5.3766,4.161,-0.28827,-0.39293,1.05,0.63124,0.91548,0.06564,0.25421,-0.06943,0.65289,-0.088919
-4.5627,4.1779,-0.16801,-0.42906,1.025,-0.24507,0.91764,0.75853,0.16459,0.0065354,0.42581,-0.35014
-5.0323,3.7016,-0.95047,-1.3219,0.1443,-0.88371,-0.06367,0.097265,-0.49345,-0.10697,0.14728,0.022443
-5.1277,3.6997,-1.4486,-0.76326,0.75835,-0.36443,0.52554,0.80403,-0.15516,-0.14107,-0.16092,-0.17127
-5.1711,3.8828,-0.99262,-0.074418,0.79728,-0.94444,0.025648,0.30648,0.33513,0.85579,0.50153,0.23102
-5.3967,3.6367,-0.92081,-0.52248,-0.31338,-0.97632,1.1359,0.35642,0.86163,0.56064,0.40639,-0.16986
-6.3166,2.7573,-1.8072,-0.84861,0.54843,-0.070262,0.97509,0.89097,0.34144,-0.22502,0.54671,-0.12923
-5.0214,3.3079,-0.89798,-0.46786,0.018132,-0.34563,0.60526,0.67451,0.60787,0.32815,0.4634,-0.035465
-5.7407,3.451,-1.2281,-0.27831,0.95114,-1.2496,-0.12039,-0.01603,0.80645,0.45776,0.711,0.1956
-5.6867,2.6923,-1.2165,-1.0935,0.0017902,-0.12505,0.63703,0.22519,-0.11405,0.064407,0.088098,-0.30039
-5.1884,3.3476,-1.2237,-0.90752,0.653,-0.71158,0.22101,0.69142,0.6218,0.66934,-0.094707,-0.38975
-4.5972,3.724,-1.1567,-0.96026,0.33509,-0.47731,0.069411,0.29461,0.47286,0.14725,-0.14393,-0.44939
-4.2352,3.652,-0.97794,-0.10338,1.3888,0.23915,0.96648,0.28651,-0.032527,0.18352,0.33331,-0.35984
-4.8572,4.0776,-1.1972,-0.19871,0.41934,-0.15184,0.70019,1.2354,0.68443,0.071858,0.70007,-0.01475
-6.1295,3.2802,-2.4331,-0.48267,0.020565,-1.2164,1.0065,0.02117,0.56522,-0.2944,-0.14738,-0.46522
-5.3989,2.8942,-2.3294,-0.083306,0.40841,-1.0599,0.13926,0.70973,0.94089,0.40978,0.33686,0.24211
-4.993,2.9871,-1.1034,-0.24934,0.55242,-1.2645,0.95666,0.936,0.62547,0.73034,0.59477,-0.069683
-5.6158,3.3629,-1.1342,-0.66486,0.803,-1.0722,0.90288,0.95835,0.87284,0.39163,0.46681,0.23854
-5.8917,3.373,-1.5337,-0.8856,0.53705,-0.86882,0.1873,0.5818,0.42011,0.82802,1.0085,0.97453
-5.3305,3.2325,-1.5698,-0.47569,1.043,-0.69729,0.20022,0.98594,0.80358,0.7731,0.34907,-0.0010712
-5.7698,3.0523,-1.3473,-0.53472,0.73956,-1.3572,-0.057375,0.44819,0.71408,0.46099,0.5571,0.73779
-5.2142,3.7871,-0.95318,-0.74447,0.59426,-0.98431,0.82815,0.65145,-0.083482,0.21516,0.2275,0.53669
-5.347,3.5284,-0.7087,-0.60989,1.035,-0.50155,1.1227,0.37172,0.12565,0.095403,0.48077,0.76475
-6.3889,3.0737,-0.95695,0.1235,1.6315,-0.30039,0.56935,0.50108,1.2874,0.95139,0.43597,-0.16104
-5.4428,3.4394,-1.0324,-0.70872,1.1838,-1.3464,-0.10213,0.68089,0.2649,-0.025312,0.58115,0.090258
-5.1204,3.5752,-1.8778,-1.6437,0.81315,-1.6705,0.49553,1.1796,0.235,0.3701,0.70457,-0.10666
-5.1025,3.4654,-0.56549,-1.2502,1.5282,-0.55131,0.9205,1.1126,0.2469,0.11813,0.78671,0.5174
-4.478,3.6711,-0.70213,-1.1337,0.88764,-0.87271,0.94705,0.67888,0.60269,0.31045,0.21196,0.29249
-4.2903,3.2952,-0.74564,-0.8192,1.0381,-0.27363,1.0446,1.2072,0.31527,0.19366,0.44998,0.035687
-4.1746,3.1003,-0.41279,-0.68037,0.53471,-1.7156,0.11282,0.85277,0.77221,0.66642,1.1227,0.21399
-4.4185,3.5125,-1.5068,-0.89643,1.2548,-1.1065,0.41041,1.6219,0.52296,0.28583,0.4137,0.34947
-4.454,3.7885,-0.35269,-0.70507,1.3327,-0.21226,0.9035,0.5855,0.37322,0.4448,0.12548,0.24307
-4.9189,2.6352,-0.089405,-0.61842,0.80658,-0.59995,1.104,0.73805,0.89139,-0.2536,0.087997,-0.48943
-4.5656,2.9304,-0.13446,-2.1215,1.4421,-0.092387,0.24319,0.49475,0.93007,0.68999,0.073781,-0.064439
-4.1918,2.0305,-0.1855,-1.2073,1.2789,-0.79775,0.66096,1.7494,0.45157,0.44684,0.84703,0.24724
-3.7085,2.1874,0.76306,-1.761,1.3147,-0.3961,0.72905,0.96777,0.40635,0.090233,0.58887,-0.097806
-3.2728,0.86553,0.45658,-1.321,0.22576,-0.51301,0.5135,0.82193,0.38454,0.5249,1.2731,1.3121
-1.7616,2.1034,0.85266,-0.71456,0.36764,-1.1827,0.57829,1.8963,0.8072,0.078484,0.26242,0.23208
-1.5875,1.0903,0.18395,-1.0896,1.2899,-0.21983,0.30334,0.92583,-0.010979,0.21035,0.46573,-0.28725
-1.9644,0.98486,0.84306,-0.44802,1.1924,-0.68085,0.97165,2.3855,0.7882,0.11088,0.67032,0.25
-0.11622,1.7741,0.97986,-0.024069,0.27252,-1.0785,0.25567,0.76991,0.083805,-0.32338,0.057634,0.21772
-0.52514,1.4172,0.68717,0.31253,0.73182,-0.85841,-0.27611,0.35182,-0.057445,0.91998,0.78354,0.64955
-0.2865,0.56856,0.12328,0.13187,0.51669,-0.86865,-0.41791,1.1262,0.75969,0.80731,0.69276,1.0101
0.6701,0.51961,0.13054,0.31738,0.097058,-1.1792,-0.633,0.47959,0.88506,0.90454,-0.076466,-0.076545
0.97528,1.4841,0.053049,0.0012841,0.20648,0.015567,0.59536,0.563,0.55087,0.60077,0.22412,-0.26435
0.89703,1.0261,-0.14319,-0.22562,-0.24421,-0.64386,0.019163,1.1978,0.34049,0.30183,0.3377,0.29329
0.45678,0.80439,-0.35303,0.13965,0.54878,-0.36446,0.46815,1.4299,0.51194,0.54791,0.05445,0.15819
-0.67898,0.96416,0.45736,0.030925,-0.01918,-0.48202,-0.98793,0.68346,0.43443,0.48782,0.92536,1.0022
