-0.015881,0.82423,-0.28891,0.53368,0.14401,-0.35627,0.19634,0.65436,0.51059,1.0844,0.59279,0.16321
1.2852,0.20953,-0.4945,0.91078,0.8534,0.25107,-0.19624,0.42908,0.60958,0.23046,0.36579,0.081781
0.62656,1.1947,1.1986,0.89118,0.26498,0.82745,0.74064,0.67115,0.40299,0.27783,0.74837,0.34604
0.019167,1.3727,0.5662,0.89963,1.0031,0.68558,0.67422,1.2972,1.1105,1.0793,0.23677,0.33837
0.91342,0.98606,-0.097148,0.38558,1.2872,0.5983,0.28371,0.90185,0.16948,0.57129,0.85789,0.54527
0.41107,1.3479,0.25795,0.16508,0.74521,-0.084984,0.15782,0.91605,0.72608,0.9669,0.84456,1.1151
1.0282,0.87398,-0.21155,0.069709,0.71082,0.69569,0.50381,1.0577,0.50716,0.88448,-0.022996,-0.10986
0.6701,1.4247,0.38727,-0.019681,0.58116,0.23349,0.9626,0.34776,0.021185,0.49177,0.68032,-0.073252
1.4623,1.352,-0.27023,0.38982,0.68251,0.11427,-0.088561,0.26372,0.28151,0.63043,0.73105,0.64146
0.70084,1.2454,0.27344,0.94021,0.54778,0.32972,0.50114,0.55169,0.014752,0.47091,0.035402,0.011962
0.93412,1.2429,0.050228,0.50517,0.52733,0.11467,-0.70425,0.80879,0.72855,0.59305,0.1066,-0.5405
0.50876,0.40574,-0.32683,0.35091,0.5827,0.23465,-0.40049,0.3783,-0.0022458,0.44546,0.17568,0.35553
-0.69037,0.97207,0.69517,0.42132,0.81368,0.44887,1.2545,0.94272,1.1758,0.53137,-0.0011621,0.33296
0.44363,1.6032,1.1416,0.8431,0.97937,0.92003,0.8578,0.58882,0.36684,0.028288,0.06964,-0.12032
4.2405,3.232,1.6168,1.6894,0.63567,-0.60831,-0.91265,-0.18653,-0.046176,-0.29606,-0.24002,-0.087448
4.9199,4.0774,1.9699,1.3318,-0.142,-0.91175,-0.23331,-0.084494,-0.9307,-0.30965,0.081812,-0.095448
2.7662,2.6658,1.337,1.1535,0.81462,-0.12932,-0.16846,0.020634,-0.59502,-0.13039,0.17714,0.048683
4.3052,3.4275,1.921,0.89687,0.23461,-0.73032,-0.47365,0.12952,-0.15018,-0.20705,0.25819,0.18947
5.4084,3.6763,2.1263,0.86756,-0.31567,-0.24911,-0.69921,0.21315,-0.63166,-0.098769,0.32085,0.076924
4.399,2.6901,1.7881,1.1184,-0.39942,-1.1002,0.11778,0.39192,-0.7805,0.018177,0.63428,0.5033
4.8004,2.4855,1.4104,1.5376,-0.22683,-0.83103,0.33043,0.66126,-0.41778,0.12481,0.24289,0.1427
3.9353,2.9376,1.8541,1.7258,-0.45482,-1.1488,0.23216,0.81857,0.1098,0.25685,0.42131,0.92927
4.9735,2.6567,2.0366,1.6228,-0.791,-1.2172,-0.058181,0.52811,-0.13551,-0.17832,0.13138,0.29597
4.6251,2.3819,2.4982,2.0273,-0.72901,-1.2282,0.074161,0.56457,-0.59105,-0.032762,0.088568,0.70266
4.7683,2.6648,2.3556,2.105,-0.57108,-0.92248,0.12282,0.42286,-0.51352,0.12621,0.49213,0.17169
4.1768,2.1896,1.5475,1.314,0.17336,-0.82951,0.24191,0.26687,-0.31413,0.44427,0.23615,0.74628
4.1441,2.8103,2.1088,1.6342,-0.25482,-0.91293,-0.074039,0.23466,0.19301,0.21496,0.42277,0.12008
4.9794,1.9359,2.036,1.9487,-0.63839,-1.5445,0.062015,0.42778,-0.62493,0.047806,0.54004,0.21277
5.0044,2.4131,1.8985,1.5635,-0.48074,-0.70218,-0.20243,-0.28815,-0.47434,0.41667,0.79607,-0.20193
4.9351,2.362,1.8735,1.8635,-0.34603,-1.132,0.3021,0.92614,-0.46192,-0.67325,0.32031,0.21562
4.4782,2.1043,2.0742,1.7045,-0.62895,-0.83988,0.39693,0.49275,-0.38732,-0.224,0.21883,0.59393
4.6328,2.0721,1.6485,1.7378,-0.24641,-0.94832,0.27237,0.56414,-0.15303,0.12473,0.11777,0.39606
5.0903,1.6185,1.8529,1.8261,-0.79248,-1.2971,-0.37585,0.51667,-0.6116,-0.10486,0.2061,0.29608
5.4949,1.101,2.1125,2.0169,-1.1098,-1.5375,-0.24237,0.34566,-0.54787,0.048158,0.28817,0.19495
5.9947,1.069,1.8575,2.2414,-1.1325,-1.6613,0.27161,0.33523,-0.59757,0.10229,0.091951,0.26507
5.273,1.4533,1.4654,1.8943,-0.87158,-1.4383,0.54234,0.44997,-0.63237,-0.18729,0.40159,0.2883
5.1109,1.3615,2.2199,1.818,-0.4376,-1.3411,0.12056,0.080839,-0.21027,-0.082005,0.16741,0.47502
5.7615,0.88924,2.5205,1.8135,-1.5743,-1.3887,-0.31052,0.44876,-0.63108,-0.30048,0.09805,-0.061491
5.5126,0.28878,3.0979,1.6359,-1.5897,-1.4421,-0.11081,0.52304,-0.8182,-0.39224,0.38131,-0.22085
5.1696,-0.1557,3.6495,1.5957,-2.0264,-0.72425,0.013576,-0.27422,-0.32703,-0.13436,0.0027829,-0.18792
5.0577,0.2495,4.4009,1.0495,-2.0493,0.11049,-0.74997,-0.47567,0.18327,-0.34066,0.26581,-0.0012954
4.4186,0.52458,4.1982,0.78978,-1.6336,-0.054761,-0.16997,-0.38223,-0.030534,-0.42582,-0.13296,-0.2261
3.966,0.5151,4.366,0.45272,-1.1651,-0.03156,-0.5627,-0.0024144,0.10077,-1.044,0.19465,-0.087989
3.8534,0.69646,4.6902,0.40462,-0.9413,-0.20836,-0.9984,0.034626,0.099526,-1.0338,0.24631,0.12219
3.2194,1.2961,4.6776,-0.00801,-0.73749,-0.58392,-1.1932,0.00042694,-0.020236,-0.9093,-0.032888,-0.10146
3.2875,1.2934,4.5366,0.33053,-0.78598,-0.93081,-1.1936,0.28262,-0.23698,-0.79707,-0.039438,-0.019118
3.3217,2.3805,3.8587,0.025655,-1.0863,-0.43323,-0.80989,-0.33183,-0.32955,-0.50927,0.3069,-0.73546
3.1304,2.9607,3.6265,0.2566,0.096657,-1.1186,-1.2995,0.0441,-0.18832,-0.55878,0.15325,0.015982
2.6837,2.5281,3.2037,0.73068,-0.32412,-0.78466,-0.37525,-0.56253,0.62584,-0.76297,0.048197,-0.57462
2.4208,3.6713,2.2012,0.6775,0.49546,-1.2841,-0.41346,-0.34702,1.2276,-0.50516,-0.44006,0.022157
0.91094,3.1555,1.5766,1.6616,-0.63801,-0.82906,-0.56236,-0.9484,0.79848,-0.38677,0.29936,-0.25196
1.3164,1.805,1.3598,-0.023155,-0.58145,-1.2467,-1.3565,-0.50241,-0.079105,-0.46443,-0.45185,-0.59084
3.1572,2.5388,1.7458,0.71623,0.75838,-0.48972,-0.69899,0.55117,0.091268,-0.24022,0.12992,-0.062209
3.3627,2.5724,1.1105,1.0429,0.41136,0.43556,-0.47646,0.46233,0.3094,-0.28699,-0.10772,-0.30886
2.8322,2.597,1.9007,0.85015,0.37514,0.22739,-0.4897,-0.71434,-0.37575,0.17294,0.0084102,-0.12728
2.6409,1.7786,0.30837,0.54904,0.046206,0.15566,0.32498,0.8193,0.34272,0.13307,-0.37682,-0.029599
0.85024,1.0562,0.80503,0.9869,0.03132,0.13482,0.69464,0.65639,0.5298,0.37295,0.10316,-0.64288
1.3884,2.1503,0.5783,0.32131,-0.032876,-0.38973,-0.10199,0.12589,0.18813,0.12941,-0.38121,-0.55857
2.0947,2.5986,0.58269,0.087692,-0.93692,0.45802,0.72842,1.064,0.73706,0.41604,0.58289,0.73589
1.7279,2.002,0.97281,0.42171,0.44611,-0.1717,0.11529,0.62385,0.54865,0.51932,0.23678,-0.26486
0.65856,2.2755,-0.84665,0.90308,-0.1032,-0.26399,0.29176,0.57979,0.7417,0.99788,1.1231,-0.040365
-0.80611,1.7192,-1.3845,-0.025982,-1.4187,-1.3676,-0.83238,-0.28146,0.15483,0.45994,0.81462,-0.3431
0.094498,3.4983,0.20691,0.23166,-0.89919,-0.074514,-0.18965,1.0244,0.49524,0.42879,1.2513,-0.079151
0.10398,2.1,-0.53604,0.13027,0.41627,-0.037578,0.28099,0.17515,0.84327,0.12985,0.34432,-0.27969
0.23372,2.0516,-0.72455,-0.63912,0.092387,-0.22452,0.15854,-0.077732,0.54198,0.35833,0.60441,-0.4571
-0.064798,1.4795,0.46043,0.5707,-0.14626,-0.58844,-0.11545,0.42236,-0.19965,-0.25535,0.20472,0.024162
-1.5039,1.536,-0.60691,0.28083,-0.069241,0.70517,0.43151,-0.0058043,0.039488,0.17421,0.72929,0.15684
-0.87285,1.5285,-0.57127,1.2263,-0.33928,0.35953,-0.76127,-0.10062,1.0389,0.39416,1.0169,-0.18189
-2.454,3.478,-0.93866,1.6991,-0.30284,0.65265,0.39629,0.49972,0.38208,-0.64162,0.5588,-0.08867
-4.4026,3.6111,-2.1604,1.45,-0.57562,0.53946,-0.3087,0.12721,0.94152,-0.44833,0.11793,-0.62092
-3.6998,4.2157,-2.2341,1.8942,0.050345,0.91711,0.065825,-0.34903,0.71311,-0.39302,1.1749,-0.63237
-3.7555,3.5171,-3.5894,1.0747,-0.87597,0.5357,1.0666,-0.25635,1.0497,-0.47018,1.1017,-0.50616
-1.1148,3.3812,-3.9231,-0.19432,-1.8796,-1.4279,0.181,-0.52723,0.46787,-0.86767,0.90036,-0.70619
-1.492,3.5095,-0.94103,0.60751,-0.28725,-0.11685,0.24992,-0.38235,1.0134,-0.80354,-0.24949,-1.1425
-0.91536,2.7142,-0.49715,0.70457,-1.3369,-1.1844,0.085015,0.038427,0.41124,0.15694,0.39671,-0.44087
0.23881,3.4652,-0.81764,0.10478,-0.71205,-0.96534,-0.41847,0.35712,0.63272,-0.3461,0.45938,0.089761
-0.65178,2.328,-0.74049,0.64275,0.077991,-0.64559,-0.050575,0.12831,0.34372,-0.45781,0.16379,-0.0026654
-0.53765,2.1449,-0.18622,0.76437,-0.34942,-0.83819,0.0089548,0.85814,1.3362,0.16344,0.38302,-0.056878
-1.6122,1.3221,-0.68444,1.1031,-0.16638,-0.34635,0.41388,0.79238,0.62212,0.60111,0.43342,0.46837
0.31953,1.9718,-0.78391,0.081046,0.13638,0.05602,0.18452,0.4704,0.45163,0.67528,0.07835,-0.059127
0.71505,2.0154,-0.79336,0.26602,0.27056,0.25868,-0.013141,1.0705,1.4297,0.77393,0.086154,-0.22198
0.23453,1.5361,0.29837,1.2692,0.4295,0.29027,0.35174,1.063,0.54866,0.61903,0.36317,-0.30829
0.1717,2.0748,0.20464,0.80861,0.38906,-0.44548,0.22308,0.84289,0.73822,0.81608,0.51587,0.26415
0.34566,0.59226,-0.35959,0.79254,0.080148,-0.64008,0.024587,0.31957,0.16608,0.79895,0.90243,0.2111
0.57862,1.9841,0.57385,0.34047,0.26106,-0.15707,0.34105,1.1935,0.38723,-0.58355,0.2,-0.30123
0.461,1.6944,-0.38261,0.47663,0.49233,-0.57433,-0.43561,-0.8568,0.18816,0.5097,0.37382,-0.73093
0.95406,2.6598,0.089669,0.78229,0.5885,-0.8932,0.72715,-0.95962,0.912,-0.68629,0.2987,-0.15938
3.7324,3.7947,1.2264,0.2568,-0.27709,-1.0138,-0.50544,-0.82152,0.19286,-0.37447,0.43212,-0.46532
1.0539,4.187,0.63986,0.88921,0.1555,-1.1375,-0.38824,-0.56735,0.5969,-0.025426,1.1471,0.30738
-2.0851,3.2496,-0.78372,0.48831,-0.41196,-1.5225,0.054615,-0.23461,0.90082,-1.3259,-0.95227,-1.2827
-2.9399,4.0805,-0.69121,0.58743,0.59021,0.81624,0.71522,0.72608,1.6654,-0.61613,0.80753,-0.27109
-3.673,4.6451,-1.5565,0.59823,0.11504,0.15736,0.63356,-0.7292,0.93237,-0.12319,0.73014,-0.70234
-4.0922,4.3942,-1.6947,0.68194,0.10615,-1.0319,0.08519,0.5327,0.84877,-0.73534,0.73852,-0.41258
-5.4459,4.3634,-2.776,0.5144,-0.65524,-0.23045,-0.21616,-0.053217,1.2183,-0.15462,1.4089,-0.31563
-4.8619,4.5185,-2.459,0.89846,0.13034,0.15069,0.027251,-0.026927,1.0424,-1.0466,1.3464,0.079253
-5.1838,5.0839,-1.5304,1.3738,0.062213,0.30775,0.62157,-0.082464,0.86542,-0.92554,0.82651,0.24329
-5.3173,4.8036,-2.5208,0.93231,-0.40233,-0.20927,1.0012,-0.24475,0.34841,-0.69753,0.99178,0.043675
-5.3278,4.7199,-2.7978,1.2758,-0.23109,0.24366,1.0028,-0.29302,1.2529,-1.0174,0.83252,0.49572
-6.6493,4.9375,-2.242,0.35599,-0.29859,0.6439,0.99474,-0.79312,0.39648,-0.21117,0.41791,-0.40711
-5.7198,3.9646,-3.1304,0.50495,-0.44803,-0.53472,0.13343,-0.17942,1.0865,-0.37278,0.60884,-0.57027
-6.0914,3.9862,-2.8813,1.6348,0.0092213,-0.16902,0.95929,0.11992,1.5144,-0.70978,0.3798,0.30399
-6.3005,3.6417,-2.0761,1.3968,-0.30078,-0.43808,0.060032,-0.2552,0.79768,0.15208,1.255,0.31094
-5.664,4.2437,-2.4541,1.0575,-0.030831,0.16951,1.0282,-0.50395,0.94077,-0.73978,0.60669,-0.023892
-5.5611,4.4435,-2.6382,1.5637,0.079608,-0.019569,0.74935,-0.29614,1.2291,-0.54988,1.4057,0.042375
-6.4858,4.7325,-2.456,1.7892,-0.73852,-0.72162,0.73451,-0.14487,1.0331,-0.13372,0.73439,-0.4904
-6.5055,4.9517,-2.3882,1.4892,0.19087,0.14223,1.2935,0.23908,0.64958,-0.78967,1.1684,-0.041162
-6.5172,4.2484,-2.9034,1.1444,0.30317,-0.40909,0.49621,-0.42915,1.1115,-0.86022,0.69337,0.025577
-6.7752,4.226,-2.7144,1.4905,0.81247,0.042795,0.75985,-0.33626,1.1532,-0.046442,0.91967,-0.037395
-6.8578,5.0003,-2.6954,0.61026,-0.29497,-0.67225,0.024796,-0.52775,0.67766,-0.65406,0.65941,0.17151
-6.2536,4.3304,-2.0667,0.70604,0.0023384,-0.015922,1.048,0.32989,1.4728,-0.090819,0.9914,-0.4648
-6.5756,3.82,-1.9658,1.1553,-0.13477,0.030619,1.5176,-0.26743,1.1605,-0.22953,1.1943,-0.35544
-6.9557,3.8267,-2.3306,0.84977,0.070284,0.5014,0.84033,0.81592,1.9194,-0.086205,0.31951,0.32198
-6.4398,4.4206,-1.7694,0.61758,-0.183,-0.12527,0.79633,0.25441,0.99529,-0.034539,1.4014,0.13266
-5.9396,3.7707,-2.0545,0.61222,0.1906,0.69795,0.58187,-0.023543,1.1582,0.025192,0.86905,0.071084
-6.1142,3.3059,-2.623,1.3212,-0.34517,0.19504,1.1401,0.068526,1.469,0.22128,1.3094,-0.062969
-5.7834,3.9869,-1.8446,0.67115,0.35289,0.30386,0.72597,-0.50204,1.5,-0.32937,1.0679,0.083827
-5.9232,3.197,-1.2942,-0.31074,-0.18359,0.016776,1.1433,0.29294,0.76276,-0.98651,0.58895,-0.0018161
-5.1299,4.242,-1.8611,-0.014118,0.3948,-0.1553,0.92826,-0.56621,1.4121,0.13505,1.0407,0.85588
-2.5244,5.6835,0.090913,0.68881,-0.20285,0.02079,0.41002,-1.2203,0.90796,-0.65389,0.47298,-0.23185
-0.77458,5.8147,1.2246,1.0711,-0.67601,-0.32072,0.49504,-0.80173,0.56518,-0.28009,0.82497,-0.32794
0.28382,5.8227,0.88709,0.88658,-0.5577,-1.1091,0.31772,-0.057363,0.45521,-0.49932,0.37226,-0.20355
0.84171,6.2212,0.43018,0.35728,0.11084,-1.1286,-0.16937,-0.54313,0.80583,-0.83819,0.33355,0.15221
1.0434,5.509,1.1503,0.27188,0.6157,-2.1805,-0.3067,-0.27157,0.96171,-1.5884,0.43124,0.34318
1.2458,5.156,0.9353,0.58362,0.23043,-1.1738,0.060136,-0.42779,1.064,-1.1999,0.64419,-0.3358
1.2234,5.0275,1.0138,0.49866,0.169,-1.0228,0.2156,0.0033427,0.77315,-1.299,0.52113,-0.1013
0.90303,5.5561,1.2853,1.0409,-0.12016,-0.97649,0.47654,-0.05759,0.73037,-1.8059,0.63451,0.013982
1.0223,5.2197,0.49955,1.2689,-0.076746,-1.4855,0.61016,-0.21154,0.8828,-1.4812,0.44874,0.14094
0.84231,5.1857,0.84573,1.4586,-0.24961,-1.237,0.37972,-0.54587,0.59375,-1.1911,0.9204,0.14475
0.82038,6.2048,0.33273,1.6634,0.015613,-1.5891,-0.063057,-0.1258,1.0812,-0.92415,0.4478,-0.013025
-0.24691,6.1906,0.5985,1.9443,-0.13464,-1.1087,0.059591,-0.5679,1.1189,-0.99494,1.0949,-0.36771
-0.3754,5.6571,0.78569,1.4339,0.42725,-0.44106,0.63591,-1.4808,1.0934,-1.3958,0.90947,0.11636
-0.81111,5.6498,1.0003,1.4764,0.050233,-0.95529,0.11953,-0.79165,1.1471,-0.72921,0.69496,-0.062897
-0.54977,5.1539,1.0113,1.6212,-0.065696,-1.57,0.60625,-0.43707,0.98915,-0.56894,0.98072,0.36988
-0.73123,6.5122,0.69854,0.97964,-0.18344,-0.86787,-0.16163,-0.59923,0.68217,-0.99397,0.58958,0.24207
-1.0828,6.4362,0.8939,2.2067,0.41006,-1.0668,0.27451,-0.84224,0.26899,-1.4461,0.9093,-0.27182
-0.9097,6.6923,0.22964,1.8581,-0.008867,-0.50275,-0.13726,-0.96458,0.68487,-1.2344,0.25365,0.15816
-2.6586,6.9001,0.85875,1.7772,0.90137,0.12502,0.036344,-1.3235,0.86619,-1.2128,0.055312,-0.33171
-3.5673,5.8461,0.53281,1.9905,0.27941,0.17658,0.20163,-0.57414,0.4467,-1.5636,0.63647,-0.2973
-4.0291,6.0924,0.24021,1.0738,0.65092,0.26784,0.27049,-0.38254,1.0862,-0.69725,0.68931,-0.2271
-4.4079,5.765,-0.43109,1.5036,0.33577,0.20259,0.48859,0.58234,0.78158,-0.94478,0.032503,-1.2873
-5.6716,4.897,-0.95788,1.8638,0.53294,1.0417,0.49985,-0.33907,1.0401,-0.67853,0.55388,-0.43142
-5.108,5.2583,-0.9401,1.3599,0.46457,0.57349,0.67569,0.52383,1.218,-0.28967,0.69695,-0.63882
-5.6148,5.5672,-1.6275,0.36606,0.53807,0.44835,0.46771,-0.084557,1.7077,-0.67074,0.69406,-0.036449
-4.4641,5.244,-1.1082,0.81896,-0.22688,0.040067,0.927,0.11569,1.3711,-1.0389,0.82365,-0.10319
-5.6491,5.5811,-1.0866,1.2854,-0.011904,0.25897,0.78405,0.087398,0.83001,-0.95978,0.4628,-0.59492
-5.3188,4.7926,-1.3921,1.8693,0.30489,0.0093316,1.0742,0.75109,0.97059,-0.4233,0.58676,-0.56548
-5.4688,4.4226,-1.5106,1.8375,0.02113,-0.90689,0.42043,-0.20985,1.2032,-0.22106,1.0651,-0.13834
-5.302,4.1241,-1.8206,1.1796,-0.01839,0.26695,0.35379,-0.038389,1.5748,-0.44561,0.79263,0.21969
-6.3337,4.1549,-2.0024,1.5585,0.63144,0.18791,1.5777,-0.16633,1.0299,-0.095105,0.68224,-0.74626
-6.1765,3.956,-2.0917,1.4175,0.44801,-0.28647,1.2174,0.53255,1.0125,-0.49449,0.41236,-0.36379
-7.3473,4.1703,-1.5641,1.3899,0.42265,0.8216,1.0459,0.27925,1.4448,-0.33833,-0.040033,-1.5193
-5.8766,4.7244,-1.6987,1.0852,-0.32201,-0.12828,1.2786,0.079124,1.2643,-0.50474,1.39,0.47833
-6.6744,3.9906,-2.3913,0.26484,-0.012502,-1.0313,0.48143,-0.21461,0.17713,-0.60771,1.4944,-1.2888
-6.0092,4.519,-2.0956,1.2929,0.28803,-0.6164,1.1751,-0.35205,0.60423,-0.49141,0.59785,-0.3622
-7.081,3.6739,-2.2952,0.49623,-0.31691,0.50114,1.466,-0.06214,1.1101,0.092402,1.291,-0.32533
-7.0697,3.7416,-1.7442,1.4734,0.36409,-0.24529,0.68284,-0.43407,1.7872,0.0058363,0.71706,-0.16458
-5.8234,3.2292,-2.3534,0.89371,0.068462,-0.65348,0.88852,0.91298,1.5058,0.15036,1.244,-0.29124
-6.3288,3.8724,-2.2106,0.94546,0.76486,-0.70878,0.56026,0.89018,0.67302,-0.10182,0.68956,-0.27585
-6.0832,3.8083,-2.047,0.61982,-0.32504,-0.045822,0.45902,0.08,1.0058,-0.09416,1.0969,0.25927
-5.8093,3.7284,-2.5258,1.2349,-0.2747,-0.97705,0.80952,0.036252,1.5302,-0.020108,1.1111,0.12799
-6.0029,3.7083,-1.8107,1.237,-0.38076,-0.20947,1.5317,-0.010821,1.4957,-0.4522,0.76558,0.039827
-6.3914,3.4025,-2.5866,0.58802,0.60293,0.54552,1.2828,0.97853,1.8929,0.054472,0.66616,-0.3184
-6.1491,3.5132,-2.2135,0.33885,0.26253,-0.50657,0.55353,0.70928,1.3474,-1.1419,0.511,0.065706
-5.7811,3.7095,-2.1977,0.03151,0.57729,-0.1823,0.38649,1.1015,0.98646,-0.6825,0.38696,-0.13485
-5.3815,3.7327,-1.9737,0.30671,-0.0091252,-0.27444,0.50914,0.38214,0.79508,-0.29883,0.65658,-0.45353
-5.2258,4.1837,-2.5719,0.45562,0.14051,-0.14571,0.61712,0.68535,1.6261,0.09492,1.572,0.12969
-5.1651,4.1421,-1.0618,1.0386,-0.42943,-0.3638,0.73136,-0.02994,1.0346,-0.074498,1.3014,0.25788
-4.8764,3.6726,-1.4956,1.4203,0.10636,0.70471,0.94836,0.21693,1.0759,-0.026355,1.1629,-0.19949
-3.6309,3.292,-2.2243,0.50273,0.058111,-0.085755,0.46708,0.6903,1.9,-0.47874,0.71445,0.15485
-2.6142,3.5165,-1.3283,0.52839,0.092178,0.10434,0.18788,-0.18555,0.93562,0.37832,0.73875,0.078569
-1.3619,2.7626,-1.5934,0.41602,-0.75469,-1.2471,-0.78054,0.086184,0.63191,-0.27344,0.69926,0.51936
-0.60458,2.9129,-0.87325,0.77364,-0.11288,-0.77544,-0.056049,0.70418,0.95631,0.1997,-0.092967,-0.21281
-0.66881,2.5766,-0.91434,0.41367,0.20943,-0.068569,0.37963,0.13172,0.42895,-0.081875,0.49505,-0.092491
-0.13039,2.1664,-0.94236,1.7107,0.44073,0.46935,0.55769,0.61486,0.39664,-0.68283,0.16811,0.090752
-0.44822,1.4022,-0.81377,1.175,-0.34617,0.53972,0.33001,0.14121,0.4759,0.75431,1.4685,0.89433
-0.68589,1.8724,-0.16338,0.54231,0.43901,0.42027,0.32617,0.40401,0.1268,0.29108,0.62173,0.19086
-0.13001,1.6187,-0.3386,0.90473,0.2197,-0.32905,0.20785,0.4904,0.49458,0.60149,1.2099,-0.06854
0.00038454,1.1195,-0.10623,0.015773,0.23197,0.78358,0.96799,0.93415,-0.23079,0.26392,0.51387,-0.30857
0.1464,0.7729,-0.49929,0.48162,1.2782,-0.10433,0.90938,0.84835,0.41867,0.93287,0.33915,0.29828
0.43545,1.7106,0.33304,0.074218,0.7965,0.85322,0.76538,0.31688,0.48817,0.75825,0.12209,0.084297
-0.10523,0.84493,0.66099,0.78578,0.16842,-0.54264,-0.04136,0.16336,0.073905,0.29929,0.59792,0.021546
1.0964,1.5496,0.8797,0.67887,-0.04834,-0.39453,0.089856,0.48232,0.12981,-0.27514,0.66206,0.73063
0.77537,1.792,0.41268,0.90657,0.5094,-0.42877,-0.014526,1.0489,0.15148,0.32455,0.34236,0.5894
-0.47894,1.168,0.38335,0.38539,0.11313,-0.50433,0.50107,0.70537,-0.1151,0.19587,0.15977,-0.081281
0.88155,0.62438,-0.53162,-0.24282,-0.049674,-0.029145,-0.27607,0.10079,0.25566,0.20795,0.429,0.12123
0.56367,0.65081,-0.14032,0.45596,0.31108,-0.54559,-0.36116,0.94938,0.33754,0.027695,0.14557,0.18828
0.29358,1.3571,0.39829,0.24305,0.88384,0.64742,0.42249,1.0664,0.24249,-0.050111,0.63331,0.40454
0.722,0.58605,0.75404,0.34075,0.39434,0.31432,0.33107,0.18885,0.28694,-0.011246,-0.35453,-0.094146
0.83983,1.0422,-0.4082,-0.21603,0.40474,0.27034,0.70597,0.13489,0.39791,-0.1036,-0.0046538,0.091659
1.2253,0.83494,-0.27037,0.58879,0.50773,-0.22484,0.069272,1.0799,0.26883,0.68753,0.047204,-0.87066
1.1367,1.2623,0.4268,-0.077312,0.16565,-0.45245,-0.065362,0.87595,0.30012,0.5318,0.30686,-0.32964
0.48286,1.0535,0.16463,-0.25453,0.8506,0.59513,-0.33273,0.15521,0.43237,0.84087,0.4362,0.56309
0.66932,1.5176,0.11376,0.44536,0.23867,0.34539,0.2259,0.43641,0.71198,0.69383,0.89026,-0.048062
0.73112,1.171,-0.36622,0.33821,0.63922,0.39698,0.66885,0.37991,-0.2048,-0.21879,-0.27151,-0.32886
-0.042141,1.1552,0.21373,0.65528,1.0659,0.74447,1.0545,0.57602,-0.3885,-0.034814,-0.25542,-0.49522
0.46908,1.2184,0.6968,0.072217,0.30219,0.15498,0.074627,0.33582,-0.51121,0.010503,0.30306,-0.055168
1.006,1.4502,0.07025,0.91998,0.48975,-0.35089,-0.31106,0.40815,0.081971,0.36396,0.72396,0.77319
0.096128,0.72954,0.61248,0.65527,0.28312,-0.077439,0.92561,0.94392,0.28851,0.022357,0.45642,0.34909
0.5495,0.78144,0.23339,0.9406,0.33559,-0.56454,-0.27788,0.49823,0.32972,0.37174,0.29859,0.76918
1.3058,1.0934,-0.43759,-0.0093085,0.35687,-0.07172,-0.097631,0.64202,0.082762,0.13357,-0.29207,-0.063251
0.67174,0.79133,0.088059,-0.33231,-0.4164,-0.29364,0.47056,0.72148,0.22178,0.78234,0.6932,0.32548
0.97707,1.7252,-0.11054,-0.306,-0.36787,-0.35276,0.66126,0.96453,-0.39762,0.80015,0.91581,0.57956
-0.54706,2.3454,-0.31728,1.993,-0.0074332,1.1971,0.18035,1.0743,-0.36816,0.70121,-0.042226,0.1539
-0.057936,1.9794,-0.59424,0.61252,0.30495,0.97079,0.18035,0.94733,-0.3906,0.7755,1.0178,0.38264
-0.14184,2.0902,-0.18847,0.54211,0.26222,0.85709,0.36118,0.7159,0.42394,0.95383,0.56543,0.057645
-0.034736,1.5418,0.8867,1.1513,0.13851,0.41829,-0.057957,0.75938,0.34432,1.0097,0.43267,-0.31744
1.1946,1.6211,0.48115,0.7969,0.065516,0.19916,0.31578,0.28382,0.48732,0.26377,0.83043,0.26174
2.7435,2.7126,1.2096,0.88476,0.79176,0.48614,-0.28839,0.4231,-0.45746,0.42775,1.3221,0.0076381
4.9287,4.2003,1.6271,1.5588,0.45147,-0.30149,-0.68166,0.016704,0.25546,0.41248,0.74644,-0.27701
5.5665,3.8798,1.396,0.99872,0.026303,-0.29781,-0.66042,0.32571,-0.1785,0.2721,0.32877,-0.58412
5.1556,3.972,1.7631,0.99871,0.93772,-0.41838,-0.57701,0.25748,0.50394,0.13369,-0.45164,-0.19028
4.3703,3.7307,2.095,1.634,0.7608,-0.33059,-0.098784,-0.062634,-0.33531,0.42566,-0.23165,-0.17569
4.3856,3.5379,1.8572,1.6462,0.98188,0.018891,-0.042513,0.48963,-0.4465,0.013393,-0.55067,-0.49199
3.8505,3.4617,2.1496,1.3921,0.89194,-0.23334,0.82233,0.28348,-0.51366,0.098423,0.074323,-0.25613
3.6589,3.5534,1.5937,2.0308,1.3847,0.30993,0.12439,0.28726,-0.24715,-0.046744,0.1427,-0.27094
3.2419,2.9838,1.7791,1.9885,1.4398,0.68457,0.42715,0.44111,0.1456,0.11798,-0.57741,-0.46272
2.8995,2.9855,1.59,1.7899,1.2499,0.046909,0.18261,0.5316,0.24465,0.39169,0.018572,0.1015
2.1914,3.0049,1.9581,1.6416,1.6669,0.85227,0.40601,0.62674,0.22891,0.46177,-0.44258,-0.58212
2.4327,3.0472,1.4551,1.2256,0.79598,0.99579,0.98266,0.49495,0.058295,0.27712,0.16889,0.65257
2.1311,2.7323,2.3917,1.628,0.85258,-0.14933,0.6873,1.047,0.068283,-0.27678,0.043749,-0.18384
1.6962,2.6053,1.588,1.1945,0.50015,-0.19368,0.60334,0.61414,0.050677,0.58244,0.21413,0.19865
1.5762,2.1668,1.3829,0.84499,0.22925,0.29441,0.60104,1.005,0.3064,0.39858,0.12913,0.027637
1.4379,2.0463,1.5364,1.5175,0.70332,0.1776,0.71539,1.2665,-0.080263,-0.30291,0.07457,-0.28739
1.1803,2.2183,0.66953,0.34328,0.63869,0.49624,0.85672,1.315,0.55586,-0.41491,-0.38117,0.36779
0.43835,0.93053,1.5723,0.65576,-0.15767,0.71525,0.073821,0.33905,1.2003,0.37539,0.019702,0.38969
1.012,-2.5021,1.1299,-1.0572,-1.6418,0.49685,0.056461,-0.46131,0.98715,-0.048007,0.6605,0.68826
2.3572,-0.55664,0.43958,-2.1228,-2.0328,0.81518,-0.57335,0.039439,1.2258,0.34413,0.63494,-0.33101
2.5623,1.5249,1.6406,-0.2496,-0.28144,0.68466,-0.76136,0.22997,-0.113,-0.7505,-0.04145,-0.4503
5.7342,1.719,0.56208,-0.30624,-0.29066,-0.13852,-1.0436,-0.68225,-0.10402,0.20369,-0.052996,-0.40948
5.736,1.7775,1.0887,-0.27733,-0.24473,-0.32473,-0.73295,-1.2704,0.48989,0.15045,0.27753,-0.41265
5.9958,1.6215,0.73426,0.51273,-0.40298,-0.442,-0.52024,-1.4208,0.12431,0.34142,0.12281,-0.60229
5.9581,1.9607,1.2639,0.22247,-0.31064,-0.62528,-0.76878,-1.994,0.12744,0.68521,-0.039054,-0.63577
6.1565,1.6518,0.88861,-0.40802,-0.089546,-0.64591,-0.43215,-2.2765,0.59831,0.53631,0.33403,-0.82564
6.5731,1.4828,0.3321,0.11325,-0.52021,-0.44703,-0.13368,-2.3091,0.34026,0.18483,0.72463,-0.80176
6.3984,1.7747,0.3958,-0.22421,-0.25167,-0.54563,0.46435,-2.4702,0.32618,0.38941,0.69694,-0.74715
6.564,2.0116,0.12875,0.11358,-0.36632,-0.21995,0.048047,-1.5394,-0.28611,0.49265,0.36191,-0.54425
6.7783,2.3115,0.41601,0.82536,-0.51803,-0.45217,-0.33756,-1.6729,-0.43127,0.65301,0.41913,-0.53415
7.4683,2.1249,-0.060319,0.12753,-0.25524,-0.70313,-0.45334,-2.3505,-0.050852,0.98735,0.29389,-0.57874
6.908,2.1565,-0.27192,-0.26387,-0.1398,-0.51145,-0.68262,-2.0147,-0.14643,0.90291,0.4006,-0.66741
7.1479,2.4314,-0.40522,-0.063951,-0.33461,0.083556,-0.93153,-2.3925,0.2798,0.79375,0.33897,-0.62785
7.0047,2.3507,-0.13305,-0.13733,0.05152,-0.066723,-1.132,-1.5805,0.050826,0.46767,0.3222,-0.50436
6.7009,2.5219,0.039077,0.14651,0.026091,-0.12689,-1.2452,-1.5385,0.016564,0.61291,0.20082,-0.48741
6.6524,2.5897,0.17746,0.078604,-0.33097,-0.27345,-1.5667,-2.089,0.078071,0.57945,0.22824,-0.69039
6.7146,2.1672,-0.10726,-0.51047,-0.44627,-0.27487,-1.1883,-2.147,0.0089874,0.59877,0.66997,-0.69527
7.278,1.7867,-1.1969,-0.16358,-0.21522,-0.99067,-0.62512,-1.7802,-0.66447,0.78656,0.64686,-0.63037
5.9392,1.4221,-0.63768,-0.057135,-0.32693,-1.0798,-0.73408,-1.6926,0.05823,0.58796,0.29114,-0.62554
5.6144,2.3032,-0.23138,0.31693,0.1714,-1.1999,-2.0403,-2.2474,-0.024424,0.94476,0.3186,-0.69393
4.9004,1.8655,0.090546,0.15933,-0.38771,-0.72633,-1.2752,-1.8464,-0.40255,0.26874,0.34112,-0.50383
4.9045,2.749,-0.21465,0.49538,0.3199,-1.1343,-1.0933,-1.4183,0.22748,0.65646,0.27948,-0.19515
6.7792,1.3097,-1.0244,-0.45633,-0.45911,-1.5779,-1.564,-1.6184,-0.31607,0.59051,0.6129,-0.37966
4.826,2.1117,0.44676,1.0792,0.2881,-1.5188,-2.2494,-2.061,-1.1818,0.47279,0.31154,-0.37999
3.4816,2.4556,0.87401,0.69017,-0.12492,-1.5091,-1.1914,-1.4939,-1.5121,-0.044949,0.22606,0.19579
2.9381,1.9332,0.54228,0.87962,1.1479,-0.26577,-0.39836,-0.01845,-0.2465,0.75921,0.63774,0.068562
2.5393,1.7171,0.11212,0.16911,-0.13656,-0.81115,-0.64357,-0.3038,-0.36237,0.37124,0.1296,-0.22611
3.8416,2.7253,0.43164,0.36788,0.074286,-0.69152,-1.1356,-1.1983,-1.0924,0.39261,0.36916,-0.023163
3.2489,2.8817,0.47209,0.087619,-0.3757,-0.70667,-1.3401,-0.99144,-0.057223,0.33731,-0.23868,0.31885
2.7609,3.0469,0.838,0.16324,-0.33246,-0.92962,-1.1803,-0.71758,-0.60583,0.44665,0.15998,-0.30397
1.9734,1.8046,0.69682,0.72221,-0.50382,-0.42562,0.0026749,0.060848,-0.19505,-0.34316,-0.16517,0.54813
1.8207,1.96,1.3595,1.0413,0.41368,-0.27759,-0.36391,-0.96995,-0.65825,-0.60163,-0.22009,0.36788
1.0854,0.62225,0.77392,0.5807,0.83592,0.25682,-0.037193,-0.47361,-1.3454,-0.62245,0.15173,0.40302
1.5889,1.7145,0.56605,0.69645,0.30697,-0.55264,-0.077557,0.21905,-0.34422,0.12676,0.27815,0.22541
1.4288,1.648,0.65662,0.32797,-0.08046,-0.81394,-0.33729,0.28416,-1.0965,-0.072001,-0.098854,-0.65842
1.9711,2.722,0.67976,-0.39081,0.57544,0.52628,0.31122,-0.038,-0.023165,-0.2162,0.40551,0.094151
1.0406,1.2485,0.15071,0.50117,0.8462,0.58969,0.48061,0.60157,0.73745,0.16252,0.19549,-0.057344
1.2464,1.2611,0.36192,0.35853,0.14112,-0.61781,-0.67969,0.3059,0.093921,0.09251,-0.056196,0.027903
0.98131,1.7468,0.30272,-0.081974,0.48321,0.5724,0.47833,0.78921,0.30743,0.8685,0.98907,0.89414
1.0048,1.0448,0.63121,0.52518,0.30854,0.07186,0.11547,0.47769,0.32949,0.46886,0.83013,0.49075
0.50297,0.46401,-0.2008,0.49804,1.1998,0.66864,0.78459,0.62127,0.64853,0.52731,-0.010446,0.1835
1.4167,1.1231,0.48388,0.95109,0.2349,-0.38982,-0.005792,0.86787,0.54744,0.94091,0.23697,0.18273
-0.82471,0.80625,-0.46023,-0.039277,-0.30148,0.29373,-0.68677,0.32661,-0.85574,0.12956,-0.70178,0.2035
-0.27408,1.5945,0.48181,0.75434,1.0414,0.82284,-0.12072,0.8501,0.093147,0.68995,0.31628,0.87506
-4.4362,2.5575,0.53414,-0.20079,0.94498,0.061374,-0.06718,1.3416,-0.011398,-0.22586,-0.065741,0.34383
-1.8192,2.4464,-0.48939,0.9814,0.15355,0.88664,-0.19356,0.88731,-0.082884,0.76844,0.39923,0.41073
-0.9432,2.8854,-0.84443,1.0489,1.0615,0.31136,0.0057302,0.6788,0.031404,0.19051,0.5923,0.56377
-0.2969,1.2534,-0.97669,0.81154,0.74712,0.42663,0.028887,0.88281,-0.36065,0.22233,0.39334,0.76559
-0.41943,1.1755,-0.15291,0.44526,0.31499,-0.22178,0.21739,1.6766,0.64727,0.72493,-0.040565,0.18348
-0.20831,0.56558,-0.27903,0.41332,-0.15872,0.3626,0.48929,1.2653,0.099907,0.54274,-0.086982,-0.086231
0.46787,1.2886,-0.21254,0.84607,-0.19772,-0.0095044,-0.070939,0.42229,0.75453,0.98272,0.076718,-0.12186
0.99552,1.1674,-0.45238,0.13747,0.64937,0.16749,0.42153,0.53708,-0.0017207,1.0093,0.35514,0.43305
0.51097,1.0599,-0.3615,-0.083771,0.2881,-0.39,-0.13386,0.69055,0.050694,0.73234,1.3216,0.10798
0.3083,1.4936,-0.16414,-0.20123,0.035302,-0.62866,0.49593,0.9533,0.53517,0.29389,0.91445,0.3147
0.49071,0.65189,0.39825,0.46634,-0.082458,-0.27665,-0.9541,0.0179,0.62058,-0.36789,-0.090767,0.23302
-0.16171,0.55677,0.25076,0.15311,0.52759,-0.19606,0.022716,0.85119,0.2522,1.0132,0.92306,0.52634
-0.30844,0.5772,-1.06,0.12795,1.0112,-0.34614,-0.020525,0.54803,0.10994,0.28959,1.3229,0.13138
-0.29408,0.72248,0.41779,1.2828,1.3354,0.24458,0.056762,0.43946,-0.34059,0.55038,1.0773,0.76127
0.51324,0.73803,-0.19677,-0.040147,0.53775,0.086958,0.54297,1.3671,0.40494,0.96116,0.88947,0.49363
0.87085,0.86332,0.082544,0.59742,0.21146,0.57177,1.1893,1.4361,0.47951,0.65769,0.6259,0.62359
0.75332,1.3689,0.52755,0.10451,0.30562,-0.32255,-0.055379,0.90399,0.74026,0.56958,0.5337,0.29859
0.16955,1.2157,0.6048,1.1257,0.69565,0.67534,0.26468,0.4769,0.3581,0.76409,0.17646,0.23549
0.72746,0.8485,0.29749,0.13436,0.097512,0.28245,0.22262,1.1664,0.76693,0.71022,0.2218,0.40515
1.1416,0.95226,0.44967,0.4181,0.52369,0.25616,0.1036,0.77854,-0.19912,0.1318,0.45743,-0.31739
0.57113,0.99131,0.074631,1.0804,1.1392,-0.44459,-0.44257,0.87888,0.099853,0.13235,0.45891,0.029501
0.76238,0.48973,0.01602,0.52791,0.25554,0.20873,0.47348,1.1851,-0.036343,0.32563,0.48308,-0.28832
-0.16227,0.32581,-0.17528,0.51703,0.040971,0.050687,0.43837,0.83634,0.29902,0.072126,-0.20894,-0.65959
0.67302,1.1319,0.47076,0.39714,0.55538,0.42737,0.63896,0.71499,0.41561,-0.019879,0.20544,0.064846
0.69769,0.96314,-0.046997,0.036699,1.0514,0.40407,-0.099925,-0.2018,-0.94468,-0.61334,-0.192,-0.040365
0.97007,1.6766,0.029309,0.48068,0.35446,0.0036878,0.17735,0.57444,-0.42105,0.16916,0.05933,-0.38936
-0.74212,2.5246,-0.54282,0.70651,-0.44003,0.66677,1.2279,1.7952,-0.11225,-0.13799,-0.30687,-0.039708
-1.4082,1.0346,-1.2322,0.38639,0.29794,0.7728,0.71424,1.0277,0.017439,0.45124,0.39522,-0.089498
-0.83212,2.3763,0.058702,0.92482,0.18548,0.35215,0.24799,1.4022,0.36446,0.46358,0.48867,0.29095
0.8401,1.7511,0.56538,0.86987,-0.15348,-0.053189,0.62921,0.69673,0.16649,-0.15423,-0.32661,0.32638
-0.46901,1.0594,0.0064192,0.84019,0.66731,0.48111,0.87421,1.4,1.3582,0.39788,0.57765,0.28003
0.39126,0.62747,-0.026625,0.5619,0.51354,0.42213,0.33612,0.41764,0.20542,0.36399,0.43942,0.26977
0.26792,0.26761,-1.0507,-0.16426,-0.32358,0.1761,0.21289,0.64428,-0.016243,-0.079016,0.42017,0.88601
0.14775,0.38655,-1.2134,-1.4113,-1.6921,-0.77078,-0.67664,0.10609,-0.32556,0.39803,0.33036,0.066072
0.49715,0.30608,-0.6508,-0.19341,-0.31963,-0.91081,-0.60119,0.26412,0.090689,-0.046674,0.30672,0.26376
1.0078,1.4479,0.63308,0.17418,-0.76223,-0.53573,0.43046,0.52832,-0.025209,0.15197,0.36495,0.42692
0.32217,1.4841,1.015,0.65887,0.74034,0.10429,0.84984,1.3389,0.57534,-0.096248,0.00097623,-0.059094
0.58704,1.4132,0.82428,0.74069,0.38334,0.4042,0.11483,0.85366,0.34718,-0.11196,0.12972,-0.23815
0.46954,1.4341,0.80557,0.41462,0.53316,0.98757,0.97822,1.3597,0.19884,0.031087,0.40116,0.63728
0.82443,1.165,0.40215,0.93033,0.87652,0.04637,1.0906,1.1535,0.24317,0.84804,0.23446,0.32698
0.57008,1.2359,0.20142,0.032359,-0.085534,0.27014,0.43483,0.78913,0.30779,-0.17358,0.11128,0.26345
0.30432,1.1102,0.13602,0.53412,0.22945,-0.045554,0.043351,0.64324,0.49802,0.12976,0.043803,0.63996
0.96462,1.378,0.83563,0.68267,0.17909,-0.090814,-0.017704,0.38466,-0.41109,0.37943,0.042629,-0.44192
1.0834,1.4341,0.20351,-0.24079,0.67316,-0.034293,0.026642,0.70703,0.094223,0.46312,0.43013,-0.40221
0.54988,0.6751,0.38131,1.0565,0.19209,-0.098386,0.39987,0.81061,-0.37568,0.25659,0.35073,0.31727
-0.53674,0.38123,-0.018799,0.73284,0.30048,0.29993,0.56415,1.5179,0.69892,0.4391,0.32053,-0.093401
3.8722,1.389,-1.218,-1.9073,0.26954,0.43248,-1.0802,-0.62441,1.025,0.18109,0.2259,-0.029641
7.1385,1.6996,-2.5838,-1.9208,0.41102,0.45435,-1.8743,-0.95445,1.3785,0.5364,0.086015,-0.04069
7.3957,0.83914,-1.575,-1.6251,0.19541,0.72515,-1.9075,-1.0522,0.93372,1.1452,0.31226,-0.23881
6.6235,1.583,-0.75347,-1.6017,-0.1998,0.54489,-2.1257,-0.98899,1.4604,1.3754,0.50322,-0.55829
6.7883,1.683,-0.2487,-1.7543,-1.0007,0.57186,-1.1629,-0.68176,0.75976,0.85289,0.20008,-0.107
7.452,1.2392,-2.0507,-1.5233,-0.46975,0.27499,-1.4203,-0.81172,1.4268,0.82334,0.69989,-0.14374
7.6781,1.1719,-1.9427,-1.8743,-0.54679,0.78055,-2.0581,-0.85671,1.4308,0.53541,0.48202,-0.08265
7.7377,1.4229,-2.4363,-1.76,-0.058727,0.75231,-1.8652,-1.2914,1.7186,0.059494,0.88189,-0.6302
7.2954,1.4683,-2.2256,-1.3011,-0.21094,0.43939,-0.99923,-1.2557,0.75859,0.58806,0.55929,-0.50879
7.1241,1.6212,-1.6941,-1.615,0.022105,0.87913,-1.2291,-1.2409,0.74716,0.4011,0.65994,-0.428
7.6501,1.3545,-1.3276,-1.3631,-0.13794,0.92401,-1.482,-0.88917,0.73832,0.67049,0.51758,-0.066376
7.7066,1.1483,-1.514,-1.5309,-0.3342,0.8652,-1.7119,-0.56365,1.103,1.041,0.9185,0.13423
7.5575,0.74431,-2.0089,-1.9345,0.14035,0.51501,-1.8966,-0.42925,1.6255,0.8129,0.79954,0.26416
7.4647,0.76816,-2.0831,-2.2209,-0.35197,0.66313,-1.0646,-0.73958,1.1245,1.0376,0.2435,0.18204
7.6867,1.1224,-2.8184,-1.5659,0.31016,0.65695,-1.3178,-0.47705,1.2676,0.27842,0.02526,-0.089967
7.4797,1.0272,-2.2335,-1.9783,0.25682,0.76335,-1.6949,-0.44216,1.1419,0.79493,0.61261,0.063778
7.3257,0.73843,-2.2475,-2.2213,-0.27559,0.34732,-2.2312,-0.77069,1.324,0.83784,0.60619,0.4228
6.9274,0.64574,-1.9354,-2.5497,-1.0898,0.95844,-1.1673,-0.90635,1.812,0.70426,0.37715,0.35067
6.3662,1.886,-2.0199,-1.0057,-0.038121,0.43828,-1.1678,-0.70375,1.375,0.70902,0.3411,0.49229
5.5921,2.111,-0.96163,-0.67946,-0.26547,0.41886,-1.0248,-0.60195,1.2356,1.1811,0.7022,0.043358
5.4125,2.547,-1.4086,-0.42772,0.40191,1.2691,-0.21625,0.11588,1.1468,0.70826,0.51601,0.036143
4.9522,2.874,-0.71019,0.65545,0.85145,0.76818,-0.41377,-0.22262,0.35622,0.62563,0.69547,0.24484
5.0682,3.0176,-0.43095,0.51571,0.86663,0.49996,-0.86224,0.28586,1.0123,0.35383,0.45747,-0.21403
4.7006,2.159,-0.55875,0.41163,0.9977,0.9362,-0.23793,0.29058,0.83715,0.33122,0.2417,-0.018642
4.156,1.939,-0.98029,-0.23348,0.67933,1.4816,-0.25049,0.71278,0.98021,0.42109,-0.054507,-0.3551
3.1326,2.3254,0.28948,0.4065,1.1366,0.6714,-0.32497,0.19883,0.13971,0.14428,0.19962,0.24937
3.5018,1.8314,-0.70954,0.56278,1.021,1.1005,0.28664,0.56924,0.5472,0.34108,0.0061811,-0.061222
3.6426,2.0474,-0.59718,-0.069915,0.82707,0.42544,-0.45301,0.069594,0.32839,0.42394,0.12205,0.099204
3.0343,2.0986,-0.41832,1.0221,0.75303,0.073794,-0.62512,-0.0021513,0.32297,0.83098,0.35567,-0.40984
2.8145,2.0637,-0.53561,0.5824,0.48283,0.53185,0.46458,0.38665,0.6008,0.43935,-0.12328,-0.11633
1.6346,1.1462,-0.55176,-0.38082,0.5405,0.14099,-0.61444,0.6147,0.22346,0.041917,-0.94152,-0.38358
1.7492,1.123,-0.50459,0.21567,1.2119,0.93911,0.42976,0.94676,0.54177,0.53369,0.0072383,-0.49831
1.7347,1.1411,-0.88067,0.65474,0.50227,0.56946,0.58652,0.72196,0.74776,0.69933,0.08104,-0.15679
1.7108,1.2023,-0.20286,0.39201,-0.00035928,-0.27573,-0.13265,0.55232,0.29106,0.58515,0.090284,-0.37354
1.3071,1.6165,0.36986,0.80324,0.17399,0.56934,0.54112,0.62749,-0.27067,-0.0077378,0.22136,0.21801
0.89499,0.26725,-0.6575,0.19861,0.58748,0.13973,0.84783,1.0942,0.76311,0.79678,0.092785,-0.70355
1.0212,0.55856,0.37808,-0.083902,-0.21363,-0.24933,0.20985,0.84328,1.2558,0.741,-0.59838,-0.12581
1.4221,1.3817,-0.57787,-0.17355,-0.029452,-0.29769,0.22605,0.32805,0.33888,0.75843,-0.18126,-0.079845
0.94848,0.1973,-0.75311,-0.060619,0.63006,0.17485,0.072841,0.61015,0.61026,0.93835,0.34924,0.051997
0.66749,0.48344,-0.37127,0.70399,0.0012999,0.73845,0.78788,0.70574,0.875,1.0823,0.77801,0.36288
1.7614,1.3769,0.23237,0.044461,-0.023748,0.37625,-0.15163,0.26319,0.45435,0.26956,0.072978,0.021057
0.74895,0.79983,-0.17248,0.88222,-0.0077707,0.36832,0.63868,0.71869,0.058384,0.098192,0.075049,-0.89414
0.52398,0.41012,-0.46305,0.45892,0.41791,0.0085962,-0.17691,0.32364,0.14226,0.61897,0.078369,-0.042
0.896,1.2696,0.37694,0.21943,0.20655,0.35647,0.67179,0.95757,0.30048,0.090724,0.041296,0.17902
0.52002,0.50536,-0.57033,0.56641,0.51504,-0.11968,1.4873,1.0952,0.76886,0.85629,0.075546,0.36342
0.81864,1.0798,0.25042,0.25927,-0.37005,-0.33037,0.18418,0.64294,0.029605,0.25761,0.42822,0.69349
