0.50564,1.0734,0.020387,0.22071,0.28155,0.23855,0.273,0.76946,0.047571,0.62162,0.52039,-0.082659
0.31636,1.3445,0.098995,0.27629,0.389,-0.36207,-0.58814,0.58064,0.28129,0.43971,0.48543,0.0026895
1.4035,1.2521,0.19927,0.5799,0.60879,-0.2087,-0.071281,0.89687,0.30027,0.58341,0.43606,0.58623
0.59437,1.1181,0.37148,0.10842,0.48256,-0.052146,0.17221,1.0029,-0.16675,0.36198,0.11442,0.26429
0.67293,1.1276,-0.23738,0.077438,-0.39602,0.0039342,0.16043,0.19255,-0.29883,0.43701,0.51237,0.087358
-1.6989,1.9008,0.87643,1.4526,-0.92519,0.78236,-0.25576,0.89297,-1.2443,0.026018,0.14742,0.33143
-0.046907,1.0402,-0.36034,0.74249,0.3516,0.37078,0.027734,0.9369,0.010396,0.63578,0.35528,-0.0023358
0.090919,1.1926,-0.71507,1.003,0.37766,0.046359,0.15548,1.0875,1.0701,1.5988,0.78841,0.48014
-0.024844,1.741,-0.16121,0.76356,-0.44922,-0.067358,0.30748,1.0961,0.49183,0.51983,-0.00065487,0.54322
-0.26424,1.0459,-0.11708,0.49429,0.40721,0.17698,-0.51771,0.29181,0.1023,0.66489,1.0561,0.13867
0.26312,1.2482,-0.27744,0.35622,0.28062,-0.35112,-0.29033,0.74643,-0.04701,0.27111,0.53705,0.36909
0.17912,0.11383,-0.36495,0.14389,-0.11826,0.01297,0.4233,0.6123,-0.14061,0.17477,-0.06963,-0.43887
0.88779,2.0834,0.41838,0.16565,0.060203,-0.28594,0.084087,0.51896,0.13798,0.60566,0.92956,0.62076
0.5646,1.4826,0.24383,0.54523,0.20653,0.010865,0.39645,0.40594,0.12168,0.84177,1.0416,0.70842
-0.22065,0.99851,-0.098935,0.22862,-0.031854,-0.52892,0.026237,0.48522,0.50666,0.53967,0.76229,0.17485
-3.523,1.9929,0.80218,-0.32625,-0.29028,1.1086,0.63866,0.43792,-0.064739,0.12011,0.33331,-0.20408
-3.9804,2.2407,0.63357,-0.16297,0.54517,0.88848,-0.59153,0.073897,0.65845,0.95536,1.0284,0.33862
-1.8123,2.3515,0.17868,0.98358,-0.30216,-0.1145,0.49679,0.4055,0.45209,0.056197,0.56707,0.075669
-1.9532,2.8387,-0.67941,0.79031,0.60289,-0.43369,0.57208,0.054956,0.76562,0.013457,0.50847,-0.24388
-2.6436,2.7581,-1.544,-0.30311,-1.1317,-0.80507,1.0849,0.18347,1.4048,-0.6982,0.72003,0.31551
-3.9738,2.9842,-1.436,0.061508,-0.63989,-0.3842,1.4028,-0.088447,1.4316,-0.73185,0.34918,-0.10739
-3.3081,3.4632,-1.5866,0.67176,-0.051967,0.05014,1.0579,-0.18183,1.637,-0.54445,0.64088,-0.35984
-2.897,3.7031,-1.2607,1.1231,0.17636,-0.55748,0.69927,-0.043469,1.145,0.49235,1.0564,-0.34868
-3.6859,4.6332,-1.4958,1.4147,0.98397,0.40969,1.3849,-0.67597,1.5455,-0.46951,0.92881,-0.639
-4.2703,3.8534,-2.3181,0.38063,-0.5287,0.153,0.11127,-0.13388,0.64849,-0.51546,0.8008,-0.076374
-4.2357,3.4492,-3.2103,0.60695,-0.2251,-0.17682,1.0235,0.38651,1.7714,0.25879,1.5871,0.64234
-4.0463,4.013,-2.3408,0.83731,-0.55928,-0.60739,0.30324,-0.77847,0.85795,0.0074672,1.0992,0.35501
-4.1043,5.0346,-2.8234,1.6737,0.4582,0.7843,1.5866,0.36151,2.0343,0.12024,0.78929,-0.41271
-4.2296,4.5284,-1.7423,2.9234,0.25678,-0.18693,1.1271,-0.12475,1.1216,-0.84061,0.35051,-0.33252
-3.8178,4.7268,-2.5733,1.8647,0.084291,-0.22921,0.52933,-0.062038,0.99085,0.27224,1.6864,1.0432
-3.9844,4.2677,-2.3658,1.9771,0.29742,-0.11644,0.93045,0.49414,1.1706,-0.53932,0.9815,0.089941
-4.4556,4.4361,-2.8324,1.6311,-0.50633,-0.43037,0.18337,-0.14288,0.54121,-0.1598,1.135,-0.083722
-4.5141,4.1785,-3.3715,1.6134,0.021113,0.14939,0.43979,-0.49254,-0.12793,-0.3874,1.2919,0.37621
-4.9369,4.9563,-2.7201,1.1136,-0.20794,0.89926,0.95701,-0.079245,1.2091,0.097313,1.3022,0.23547
-4.3012,3.7484,-3.4483,1.2697,0.24221,0.5416,0.60431,0.45034,0.69271,-0.10411,0.86624,0.19307
-4.596,4.4193,-2.7059,0.88196,-0.1961,-0.17883,0.49052,0.45033,1.4148,0.37231,0.96911,-0.16661
-4.5458,4.4101,-1.8622,1.8061,-0.43619,0.092658,0.35388,0.30121,1.17,-0.055585,0.74991,0.64625
-3.4123,4.4488,-2.7587,1.8063,0.05955,-0.05357,0.75555,0.58907,1.3258,0.25375,0.31255,-0.069169
-4.2006,3.7994,-2.9368,1.414,-0.43421,0.55767,0.7172,-0.14319,0.51576,0.25995,0.53322,0.39629
-4.1724,3.5815,-2.0123,1.502,-0.30347,-0.248,-0.29672,0.21358,1.0154,-0.42901,0.709,-0.038766
-4.5658,3.1669,-2.0027,1.338,-1.218,-0.048041,0.59829,-0.28803,0.76022,0.43348,0.36844,-0.26392
-4.7107,2.4865,-3.1391,0.55094,-1.8732,-0.52747,-0.28353,0.2819,1.5884,0.6114,0.99823,-0.13809
-4.5349,2.4695,-3.0209,0.79196,-0.57855,0.409,0.34396,-0.064773,0.78602,-0.064324,0.42688,-0.12612
-4.6762,2.1542,-2.2085,1.4627,-0.48715,0.1301,0.249,0.26072,0.2182,-0.49852,1.0624,-0.13154
-1.8,1.794,-2.5525,-0.099704,-1.2818,-0.15254,0.26504,0.25261,0.089932,-0.68597,0.58888,-0.67637
-2.2312,1.3009,-1.9982,-0.62226,-1.2816,0.60073,0.41679,0.66284,0.69951,-0.19255,1.2263,0.5833
-0.33352,2.1923,-1.2599,-0.1196,-1.3034,0.67398,0.67263,0.14085,0.18999,-0.45971,-0.093849,-0.14996
3.6394,2.5486,-0.4376,0.70127,-1.2715,-0.82722,-0.80781,-0.28378,0.59425,-0.091242,0.43223,-0.73344
3.4522,1.5544,-0.21828,0.12018,-1.2367,-1.7842,-0.91502,-0.55199,1.1978,0.23772,1.2648,-1.0037
2.6146,1.2759,-0.43919,-0.30529,-0.92355,-1.9595,-0.86884,-0.53166,1.3127,-0.1044,1.4083,-1.296
3.4781,0.24573,-0.13139,-0.58869,-1.0333,-2.0159,-0.79089,-0.37704,1.0731,-0.30552,1.2911,-1.6048
4.2744,0.2183,0.17202,-0.90313,-0.83269,-2.3222,-0.67568,-0.39209,1.167,-0.45632,1.1549,-0.85136
4.6946,-0.0034206,0.14382,-0.68096,-1.2107,-1.978,-0.94204,-0.25172,0.9999,-0.17742,0.85141,-1.1438
5.0768,0.096531,0.065726,-0.57894,-1.1481,-1.9345,-1.004,-0.23736,1.1459,-0.17166,0.90681,-1.1778
5.0749,0.39102,0.081956,-0.81123,-1.2188,-2.0776,-1.1526,-0.22896,1.1689,-0.020526,1.0887,-1.1521
4.8814,0.72662,-0.031925,-0.89447,-1.2757,-2.2081,-1.2118,-0.11026,1.2139,0.4586,1.0158,-1.2753
4.8401,0.39842,0.043843,-0.95374,-1.317,-2.0555,-1.153,0.034109,1.4315,0.29777,1.3314,-1.3024
4.8857,0.11383,0.062024,-0.92199,-1.1603,-2.1953,-0.97991,0.12371,1.2105,0.24122,1.1929,-1.1091
5.499,-0.10378,0.26777,-0.94886,-0.79911,-2.1417,-0.7244,-0.40062,1.2542,-0.16908,1.0011,-1.0801
5.3528,0.82152,-0.21328,-0.53919,-0.62392,-1.4837,-0.94955,-0.33621,0.77741,-0.01837,0.27584,-1.1068
5.6603,2.4049,-0.52111,-0.14219,-0.54851,-1.3115,-1.0738,-0.65806,0.59306,0.11607,0.43329,-1.3707
5.459,2.4617,0.41185,0.98427,-0.98831,-2.0701,-1.7204,-0.031022,1.2451,0.8895,0.54261,-0.68876
5.4161,1.7991,1.2619,0.94913,-0.87849,-2.1114,-1.2154,0.22678,1.2925,1.3843,0.27698,-1.0083
5.0079,0.90681,0.45806,0.44709,-1.4977,-1.8485,-1.1558,-0.017133,0.79914,1.2192,0.043341,-0.89423
4.6577,1.1398,0.97089,1.1981,-0.53644,-1.7755,-0.98907,0.016533,0.59171,1.2593,0.58561,-0.18564
3.7942,1.141,0.68791,1.4546,-0.0019286,-1.9747,-1.6146,-0.29828,0.29717,0.74963,0.043088,0.28209
4.291,1.8592,0.30841,1.2491,-0.095519,-1.6649,-1.514,0.49821,0.84712,0.25267,-0.61078,-0.07501
3.7967,1.5485,0.80922,1.4947,0.73252,-1.4233,-1.9486,-0.26895,0.43577,0.17395,-0.070312,-0.11967
4.2178,1.6547,0.84378,1.2167,0.11146,-0.81125,-0.72145,0.075468,0.28558,0.43847,0.0092073,-0.33503
3.1892,1.4716,0.75721,0.96422,0.25462,-0.20169,-0.824,0.68222,0.40236,0.64425,-0.31218,-0.0906
2.639,2.2329,0.82241,1.1269,0.32819,-0.62647,-0.67628,0.015925,0.16619,0.59982,-0.052454,0.09878
2.7206,2.2133,-0.016395,0.47667,0.69801,-1.1322,-0.70572,0.23689,0.83068,0.85084,0.43516,0.10033
1.8454,1.3639,0.78254,0.50604,-0.71438,-1.0766,-0.22324,-0.48506,-0.21112,0.011492,0.055954,0.6933
1.3281,1.9516,0.96527,0.58536,-1.0954,-0.93865,0.54384,1.1994,0.80723,0.29309,0.13139,0.66208
1.0775,1.7578,0.45943,0.88735,0.83523,0.41014,-0.0011776,0.88946,0.14761,-0.65666,-0.73417,-0.33932
1.248,1.4074,1.0178,1.1635,0.71262,-0.14509,-0.23696,0.61481,0.50063,0.17893,0.11525,-0.81168
1.647,1.6303,-0.14014,0.50042,0.55751,0.061446,-0.10878,0.32729,0.65552,0.42666,0.25635,-0.46613
1.9728,1.8425,0.41903,0.63634,0.69461,0.15519,0.54885,0.43092,-0.21863,0.80221,0.31714,0.31439
-0.040328,0.19404,0.092705,-0.36473,-0.8844,-0.42166,-0.36918,0.28129,0.13538,-0.29813,-0.065233,0.22851
-1.9264,1.0943,-0.79818,0.38579,0.23565,0.39465,0.031085,-0.32445,1.106,0.36323,1.6124,0.20284
-2.2118,1.6056,-1.6679,0.10351,-0.49646,0.55599,0.44613,-0.55015,0.98874,-0.0354,1.6466,0.034458
-4.2109,3.8601,-0.65232,1.8968,0.27909,-0.51642,0.99181,0.20026,1.9465,-0.31914,1.3107,-0.38722
-4.7348,2.9493,-2.5679,0.532,-0.13571,-0.12275,0.77532,-0.56335,0.76669,-0.66922,0.3241,-0.14241
-1.911,2.1788,-2.6157,-1.3012,-1.5668,-0.48775,-0.27703,-0.51044,0.81445,-0.20474,1.0378,-0.30858
-3.0116,1.8308,-1.8487,-1.2043,-2.2347,-0.75827,0.4939,-0.074374,1.362,0.25096,0.81285,0.017692
-0.9347,2.2746,-1.2789,-0.96463,-1.8851,0.43096,1.5299,0.19896,1.0095,0.19258,1.1931,0.055971
-0.0080863,2.6157,-0.45164,0.42288,-0.83874,-0.17353,0.22698,-0.49802,0.20357,0.097715,1.006,-0.35688
-0.0033025,2.9559,-0.31501,-0.24971,-0.61083,0.02244,0.48513,-0.15461,0.012305,-0.10239,0.33296,0.11414
0.2798,1.2008,-0.16739,0.82848,-0.49149,-0.27639,0.26912,0.48825,0.89835,0.10676,0.79111,0.061361
-0.49158,0.67314,-0.73575,0.48379,0.16605,0.21185,0.49676,0.51396,0.51864,0.34901,-0.069151,-0.018991
-0.79494,1.1657,-0.93357,0.79759,0.69396,-0.39709,-0.1366,0.61658,0.66658,0.40463,0.43985,0.13409
-0.01523,1.0018,-0.29806,0.62109,0.33323,-0.052582,0.12796,1.2191,1.0584,0.56463,0.94559,0.19933
0.16844,1.2171,-0.74668,0.16707,0.10041,0.05616,0.39322,0.49329,0.7249,-0.066462,0.78138,0.90952
-0.99336,0.56645,-0.78133,0.1592,-0.30151,-0.30639,0.024255,0.49615,-0.29397,0.0038394,0.58976,-0.12858
-0.27056,1.2474,0.26268,0.33412,-0.34577,-0.27947,0.091456,0.060407,0.13751,-0.20871,-0.30638,-0.081818
0.50667,1.0987,0.67937,0.8018,0.16317,-0.27941,-0.12985,-0.044171,-0.36126,-0.032052,0.16658,-0.14394
1.0233,1.0876,-0.074577,0.24929,0.40743,-0.0029494,-0.18071,0.86001,0.54568,0.85262,0.62579,0.34465
1.1983,1.1087,0.39756,0.60134,0.54684,0.068882,-0.036072,0.66725,0.037586,0.39694,0.43661,0.15879
-0.084642,0.95167,0.30228,-0.025448,-0.92599,-1.0511,-0.77555,0.25871,0.52802,0.41101,-0.093576,0.40077
1.1723,1.1927,0.25905,0.19329,-0.36117,0.090197,0.22418,0.15643,0.076894,0.39277,0.19599,0.06376
1.1444,1.0003,0.98628,0.721,-0.31021,0.062439,0.64261,0.64937,-0.18912,-0.015551,0.25168,0.060087
0.31866,1.0033,-0.19071,0.16178,-0.11742,0.072406,0.38933,1.2567,0.76119,0.31555,0.57759,0.59333
-0.21326,1.297,0.9014,0.69631,0.01415,-0.029347,0.26921,0.53455,0.54791,0.40773,0.86582,-0.034938
-0.66427,0.27455,-0.66533,0.014117,0.036138,0.2651,0.68618,0.80891,0.75005,0.46736,0.022079,0.27162
-0.0013487,1.1189,0.13971,0.60516,0.34863,-0.019186,-0.0091397,-0.010928,0.4646,0.31946,0.19379,0.31363
-0.8007,0.62129,0.12008,0.30904,-0.15503,-0.25993,-0.091835,0.69642,0.36348,-0.15885,-0.20156,0.152
1.1679,1.8926,0.68055,-0.20943,-0.16355,0.06753,0.25706,0.052842,-0.40403,0.55992,-0.10921,-0.17541
1.0463,1.0259,-0.10912,0.68832,0.82317,0.39585,-0.14205,0.48702,0.37441,0.5916,0.06956,0.13827
1.608,1.4741,0.16148,0.081832,-0.24554,-0.32849,0.24681,0.95482,0.33334,-0.42782,-0.11252,0.70524
0.78457,1.2456,0.17207,0.47228,0.66557,-0.23415,-0.092403,-0.083385,0.042006,0.29172,0.71164,1.0334
0.10334,1.0293,-0.27274,0.43029,0.94633,0.56733,-0.1792,1.0541,0.25384,-0.015184,0.35518,0.33265
1.1046,1.1271,0.34213,0.91197,0.50808,0.69539,0.65462,0.95653,0.32956,0.37287,0.55051,-0.26477
-1.7105,-2.8198,1.45,0.66983,-0.011681,1.3562,-0.089963,-0.12988,0.77535,-0.42749,-0.29246,0.24868
0.85961,-2.9604,0.14242,-0.97522,-1.2607,1.5873,-0.26213,-0.27995,1.4356,-0.14763,0.58338,1.0422
1.8415,-0.47826,0.021292,-1.4627,-1.2573,1.8847,-0.11303,-0.40254,0.78889,0.39849,0.93631,1.0269
1.6584,0.75423,0.21065,-1.4198,-0.49124,0.89116,0.68788,-0.091378,1.7873,0.38219,0.43858,0.20885
0.43765,1.5007,-0.7607,-3.0176,-0.12225,1.0736,-0.25658,0.084929,1.228,0.67282,0.47344,0.31333
3.1007,0.82667,-1.2199,-1.7408,-0.37258,0.70148,0.50359,0.11673,1.0337,0.19814,0.45583,1.1396
0.12106,2.8913,-0.083366,-1.3857,-0.01696,1.9075,0.55262,-0.29504,0.65336,-0.274,0.27883,0.64841
0.77025,2.8314,-0.45721,-1.2033,-0.078713,0.94482,0.54181,0.85087,1.2899,0.16599,0.74946,0.62881
0.12778,3.272,0.29948,-0.8576,-0.63561,0.74468,0.53574,0.16472,1.718,0.76511,0.67372,1.2113
1.2844,3.9461,-0.094827,-1.4213,-0.66412,-0.30664,0.17419,-0.28499,2.0113,0.1726,0.21056,0.22379
1.0132,3.3867,0.020332,-1.0204,-1.0138,0.43692,1.2476,1.0741,2.0515,0.48799,0.37505,0.68427
0.49328,3.6244,-0.59234,0.044673,-0.62145,0.4278,1.2022,0.45051,1.7022,0.18979,0.67736,0.05004
-0.21094,2.941,-1.3302,-0.61989,-0.98455,-0.078695,0.1247,0.2679,1.6227,0.084059,0.15969,0.14525
-0.10438,3.1777,-0.41532,-1.3463,-1.0656,0.089092,0.58028,0.68415,1.4705,0.1525,0.55522,0.4737
-1.0374,2.6576,-0.038227,-1.1985,-0.48413,0.69533,0.74168,0.19723,1.0797,0.12277,0.18353,-0.22752
1.1409,3.543,1.0197,0.44239,-0.15266,-0.27831,0.34999,0.43377,1.167,-0.22417,0.22701,0.29764
3.3169,4.025,0.23641,-0.084646,0.010599,-0.60407,0.51365,-0.047548,0.32606,-0.15173,-0.31916,-0.13684
4.0442,4.7833,0.7587,-0.14588,-1.2383,-0.94033,-0.48915,0.02945,0.77001,0.18064,0.3003,0.069435
4.7922,4.4573,0.77995,-0.54223,-1.8646,-0.98257,-0.6828,-0.19523,0.43275,0.15651,-0.20752,0.18064
5.8371,4.2873,0.97263,-0.86103,-1.2918,-1.1844,-0.35787,0.23172,0.43737,0.13834,0.096073,-0.065536
6.6635,4.0272,0.5223,-1.8579,-2.3269,-0.78667,-0.47965,0.056497,0.82737,-0.057521,-0.45283,-0.20724
7.0183,3.529,0.49038,-1.7912,-2.3566,-0.93604,-0.040598,-0.13063,1.0733,-0.13784,-0.12611,-0.37293
7.5986,4.3539,0.042981,-1.7065,-1.919,-1.1146,0.49676,0.3135,0.60537,0.25272,-0.16196,-0.1664
7.195,3.5687,-0.17971,-2.1632,-2.2182,-1.2048,-0.094019,0.65691,0.60173,0.12906,-0.16859,0.12721
8.1245,4.7345,-0.50442,-2.7782,-2.5196,-1.1136,0.10501,0.35489,0.75372,-0.090065,-0.36574,0.10478
7.839,3.8838,-0.27849,-2.301,-2.2828,-0.87457,0.12198,0.47639,0.39894,0.0068454,-0.17617,0.021473
8.4556,4.2493,-0.70149,-2.4922,-2.3736,-0.85774,0.18287,0.48357,0.49632,-0.5521,-0.18299,0.25982
8.1332,4.1505,-0.71812,-2.786,-2.6958,-0.77452,0.34843,0.76564,0.25594,-0.30413,-0.038869,0.46275
6.6006,2.58,-1.3797,-2.7149,-2.4806,-1.0518,0.11368,0.57311,0.32028,-0.10535,-0.021619,0.22995
8.5117,3.158,-1.852,-3.6048,-2.5096,-0.37984,0.88994,0.84869,-0.0099048,-0.46396,-0.052091,0.46262
7.4692,2.3333,-2.0485,-3.0851,-1.9498,-0.092063,0.653,0.62135,0.10065,-0.20575,-0.030983,0.26506
8.1443,2.6653,-2.1352,-3.4593,-1.6581,0.52048,0.58563,0.51227,0.19197,-0.20751,0.5347,0.51715
8.506,2.5958,-2.1557,-4.2656,-2.0101,0.8311,1.0597,0.11323,0.42497,-0.19973,0.77566,0.68785
7.5896,1.707,-2.8707,-3.817,-1.8332,0.62537,0.82445,0.50468,0.30564,0.1697,0.77083,0.86853
8.1896,1.4655,-2.5463,-4.3781,-1.0362,0.67083,0.47021,0.090015,0.22468,-0.073403,1.0617,0.07437
8.1426,1.6731,-2.7717,-3.5512,-1.001,1.1367,0.33363,-0.12566,0.17365,0.16754,0.82984,0.086462
7.7143,1.6271,-2.5857,-3.7247,-0.87074,1.2103,0.84545,0.13982,-0.083383,0.49205,1.1098,0.26286
6.0237,0.75057,-2.8736,-3.4494,-1.3188,0.73624,0.77967,0.45415,0.13394,0.18686,0.74025,0.47159
7.0304,0.36544,-2.6531,-4.4953,-0.62134,1.0689,0.52774,0.35626,-0.22829,0.67593,1.1431,-0.28771
5.4183,-0.46667,-2.1514,-3.2616,-1.0104,1.6329,0.66484,0.16229,0.07709,0.53724,0.71965,-0.14285
5.1384,-0.52419,-2.4673,-4.1217,-1.2773,1.735,1.2702,0.2016,0.024658,0.96195,0.98562,-0.3119
6.9495,-1.2471,-2.5159,-3.6249,-1.3015,1.5829,0.80349,-0.26719,0.38892,0.17483,1.0491,-0.82285
4.5986,-0.058503,-2.844,-3.2015,-1.1212,1.2728,1.4002,0.25139,-0.37223,0.53548,0.21038,-0.46002
5.9904,0.1381,-1.8702,-3.4429,-0.72216,1.3678,0.64093,0.29662,0.28927,0.95362,0.6,-0.99499
2.263,2.5155,-2.8722,-2.2924,-1.6478,1.5538,1.7189,1.0503,-0.18304,0.63425,0.67819,-0.59427
3.6978,1.7789,-2.6561,-1.7771,-1.5569,1.4566,1.3423,0.71251,-0.15762,1.1108,0.45561,-0.040594
3.8256,2.2874,-2.009,-1.8856,-1.3837,1.0754,0.81937,0.55419,-0.11399,0.64169,0.50163,-0.47472
2.5669,1.577,-2.1585,-0.87493,-0.12112,1.4295,0.89389,1.0826,-0.20282,0.33162,0.47398,-0.29162
3.4218,1.4314,-1.7661,-1.5001,-1.6285,1.0245,0.30089,0.75765,0.12349,0.083419,0.93639,0.21987
3.1282,2.5736,-0.42175,-0.69614,-1.3312,0.94372,0.63346,0.85823,0.73321,0.67484,0.71426,0.45026
3.2844,2.6821,-0.45434,0.18842,-0.21444,0.26169,0.58055,0.90487,-0.37138,0.53928,1.2606,0.99482
3.3939,1.905,-0.58581,-0.01413,0.067624,1.0588,1.1851,0.80489,0.12747,0.8763,0.14736,0.091826
3.3513,1.6502,-0.43796,-0.69655,-0.13827,0.80093,0.77376,1.3377,0.091632,-0.13376,0.11425,0.49095
1.4214,2.6405,-0.13148,-0.47453,-0.76038,1.3569,0.21768,1.053,0.73073,0.28325,0.40223,0.88281
2.2796,2.471,-0.65983,-0.2104,0.11032,1.1679,0.55465,0.83977,0.22898,0.88057,0.29217,0.90636
1.0574,1.3346,-0.27215,0.074333,0.77596,0.56414,0.96427,1.4649,0.018596,0.48183,0.30388,0.4053
1.4379,1.5323,-0.30716,0.055378,0.56888,0.38686,0.72838,1.6164,0.82502,1.948,0.35631,0.12196
1.3346,1.8301,-0.30118,-0.46181,0.093892,0.28039,0.53128,0.92307,0.54861,0.7457,0.53046,0.19543
1.3098,1.3671,-0.31395,0.038953,1.2206,0.36383,0.15527,0.49452,0.086364,0.48613,0.17387,0.14119
1.3153,1.6578,0.49573,0.49154,0.44216,0.28526,0.54701,1.2384,1.1758,0.51977,0.53325,0.031385
0.91469,1.3646,-0.65558,-0.469,0.24625,0.49909,0.21353,1.1555,0.37693,0.72085,0.36521,-0.091456
1.0797,1.0708,-0.18808,0.19086,0.12682,-0.47438,-0.16086,1.0795,0.40972,0.58411,0.78606,0.55681
0.80251,0.80277,0.17618,0.33507,0.47347,-0.078512,0.1366,0.69581,0.21243,0.54309,0.26081,-0.31664
1.7845,0.99029,0.13058,0.27911,0.46532,0.49951,0.087548,1.3569,0.6627,0.68091,0.98453,-0.40781
1.0409,1.7479,0.5359,1.1114,1.1409,1.1341,1.274,0.6893,0.44022,0.024652,-0.015468,0.16419
0.66301,1.7868,0.39445,0.28552,0.36551,0.37376,0.6897,0.71744,0.81409,0.63795,0.76293,0.94961
0.26963,0.84109,-0.003767,0.052207,0.62019,0.22709,0.72182,0.64984,0.19442,-0.23436,-0.58183,0.35462
0.7976,0.7759,-0.53309,-0.18626,0.20972,-0.068381,0.43485,-0.067621,-0.093185,0.35038,-0.27195,-0.3634
0.19471,1.5839,0.56759,0.57162,0.5242,0.27214,0.52478,0.54854,0.012349,0.50021,0.2585,0.41106
1.406,1.8959,0.30605,0.75332,0.76505,0.69302,0.64091,0.41804,0.16448,0.24188,0.35661,0.27875
1.3223,2.1142,0.99843,1.2751,0.22337,-0.42832,0.59552,1.0524,0.41268,0.55885,0.43513,0.13649
-0.055647,0.95595,0.33157,0.61538,0.59087,-0.3702,-0.64712,0.21016,-0.83573,0.15355,0.16801,0.16685
-0.78604,1.6316,0.39069,-0.10822,-0.58239,-0.40371,-0.11889,0.34009,0.23047,-0.059004,0.89795,0.19395
-0.23381,1.4674,0.13738,-0.026657,-0.43299,-1.3176,-0.078054,0.2615,-0.23359,-0.39413,0.66278,0.192
2.2498,2.447,-0.89961,-0.82698,-0.45979,-0.67839,-0.21118,-0.73381,0.4645,-0.832,0.37031,-0.85266
1.9641,3.1076,-0.19498,-0.72212,-0.85347,-0.44237,-0.42596,-0.85704,1.1049,-0.37467,0.82477,-0.73822
0.8241,2.6985,-1.108,0.4851,0.38132,-0.82794,0.64961,0.29635,1.4432,-0.34314,0.70718,-0.49695
-1.1377,3.7913,-1.125,0.55855,0.10915,-0.58332,0.13955,-0.17974,0.99947,0.46762,1.183,0.38051
-2.6413,4.7414,-1.5154,0.11658,0.50372,-0.57221,0.86177,-0.42697,0.96776,-0.30772,1.1263,-0.51788
-3.2555,4.8867,-1.7371,0.43647,-0.10537,-0.38805,1.793,-0.43144,1.184,-1.0785,0.25613,-1.0716
-3.7981,3.8762,-2.2467,0.33093,0.029518,-1.457,0.3129,-0.078733,0.75191,0.06443,1.7651,-0.30779
-4.0352,4.2378,-2.6569,0.42568,0.32532,-0.14403,0.070589,0.52945,1.5937,0.1882,1.0468,-0.11879
-4.4997,4.7609,-2.0567,1.2755,0.29023,-0.43462,0.34255,0.35898,1.5457,-0.62825,0.91156,-0.31531
-3.9427,4.8812,-2.937,0.93549,-0.71812,-0.665,1.2018,-0.34096,0.89977,0.0010714,1.2769,-0.16337
-5.7788,3.6828,-2.4603,0.93403,0.32158,-0.68103,0.16196,-1.0027,1.1945,-0.3827,0.58901,0.036397
-5.5947,3.5855,-2.6185,1.1438,-0.023121,-0.21024,0.95763,-0.90422,0.43789,-0.67067,1.0463,-0.23157
-4.5982,3.6532,-2.4476,1.0201,-0.30912,-0.49904,0.78622,0.20766,1.4144,-0.03639,0.80085,-0.17518
-5.0995,4.2275,-2.8561,0.94118,0.76898,0.46186,1.4788,0.28209,2.1565,0.014989,1.4385,-0.24018
-5.1813,4.1747,-2.3733,1.1543,0.96769,0.16795,0.46745,0.079312,1.5344,0.1407,0.58124,-0.62432
-4.9591,4.8682,-2.0777,0.28153,-0.37656,-0.82392,0.65077,0.56866,0.93022,-0.94424,-0.29612,-0.80119
-5.1105,4.9472,-2.6148,0.92756,0.86795,-0.20401,0.16585,-0.30451,1.6694,-0.24311,0.38114,-0.37278
-4.4696,3.83,-2.7407,1.4099,-0.080983,-0.5378,0.95451,0.41442,1.1554,-0.37372,0.55938,-0.22058
-4.9624,3.1632,-3.1345,1.855,0.031217,-0.12652,0.2875,-0.83461,-0.14728,-0.7215,0.4919,0.067204
-4.8399,5.0799,-1.6181,1.9706,-0.074192,-0.033842,0.83458,0.31584,1.1288,0.1109,1.5171,0.21221
-4.9968,4.523,-2.0925,2.394,0.63304,0.2768,1.0083,-0.46534,0.6977,-0.28756,0.73881,-0.74998
-5.9609,3.8525,-3.0074,1.5243,0.43106,-0.020583,0.47313,-0.61545,0.49155,-0.3381,0.54927,-0.58723
-5.3257,4.4656,-2.3478,2.1578,-0.019124,0.56918,1.3674,0.54297,1.2708,-0.16257,1.1533,0.45232
-5.188,4.4032,-2.8897,1.2004,-0.22619,-0.54851,0.45697,-0.015394,1.2829,-0.61118,0.71574,-0.073556
-4.527,4.891,-2.4728,1.8711,0.37416,0.36392,1.4085,-0.31451,0.59629,-0.20923,0.95111,0.46343
-4.2139,4.3125,-2.6081,0.89338,-0.11178,0.59089,1.4601,0.37425,1.2227,-0.50239,0.904,-0.5306
-5.6043,3.9802,-1.9288,1.6845,0.20045,-0.36985,0.96353,-0.46641,1.1107,0.12514,-0.09322,-0.078564
-2.4107,4.5096,-2.2072,0.44527,-0.91754,-0.95919,0.1681,-0.49794,0.85618,-0.29516,0.72721,0.62483
-1.866,3.7962,-1.9412,0.079785,-0.8933,-0.79611,0.92989,0.10417,1.155,0.060044,0.65069,0.03213
-1.3858,2.7835,-2.6015,-0.89549,-1.1394,-0.84749,0.2152,0.11011,1.2259,-0.068521,0.14039,-0.14175
0.6749,4.1055,0.11187,0.16033,-0.50988,-0.84185,-0.010435,0.29709,1.2271,-0.087331,0.32145,-0.034946
5.3792,3.0389,-1.6177,0.39103,-0.59815,-1.4024,-0.97008,-0.39449,0.49595,-0.079276,0.57932,-0.88944
4.7267,2.1985,-0.92915,0.39113,-0.84886,-1.3671,-0.9866,-0.70482,0.5139,0.21601,0.59551,-0.13271
5.6713,1.9777,-2.0788,0.82374,-1.1141,-2.4597,-0.56174,-0.57512,0.96386,0.94825,1.0244,-0.80427
5.269,1.2882,-1.1489,-0.68758,-0.90204,-1.8046,-0.81406,-0.67167,0.64538,-0.1071,0.86434,-1.0413
5.4804,1.8978,-0.3763,-0.087947,-1.5328,-2.4175,-1.3359,-0.34745,0.96848,0.74729,0.80765,-0.38746
5.3405,0.66593,-0.94386,-0.85307,-0.87305,-1.9973,-0.59293,-0.28129,1.0501,0.19005,1.1861,-1.0712
5.0481,1.6291,-0.57779,0.0057523,-0.5845,-1.4157,-0.61937,-0.40448,0.54314,0.12556,0.31935,-0.60473
5.3051,0.92648,-0.80949,-0.46054,-0.77106,-2.562,-0.92261,-0.47849,1.2152,0.42032,1.1926,-1.0124
5.3986,1.2315,-0.66761,0.10031,-0.31496,-1.3427,-0.10823,-0.40233,1.0293,0.18791,0.62468,-1.1726
5.6056,1.5393,-0.40614,-0.061194,-0.76444,-2.6526,-1.015,-0.67572,1.3292,0.53021,1.0696,-0.85566
5.9415,1.7319,-0.87506,0.12221,0.017799,-1.8638,0.071375,-0.48984,0.45584,0.16953,1.1824,-0.92207
5.3015,1.9915,0.22487,1.213,-0.53056,-1.8088,-0.67509,-0.93722,0.68459,0.64898,1.0107,-0.97859
4.8659,2.1782,0.57527,1.4362,0.020949,-1.4875,-0.83724,0.30504,1.0444,0.43419,0.89715,-0.43679
3.6923,1.2347,0.2825,0.76058,0.088271,-1.4789,-1.0734,-0.10244,0.89634,1.0124,0.18449,-0.28705
4.724,2.0659,0.62012,0.4324,0.64834,-0.36328,-0.66953,-0.01551,0.82514,0.82506,0.10617,-0.2791
1.6576,2.3803,0.99328,-0.11404,0.30509,-1.1288,-0.96432,0.16733,-0.39041,0.58902,-0.1763,-0.16038
2.2734,2.984,1.0144,1.1321,0.053344,-0.45488,-0.91992,0.10064,-0.32548,0.7384,0.1169,0.43138
1.767,1.7338,1.4244,1.5631,0.59023,-0.48136,-1.1247,-0.20091,0.07918,0.68853,-0.055598,0.46371
2.8797,2.6487,0.59701,0.79715,0.7015,0.020332,0.028983,0.55091,0.32003,0.843,0.056062,0.33252
1.644,1.7841,0.8179,1.2436,0.0099766,-0.67587,-0.45399,0.47881,-0.17069,-0.0036407,-0.076251,0.041004
1.9494,2.2565,0.58358,0.82267,0.6958,-0.31694,-0.37272,0.41994,0.29777,1.0702,0.37884,0.42603
0.76994,1.3062,0.21442,-0.022691,-0.26052,-0.43087,-0.038678,0.34051,0.23828,0.2925,-0.016161,-0.19465
1.3489,1.6009,0.46667,1.2262,0.73089,-0.22066,-0.37242,-0.073965,0.30286,0.36887,0.23521,0.30338
0.95087,1.1485,0.06557,0.037998,0.91607,0.27914,-0.56804,0.3588,-0.4586,0.14286,-0.16161,0.15637
1.2181,1.3423,0.58338,0.047162,0.025618,0.18726,0.1682,0.7255,0.16971,0.60374,1.2675,0.67455
-0.56853,0.86831,-0.38677,0.99597,0.35568,-0.12965,-0.12634,0.36427,0.93748,0.0065412,-0.081808,0.035677
1.3529,1.5608,0.23685,0.38226,-0.82503,-0.85064,-0.20599,0.032123,0.04244,-0.18292,0.28686,-0.0020411
0.70074,1.5768,0.19986,0.63726,0.17135,0.21459,-0.029907,0.2744,0.24236,0.7422,0.85365,0.39322
0.73536,1.5559,0.70798,0.65555,0.67011,0.16022,0.15246,0.85714,1.0401,0.50075,-0.15396,-0.081893
0.16648,1.0045,-1.3928,-1.3046,0.51425,0.15898,0.56093,0.1533,1.5407,0.074091,0.77438,0.63425
-0.29267,1.636,-1.7924,-0.6467,-0.42248,-0.40031,0.60802,-0.21667,0.957,-0.33648,0.75372,-0.44391
-3.0182,2.5074,-1.7488,1.2277,0.23891,-0.81851,0.85419,-0.29188,1.1711,-0.50134,0.13547,-0.15919
-2.7686,3.6472,-1.6371,0.84207,0.17236,-0.13294,1.0933,-0.043235,1.4186,0.017114,0.25553,-0.32993
-4.0364,4.2176,-1.902,0.91248,0.58412,-0.76783,0.44436,-0.41756,0.57965,-0.79822,0.29886,0.070083
-4.7515,3.7177,-2.4635,1.3881,-0.082144,-0.28531,0.62747,0.20148,1.0428,-0.72301,0.19539,0.26934
-3.7724,4.4736,-2.4011,0.61475,0.84369,-0.61961,-0.0097763,-0.3359,1.275,0.30815,0.80672,-0.016326
-5.4541,3.5729,-2.0724,1.3312,0.62402,-0.64023,0.67367,-0.20516,1.6084,0.16645,0.72924,-0.044347
-3.8005,4.0464,-2.6237,0.90087,0.42164,-0.17623,0.71729,-0.45089,0.94752,-0.26368,1.0517,-0.10409
-3.4992,3.8919,-2.1864,0.92758,0.27129,-0.18294,1.2755,0.039241,1.3849,-0.23839,0.53294,-0.53462
-2.8065,4.0817,-1.4102,1.021,0.42328,-0.7725,0.27601,0.050568,1.3504,-0.4771,0.45911,-0.26132
-2.4717,3.5569,-1.0294,0.35108,-0.17593,-0.71952,0.16624,-0.39188,0.69062,-0.23345,0.24612,-0.8709
-1.8524,3.0842,-0.89158,0.76777,1.07,-0.41325,0.11201,-0.90982,0.93709,0.58593,0.36001,0.44154
-1.166,1.6522,-0.75414,0.87683,0.85735,-0.070751,-0.012751,-0.11555,0.87597,0.76382,1.0367,0.030252
-0.51216,1.676,-0.59139,1.708,0.87963,0.46167,-0.005372,-0.21296,0.31833,1.0412,1.1038,-0.11962
0.46916,2.2982,-0.38581,0.57765,0.01444,0.52615,0.38769,0.42188,0.78367,0.42401,0.92902,0.26946
0.034508,2.0501,0.16412,0.78718,0.65943,0.086658,0.65979,0.29945,0.29296,0.6927,0.12278,0.31702
0.3615,0.85404,-0.24014,0.17708,-0.20222,-0.41506,-0.011134,-0.74817,0.23957,0.29575,-0.12362,0.039279
0.81768,1.0074,-0.94052,0.034218,0.40203,-1.0932,-0.73271,0.31313,0.28809,-0.32982,0.18437,0.46512
-0.060436,1.1409,-0.69002,0.33673,0.79701,0.53879,0.19802,0.37271,-0.0038101,0.16669,0.39784,0.37947
-0.5567,0.71717,-0.083603,0.65726,0.45094,-0.030334,0.054001,0.52143,0.3245,1.0424,0.89318,0.2892
0.027361,1.0979,-0.87298,-0.72968,-0.78689,-0.31394,-0.10614,0.71401,0.071766,0.61424,0.65976,-0.017821
-0.53313,0.94071,-0.083704,0.51676,0.70016,1.19,1.0963,1.3243,-0.14538,-0.45825,-0.61411,-0.2141
-0.18542,1.2345,0.69093,1.1045,0.48525,-0.1089,-0.14915,0.68955,0.35034,0.65099,0.38976,0.80443
1.3352,1.6808,-0.33307,0.24548,0.35062,-0.040513,0.03636,0.63929,0.26297,1.5147,0.26166,0.4281
-0.70194,1.3868,-0.76377,0.096473,0.16746,-0.80114,0.41965,0.91935,0.096136,0.041226,-0.35349,-0.15878
-0.50363,1.3502,-0.097843,-0.2113,0.36204,0.07273,0.64753,0.90011,0.55074,0.73037,0.57658,0.15938
-0.14792,0.319,-0.82262,-0.17638,0.27721,-0.35189,-0.38727,0.2776,-0.073897,-0.065165,0.10255,0.46366
1.4923,1.4282,0.30099,1.0503,0.21648,-0.407,-0.38713,0.23607,0.11166,0.63009,0.5121,0.16891
0.76283,0.8072,-0.22238,0.65194,0.37063,-0.17451,0.67883,0.94394,0.15681,0.090735,-0.15773,0.77462
1.4567,1.3326,0.62349,0.85558,0.3367,-0.012825,-0.21944,0.95442,0.43874,0.48852,0.74275,0.60713
0.22971,-0.048857,-0.13773,0.0025641,0.40959,-0.0095758,0.25962,0.74737,0.1474,0.55741,0.20563,0.40665
1.004,1.1053,0.19129,0.29723,-0.086043,-0.5183,0.22801,0.4803,0.89913,0.4326,0.16517,0.23673
1.4165,1.0806,-0.10162,0.52308,0.69385,0.29727,0.46246,0.54213,0.46509,0.36624,0.23477,0.7039
0.46729,0.65972,-0.18204,0.87631,1.2451,0.023956,0.8561,1.1654,0.56432,1.223,0.89181,-0.021844
0.75091,1.3392,0.86615,0.89568,-0.0098542,-0.061053,-0.059301,0.90797,0.80302,0.508,1.0648,0.44261
-0.12734,0.81643,-0.483,-0.3588,0.70956,0.10513,0.23349,0.52794,1.0397,1.0192,0.93498,1.1146
0.41092,1.6311,0.90857,0.4546,-0.059746,-0.20807,0.18954,0.7031,0.47567,0.45485,0.68315,0.37533
0.056494,0.62025,-0.037839,-0.43154,0.11266,-0.030744,0.62312,0.61928,-0.24343,0.61511,0.27826,0.62068
-1.5208,1.0725,1.0626,-2.6848,0.212,-0.2992,0.062622,-0.17362,0.71553,-0.28816,0.8891,-0.22638
-2.987,2.3981,-0.30382,-2.7444,-1.0762,-0.69375,-0.84185,-0.17807,0.52782,-0.14778,1.1209,0.0091423
-3.1601,0.96001,-0.804,-1.1385,-0.12858,-0.11222,-0.10403,-0.13047,0.66144,-0.14444,1.0525,0.3524
-1.8026,0.7332,-0.71527,-1.3348,-0.73957,-0.20439,-0.38369,-0.11166,0.90855,-0.032891,1.302,0.070365
-2.3648,1.8119,0.54636,-1.649,-0.17886,-0.087198,-0.23038,-0.32947,0.1581,-0.81499,0.75301,-0.17422
-2.5005,2.5674,0.99138,-0.60953,-0.35114,-0.031713,-0.42333,-0.24355,-0.15017,-0.20088,1.217,0.52179
-2.6923,2.2384,1.3243,-0.016029,0.015352,0.16983,0.25314,0.49555,0.97482,-0.63435,0.40009,0.32575
2.3752,2.7028,1.3301,0.37477,-2.0754,-1.4658,0.32753,-0.79771,0.69175,-0.72983,0.29424,-0.22559
4.6324,1.0498,0.54202,0.71176,-2.1673,-1.2863,0.0084159,-0.93862,1.261,-0.63594,0.42333,-0.079924
4.3297,1.6804,0.19485,0.049943,-2.3335,-1.7834,-0.22569,-0.52852,1.2573,0.049609,0.61551,0.79382
4.6406,0.83707,-0.37736,-0.53039,-2.1551,-1.5104,-0.53569,-0.092634,2.2892,-0.39773,0.82507,0.39524
4.6965,0.97414,-0.72868,-1.0385,-2.0184,-0.77867,-0.41227,-0.34914,2.3413,-0.40754,0.59367,-0.10255
5.2191,1.389,-0.84137,-1.2996,-1.8144,-1.091,0.20715,-0.36829,1.7429,0.098771,0.42634,-0.086748
5.056,1.5656,-0.94922,-1.1655,-2.1336,-1.2598,-0.023476,0.16402,1.2801,0.62581,0.74913,-0.33071
4.3747,0.40919,-1.3002,-1.5356,-2.1056,-1.0663,0.33681,0.40392,1.9662,0.76294,0.88481,-0.68502
5.2242,0.41352,-1.4746,-1.486,-1.4582,-0.80687,-0.36693,-0.17988,1.2063,0.14386,0.71616,-0.99168
5.1179,1.0606,-0.72804,-1.3896,-1.6603,-1.2153,-0.18062,0.91214,1.7541,0.66082,1.0394,-1.322
5.8037,-0.2255,-1.638,-1.9465,-1.0182,-1.0453,-0.34349,0.09105,1.4788,0.43041,0.36275,-1.0124
4.0612,1.51,-0.47966,0.20042,-0.99732,-1.526,-0.52704,0.0043309,1.724,0.37913,1.095,-1.1208
5.6248,0.82192,-1.7538,-1.8197,-0.17312,-0.67242,-0.42169,0.20241,1.9152,0.027024,0.67233,-0.64692
3.1689,1.4307,-0.90013,-1.0848,-1.0061,-0.7539,0.43092,0.64411,1.5406,1.2027,1.0303,-0.0059596
3.9116,2.1035,-1.2805,-0.066457,-1.1223,-1.2593,-0.14239,-0.12004,1.7952,1.1454,1.0657,-0.58949
5.5036,1.3322,-1.499,-0.72441,-1.1925,-1.5308,0.010499,-0.45477,1.187,0.44276,0.7969,-1.3096
4.4028,1.9262,-0.029626,0.1918,-0.50523,-1.6557,-0.66608,0.37725,1.64,0.39538,-0.031777,-0.88152
2.8566,0.65278,-0.66597,-0.019148,-0.44488,-1.6088,-1.3399,-0.19342,1.358,1.2068,0.32699,-0.83693
4.183,2.2331,-0.22717,0.057166,-0.49587,-1.5796,-0.52526,0.51833,1.048,1.148,0.2796,-0.46521
2.9805,1.813,-0.049002,0.5067,-0.21416,-0.86642,-0.41818,0.24816,0.96912,1.2717,0.089425,-0.60506
3.4842,2.2573,0.33982,0.36261,0.015367,-0.99169,-0.762,1.067,1.256,1.2833,0.11752,-0.2746
0.99121,0.8442,-0.06471,-0.0042601,0.42956,-0.41815,0.27082,0.84147,0.77743,0.75093,0.90535,-0.10295
2.4902,2.0485,0.088811,-0.25782,-0.66848,-0.55358,0.040514,0.6562,0.57761,-0.10358,-0.11593,0.026766
0.86201,1.4909,0.25554,-0.31253,-0.39495,-0.81549,-0.64438,0.62111,0.95934,1.1021,0.20408,-0.63752
1.7726,1.8772,0.68163,0.941,-0.11599,-0.69693,-0.34486,1.2092,1.097,1.0336,0.71048,0.17653
0.75971,1.4407,0.43335,0.49067,0.050814,-0.097879,-0.31713,1.1139,1.0904,0.17695,0.7065,1.2779
0.71685,0.65623,0.01409,0.49683,0.94198,0.22038,0.21474,1.3124,0.80245,0.76617,0.86498,0.49214
0.0090256,0.51149,0.083701,0.1472,0.17002,-0.49361,0.030672,0.90771,0.43762,0.94903,1.274,0.58324
0.67882,0.98256,1.0904,-0.11779,0.12017,-0.23951,1.0317,1.0248,0.52016,0.51347,0.36835,0.62543
1.0656,1.2417,-0.56013,-0.51344,-0.042414,-0.66,0.12681,0.94471,0.51179,0.40725,0.39413,0.76259
-0.95493,1.1296,-0.67571,-0.062162,-0.36433,0.11147,0.73332,0.32943,1.5475,0.15061,1.0312,0.29427
-1.4248,1.0834,-1.7219,-1.1101,-1.0869,0.34156,0.70213,-0.32121,1.3997,0.041556,1.1131,-0.22116
0.46691,2.1883,-2.3135,-1.5901,-0.49224,0.23591,0.59342,-0.28149,1.3017,0.48109,1.8623,0.28282
-0.55268,1.7801,-1.8963,-0.92392,-1.106,-0.26008,0.35036,-0.43925,0.76246,0.22623,0.65677,-0.31001
-0.23756,0.96746,-1.7908,-1.2972,-0.74813,-0.10947,0.21967,-0.047294,0.93633,0.28236,1.2335,0.61854
-0.96309,1.2061,-1.3881,-1.3369,0.50155,-0.18518,0.34306,-0.022154,0.52647,0.62166,1.1209,0.24997
-0.15822,1.5424,-1.1032,-0.29199,0.65344,0.35417,0.90479,-0.44387,0.85636,0.98227,1.5408,-0.25737
0.54041,1.3249,-1.5963,0.17755,1.0875,0.13666,0.069508,-0.89361,1.2193,1.3566,1.3402,-0.47203
-0.75592,1.8911,-2.0361,-0.84256,1.4734,-0.21735,0.022602,-0.37879,1.1863,1.2881,1.8363,-0.26948
-0.81423,1.1441,-2.1011,-1.6542,1.6314,0.28484,0.52871,0.10612,1.4839,0.41179,1.408,-0.82573
-0.51569,1.7898,-1.4964,-1.0814,1.4234,0.66479,0.10711,0.14897,1.065,0.89064,1.4844,-0.49342
0.26927,1.0196,-2.0419,-1.0325,0.7784,1.1244,0.6219,-0.45449,0.80965,1.622,1.6204,0.46375
0.2193,2.0421,-2.035,-1.549,0.96958,0.1262,0.40931,-0.17427,1.14,1.1246,1.0575,-0.50411
1.563,1.5926,-1.4265,-0.92318,1.5256,0.47595,0.43031,-0.22952,1.7023,1.3983,1.9017,-0.16878
0.55122,1.2182,-1.331,-1.1306,1.4419,1.0803,-0.48198,-0.080408,1.0703,0.50772,1.0574,0.074558
-0.52759,0.81232,-1.0224,-0.79376,2.0262,0.72582,-0.10249,0.10757,0.7094,0.52669,1.2641,0.28488
-1.1919,1.369,-0.063367,-1.1368,0.68173,0.61708,-0.32489,0.03589,0.25179,1.105,1.0111,0.072499
-0.77937,0.478,-1.6585,-1.5781,0.6136,0.88491,0.5163,0.17471,0.25628,0.63408,0.52094,-0.3051
-0.1488,-0.27833,-1.1895,-1.3637,1.2763,0.52424,0.32916,-0.12945,0.09957,0.7487,0.67818,-0.1842
0.98286,0.21147,-2.3814,-1.6347,-0.22535,0.1135,-0.090542,0.16938,0.88395,1.3613,1.0022,0.52994
1.2684,0.57885,-1.2973,-0.45583,1.1914,0.59718,-0.17422,0.25478,0.93875,1.2255,1.2272,0.25626
1.4647,0.43664,-1.1699,-0.20511,0.37041,0.72865,0.61995,0.10727,0.44077,0.96379,0.34584,0.27199
1.1873,0.16283,-0.19022,-0.56359,0.1316,-0.076304,-0.30596,-0.056696,0.52203,0.79802,0.43198,-0.51981
