1.1333,1.2638,0.13169,1.1232,0.72199,0.0076015,0.58848,0.5263,0.0066513,0.47742,0.12826,0.11919
0.12812,0.64929,-0.20643,-0.29946,0.28571,0.31452,0.55069,0.54764,0.31993,0.31433,-0.12348,0.2699
0.97282,1.0292,0.37876,0.13087,-0.2258,0.24763,0.58427,1.1113,0.18701,-0.17231,-0.39594,0.413
1.2019,0.96088,0.032963,0.24032,0.50819,0.19444,0.10109,0.15549,-0.019869,0.1983,0.18323,-0.36737
0.41224,0.74881,0.25241,0.7645,0.41052,-0.1338,0.058916,1.0558,0.69998,0.65335,0.67935,0.73268
-0.053506,0.21053,-0.34411,-0.82513,-0.395,0.11332,0.014574,0.70342,0.53201,0.32236,0.64886,0.57782
0.59485,0.99821,-0.40744,-0.21976,-0.17533,-0.18362,0.12017,0.2823,0.12227,0.26711,0.0028722,0.014439
0.55898,0.69087,0.029882,-0.038065,-0.048738,-0.18662,-0.019647,0.51895,0.27451,0.75773,0.54677,-0.20901
0.52716,1.3838,0.29135,0.63262,0.91192,0.79828,0.80072,0.89536,0.039226,-0.15734,0.20622,0.53745
0.60101,0.74925,-0.15547,0.39636,0.74892,-0.39516,-0.13207,1.1158,0.82338,0.46615,0.9337,0.20858
0.059358,0.14919,0.10104,-0.20272,0.36124,0.38941,0.57088,0.75472,0.11124,0.49121,0.66347,0.27153
0.17136,-1.9597,1.1745,-1.5243,0.37953,-0.091668,-0.23332,1.2509,0.70666,-0.0014194,1.4549,-0.26176
0.32497,-0.2714,0.70857,-1.6325,1.4347,0.18026,0.25078,0.79056,0.54622,0.48358,1.1047,0.13991
1.7988,1.6482,0.80662,-2.2076,0.68761,-0.7471,1.3761,1.1473,0.22983,0.36931,0.12543,0.80471
3.3169,0.57273,-1.6513,-2.5614,0.79879,-0.0996,-0.057826,1.4127,0.65634,0.55428,1.2209,0.094023
2.6924,1.2866,-1.2476,-2.0451,0.61908,-0.64917,-0.2442,0.54373,-0.087754,0.68368,1.2804,0.35037
0.40477,0.71276,-2.2868,-2.0773,0.35909,0.53564,0.0014364,0.80606,0.55071,0.26875,0.70074,-0.018041
2.7735,1.9284,-1.4348,-1.4301,0.017076,0.77503,0.93935,1.5222,0.71342,0.026398,0.12463,0.57398
2.5089,2.7454,-1.7726,-2.0653,-0.9185,0.64846,0.61778,1.238,0.94084,0.020528,-0.17882,0.004586
1.67,2.7526,-1.8858,-1.7748,-0.89231,0.9846,0.36041,0.24832,0.45186,0.065932,0.19535,-0.13008
1.5357,2.5549,-2.1112,-2.2976,-1.3565,-0.24074,0.77538,1.2669,0.8885,0.45147,0.7067,0.5352
0.43105,2.5694,-0.82284,-0.77039,-0.17812,0.011705,0.84936,0.72376,0.37334,-0.63548,-0.14174,0.5058
3.6251,3.8138,0.032666,-0.3871,-0.76348,-0.4714,-0.059188,0.43369,0.25919,-0.56096,0.055488,0.18536
6.6868,4.2406,-0.35964,-1.4754,-1.8137,-0.64803,0.12338,0.42916,0.46617,-0.2414,-0.38942,-0.13583
6.5431,3.8419,-0.38932,-1.501,-1.9274,-0.53495,0.1432,0.19742,0.3649,-0.40237,0.024439,-0.42881
6.9684,3.5696,-0.1568,-1.6645,-2.0512,-0.4651,0.24037,-0.03716,-0.024985,-0.18181,-0.14971,-0.34512
7.0932,3.5381,-0.049747,-1.7962,-1.9827,-0.58192,-0.0016008,0.48238,0.26213,-0.13344,-0.18924,-0.44755
7.113,3.7792,0.024457,-1.8302,-2.4479,-0.53502,0.21902,0.76087,0.11411,-0.32304,-0.12559,-0.47613
7.475,3.8004,0.22983,-2.3383,-3.0613,0.084177,-0.18498,0.95703,-0.0087282,0.012171,-0.17711,-0.9542
7.4313,3.4059,-0.32652,-2.6219,-2.2459,-0.38209,-0.30774,1.1289,0.057294,-0.17542,-0.025492,-0.66184
8.0569,3.393,-0.56781,-2.5725,-2.3943,-0.23402,0.31733,0.48301,0.3651,-0.44111,0.15328,-0.71785
6.8682,2.9507,-0.515,-2.622,-2.2478,0.029198,-0.20718,0.86783,0.049799,-0.45457,-0.1665,-0.19756
7.3049,2.8129,-0.40846,-2.552,-2.1507,0.035785,-0.12002,0.87239,0.17563,-0.86166,0.30482,-0.084553
6.7357,2.726,-0.76901,-2.7836,-2.378,0.53062,-0.0051803,0.70467,-0.44092,-0.41392,0.84871,-0.46917
6.721,2.1248,-0.87255,-2.5859,-2.218,0.82995,-0.083331,0.5983,-0.1472,-0.5534,0.81815,-0.61199
6.3416,1.8026,-0.75987,-2.957,-1.8636,0.70762,-0.10242,0.454,-0.41785,-0.40594,0.61314,0.026688
6.1895,1.8012,-0.94345,-3.38,-1.7634,0.66682,-0.09076,0.3465,-0.41592,-0.38945,0.60837,0.1856
6.4606,1.7401,-0.79915,-3.6985,-2.0955,0.92722,-0.027801,0.40427,0.03292,-0.32679,1.041,-0.2388
5.3551,1.4454,-1.2751,-3.4927,-2.0049,0.90043,-0.066059,0.63603,-0.10963,-0.23477,1.2,-0.11054
5.7299,0.65559,-0.95212,-3.8132,-1.5586,0.78373,0.17651,0.42203,-0.19495,-0.18964,1.3833,-0.38556
4.5301,1.2413,-1.5035,-3.3387,-1.2072,0.77876,0.0024973,0.20049,-0.39759,-0.062421,1.2988,-0.7844
6.0922,1.2385,-1.5968,-3.1736,-0.77676,0.85272,0.22614,0.17978,-0.78422,0.15512,0.86114,-0.46857
6.4012,2.2305,-0.93318,-3.4717,-0.9063,1.5686,0.087688,-0.066466,-0.70084,0.09751,0.59839,-0.22859
6.5674,2.1089,-0.24159,-3.184,-1.0287,1.8875,0.92739,0.12192,-0.81549,-0.47618,0.96531,-0.049557
6.3874,2.2964,-0.32995,-2.9491,-0.54954,1.3245,0.60055,-0.077276,-0.72618,-0.05887,0.77302,-0.48281
6.2494,2.5461,-0.0019471,-2.9901,-0.59411,0.88568,0.54737,0.2059,-0.18781,0.30968,0.75665,-0.048048
6.0489,2.6756,-0.71095,-3.2949,-0.98359,0.9696,1.0451,0.092184,0.086634,0.39008,1.1395,0.0037421
5.5667,0.4508,-1.9167,-2.4635,-0.71015,0.29052,0.29066,-0.64399,0.14179,-0.011058,0.76046,-0.99443
4.936,-0.0093696,-2.5575,-3.186,-1.4134,0.46822,0.30553,-0.4948,0.010694,0.51655,0.96614,-0.95132
5.5761,1.4859,-1.4442,-1.3017,-0.18494,0.87474,0.69327,-0.31905,-0.041398,0.69188,0.94735,-0.3877
4.4494,1.533,-1.0378,-1.3869,-0.30803,0.83781,1.0881,-0.162,-0.058427,0.38117,0.43422,-0.26726
3.9219,2.4991,-0.48088,-0.87991,0.1775,1.1856,1.4375,0.39262,-0.4533,0.082451,0.78499,0.12647
3.2167,1.0554,-1.3508,-0.82343,0.04016,1.0258,0.93703,0.91045,0.70672,1.1479,1.05,-0.18087
2.8827,1.5986,-0.56255,-0.50495,0.23485,0.47479,0.61716,-0.52989,-0.31632,0.74171,0.6067,0.57026
2.5797,2.2342,-0.01909,0.049325,0.070669,0.63766,0.81744,-0.10581,-0.29151,0.20508,0.82463,0.58394
2.7658,2.4128,0.13092,-0.10216,-0.017214,-0.11874,1.1659,0.47538,-0.14305,0.31321,0.15221,-0.1915
2.0768,1.9983,-0.20837,-0.19675,0.35632,0.71701,0.52888,0.67972,0.373,0.54195,0.31471,-0.43079
1.2677,1.1092,0.40653,-0.18953,-0.16117,-0.54011,0.39346,0.060904,-0.55748,-0.40898,-0.30102,-0.72382
2.2895,1.2372,0.41396,0.23822,0.27464,-0.12314,0.024803,0.1997,0.38068,0.09851,0.59647,0.70163
1.413,0.71983,0.30149,0.70165,-0.078734,-0.5238,-0.30294,-0.61963,-0.14734,0.21376,0.42251,0.29773
0.43674,1.1954,0.50287,0.88023,0.21137,-0.32407,0.33513,0.84521,0.42949,0.67406,0.44455,0.11193
1.3949,1.9595,-0.35862,0.50988,0.93643,0.443,0.14583,0.74682,0.017273,0.15583,0.068189,-0.16635
0.33926,1.291,0.029414,0.35732,0.12691,-0.14431,0.50513,1.0988,0.36217,0.98823,0.9535,0.3967
0.12317,1.0881,0.40279,0.28925,0.48202,0.2512,0.34186,1.6941,0.72293,0.55924,-0.21965,-0.31054
0.29222,1.7762,0.090587,-0.051969,0.72871,0.66099,-0.098572,1.2535,0.66008,0.61608,0.081733,0.41897
0.079382,0.71868,0.3009,-0.43361,0.10363,-0.689,-0.259,0.40456,0.38455,0.49618,-0.14695,-0.64797
0.87615,0.68889,0.41017,0.21965,0.4177,0.035179,0.74668,1.197,0.28445,0.65173,1.2058,0.75285
0.61996,0.83092,-0.17093,0.15494,0.73118,0.13243,-0.13026,0.49926,0.45761,1.0352,0.32654,0.68582
0.46339,0.76324,-0.30662,0.097908,0.2246,0.40009,0.29329,1.291,0.88865,0.61407,0.93092,0.33819
1.7017,0.92577,0.25649,0.5079,0.86793,0.44743,0.44073,1.573,0.65146,0.33643,-0.050554,-0.16481
1.4097,1.5261,-0.14277,0.26246,0.64156,0.67448,-0.064287,0.8726,0.48017,0.66219,0.56215,-0.052834
0.17521,0.55795,-0.26022,0.42494,0.88839,0.99817,1.3712,1.7891,0.79083,1.0016,0.18658,-0.15072
0.14489,0.70774,0.31982,0.6588,0.57672,0.56459,0.65876,1.6842,0.56355,0.81944,0.25587,0.55647
0.57519,0.89026,0.15174,0.54351,0.93753,0.16317,1.3622,1.0255,-0.23803,0.40623,0.31771,0.50122
0.81809,1.357,0.23805,0.27214,-0.22407,-0.19819,0.9689,1.0377,0.23857,0.58043,0.22019,0.39456
0.96864,1.7361,0.58998,0.45196,0.97331,0.49965,0.50962,0.95856,-0.033364,0.35618,0.17146,-0.15464
0.45855,0.452,-0.073962,0.64055,1.4552,0.63818,1.0071,0.68955,0.053716,0.53608,0.89294,-0.017313
1.0904,1.5203,0.51097,0.50905,0.017989,-0.42988,0.29281,0.94612,-0.031726,-0.26521,0.030574,0.25038
1.0022,1.0455,0.19188,-0.43325,0.55346,0.90691,0.42751,1.1712,0.45214,0.20413,0.117,0.12962
0.36382,1.6504,0.36165,-0.17753,0.13024,0.50151,0.52249,0.66629,0.0072886,1.113,1.0339,0.088239
0.56728,1.0095,-0.42256,0.42192,0.57945,-0.0099502,0.49428,0.69427,0.5582,1.4743,1.0816,0.68557
0.56821,1.4597,0.35369,1.0191,0.50791,-0.15059,0.020749,0.48393,0.086464,0.011433,-0.31078,0.32393
0.98804,1.4163,-0.056647,-0.24731,0.38648,-0.0014264,0.30925,1.367,0.31921,0.36215,0.56451,0.60878
1.4314,1.1223,-0.35073,0.39038,0.74148,0.58235,0.75722,0.96715,0.60075,0.46136,0.3964,-0.099821
0.7128,0.99732,-0.61233,-0.044907,0.3897,-0.035007,-0.19334,0.95608,0.27122,0.33032,0.2462,0.27019
0.48258,0.86893,0.11205,0.40086,0.44705,-0.036226,0.52127,0.4624,-0.50055,0.32229,-0.18757,0.12042
0.02986,0.86116,-0.14599,1.0585,0.48457,0.092116,0.3737,1.0914,0.85654,0.58647,0.29452,-0.14053
0.29651,1.2457,0.36935,-0.14175,-0.31531,-0.79899,-0.2444,0.4226,0.037832,0.45221,-0.024141,0.32752
0.18718,0.83631,-0.17732,0.82283,0.82103,-0.084201,0.72628,0.47892,0.17102,0.58174,0.63416,0.29951
-0.19424,0.76177,-0.10894,-0.59987,0.32257,-0.042186,-0.24524,0.15189,0.22042,0.15401,-0.0047304,-0.33588
0.42892,0.88338,-0.18644,-0.093193,0.084785,-0.11512,-0.45584,1.0176,0.81882,0.8059,0.11237,-0.01839
-0.15596,0.1399,0.0042115,-0.28222,-0.30061,-0.18561,-0.63901,0.65388,0.35543,-0.5294,0.55379,0.20077
2.3004,1.6812,-0.40832,-1.8694,0.99503,0.30443,-0.78083,0.51386,0.52703,0.48393,0.51517,-0.80326
-1.9407,1.876,0.50001,-1.1079,0.74413,-0.33511,-1.3228,0.2941,0.31677,0.24945,0.44768,-0.67508
-2.0909,2.6033,0.84945,-0.65506,1.3782,0.18215,-0.617,0.6726,0.16115,0.43708,-0.13739,-0.69766
-3.5249,2.0923,0.38305,-0.38679,1.2154,0.12123,-0.82642,1.0737,0.72091,0.14908,0.88184,0.49857
-5.442,1.4732,-1.0502,-1.2717,1.211,-0.25156,-0.7609,0.90979,0.14614,-0.41451,-0.0090123,0.3651
-5.0003,1.9942,-0.51538,-2.0447,0.92728,-0.69256,-0.371,0.993,1.1414,0.7634,0.94383,0.31789
-4.3659,2.1625,-1.0001,-1.1453,1.8735,0.30648,-0.52106,0.96045,0.31309,0.30156,0.71369,0.29471
-4.5946,0.85572,-0.73229,-1.1987,0.44831,-0.23751,-0.90966,0.77475,0.11646,-0.057903,-0.12827,-0.58094
-5.3187,1.6564,-0.11062,-1.2626,1.1719,0.28917,0.20562,1.8668,0.49428,-0.1373,-0.43388,-0.32638
-5.8554,1.4288,-0.066059,-1.0433,0.58185,-0.21313,-0.25547,1.2606,0.030967,0.72812,0.59348,0.6165
-4.5664,1.8736,-0.026135,-0.50441,2.0077,0.16813,0.15638,1.0847,0.63023,0.43829,0.31946,0.3702
-4.2614,1.3737,-0.059482,-0.2224,1.911,0.17139,0.14577,1.631,0.2597,0.30211,-0.065635,-0.51589
-3.927,1.4238,-0.019227,-1.0197,1.1196,-0.47455,0.056561,1.9269,0.7071,0.61741,0.63521,0.56801
-4.5925,1.7812,0.030346,-0.22733,1.406,0.22663,0.51197,1.688,0.61599,0.80404,0.25617,-0.30235
-5.459,1.5234,0.27366,-1.0636,1.4097,0.052363,0.4777,2.4672,0.70996,0.66703,0.35848,0.34828
-4.5111,2.1058,-0.26668,-1.3368,0.85801,-0.040867,0.58197,1.789,0.91539,0.55381,0.74979,-0.048179
-4.335,2.1655,-0.25654,-1.2475,1.2475,-0.018545,0.033035,1.3913,0.11094,0.74656,0.4709,-0.071523
-4.0598,2.0908,-0.31793,-1.4313,0.9583,-0.69924,-0.28157,2.3383,0.93558,0.5941,0.41095,-0.32897
-4.9651,1.9564,0.41587,-0.47467,1.4576,0.11407,-0.086934,1.6814,0.51056,0.57679,0.37934,-0.19843
-5.0915,2.3203,0.20322,-0.31388,1.9844,-0.37787,0.19346,1.7152,0.10459,0.54401,0.53192,0.35722
-5.6457,2.0451,0.50215,-0.57103,1.2866,-0.49114,-0.069746,1.5503,-0.74525,0.35879,0.45046,0.25562
-5.2505,1.9187,-0.45386,-0.51952,1.4883,-0.43738,-0.066638,0.86567,0.18062,0.37804,0.8783,0.38955
-4.3648,2.1731,0.58111,-1.2282,1.3916,-0.56146,0.50335,1.4795,-0.19901,0.36041,0.71948,0.1154
-5.859,1.4498,0.47506,-0.10873,1.0238,-0.391,-0.26502,1.4333,0.33334,0.677,1.0185,0.35935
-4.8301,0.94918,-0.69831,-0.36403,1.5748,-0.64417,-0.9464,1.5942,0.23092,-0.20178,0.45571,-0.27956
-5.1538,0.66366,-0.39451,-0.73569,1.2407,-0.58827,0.2161,2.1614,0.64272,1.0832,0.80327,-0.48544
-5.4107,0.79344,-0.33327,-0.88476,0.88749,0.14812,0.29911,1.8532,1.3261,0.73344,0.34377,-0.25545
-4.1246,1.2586,0.3989,-1.0485,0.73826,0.29618,-0.20653,1.5692,0.49198,0.61278,0.53058,-0.075255
-5.6179,-0.11942,-0.83192,-1.3442,0.31425,-0.47017,-0.78754,0.63087,-0.050521,-0.16235,0.51575,-0.38213
-4.3308,0.50819,-1.0488,-2.3383,-0.032955,0.37202,-0.041278,1.3882,0.78798,0.43307,-0.090711,0.00021841
-2.2437,0.99527,-0.27688,-0.48611,0.27749,-0.41648,-0.96033,0.53146,0.3421,0.048542,0.086873,0.23909
-0.34905,1.6734,0.49875,0.22394,0.43617,-0.71249,-1.6092,0.45253,0.6991,-0.32302,0.052636,-1.1284
4.818,2.6739,-0.91157,-0.87286,0.28008,-0.65004,-1.3609,0.30778,0.19349,-0.15008,0.15585,-1.0307
6.0264,2.0741,-1.1007,-0.59011,-0.0016858,-0.72905,-1.3188,-0.094607,0.88998,1.1381,0.5586,-0.16371
5.8099,1.2998,-0.63181,-0.63378,-0.1497,-1.0506,-1.1538,-0.46299,0.92252,0.44004,0.85097,-1.0512
6.2363,0.95569,-1.6367,-1.1319,0.74134,-1.1696,-1.1458,-0.61742,1.3783,0.36247,0.20992,-0.55653
6.7186,-0.43437,-0.54707,-1.3118,0.4096,-0.95179,-1.4429,-0.18377,0.44372,0.53951,0.28263,-0.76005
5.1151,0.64136,-1.108,-1.0921,0.2969,-0.86065,-1.2117,-0.43674,0.66812,-0.010533,0.65376,-1.1462
4.6094,0.92349,-1.346,-0.66458,0.65779,-0.72935,-1.0152,-0.27663,0.68902,-0.051872,0.55756,-1.0509
4.6412,0.98957,-1.2013,-0.4912,0.58024,-0.67448,-0.82002,-0.49593,0.83884,0.0057048,0.49654,-0.84279
5.2872,0.97733,-0.8504,-0.64882,0.61842,-0.87377,-0.93288,-0.50196,0.70528,0.31757,0.64605,-0.78221
5.9243,0.32858,-0.78797,-0.75345,0.39982,-1.0604,-1.0713,-0.52046,0.97948,0.38696,0.78274,-0.82811
6.5945,1.1793,-1.2321,-1.0713,0.70682,-1.1684,-0.99654,-0.5847,1.1907,0.4965,1.0005,-0.85347
7.2452,1.1802,-0.85636,-1.1045,0.35733,-0.94424,-1.1692,-0.36906,0.61961,0.81865,0.80083,-0.79713
7.4551,1.9726,-0.60401,-0.74153,-0.034851,-0.57048,-1.0677,-0.45544,0.9402,0.60774,0.47867,-0.70412
7.0201,2.1855,-0.35367,-0.462,0.086414,-0.91042,-1.113,-0.013829,0.58405,0.74806,0.16854,-0.56022
7.1156,-0.75025,0.37048,-1.0886,0.71079,-0.78824,-1.7802,0.38,0.43528,-0.18775,0.19977,-0.83761
6.2738,-0.18605,0.84357,-0.45241,0.31947,-1.3031,-1.7255,0.28128,0.82571,0.72836,0.36585,-0.67902
5.8947,0.46531,-0.1399,-1.0099,-0.08061,-1.0346,-1.4023,0.15619,0.75497,0.31472,-0.029791,-0.68499
5.4969,0.56505,0.099838,-0.22588,-0.05371,-0.60264,-1.1575,0.38502,1.3044,1.2195,0.90634,-0.032287
5.4242,0.49038,-0.12268,-0.53287,-0.62863,-1.1642,-1.2265,0.24201,0.27067,-0.31717,0.12539,0.10218
4.7733,0.43684,0.33576,-0.3184,-0.62454,-1.3709,-1.4512,0.090354,1.0977,0.42188,0.6155,0.53185
4.3539,1.314,0.95342,0.64791,-0.11226,-0.70934,-0.79843,0.42881,0.95932,0.81887,0.56208,0.11232
3.8696,0.8847,1.1777,0.82979,0.65066,-0.19256,-0.31444,1.2734,0.52486,-0.3334,0.3614,-0.12366
4.1365,1.8831,0.95745,1.2942,0.29256,-0.9597,-0.23344,0.26882,0.32624,-0.43007,0.13087,-0.049553
2.7745,-1.3599,-0.51376,-0.33312,-0.17042,0.00058302,1.1116,1.0555,0.010002,-0.40126,0.86647,-0.57578
2.943,0.23266,0.60222,0.21246,-1.1924,-1.8429,-0.70196,0.52695,-0.051881,0.10491,1.2621,-0.41322
3.4193,0.85368,1.8141,1.0534,-1.1101,-1.6694,-0.50111,0.76068,-0.068313,0.71437,0.8899,-0.1971
4.2606,1.0107,0.43352,0.64579,-0.92292,-0.73815,-0.54117,0.4261,-0.14367,0.7368,1.5529,0.017005
3.6684,1.1672,0.24629,0.75358,-0.27297,-1.139,-0.58999,0.38616,0.34792,0.74714,0.46883,0.21517
3.1619,0.94334,-0.37953,0.081972,-1.2082,-1.7893,-1.3439,0.24381,-0.023812,0.87101,1.2791,0.96208
2.5096,0.89324,0.091489,0.53765,-0.30268,-1.4414,-0.98455,-0.22149,0.096911,0.74436,1.2832,0.058325
1.6934,1.5323,0.39492,1.0442,0.44427,-1.0611,0.13945,0.91782,0.11047,0.39359,0.62664,-0.039992
2.6781,1.0848,0.66119,0.16736,0.23294,-0.034815,0.10765,0.44037,0.4675,0.79598,0.34969,-0.085891
1.0508,1.0831,0.42378,0.66405,-0.21186,-0.064009,-0.2431,-0.20706,0.38717,1.0009,0.61537,0.33262
1.1246,1.6229,1.2646,1.0942,0.32214,-0.78334,-0.69856,-0.2095,0.02748,0.75605,0.92063,-0.55871
1.3902,1.5617,0.60921,0.17186,-0.026003,0.23093,-0.34208,0.71167,0.56103,0.69898,0.49819,-0.044447
1.3013,-1.2264,0.1434,-0.68264,-0.79219,-0.11761,0.31738,0.029044,0.62929,0.54793,0.2535,-0.037203
-0.88678,0.39511,0.014143,-0.59917,-1.2882,0.080822,0.4574,0.11325,1.0234,1.0742,0.41548,0.74431
-0.2958,-1.2036,0.84864,-0.89651,-1.3593,0.14964,0.62303,0.53332,0.34806,0.020618,0.66153,-0.12671
-2.5134,0.0083437,0.060755,-2.0359,-0.79418,-0.3876,0.81017,0.10691,0.74222,-0.10836,0.68952,0.48441
-1.547,0.61745,0.51816,-2.2572,-1.9974,-1.1484,0.41416,-0.75006,0.43178,-0.22359,1.1112,0.72106
-3.0346,1.9512,2.3416,-1.1957,-0.99289,-0.53411,-0.018987,0.2034,0.80044,1.0787,0.5927,0.72791
-2.3867,1.455,1.9406,-1.273,-0.50336,-0.45895,-0.25493,0.13684,0.47525,0.46307,0.1842,0.778
-1.4432,0.96071,1.5749,-0.45778,-0.6446,-0.94735,0.31858,0.28386,-0.072924,-0.41397,-0.028683,-0.3281
-0.9426,1.2483,1.6711,0.13495,-0.74457,-0.79652,0.80038,0.045573,0.34746,0.16778,0.48955,0.044933
-0.55409,0.58556,1.0468,-0.45291,-1.111,-1.0018,0.76646,0.43324,0.72472,-0.3101,0.66501,0.19079
-0.52028,0.72747,1.4385,-0.70521,-0.47281,-0.20848,0.85139,-0.37431,0.20047,-0.038975,0.426,1.2149
-0.75673,0.75902,1.4654,0.91016,0.67173,0.26338,-0.23799,-0.23837,-0.12337,-0.038864,0.26801,0.72974
0.080153,0.85678,0.5167,-0.50429,-0.18588,0.4606,0.83273,0.72657,1.143,0.85112,-0.18712,0.44859
0.67574,0.90076,0.6006,-0.15278,0.53746,0.74497,0.52255,0.37002,0.14415,0.57423,-0.017611,0.43084
0.041187,1.2625,1.0718,0.045957,-0.024624,-0.19642,0.17611,0.32523,0.34458,1.2804,0.42912,-0.44141
0.57188,1.1866,0.34937,-0.017471,0.10299,0.61863,0.73848,0.32484,-0.65158,-0.29243,0.071593,0.34654
0.24388,1.1594,0.6115,0.69341,0.2169,0.42882,0.15119,0.39087,0.19182,0.23002,0.46405,0.40145
0.80893,1.7681,1.1575,0.62852,0.1991,-0.48828,0.13019,0.68417,0.067742,-0.025854,-0.023727,0.67694
0.94765,0.92957,-0.074931,0.3183,0.30898,0.54688,0.30644,0.85651,0.84158,0.33706,0.37156,0.57144
-0.29533,0.30444,-0.74402,0.085637,-0.1892,-0.21174,-0.44893,0.0015994,0.10774,0.44693,0.84141,0.21581
0.051744,0.76952,0.29116,0.34477,0.13438,0.2668,0.56467,0.79271,0.36345,0.60579,0.14437,0.26104
-0.037743,1.0315,0.17059,-0.42134,0.10259,0.03263,0.98026,1.3835,0.42018,-0.099511,-0.3236,0.6148
0.38848,1.0488,0.35525,0.4315,0.20196,0.2089,0.55323,1.2357,0.073399,0.31218,-0.11846,0.092134
0.30955,1.2111,0.35775,0.57763,0.3312,0.60537,0.65162,0.95562,0.27525,0.36749,0.70361,0.093149
0.27741,0.31271,-0.47041,0.37316,-0.28821,0.53997,0.67909,1.4106,1.2517,0.42961,0.20872,0.34916
1.4222,1.5005,0.14151,-0.092305,0.19562,0.11358,0.12951,0.48006,0.85408,0.2493,-0.1434,0.19361
-0.035763,0.99696,0.52865,0.51553,1.3306,0.16642,0.079109,0.77312,-0.080152,0.49937,0.32175,0.17117
0.89035,1.3023,0.19158,0.55919,1.2735,0.3978,0.39838,0.6113,-0.18206,0.84173,0.16216,-0.43735
0.24356,1.5963,-0.42149,-0.20566,0.073239,-0.053044,0.4121,1.0079,0.32216,0.50807,0.3313,0.010077
0.6145,1.0395,-0.65201,-0.88406,-0.24837,0.37082,0.028579,0.66409,0.76591,0.3108,0.20596,0.13858
1.001,1.5398,-0.098523,-0.19292,0.51209,-0.32927,-0.43399,0.3093,0.38498,0.011159,0.029518,-0.16743
0.12286,0.61973,-0.20047,0.25336,0.47449,0.49365,0.17295,0.58654,-0.28029,-0.24246,0.035118,0.54286
-0.44293,0.99171,-0.23145,-0.21918,0.029421,-0.41982,0.27905,0.31499,0.20846,0.37644,0.62387,0.48754
3.3344,2.1874,-1.2515,0.32386,-0.081866,-1.405,-0.078771,-0.46676,0.9685,0.27636,0.16782,-0.30976
1.2874,2.4792,-0.80001,-0.11967,-0.22617,-1.0019,1.1054,0.35212,0.31651,0.08824,0.33729,-0.33961
-2.1686,2.8537,-1.7034,0.44688,0.24765,-1.4438,1.1734,-0.042031,0.46176,-0.48844,-0.060705,0.65046
-2.8142,3.5207,-2.2267,0.60876,0.56496,-1.345,0.66562,0.085915,0.9468,-0.11237,0.31709,-0.18084
-3.8649,3.3763,-1.0339,1.2091,0.43182,-1.6992,1.1947,0.01698,0.6893,-0.37867,0.91331,0.23713
-4.2952,4.7404,-1.164,1.4546,0.66114,-1.1627,1.6311,0.15751,1.7592,0.0097827,-0.62505,-0.34285
-4.1405,4.0424,-1.7605,1.2314,-0.060143,-0.68403,1.4203,0.21348,0.65524,0.091686,0.41864,-0.19076
-4.0036,3.5839,-2.0265,0.38216,-0.25385,-1.1904,0.65094,-0.0044264,0.31248,-0.14573,0.82625,-0.11627
-3.7512,4.2329,-1.9836,0.44439,-0.34707,-0.75032,0.69035,-0.5725,0.84274,-0.46074,0.49578,0.47051
-3.9778,3.7895,-1.4524,1.9125,0.15831,-1.4863,0.51065,-0.43781,0.62981,0.17378,0.70588,-0.14646
-4.0493,3.6117,-1.7877,1.3325,0.25116,-0.65446,1.3782,0.33787,0.93302,-0.51118,-0.36221,-0.09792
-4.3248,4.0077,-1.7269,1.0152,-0.47925,-0.43687,1.5186,1.2786,0.66259,-0.36103,0.31765,0.29449
-5.4897,3.1457,-1.8732,0.83067,0.028156,-0.61942,0.39092,0.069071,1.1161,-0.18215,0.41718,0.37184
-4.3672,3.7517,-1.7325,1.0996,0.69113,-0.73589,1.0999,0.80429,1.2524,-0.16317,0.89626,0.3386
-5.3803,2.8756,-2.1951,0.88025,0.66356,-0.236,0.54391,0.19522,0.94705,-0.54418,0.07786,-0.31323
-4.4868,3.5514,-1.378,1.0796,0.22558,-0.21843,0.74754,0.25632,-0.080945,-0.79942,-0.24704,-0.57919
-5.5032,3.3067,-2.343,0.45333,-0.31864,-0.91954,1.1772,0.31476,0.41357,-0.37774,-0.029587,-0.94686
-4.3552,3.9445,-1.9495,0.85828,0.43349,0.34875,0.61425,0.31463,0.16288,-1.3658,0.21749,-0.63402
-4.8647,3.7034,-1.3532,1.3062,0.89236,-0.10129,0.61749,-0.47768,0.28501,-0.19315,1.1605,0.1125
-4.0838,4.064,-1.4519,0.94404,1.0138,0.4147,0.82597,0.033274,0.32223,-0.42525,-0.096482,-0.78552
-4.9319,3.9987,-1.0651,1.9846,0.4136,-0.23071,0.58775,-0.086318,1.2435,-0.17839,0.5355,0.41852
-4.1979,4.3925,-1.7247,1.3963,0.48227,-0.1784,1.229,0.30122,0.65128,-0.36544,0.50758,0.059253
-4.2331,4.1802,-2.61,0.87748,0.20885,-0.49642,0.53705,-0.063008,0.97208,-0.24408,1.1135,0.09904
-4.516,4.5901,-2.8219,0.25552,0.30495,-0.075732,2.1592,0.73349,1.1455,0.63148,1.0133,-0.059469
-4.0667,3.8985,-1.9971,1.6568,0.078924,-0.42401,0.93388,0.3501,1.2469,-0.15706,0.52375,-0.59249
-4.6803,4.2956,-1.7276,0.47014,-0.036827,0.29782,0.44118,0.8785,1.3942,-0.62518,0.34339,-0.48463
-5.0463,4.1166,-1.5026,1.2162,0.061362,-0.42167,0.74717,0.69307,1.1113,-0.57967,0.84912,-0.26566
-5.4383,3.5391,-1.4243,1.3143,1.5052,0.2094,1.2667,0.62633,1.3468,-0.3437,0.98155,0.39326
-5.8331,3.5522,-1.7043,0.73645,0.23609,-0.82916,0.11175,-1.0404,0.0081149,-0.523,0.45608,-0.13596
-4.8552,4.294,-2.1496,0.96073,0.28284,-0.16051,0.61882,-0.01564,0.75777,-0.38158,0.060811,-0.1174
-4.5667,4.2502,-1.6316,0.77777,1.0338,-0.28368,0.59705,1.1684,1.243,-0.80018,0.7623,0.099959
-4.7976,4.5237,-1.6775,0.50391,0.96858,-0.70086,0.34848,0.37603,0.31614,-0.93868,0.32949,0.38878
-4.7201,4.2956,-1.6342,0.38534,0.36311,-0.82,1.0584,0.010835,1.1479,0.12144,0.48397,0.32058
-4.6827,4.3397,-0.6915,-0.080375,0.2821,-0.88265,0.47853,-0.47075,1.0739,-0.17458,0.38526,-0.060702
-4.0465,4.4969,0.26086,-0.15163,0.86396,-1.2914,0.4583,-0.061932,1.0303,0.10323,0.19681,-0.58413
-1.3634,5.9035,1.4902,0.1329,0.73186,-1.5578,-0.034409,-0.30397,0.3889,-0.5947,0.14227,0.027566
0.15444,5.2842,1.2653,0.17269,0.23212,-1.8821,0.31228,0.14781,0.47119,-0.55498,0.022058,0.59481
0.23207,4.5535,1.938,0.1494,0.19298,-1.1317,0.13396,-0.0024417,0.5646,-0.90687,0.4759,0.085709
2.3473,2.573,1.5246,0.53743,0.049644,-1.9093,0.13421,-0.39408,0.47069,-0.79312,-0.17453,-0.26654
2.9881,3.1928,0.95349,1.1886,-0.24441,-1.9702,0.50224,-0.1189,0.58754,-0.63838,-0.24798,0.19997
0.68387,2.8063,1.9541,0.54284,0.057478,-1.5737,0.13041,-0.28272,0.51673,-1.1888,0.99045,-0.23942
1.1155,3.5571,2.9682,0.58118,-0.0047403,-1.7287,-0.3065,-0.44564,0.6875,-1.0081,0.53012,-0.072427
2.3775,3.4035,2.3688,0.74521,-0.054202,-1.6841,0.099163,-0.40825,0.55002,-0.59303,0.2271,0.34829
2.0393,3.8153,1.8173,0.24677,0.20903,-2.0185,0.072483,-0.05477,0.6435,-0.60826,0.033151,0.63947
2.268,3.6877,1.1904,0.31489,0.19296,-1.6753,0.31525,-0.12312,0.27541,-0.67436,0.3697,0.22049
1.2912,4.5573,1.2407,0.49612,0.42939,-1.52,0.36133,-0.44774,0.70641,-0.68725,-0.34356,0.3379
0.22063,5.3075,1.7094,0.73203,0.45843,-1.673,0.22504,-0.23674,0.44019,-0.38506,-0.23425,-0.64418
0.12847,5.5272,1.6028,0.42365,0.64517,-1.7276,0.18331,-0.023936,0.62774,-0.47365,0.072985,-0.022268
-0.63723,5.5846,0.51885,0.25173,0.050233,-1.4962,1.352,-0.63204,0.52627,-0.3161,0.3347,0.18059
-2.6766,5.5963,0.077348,0.67014,1.2036,-0.49332,0.69869,-0.46811,0.31149,-1.7457,-0.53325,-0.49884
-3.0793,4.8032,-0.35076,0.22028,0.39933,-0.71644,0.26225,-0.61661,-0.16252,-0.62709,0.80255,0.12422
-3.7188,4.9256,-0.16862,0.3048,-0.26612,-1.1206,0.30057,0.068673,0.27444,-0.32959,0.35885,-0.27802
-3.5605,5.0275,-0.92244,1.2019,0.18421,-1.2314,0.36603,0.047724,0.26475,-1.2433,0.13217,0.15575
-2.9651,5.2437,-0.84798,1.513,0.67846,-0.7611,1.0188,-0.69246,0.33681,-0.44044,0.15655,-0.3159
-3.9254,5.43,-1.2768,1.3137,0.54131,0.0088676,0.78416,-0.11348,0.54758,-0.39289,0.53145,0.001785
-4.2321,4.6299,-0.79498,0.76871,-0.17548,-0.43799,1.0311,-0.27775,0.78605,-0.19736,0.36252,-0.62193
-3.4107,4.1998,-1.7114,0.4282,-0.090696,-0.72414,1.564,-0.37818,0.5676,-0.24937,0.91387,-0.33644
-4.3677,3.7701,-1.7798,1.2055,0.0064941,-0.8265,0.93085,-0.69122,0.58158,-0.0036861,-0.29567,-0.68217
-3.8728,3.9076,-1.6979,1.0938,0.023736,-0.61497,1.0671,0.24932,1.3434,0.53334,0.46562,-0.24261
-4.7279,3.3048,-2.871,0.86279,0.43729,-0.46992,0.54912,0.44026,0.95171,-0.13978,0.72947,0.1469
-4.9616,4.3131,-1.5792,0.5676,0.79323,-0.59959,0.98922,0.46533,0.80842,0.41199,0.62475,-0.21697
-5.0212,2.7184,-2.5109,0.73162,-0.0052783,-1.1922,0.060834,0.53631,0.094455,0.023868,0.42206,0.21384
-5.6763,2.4615,-2.3534,0.023644,0.03217,-0.46806,1.2586,1.4871,1.3714,0.54553,0.78996,0.050545
-2.7601,3.0802,-2.5961,-1.1048,-1.5037,-1.4646,0.43441,0.10556,0.93156,-0.65278,-0.16102,-0.25015
-4.9662,3.3569,-1.9523,0.91848,-0.33512,-0.16158,0.95091,0.28931,1.4608,0.084881,0.67642,0.38983
-5.8101,3.8803,-3.2184,-0.49498,0.17786,-0.24352,1.6396,0.24859,0.76605,0.082158,0.11263,0.33542
-4.9615,3.9805,-2.6907,0.86757,0.11722,-0.82964,1.3131,0.51387,1.5841,0.19789,0.91657,0.34088
-5.3623,3.6163,-2.8051,1.1459,0.012324,-0.73027,1.0143,0.057521,0.926,-0.4473,0.95305,0.52297
-4.5065,4.5708,-2.3016,0.0071301,0.18475,-0.47063,1.0174,-0.3267,1.4521,0.27879,0.30079,-0.29342
-5.2376,3.851,-2.1395,0.76818,-0.26165,-1.2723,0.20821,0.51149,1.7629,-0.069277,0.09629,-0.19532
-5.56,2.561,-2.8744,1.4749,0.39479,-1.0526,0.92839,0.63114,1.0673,-0.37381,-0.2402,-0.40185
-5.1138,3.5705,-2.4403,0.64095,0.14309,-0.79472,1.3877,0.8602,1.0501,0.24431,1.0041,0.21424
-4.8951,3.3785,-2.286,0.72661,0.44241,-0.5682,0.73524,-0.020514,0.78328,-0.61418,0.10895,0.22057
-4.0537,3.7944,-2.4009,0.0075311,-0.30141,-0.8788,1.3287,0.89493,1.3249,-0.061245,0.15442,0.056808
-4.7668,3.3928,-2.5385,0.67626,-0.13036,-0.14718,1.2394,-0.032161,0.6332,-0.5809,1.2362,0.26337
-4.0195,3.211,-2.1443,-0.28121,0.11702,-1.3917,0.79882,0.42296,1.5995,-0.37676,0.75433,0.50881
-3.8313,3.0961,-2.4572,0.30959,0.30934,-1.324,0.93173,0.06464,1.5391,0.20973,0.46812,-0.21621
-4.7828,2.7974,-3.4009,0.37661,0.47589,-1.0309,0.86684,0.17061,1.0586,-0.84894,-0.68134,0.17222
-4.5621,2.7323,-2.6793,-0.53918,0.81946,-1.2075,0.56604,-0.12206,1.5709,-0.17043,0.34345,0.11595
-3.6371,2.8513,-1.485,-0.079767,0.071783,-1.1174,1.0776,0.44562,1.7669,0.2831,0.17247,-0.15892
-3.8181,3.0718,-1.6047,-0.34927,0.077024,-1.4457,0.70322,0.1147,1.2991,-0.59696,0.06513,0.024447
-3.2202,2.8175,-0.80786,-0.52815,-0.40343,-2.0151,0.34051,0.16945,1.5404,0.010744,0.18256,-0.02403
-2.3398,2.2382,-0.89651,1.2444,-0.19501,-0.63776,0.77946,0.85517,0.87409,-0.31445,0.5988,-0.23124
-1.6667,1.9062,-1.8565,0.1246,-0.16786,-0.63364,0.54937,0.19513,1.0922,0.18605,1.0347,0.25251
-1.5838,2.5707,-0.51419,0.69644,-0.16148,-0.40542,0.74599,0.099277,0.43904,-0.54602,-0.063617,0.01894
-0.24758,2.115,0.18233,0.89795,-0.21973,-0.71163,0.6937,-0.18787,0.27639,-0.13965,0.47387,0.18408
-0.51306,1.5154,-0.34763,0.55715,0.68881,-0.2313,1.0136,0.58774,0.96149,-0.0924,0.041322,-0.62719
-0.59007,2.0777,0.32745,0.37556,-0.25296,-0.46694,0.54794,0.491,-0.070184,0.19448,0.3573,-0.061084
0.33952,1.5701,-0.25812,0.35261,0.42918,-0.17587,0.54619,0.88489,0.86829,0.47465,0.97544,-0.41003
0.26903,1.3506,-0.19979,0.33028,1.0002,0.073802,0.63981,0.30212,0.71339,0.019299,0.20471,0.63524
0.39821,1.2025,-0.56553,0.42422,0.60624,0.64105,0.89562,1.5147,0.47553,0.39327,0.70489,-0.55497
0.82165,0.65148,-1.0511,-0.15409,0.25164,-0.9806,-0.207,0.11423,0.01472,-0.25666,-0.51341,-0.14085
0.16291,0.30786,-0.27164,0.067003,-0.34424,0.29525,0.26724,0.79929,0.51105,0.73553,0.67284,0.63053
0.67599,0.92402,0.12536,-0.20269,0.15394,0.49342,0.17162,0.65963,0.546,0.66987,0.54285,0.98119
0.50427,0.66871,-0.096779,0.91097,0.16343,-0.27208,0.7093,0.95321,0.8552,0.43689,0.021255,0.37199
0.75823,0.85317,0.33301,0.2316,-0.069791,-0.0051707,0.38981,1.6537,0.56522,0.53662,0.59255,-0.23892
1.4445,0.98904,0.13,0.26113,0.29303,0.11499,0.29074,1.0974,0.55996,0.79086,0.27215,0.0954
0.45036,0.84889,0.45396,0.6753,0.70811,-0.31265,-0.38182,0.47253,0.69215,0.51547,0.14742,-0.56793
0.35954,1.332,0.69488,0.42797,-0.089877,0.36407,0.49124,1.0768,0.35577,1.0858,0.90821,0.15961
0.5546,1.7707,0.59592,0.18682,0.24271,-0.16727,0.56276,1.1983,0.44079,0.77323,0.67228,0.27332
-0.28464,0.42284,-0.22614,-0.6198,-0.27083,-0.75607,-0.3422,0.53373,0.55198,0.17268,-0.30823,0.093752
-0.044002,1.024,-0.2751,0.23456,0.49257,-0.05493,0.30939,1.0066,0.8499,1.1629,0.55825,0.26355
0.70035,1.2005,0.40131,0.54718,0.54972,-0.29433,-0.76313,0.1936,0.61058,0.14463,0.26544,0.23262
0.09962,1.3616,0.2128,0.9612,0.52443,-0.14013,-0.042066,0.59069,0.59116,0.7429,0.73932,0.86464
0.074414,0.94706,-0.16623,0.71978,1.5378,0.090642,0.22579,0.013077,0.33205,0.70434,-0.27228,-0.095929
0.24153,0.81459,-1.1483,-0.46357,-0.039713,-0.1353,0.15938,0.33703,0.62391,0.56454,0.56476,0.20202
-0.22504,1.0893,0.058941,0.8225,0.96106,0.038012,0.0089897,0.48629,0.5895,0.19625,0.25155,0.050378
0.31369,1.1938,0.66659,0.45235,0.47041,-0.15436,-0.2331,0.46123,0.27123,-0.31493,0.34594,0.44453
0.46805,1.9685,0.17869,0.46586,0.34857,-0.29166,0.60609,1.5118,0.38599,0.35403,0.30773,0.61999
0.23464,0.67202,-0.61105,0.41061,0.95899,0.56014,0.81472,0.64906,0.17891,0.054141,0.28301,0.37448
0.071124,0.99872,-0.28021,-0.065369,-0.036606,-0.080527,0.25031,0.42137,0.49219,0.96984,0.6543,0.49854
0.53081,1.2454,-0.21644,0.09236,-0.11486,-0.50764,0.22287,0.87551,0.46169,0.083315,0.71099,0.13402
0.80162,1.0375,0.4643,0.40871,0.39131,-0.055785,0.43057,1.2872,0.62089,0.66083,0.27166,-0.018842
1.217,1.5395,0.11034,-0.3157,0.39411,0.032363,-0.012295,0.7743,0.24564,0.90499,0.038727,-0.6622
1.0879,1.3239,0.1496,0.25539,0.27111,-0.48576,-0.025029,0.32806,-0.30621,0.18043,-0.034395,0.053144
1.0994,1.2778,0.64898,0.64787,0.88761,0.51976,-0.17585,0.11503,0.3357,0.26248,0.5548,0.43394
0.62263,0.71556,-0.40337,-0.074823,0.069487,-0.070659,0.029407,0.83135,0.19687,0.28167,0.85186,-0.072637
0.46158,1.3305,0.71753,0.47229,-0.082537,-0.34354,0.45567,0.39025,0.53963,0.27562,0.56506,0.0009068
0.82592,1.2089,0.27443,0.58697,0.60502,-0.15194,-0.010265,0.92564,0.77872,0.45657,0.55245,0.068917
0.84684,1.2423,0.36503,0.67943,-0.23026,-0.24495,0.14272,0.46463,-0.097551,0.1161,0.56357,0.34462
0.22574,0.97244,-0.45721,-0.25791,0.37927,0.35494,0.95825,0.7018,0.42217,1.1875,0.45845,0.33076
0.67726,1.3618,0.14614,0.43358,0.004302,0.36429,0.7781,0.63384,0.20633,0.56242,0.058438,0.29143
-0.09113,0.79973,-1.0782,-0.26273,-0.077949,-0.81894,0.3292,0.8749,0.8175,0.13638,-0.41468,0.14301
1.2743,1.2102,-0.016208,0.431,0.0094034,-0.30777,0.35083,0.79641,0.39254,0.36371,0.34513,-0.14204
-0.27088,0.2506,-0.67416,-0.25192,-0.40587,0.092054,-0.13301,0.9789,0.27892,0.33583,0.31749,0.32082
0.020354,-0.16856,-0.455,0.7443,0.51182,0.17851,0.5693,1.3132,-0.01954,0.5992,0.57741,-0.0053594
0.28386,0.75181,0.34605,0.48172,0.32628,0.28372,0.10256,1.0758,0.46621,0.60233,0.43783,0.39519
0.084386,1.5986,0.74118,0.25683,0.32306,-0.045419,-0.26556,0.76145,0.19069,0.33511,0.89925,0.23824
0.53493,0.97862,-0.27696,0.92347,0.71322,0.27361,0.07913,0.65472,0.27477,-0.14633,0.71445,0.98243
0.11407,0.73544,0.11484,0.3681,0.20077,-0.34177,-0.1073,0.7212,0.43253,0.17713,0.39817,0.063974
3.2088,1.8478,0.13832,1.1654,0.77368,-0.36007,-0.88389,-0.077744,-0.25956,0.23049,0.32792,0.6439
1.6193,2.0199,1.0799,-0.11118,-0.10354,-0.30345,0.05442,1.0075,0.33409,0.45172,0.4006,0.32042
1.3107,1.0825,-0.078462,0.4209,0.24976,-0.41821,0.51184,0.80179,0.070064,0.91956,0.87892,0.59225
1.0109,1.883,0.071383,-0.25798,0.27137,0.045467,0.75143,1.378,0.7728,0.44661,0.59917,0.8767
0.67859,1.5849,0.47191,0.93346,1.5912,0.72069,0.7285,0.43417,0.22376,0.36916,0.050543,0.36655
0.99583,1.2468,1.2621,0.77539,0.81127,-0.065173,-0.21691,0.64956,-0.28193,0.43841,0.13527,0.26034
0.053345,0.88648,-0.33026,0.26993,1.0096,-0.076829,-0.10114,0.82978,0.4977,0.86477,0.54585,0.15081
0.95181,1.1119,0.083059,1.0317,1.4263,0.015995,-0.51151,0.61876,-0.11366,0.70739,0.51885,-0.040009
0.71152,0.80216,0.13753,0.36446,1.0379,0.3478,0.083143,0.94488,0.19459,0.46793,0.46161,0.43337
0.30116,1.3278,0.73225,0.34125,0.48945,-0.084392,-0.11899,0.83612,0.71738,0.14556,0.37249,0.050016
-2.0591,0.046518,-0.25663,-1.341,0.76806,0.058426,-0.17651,0.12592,0.80135,0.62108,0.58075,0.25239
-3.1274,1.0874,0.89406,-1.9802,-0.033302,-0.89914,-0.31869,0.076289,0.16268,0.59885,1.3438,0.35102
-2.8415,1.8131,-0.1654,-1.8566,0.21249,0.47482,-0.14857,-0.11965,0.10369,-0.075099,0.59624,-0.037871
-1.3613,2.1028,1.2736,-1.1387,-0.6452,-0.23104,-0.19404,-0.17714,-0.51592,-0.21897,0.57851,-0.11308
2.2631,3.543,2.2579,-0.092284,-1.0577,-1.4645,-0.4078,-0.49311,0.15149,-0.18775,0.44279,0.12831
2.7855,1.7051,1.1735,-0.10911,-1.3453,-2.4952,0.60438,-0.48578,1.3386,-0.72279,0.7114,0.0063356
3.9867,0.011573,1.0157,-0.30665,-1.4818,-2.3155,-0.47947,0.36591,0.74943,-0.71484,0.76644,-0.43464
3.7763,-0.47821,0.7059,-0.11102,-1.7097,-1.9609,-0.2548,0.51867,0.58639,-0.36202,0.54656,-0.73862
4.5771,-0.82908,0.2227,0.12891,-1.5841,-2.4769,-0.093027,0.21545,0.9028,-0.54218,1.2896,-1.0203
3.3222,-0.77956,0.48336,-0.56858,-0.82665,-2.2316,-0.035242,0.060086,0.90227,-0.31041,0.53483,-0.61766
4.1061,-0.36091,0.46982,-0.62007,-0.95257,-2.044,-0.12012,0.1263,1.3035,0.24395,0.73425,-0.89829
4.2239,-0.59621,0.20299,-0.55295,-0.90372,-2.0922,0.05816,0.56287,1.8461,0.44192,0.63427,-0.78652
5.3214,-0.40112,-1.1259,-0.10032,-1.5898,-1.681,-0.24895,0.59207,1.7699,0.73594,0.82097,-0.75615
4.9271,-1.0981,-1.1827,-0.8298,-1.0085,-1.8589,0.25234,0.84093,1.1352,0.90834,1.0549,-0.8751
4.3347,0.90048,-0.17693,0.015008,-1.5016,-2.168,-0.16949,0.21515,1.5714,1.3083,1.0299,-0.51732
4.7986,-0.75507,-1.3069,-1.1604,-0.23045,-1.779,0.032924,0.43034,0.35868,0.50327,1.0059,-1.5985
4.9757,-0.054193,-0.29888,-0.98421,-1.155,-1.8079,-0.67573,-0.10032,1.0611,2.1287,1.223,-1.7409
3.2892,-0.9101,-0.91786,0.0010571,-0.77274,-1.7147,-0.12401,0.16781,1.29,1.5631,0.8769,-0.73703
4.5545,0.48061,-0.15517,-0.69091,-1.0401,-0.8234,-0.13553,0.21292,0.37636,1.1639,0.78229,-1.2748
3.521,-0.30602,-0.18627,-0.26588,-0.93614,-1.9017,-1.0107,-0.089415,0.5949,0.74709,0.060695,-1.2342
3.9128,0.35385,0.52642,1.1061,-0.55921,-1.0758,-0.35244,0.42981,0.4944,0.98442,0.17093,-0.71362
3.4379,1.0082,0.33768,-0.37643,-1.0906,-1.6714,-0.38607,0.95233,0.85452,1.3829,0.24391,-0.55914
2.7634,0.98426,0.36613,0.31956,-0.15795,-0.8042,0.27802,0.468,0.56683,1.5958,0.82713,-0.66876
2.8021,1.1848,0.19318,0.67764,-0.058406,-0.65315,-0.048204,0.45193,0.60269,1.062,0.49118,-0.31915
2.3183,0.81478,0.18842,0.50244,-0.58881,-0.86356,0.51327,1.0324,0.43016,1.0888,0.24103,-0.58612
1.219,0.182,0.25474,0.62291,0.25726,-0.16244,0.65053,0.94823,-0.013868,0.64568,0.65827,0.23056
1.1208,0.50876,0.57583,0.28579,-0.53866,-0.67013,-0.4538,0.47209,0.57564,0.65439,0.10929,-0.53582
1.231,1.0107,-0.27272,-0.0406,-0.99038,-0.99946,-0.4595,0.51498,0.56513,0.84298,0.011284,0.035129
0.9787,0.69599,0.011307,0.064547,0.14751,-0.45694,0.12944,0.75785,0.29045,0.50267,0.59327,0.3797
0.74522,0.94336,-0.035808,0.79308,0.12406,-0.38129,0.38069,0.032765,-0.016243,0.57022,1.1025,0.31164
1.1428,0.99896,0.31517,0.28568,0.84759,0.21001,0.48445,0.52572,0.625,1.1837,0.27452,-0.029372
1.0904,1.9331,0.096614,0.11572,0.73418,-0.30307,-0.088636,0.095842,0.74665,0.78424,0.13257,-0.45452
1.4519,1.029,-0.20639,0.16161,0.10732,0.12376,0.44003,0.53685,0.39767,0.41966,0.54578,0.15505
-0.42068,1.8721,-0.69053,0.033574,0.76421,-0.32419,1.3396,0.69027,1.3767,0.12392,0.75165,1.0522
-1.6493,-0.056667,-2.4129,-1.1677,0.062971,-1.6715,0.68078,-0.092783,0.82466,0.34329,0.67784,-0.06896
-0.95317,0.046679,-2.1461,-1.1303,0.39179,-1.8346,0.4741,-0.17082,0.053476,-0.34105,1.0257,0.019489
-0.3196,1.5777,-1.3374,-0.46177,0.809,-1.236,0.25076,0.2277,1.0607,0.15362,0.63942,0.2085
-0.81662,0.74503,-1.226,-1.4423,1.2644,-0.54331,0.24163,-0.19008,0.19436,0.56045,0.82639,0.65346
0.0075011,2.033,-0.45053,-0.99682,1.767,-0.038081,0.19569,0.21838,0.85262,0.49312,0.90656,-0.072087
-0.41567,2.3009,-0.40018,-0.39393,2.1465,-0.36894,1.3654,0.47153,0.37491,0.44695,0.26618,-0.45299
1.1292,1.499,-0.49457,-0.2509,2.1224,0.13646,1.3265,0.15318,0.33766,1.4824,0.15741,-0.76168
-1.0854,1.2811,-2.6978,-1.6546,1.9288,-0.1307,0.48333,-0.086441,0.19469,0.98387,1.219,-0.48261
0.03484,2.3442,-1.6932,-1.4726,1.6844,0.79881,1.3052,0.45827,0.65619,0.89066,1.7478,-0.5587
0.46887,1.3075,-2.2373,-0.40589,2.365,1.0881,-0.13956,0.58276,0.38798,0.83492,1.6356,0.08515
1.4911,1.3758,-2.8417,-1.7963,1.1331,0.13498,0.58671,0.68637,0.32801,0.62031,0.63061,0.034967
1.6245,2.3793,-0.6741,-0.44345,1.3772,0.49778,0.13083,-0.18528,0.87893,1.9955,1.2681,-0.62141
-1.0408,2.7393,-2.0787,-1.5839,1.3143,0.39109,0.084528,0.065071,0.81968,1.3126,1.2281,-0.055883
-1.2934,1.4299,-1.1767,-0.42911,2.5305,1.5662,0.9973,0.70515,0.88378,1.0807,1.0143,-0.2461
0.076379,1.1333,-1.9625,-0.46877,2.1313,1.1457,1.2585,0.36036,0.70585,1.1636,0.20532,-0.89295
1.0607,2.1006,-0.67296,-0.15247,1.7251,-0.17285,0.3073,0.62276,0.82219,1.1528,1.0384,-0.21062
0.39874,2.2977,-1.1217,-1.2109,2.3881,1.135,1.2633,0.96915,0.78758,0.8622,1.1027,0.18713
-1.0068,1.8822,-1.7167,-1.5574,1.722,-0.27779,0.047995,1.0146,0.51864,1.4434,1.5247,-0.10083
-1.7513,2.6559,-1.2351,0.072793,1.8361,0.6255,0.13782,0.65548,0.48184,0.97702,0.67834,-0.51105
-0.68355,0.54174,-1.8053,-0.4625,1.5578,1.0111,0.26087,0.59482,1.0019,1.0717,1.0679,-0.49586
-0.077511,1.6488,-1.9421,-1.2823,1.509,-0.13716,-0.45479,0.30585,1.1644,1.1698,1.0063,-0.8998
0.32274,0.58921,-1.8824,-1.6061,1.0074,-0.023454,0.32395,0.27028,0.43272,1.4379,0.741,-0.16777
-0.46904,0.54528,-2.3818,-1.9129,0.94475,0.13466,-0.65203,-0.22858,0.57864,1.7365,0.52944,-0.32807
-1.4033,0.65369,-2.291,-1.6465,1.7754,0.47295,0.74448,0.75298,0.61923,0.99751,0.78242,-0.17545
-1.1005,1.1411,-1.1447,-0.58884,1.7276,0.88412,0.13473,-0.082743,0.12744,0.44139,0.73263,-0.53634
-0.59376,1.0512,-1.2987,-1.3703,1.2397,0.56473,0.77184,0.39927,1.7326,1.7685,1.5692,-0.23033
-0.35019,0.34623,-1.6222,-0.77082,2.0877,0.36589,-0.55352,-1.1077,0.29535,0.46741,0.21617,0.06034
0.041377,-0.56541,-1.7914,-1.4445,1.8098,0.35476,0.04778,0.9344,1.2662,1.3749,0.33861,0.07436
-0.19011,0.21342,-1.4586,-0.98933,1.9253,0.09029,-0.38325,0.18992,0.70572,1.1658,0.50555,-0.54554
0.92156,0.60457,-0.21592,-1.0267,0.76246,0.049716,-0.060322,0.20134,0.64514,0.88556,0.73186,-0.1768
1.1761,0.44876,-1.2949,-1.6312,0.97464,0.15257,-0.31662,0.047338,0.45998,1.0272,0.86027,0.47502
1.1039,0.62191,-1.5952,-1.2605,1.5891,0.057406,-0.75857,-0.27256,1.1319,1.4277,1.0236,-0.23295
0.3488,-0.18089,-1.5415,-0.98177,1.8958,-0.27048,0.093117,0.39642,1.22,1.5127,1.7995,0.30736
1.347,0.45816,-1.0442,-0.9443,1.2859,0.035411,0.066327,1.2792,0.61675,0.54,1.0515,0.12565
1.1544,-0.039322,-1.2237,-0.80938,1.5978,0.35866,0.039385,0.26824,0.43007,1.2813,1.094,0.014252
0.96177,0.029569,-1.1224,-0.14513,0.68698,0.27715,0.6387,1.0506,1.667,1.8439,1.0337,0.32698
1.1428,0.2681,-1.0072,-0.14119,0.97768,0.4646,0.044999,0.38895,0.020781,0.95952,0.83191,-0.32305
0.4226,-0.20224,-1.6814,-1.1871,0.50673,-0.25375,0.26363,0.49408,0.58459,0.34022,0.83546,-0.17112
1.5195,0.3853,-0.89714,-0.67887,0.14789,-1.0362,-0.66572,0.61726,0.54229,1.0268,0.69073,0.2475
0.79201,-0.072258,-1.6668,-1.0059,0.48906,-0.63536,-0.41094,0.53705,0.022057,0.59716,0.22746,-0.30628
0.58624,-0.16904,-1.1938,-0.8371,0.64049,0.099321,0.070787,0.88136,0.72478,0.6971,0.63401,0.29282
0.98909,0.024947,-1.5153,-1.0572,-0.073711,0.36473,-0.034188,-0.18986,0.52833,0.60423,0.85615,-0.21497
1.2289,0.23432,-0.27719,-0.061427,0.29935,0.037396,0.22016,0.40497,0.32613,0.55601,0.65791,0.41508
1.2041,1.2755,-0.69848,-0.78987,0.54479,0.23082,0.00545,0.71095,0.54932,0.68359,0.16883,0.1473
0.69939,0.016729,-1.0102,-0.22042,0.70845,0.80015,0.71699,1.0551,0.3634,0.42627,0.35325,-0.1617
0.28275,0.75471,0.0071209,0.47974,0.74674,-0.12287,0.09,1.2347,0.75597,0.54189,0.58204,0.25028
0.78788,1.1609,0.31077,0.32313,0.90636,0.21053,0.18089,0.27051,0.20461,0.11014,0.57555,0.68224
0.54233,0.63426,-0.6172,0.78338,0.36895,-0.22466,0.42014,1.3655,0.2745,0.49307,0.38782,-0.39273
0.9458,1.5421,-0.82171,0.51304,1.009,-0.22092,0.71013,0.75173,-0.30033,-0.27802,-0.068052,0.29621
