1.0437,0.7955,0.13272,0.51681,1.199,0.39578,0.21704,0.51584,0.63457,0.3978,0.24082,-0.2294
-0.048136,1.0644,-0.36995,0.60131,0.77662,0.72018,0.49358,0.088558,-0.22434,0.28699,0.63887,0.70428
0.93312,1.1283,0.16071,0.13264,0.18997,-0.40407,0.56468,0.65493,0.0026566,-0.13197,0.20034,0.047276
1.5701,1.1592,0.10912,0.75813,0.39204,-0.081043,-0.039908,0.41686,0.24954,0.45803,0.28782,0.75561
0.33644,0.65224,-0.15002,0.36499,0.20152,0.087915,0.70826,0.38844,0.25423,0.25232,-0.0067866,0.067774
1.564,1.4826,0.51662,0.38398,0.83824,0.41686,0.62742,0.7785,0.29636,0.23847,0.44932,0.16414
0.3001,0.48501,-0.5491,0.16427,0.78929,0.096788,0.70543,1.0995,0.6595,0.76679,0.61724,0.26861
-0.056981,0.48717,0.67874,0.057827,0.37848,-0.054046,0.65372,0.46589,-0.060303,-0.18698,-0.095636,0.63187
1.1828,1.873,1.0342,0.26652,-0.015186,-0.10656,0.9698,1.1196,0.35199,0.084004,0.1415,0.87048
-0.23851,0.34439,-0.11905,-0.024145,-0.03462,-0.47435,0.53393,0.50452,-0.46088,-0.65948,-0.51324,0.10129
1.2096,1.0578,-0.41067,-0.2264,0.18787,-0.54415,0.40483,0.7792,0.67768,0.61408,0.51188,-0.21216
-0.19942,1.0519,0.22368,-0.17099,0.010339,-0.25914,-0.075853,0.97742,0.23628,-0.16854,0.24699,0.29483
-0.0042659,0.23583,0.72627,0.64402,0.24121,0.23657,0.31172,0.38121,0.15886,0.7804,0.3199,0.65554
2.2077,2.2462,0.52381,0.17255,-0.13852,-0.61039,-0.0647,0.15491,-0.5967,0.27906,-0.074994,0.13103
1.7204,1.4447,1.2445,0.38274,0.32606,-0.22803,-0.10052,0.63312,-0.13535,0.22984,0.18156,0.10922
0.85841,1.5951,1.5697,0.91343,0.72602,0.38794,-0.48534,0.70898,0.015751,0.038279,-0.31554,-0.28516
0.63651,1.1731,0.76962,1.4044,0.46531,0.091765,-0.16528,0.5216,0.26642,0.38742,0.49729,0.49617
0.32349,1.1843,0.20155,0.48809,-0.24353,-0.7382,-0.38368,0.17491,0.29725,0.12443,-0.22256,0.19728
0.29917,0.54607,-0.72494,0.29839,0.61894,0.12642,0.33901,0.45508,0.73168,0.43092,-0.13941,-0.18775
0.31474,0.74488,0.11368,0.57785,0.61846,-0.22242,-0.011439,0.48159,0.34676,0.57689,1.0318,0.86264
3.1125,1.819,0.35217,0.79729,0.78887,-0.55916,-0.69768,0.22433,0.13538,0.21925,-0.66654,-0.21607
2.5895,2.4618,1.2859,0.73585,0.57229,-1.0793,-1.0546,-0.13799,-0.3041,0.35628,-0.34084,-0.84328
3.3661,1.9486,-0.15959,0.71205,-0.030092,-0.8947,-0.89354,-0.16731,-0.49869,-0.4051,-0.37204,-0.16665
2.7225,2.0344,0.39747,0.68257,0.066616,-0.85917,-0.99624,0.022329,0.19508,0.72372,-0.38021,-0.74906
2.5803,1.6896,0.71831,1.1873,0.020606,-1.1203,-0.66538,-0.32592,-0.44617,0.25093,-0.25233,0.43626
2.3645,1.6284,0.24125,1.5444,0.35364,-0.6361,-0.68312,-0.44835,0.19025,0.30961,-0.15791,0.04088
2.4003,2.4899,0.6007,0.91717,-0.031962,-0.34571,-0.68797,0.27441,0.60758,0.28345,-0.45145,-0.78413
2.1899,1.3649,0.83009,0.94208,-0.046545,-0.56042,-0.48969,0.21868,-0.2781,-0.38624,-0.23452,-0.3612
3.2665,1.9556,0.75501,2.1983,0.70943,-0.32831,0.1275,0.65198,0.47219,0.038779,-0.53836,-0.38298
4.5586,1.7815,1.2614,3.6808,1.7442,-0.64847,-0.98252,-0.18472,0.016135,0.40704,0.11736,0.085784
5.5476,2.4906,1.5249,2.1044,0.063262,-1.2918,-0.11053,0.7044,0.28082,0.14472,-0.39127,-0.108
5.6372,2.1556,1.4717,2.0484,0.058996,-0.88255,-0.18367,0.81026,0.83834,0.39803,-0.3973,0.18532
5.7516,2.0236,1.2642,2.4417,0.2674,-1.0267,-0.98165,0.54644,0.88321,0.39604,-0.6934,-0.2851
5.9413,2.8269,1.1416,2.0952,0.31466,-1.0881,-0.73822,-0.21254,1.0451,0.3128,-0.68677,-0.39043
6.7484,2.1324,0.84654,2.0966,0.78895,-1.3992,-1.0183,0.27268,0.53877,0.28379,-0.63618,-0.3235
6.5408,1.8455,1.0257,2.4909,0.29089,-1.6345,-0.77031,0.055084,0.93013,0.60468,-1.3124,-0.63671
6.1736,1.5028,1.0468,2.386,0.11424,-1.2175,-0.86432,0.14137,0.64277,0.73426,-1.2338,-0.59835
6.2171,1.5423,0.9971,2.1834,0.15512,-1.2543,-1.1149,0.44146,0.83553,0.64294,-1.3127,-0.32602
5.7381,1.7078,0.73401,2.5048,-0.29148,-1.2581,-1.0284,-0.1067,1.0537,0.75404,-1.126,-0.55901
5.3273,1.443,1.4495,2.0628,-0.30051,-1.2689,-0.74956,-0.11241,0.54836,0.57086,-0.72896,-0.45175
3.8997,2.042,1.3009,0.39402,0.91772,-2.6451,-0.84579,-0.67498,0.69174,0.3502,0.30011,-0.60745
4.2749,2.1189,-0.82502,-0.010369,0.5161,-1.1201,-0.89261,-0.88434,0.95335,-0.30595,-0.2274,-0.61065
4.4775,1.7235,-0.47402,-0.065372,0.064891,-1.1149,-1.1162,-1.0055,0.54591,0.3113,-0.02212,-0.68759
4.5664,1.5529,-0.59944,-0.14288,-0.056275,-1.2387,-1.1468,-0.8575,0.46031,0.48426,-0.30871,-0.7937
5.2688,1.0781,-0.43725,-0.66921,-0.57596,-1.3981,-1.3991,-1.0125,0.76653,0.87853,-0.27621,-0.51439
6.6101,0.30417,-0.97998,-0.44785,-0.89284,-1.1493,-1.7044,-0.76594,0.83065,0.94961,-0.20226,-0.65113
6.7448,0.071876,-1.2901,-0.36357,-1.2789,-1.2904,-1.5266,-0.85143,0.89272,1.1161,-0.20478,-0.3808
5.6569,-0.4238,-0.97357,-0.70416,-1.2539,-0.798,-1.5079,-0.70651,0.63048,1.279,-0.13673,-0.69141
5.1496,-1.0957,-0.73768,-1.1479,-1.0639,-0.8605,-1.7012,-0.6687,0.38344,1.5942,-0.15435,-0.87342
3.7858,-0.041725,-1.2304,-0.95651,-0.90178,-1.034,-1.6442,-0.39186,0.11261,1.458,0.044621,-0.73845
6.2536,0.49518,-1.7378,-0.722,-1.0285,-0.94629,-1.3898,-1.3579,0.56679,1.4258,-0.68873,-0.10717
6.0812,0.73952,-1.4312,-0.19246,-1.3002,-1.2764,-1.153,-0.82284,0.25634,1.541,-0.54123,-0.8468
6.2702,0.71587,-1.4019,-0.40577,-1.3616,-0.81036,-1.297,-0.58619,-0.036641,1.5367,-0.41994,-1.0715
5.8918,0.63655,-1.1007,-0.33136,-1.1951,-1.166,-0.58664,-0.55653,0.43054,0.61326,-0.16734,-0.84025
5.6196,0.75821,-0.84053,-0.12234,-0.3364,-0.63635,-0.36599,-0.45943,0.48383,1.3046,-0.066209,-0.4512
4.8526,1.2178,-0.71148,0.16288,-0.4267,-0.78763,0.33578,0.29564,1.2,1.6301,0.022906,-1.1978
3.6903,1.5689,0.6602,0.21957,0.071504,-1.188,-0.62289,-0.16263,0.45921,0.63648,-0.001644,-0.7208
1.2211,0.40431,0.94509,1.0618,0.38904,0.13367,-1.0266,-0.22747,0.48746,-0.077804,-0.77605,-0.68694
-0.62597,0.97709,0.21918,0.27156,0.36697,-0.54778,-1.2978,-0.42516,0.1197,-0.21612,-0.41619,0.039713
-1.6788,-0.30007,-0.63167,-0.42819,0.4518,-0.32674,-1.3567,0.35253,0.8458,-0.8405,1.0867,1.0448
-2.1304,0.098177,0.086684,-0.64745,0.23094,-0.42308,-0.30111,0.82731,0.96938,-0.43775,0.52361,0.0043438
-2.2848,-0.47843,-0.75518,-0.91143,0.41533,0.098392,-0.67593,0.12613,-0.49777,-0.07988,0.51212,-0.18082
-2.2344,0.80714,-0.0091079,-1.0507,1.1794,0.4238,0.67651,1.7763,0.79769,0.14374,-0.32833,-0.46254
-2.2381,0.95055,0.35365,0.34157,0.67972,-0.0073275,0.36108,1.6193,0.75252,0.17215,-0.37224,-0.036251
-3.0305,-0.1748,-0.86039,-0.3316,0.18083,-0.2054,0.14778,0.56272,-0.30744,0.15079,-0.28506,-0.66174
-2.2456,0.98739,-0.43768,1.0314,0.2173,0.17032,0.3391,1.1484,0.27775,1.1581,0.60739,-1.021
-2.0856,1.0419,0.21882,0.61105,-0.71516,-0.52164,-1.2251,0.27481,0.8868,1.4257,0.079986,-0.18201
-2.915,0.39319,-0.57441,0.38319,-0.61872,-0.30117,-0.24869,0.69957,-0.23334,0.4719,0.30497,-0.083716
-2.8053,0.1805,-0.89684,0.85283,0.55693,0.83268,0.72588,0.94995,0.29979,0.81476,0.057899,-0.36907
-1.697,1.3093,-0.36264,0.87384,-0.21499,0.34327,0.42946,0.72378,0.11328,0.65481,0.30177,0.32434
-2.9643,0.70399,-0.29627,0.79698,0.53954,-0.26498,-0.43343,1.2214,-0.079213,0.040114,0.017731,0.032296
-2.5581,0.88791,-0.77744,0.079433,0.78733,0.51652,0.49942,1.0203,0.52315,0.53056,-0.053512,0.15002
-4.1053,-1.3101,-1.7236,-0.53169,0.17618,-0.27398,-0.13158,1.0235,0.25716,0.1493,-0.11076,-0.2947
-2.9811,0.11458,-0.77886,-0.77669,0.46015,0.14064,0.2115,1.5308,1.441,1.022,0.49052,-0.042439
-2.5069,-0.081623,0.028611,-0.18644,-0.23974,-0.64748,-0.18805,1.0489,0.53107,0.62443,0.65023,-0.11807
-2.564,-1.223,-0.40606,0.098016,0.5795,0.1282,0.058166,1.2079,0.56715,-0.12715,0.41393,1.0001
-2.7461,-1.2212,-0.76817,-1.1033,0.075762,1.2731,1.0279,1.3043,1.1849,0.34078,-0.20134,-0.32002
-2.6246,-2.0804,-1.7997,-2.4515,-1.0774,0.22638,0.94276,0.79141,1.4213,0.38795,0.4827,0.06584
-1.4331,-2.2773,-1.6572,-2.2194,-1.7123,-0.30845,0.2777,0.96096,2.0366,0.82946,0.19366,-0.22007
-0.74779,-1.3321,-1.1084,-1.3703,-1.0018,-0.9972,-0.30695,0.7504,1.9191,1.4823,0.63818,-0.18453
0.60695,-0.35376,-0.76582,-1.0527,-1.1089,0.17004,0.14892,0.75444,1.2267,0.30825,-0.2514,-0.34654
1.5334,-0.56989,-0.18992,-0.43979,-1.4554,-0.72472,-0.60548,0.60709,0.72302,1.0442,-0.2076,-0.4488
-0.39336,-0.89074,0.21964,-0.34589,-0.38999,-0.027508,0.24489,0.028028,0.36254,0.26805,0.10342,-0.013504
0.81104,-0.29585,-0.13159,-0.1642,-0.82927,-0.30758,-0.2882,0.35414,0.57132,0.5979,0.12986,-0.018598
0.79615,0.35869,0.049703,-0.29871,-0.26877,-0.28635,0.34084,0.42254,-0.1281,0.72466,-0.02952,0.15944
0.39141,-0.22971,0.38191,0.51697,0.32427,-0.22639,0.54299,0.38333,0.82207,0.51533,0.29189,0.31084
0.77395,0.42147,0.65586,-0.21839,-0.80363,1.0602,1.3227,1.8968,1.0744,0.40647,0.36038,0.19593
0.26838,0.93615,0.31563,0.092059,-0.45355,0.25086,0.53838,1.0597,0.88662,0.81988,0.88757,0.68239
0.35299,0.16647,0.46015,0.26598,0.14119,0.15884,0.18535,0.84556,0.040348,0.49073,-0.048211,-0.21333
0.6169,0.27811,-0.029552,0.32778,0.47372,0.40397,0.27074,1.2548,-0.11657,0.22772,0.30315,0.16251
0.54186,1.1134,-0.13699,-0.038083,0.22688,0.46147,0.61288,0.83752,0.026567,0.57205,0.63154,0.029621
0.7342,0.9521,0.12289,0.37121,0.38405,-0.081745,-0.39257,-0.5966,0.037545,0.41159,0.73196,0.15296
0.16156,0.46047,-0.42791,0.1095,-0.18124,-0.1916,0.3534,0.65836,-0.01705,-0.4455,0.35816,-0.093717
1.109,1.4469,0.092585,-0.11658,0.46305,-0.058717,-0.52129,-0.097741,0.35784,1.1478,0.68056,0.081061
-0.32318,1.0024,0.37371,0.34712,-0.3147,-1.1424,-0.25659,0.33959,-0.25165,-0.21881,0.37331,0.39312
0.27643,1.0257,-0.79435,-0.17416,0.81007,-0.33861,-0.3658,0.17525,0.42555,0.19398,0.18834,0.07804
-0.32345,0.8378,-0.091308,0.16579,0.21662,-1.3025,-0.34777,0.31698,0.54608,0.42656,0.13593,-0.7063
1.513,2.3683,0.62583,0.3377,0.7517,-0.79469,0.11139,-0.33169,0.94591,0.24415,0.47882,-1.0684
0.40926,1.7459,-0.32119,0.17754,1.4351,-0.84733,0.64974,0.15527,0.28577,-0.39279,0.09659,0.13436
-2.0578,2.6344,-0.096115,0.54688,1.4547,-1.0731,1.3863,0.56092,1.5106,1.1157,0.096261,-0.54775
-3.2819,3.0752,-0.71987,-0.078476,1.8285,-0.23657,1.355,0.13457,0.51889,-0.0012065,0.30945,0.0093147
-4.6179,3.1487,-0.73504,0.15472,1.4979,-1.7279,0.85793,0.59169,0.51865,-0.89983,-0.072821,-0.46995
-5.6403,3.5228,-1.2882,-0.86946,0.47445,-1.3513,1.1177,0.20695,0.63065,-0.12554,0.05431,-0.45395
-4.7779,2.9073,-1.6774,0.48124,1.5512,-1.0681,1.3496,-0.040502,0.67064,-0.52632,-0.057715,0.23338
-4.7752,3.0526,-2.0278,0.05708,1.3935,-0.75917,2.0192,1.5064,1.7277,0.83555,0.37806,0.57847
-5.5596,3.1597,-1.349,0.26195,1.521,-1.2873,1.2945,-0.28079,-0.22916,-0.32426,0.80144,0.28206
-4.8009,3.8622,-1.1498,0.15607,0.96119,-1.3755,0.71701,0.25734,1.1783,0.5658,1.3117,0.49682
-4.988,4.5405,-1.3417,0.28968,0.90219,-0.91069,1.2124,-0.023708,1.1188,0.25002,0.89432,0.031405
-4.488,3.8939,-2.2289,0.32142,1.0243,-0.49188,1.1941,0.022784,0.66398,-0.22236,0.17156,-0.082978
-5.1885,3.6836,-2.4041,-0.091834,0.9365,-0.81987,0.80135,-0.09448,1.2439,0.021637,0.97857,0.6735
-5.2256,4.8486,-1.4378,0.57742,1.577,-0.12851,1.2949,-0.18556,0.57219,-0.031549,1.1751,0.1045
-5.0623,3.4649,-2.1725,0.37882,2.1847,-0.14219,1.8264,0.66924,0.97176,-0.30686,0.60533,0.080879
-5.1599,3.9316,-1.6237,0.089344,1.1816,-0.79589,0.787,0.030668,0.75048,0.66247,0.7282,0.2199
-4.8401,3.528,-1.832,0.13728,0.96498,-1.5446,1.2556,-0.67698,0.58314,0.3077,1.1093,0.1093
-5.4697,4.1048,-1.6605,0.072826,1.1419,-1.3838,1.1155,0.28599,0.83251,0.14645,0.62584,0.73825
-6.1493,3.9432,-1.2991,1.1808,1.2615,-0.56511,1.5376,0.082531,0.84333,-1.2011,0.61008,-0.0017043
-6.603,2.5288,-2.4818,-0.26334,0.98103,-0.98281,1.9088,1.0779,1.7756,-0.34905,0.46183,0.30138
-6.2643,3.2916,-1.4215,0.67853,1.3478,-0.69424,1.3096,0.79424,1.5279,-0.080519,-0.19438,-0.3541
-5.5569,3.9701,-1.9744,-0.1848,1.635,-0.60966,1.163,-0.038697,1.0786,0.49086,1.4682,0.74706
-5.7784,3.6639,-1.4853,0.8512,1.7504,-1.3923,0.78501,0.1241,0.76781,-0.31795,-0.055168,0.35227
-5.545,3.8271,-1.4255,0.50171,1.5286,-0.15617,0.90593,-0.19636,1.8582,0.1319,0.74008,0.15432
-6.0527,3.579,-1.3471,-0.099434,1.3819,-0.34284,1.1233,-0.20877,0.87768,0.3192,1.1609,0.72325
-5.8882,3.8256,-1.3295,0.10877,1.0026,-0.94602,1.1109,-0.10647,1.3012,-0.43292,0.15021,0.24747
-6.4033,3.5297,-1.9382,-0.097964,1.211,-0.70496,1.1175,0.40761,0.38133,-0.54981,0.9102,0.56588
-5.4754,4.0262,-1.4447,-0.0081133,0.84087,-0.28813,1.626,0.28498,0.94588,-0.15571,0.50158,0.030999
-5.6054,3.8543,-0.62491,-0.092042,1.5157,-0.49424,1.293,0.022921,0.95733,0.18924,0.64227,0.28123
-5.4559,3.1562,-0.62607,-0.54522,1.5674,-0.55337,2.1311,0.1928,0.82621,0.014366,0.45238,0.36912
-6.1,2.6793,-0.54538,0.060889,1.8736,-0.50245,1.5085,-0.10612,0.39894,0.3048,1.2948,1.0401
-5.8892,2.3906,-0.91471,-0.53458,0.98758,-0.88196,1.2475,0.29938,0.3113,0.044894,0.37054,0.43949
-6.0898,2.2913,-0.13667,-0.045501,1.839,0.26831,1.7235,0.43174,0.76149,-0.028542,0.8827,0.12621
-4.3333,3.4657,0.48828,-0.019376,0.84507,-0.70706,1.1576,-0.40062,0.023893,-1.0468,-0.15258,0.52434
-0.24276,5.7106,1.6721,0.069467,0.71326,-1.8224,-0.082545,-0.57166,-0.013948,-0.33776,0.063513,0.073343
0.68101,5.0076,2.3507,0.067854,0.3364,-1.3304,-0.24255,-0.18829,0.4345,-0.10662,-0.46431,-0.78664
2.4988,4.2292,1.5813,0.14153,0.3181,-2.2173,-0.17679,0.60375,0.10188,-0.47205,-0.14974,-0.049229
1.4775,4.474,2.088,0.83888,0.81575,-1.7891,0.23491,0.1644,0.21891,0.0073792,-0.19404,-0.078524
3.1658,1.9579,1.2023,1.1715,-0.36601,-1.8379,0.32273,-0.088496,0.14993,-0.66084,-0.14748,0.055307
3.2809,2.9913,1.95,1.0817,-0.12596,-1.8991,-0.047674,-0.13213,0.19764,-0.39342,-0.50891,0.32919
2.8206,2.6772,2.2651,1.0065,-0.08281,-1.8813,-0.1452,-0.06682,0.13378,-0.52251,-0.32911,-0.2763
2.1602,2.2689,2.4145,1.0019,-0.27385,-2.0164,-0.32317,-0.039816,0.081205,-0.83081,-0.31174,0.011065
1.6022,2.6231,2.1806,0.88881,-0.58452,-2.0223,-0.45723,0.072492,0.21378,-1.0244,-0.35029,0.012788
1.5052,2.7256,2.2809,0.58351,-0.49868,-2.4048,-0.59278,0.32764,0.18123,-1.1601,-0.15818,0.16814
1.8926,2.1231,2.1632,0.4971,-0.47951,-2.1402,-0.53481,0.39914,0.025031,-0.95373,0.14497,-0.25171
2.1553,1.7605,2.0117,0.57119,-0.43111,-2.042,-0.49778,0.13606,0.10298,-0.72697,0.19643,-0.3552
2.5132,1.4756,2.4159,0.48629,-0.40455,-1.9911,-0.43967,0.28746,0.06425,-0.60847,0.44319,-0.38631
2.9071,1.4514,2.4156,0.7731,-0.71261,-1.8345,-0.42237,-0.079426,0.025258,-0.87679,0.53922,-0.19366
3.3663,2.2289,2.4977,1.1834,-0.99986,-1.5886,-0.022039,-0.077856,-0.18901,-1.1709,-0.19893,0.38595
1.7498,4.0168,2.4663,1.7856,-0.48852,-2.2719,-0.19766,0.15534,0.19326,-1.6107,-0.484,0.12811
0.3378,4.9579,1.8141,1.3783,0.36476,-2.4441,0.044825,-0.36205,0.0073755,-0.89625,-0.17813,0.43131
-1.4019,5.3327,2.0938,0.73396,0.89397,-1.951,-0.0039513,0.19493,-0.053886,-0.69923,0.14199,0.21172
-2.7069,4.6772,1.1961,0.67307,1.1002,-1.188,-0.15134,0.22678,-0.41311,-0.88227,0.21921,0.16057
-3.9518,5.1858,1.2502,0.45451,1.5275,-1.167,0.62027,-0.31758,0.27422,-0.31919,0.044191,-0.29666
-3.6952,4.4723,-0.23765,0.94207,1.3181,-1.2708,0.10885,-0.53577,0.17755,-0.42429,0.62403,0.091657
-3.5212,4.9143,-0.4108,0.26169,1.1877,-1.2054,0.95348,0.0023665,0.13343,-0.29117,0.2048,0.79068
-4.0867,4.735,-0.41473,0.93379,1.5906,-0.99535,0.86111,-0.19091,-0.24817,0.049446,-0.17748,-0.055676
-4.92,6.0028,-0.28729,1.1944,1.6757,-1.3908,1.1271,0.11914,0.44478,0.4349,0.56572,0.44707
-4.4687,4.7591,-0.80212,1.2327,1.3908,-0.39484,1.1785,-0.07098,0.12794,-0.41784,0.34546,-0.057674
-4.7687,5.0907,-0.4549,1.1352,1.4618,-0.38391,0.5649,1.0505,0.31754,-0.54765,-0.58913,-0.49698
-5.5441,5.2793,-0.55101,0.6445,1.4926,-0.66578,0.52624,0.11937,-0.069874,-0.78363,0.23975,0.29323
-4.8454,5.0438,0.17546,0.80252,0.65626,-1.3265,0.48509,-0.12244,-0.20079,-0.77326,0.32452,1.0615
-6.1273,4.6818,-1.015,0.59362,0.51196,-1.5748,1.4902,0.26318,0.022783,-0.39782,0.68271,0.10718
-5.5199,4.4754,-1.347,0.39214,0.86617,-0.58277,1.0975,0.25148,0.53916,-0.41303,-0.14367,-0.032644
-5.2446,4.5767,-1.939,0.74837,0.54995,-1.1972,1.6636,0.4606,0.70447,0.0024373,0.17736,0.22972
-5.6285,4.301,-1.5466,0.80562,1.4351,-0.74308,0.79936,-0.14479,0.058981,-0.033502,0.17498,0.093491
-5.9456,4.4556,-1.1877,0.5447,1.1557,-0.85667,1.5855,0.91509,0.75663,-0.48152,0.41777,0.41462
-5.2522,4.5452,-1.0634,0.056416,0.62985,-1.3976,0.90039,-0.24611,0.56827,0.6076,0.33878,0.12376
-6.0375,4.6498,-1.255,0.48807,1.0456,-0.77969,1.3794,0.95559,0.18019,-0.42224,-0.17963,-0.60785
-7.0247,3.5227,-3.0218,-0.63477,1.1922,0.094402,1.4538,0.83338,0.79083,0.25114,0.27313,0.41567
-6.6399,4.2365,-1.6532,0.14055,0.91356,-0.44897,1.0109,0.43406,0.059219,0.10955,0.078429,0.026746
-6.6048,3.9431,-1.5912,-0.40554,0.45586,-1.1017,0.91184,-0.30299,0.10676,-0.071458,1.2462,0.47648
-6.193,4.0352,-1.4995,0.57438,0.62536,-2.0308,0.51329,0.87314,0.43084,0.53276,0.080175,0.044341
-5.8845,2.7555,-2.2062,-0.66549,0.026515,-1.7622,0.49623,0.84417,0.78181,0.38264,0.068026,0.29566
-3.4136,3.3292,-1.6479,-1.3583,-0.12075,-2.3139,0.32338,1.1203,0.20338,-0.44137,0.18867,-0.13014
-4.0839,3.5471,-0.65313,-0.69271,0.60037,-0.79331,0.40177,0.69005,0.37951,0.52368,0.65601,0.41684
-2.3358,3.6575,-0.33672,0.12426,0.67503,-1.6918,0.36671,0.59415,0.597,-0.43374,-0.15255,0.12253
-3.286,2.6333,-0.3387,-0.080191,1.0574,-0.57901,0.024333,0.2986,0.51017,0.10644,-0.71917,-1.0164
-2.3571,1.5364,-0.55532,0.34346,0.28037,-0.63929,0.3163,1.0385,0.86599,0.51771,-0.27082,-0.43141
-1.424,2.1492,-0.42492,0.23868,0.5935,-0.61217,0.084152,0.41249,-0.11231,0.11367,-0.28673,-0.36443
-1.5953,1.0258,-1.0411,0.19798,0.51987,-0.47676,0.0034506,-0.17805,0.10675,-0.0079575,-0.77412,-0.093494
-0.68514,1.4752,-0.29739,0.25971,0.096772,-0.37218,0.10097,0.48584,0.47999,0.31651,-0.36109,0.45656
-0.77979,1.2897,-0.25037,0.46583,0.0090171,-0.9593,0.25001,0.84032,0.48214,0.86894,0.21735,0.25177
0.28474,1.2068,-0.57842,0.50454,0.59922,-0.56549,-0.17715,0.37597,-0.053176,0.64571,0.26542,0.30189
0.6867,1.6405,-0.057943,0.40315,0.0049358,-0.45994,0.28699,0.12951,-0.33022,0.81463,0.54242,0.059534
1.1157,1.052,0.047494,0.66808,0.52171,-0.22199,0.36622,0.2543,0.17217,0.51852,0.76101,0.85748
0.5579,0.81993,-0.069914,0.76503,0.87452,-0.66853,0.037602,0.72471,-0.04134,0.89397,0.30237,0.29006
0.45425,1.1344,0.65238,0.63137,0.73036,0.18736,0.34624,-0.093068,-0.29537,-0.19599,0.91073,0.50238
0.17752,1.3804,-0.095061,-0.047774,0.63777,0.567,0.65102,0.53664,0.26065,0.73101,0.0016863,-0.67846
0.8149,1.0252,-0.01192,0.19078,0.33756,0.31027,0.24022,0.39156,0.024491,0.32191,0.41043,-0.080728
0.63173,1.2216,0.017148,0.27739,-0.21719,0.21477,0.69496,1.0002,0.23353,0.42519,-0.37946,-0.53832
0.32931,0.34053,-0.27669,-0.18289,0.43694,-0.070138,-0.56569,0.50634,0.35322,0.31694,0.32709,0.35518
-0.10525,0.55089,0.20342,0.27467,0.13582,0.088472,0.52078,0.6241,0.78091,0.28515,0.050429,-0.13494
-0.40494,1.1631,0.47469,0.4665,0.22478,0.47649,0.16085,0.27288,0.37862,0.78644,1.0868,0.23706
0.091086,0.48364,-0.34218,0.31684,0.67342,0.073322,0.42939,1.1412,1.3736,0.88101,0.993,0.51242
-0.65226,1.139,-0.012696,0.48322,0.21372,-0.61272,0.531,0.73115,1.1259,0.80817,-0.18334,-0.026143
1.187,2.1634,-0.20901,0.26398,0.24579,-1.5483,-0.13179,0.24275,0.048952,0.32904,1.6333,-0.079558
1.7062,2.4179,0.13217,0.3061,-0.017538,-1.9411,-0.46522,-0.3947,0.59473,0.019224,0.96176,0.11116
-3.0068,3.3802,-0.40221,-0.14717,1.4136,-1.413,0.079394,0.44876,0.93566,0.80445,0.45816,0.22822
-3.7464,3.6248,-1.0977,-0.22569,2.2994,-1.644,0.25573,1.0181,1.0536,0.43248,-0.078764,0.14073
-4.4114,4.136,-1.0564,0.25685,1.4105,-1.9027,0.5277,0.5602,1.4792,0.8403,0.33747,0.11102
-4.8573,4.2073,-2.2274,-0.80127,0.85546,-0.68506,0.8054,0.44906,1.2967,0.61043,0.18933,0.032227
-4.8113,4.3746,-2.3726,0.051379,1.2145,-1.2534,0.063915,-0.41403,0.68581,-0.13407,0.29842,-0.19019
-4.9762,4.3171,-2.0117,0.70329,0.74255,-1.6007,1.3405,0.55463,1.0681,0.13933,0.37699,0.18728
-5.8317,3.6473,-1.6544,0.80191,1.5575,-1.0925,0.56989,0.64579,0.96884,0.30843,0.22357,1.1966
-5.3977,4.03,-2.1947,0.0015816,1.0347,-1.3924,1.124,0.72154,1.5918,1.2881,0.17617,-0.16194
-5.2845,3.7996,-1.7592,-0.031875,0.96929,-0.87402,1.2027,1.721,1.4235,0.79135,0.34456,-0.31509
-5.3496,3.8981,-2.0597,0.57129,0.39113,-1.0612,1.0668,0.6649,0.37412,0.15749,0.3101,0.53568
-5.894,4.0746,-2.5551,0.4194,1.121,-1.3041,1.297,0.86184,1.2302,0.51571,0.46269,-0.13066
-6.2337,4.0873,-2.7955,0.28003,0.74395,-1.9114,1.8404,0.85295,0.50838,0.72238,1.0639,0.40599
-5.8607,4.7915,-1.7389,0.24262,1.1869,-0.79826,1.4977,0.82434,0.86953,0.79583,0.94895,-0.037267
-5.8631,4.6544,-2.054,0.27456,0.31188,-2.0784,1.3683,0.88272,1.0478,-0.27786,0.38397,0.62721
-5.8301,4.3986,-1.7356,0.72802,1.139,-1.0808,1.5371,0.93623,1.1895,0.43586,0.51349,0.42776
-6.1924,4.2303,-1.5568,1.4118,0.98062,-0.93302,1.443,0.44173,0.55775,0.7534,1.377,0.12863
-5.7881,4.1728,-1.911,0.45596,0.31139,-0.96153,1.7824,0.95511,0.83768,0.29005,0.72191,0.49522
-5.6557,4.8091,-1.0581,0.64096,1.1227,-0.66126,0.90085,0.80258,0.15191,0.27222,0.17082,0.38107
-5.6451,4.9171,-1.6242,0.31952,1.4129,-0.45298,1.1009,0.71393,0.89044,-0.030809,0.029874,0.38328
-5.3463,4.1666,-1.4518,1.1059,0.62052,-0.96455,1.0175,0.99009,0.080027,0.12701,0.41964,0.34202
-5.7041,5.4267,-0.94008,0.9894,0.65768,-1.4455,1.5413,0.12427,0.5392,0.23285,-0.054977,-0.037668
-6.7573,4.9319,-1.487,0.81021,1.1516,-1.3999,1.2641,0.50627,0.20626,0.38497,0.36627,-0.096062
-6.1569,5.0235,-1.3092,0.73721,0.66762,-0.92165,1.1573,0.81879,1.147,0.52504,0.63783,0.1432
-6.0167,4.4856,-2.2778,0.25538,0.79973,-1.3891,1.3422,0.42991,0.94809,0.29932,-0.048058,-0.12752
-6.5483,4.0538,-1.8598,0.0050933,0.53035,-1.3284,0.86242,0.33157,0.041444,0.34603,0.63348,0.94264
-6.156,5.3512,-1.5955,0.34935,1.2305,-0.70821,1.1032,0.053157,0.12398,0.012636,0.49001,0.97481
-6.466,3.9947,-1.8908,0.84296,1.2043,-0.99424,1.3008,0.90875,0.46829,0.48049,0.46331,0.30794
-6.0867,4.3746,-2.3246,-0.20095,1.4889,-1.1887,1.3998,0.90096,1.4439,0.35659,0.29633,0.48348
-6.1793,4.6874,-1.9516,0.22895,1.2789,-0.27219,1.5098,0.20337,0.37831,0.57335,0.39812,-0.40127
-5.9806,4.012,-2.3636,0.46739,1.0918,-0.86621,1.044,0.51419,1.2153,0.68387,0.70865,0.68324
-6.0122,4.6679,-1.2618,0.70396,1.0038,-1.0132,1.2786,0.5292,0.65778,-0.11397,1.1243,1.4258
-6.5296,3.8752,-1.4925,0.050454,1.1719,-0.49123,1.4429,1.036,1.2243,1.3893,0.60702,0.083258
-6.5228,4.2665,-2.0674,0.20314,0.41321,-1.7709,0.63796,1.0524,0.93078,0.92399,0.16873,-0.12875
-7.0721,4.1747,-1.5934,-0.060437,0.86633,-0.96668,0.75969,-0.0045231,0.78169,0.69108,-0.090176,0.11601
-7.1477,4.9672,-0.60267,1.0991,1.1449,-1.1049,0.94737,-0.40315,0.13702,-0.31883,0.24149,0.098797
-5.9937,4.3083,-2.0048,0.92081,0.86297,-0.85759,1.2345,0.20564,0.36393,0.48376,0.74699,0.17897
-6.2214,3.123,-2.2415,0.30996,1.5148,-0.71588,0.77512,0.50824,0.71336,0.38599,0.32973,0.079653
-4.9978,3.6042,-2.291,0.14232,0.55825,-0.76865,1.0452,0.49981,0.40009,0.34816,0.65458,0.70366
-1.3117,3.291,-1.9318,-1.351,0.36591,-0.87524,0.17858,0.36249,0.56294,-0.44601,-0.23913,-0.052679
0.85371,4.0816,-0.2126,0.15545,-0.19659,-1.0945,0.2284,0.22614,0.16968,-0.24901,-0.14825,-0.11927
4.1333,2.8758,-0.9383,-0.020468,-0.39698,-1.5943,-0.54375,0.34792,-0.36585,0.12541,0.27115,-0.89251
4.5318,3.6436,0.165,0.47961,-1.0727,-1.8218,-0.94385,0.36182,0.10933,0.31781,0.060896,-0.38335
3.6192,1.1857,-0.060384,0.18644,-0.14019,-1.8951,-0.91356,0.12219,-0.0044886,-0.54826,0.64482,-1.0789
3.3759,0.78256,0.32822,-0.20548,-0.70082,-2.7614,-1.1929,0.28487,0.84202,0.085899,1.2541,-1.0606
5.1906,1.4217,-0.055579,-0.35159,-0.75206,-2.474,-1.5509,0.35616,0.86197,0.15868,1.0174,-0.69384
5.3002,0.95734,-0.8564,-0.088686,-0.36912,-2.8447,-1.0471,0.78911,0.69916,-0.46931,1.6517,-1.3269
5.4783,0.9587,-0.52551,-0.31446,-0.60332,-2.3967,-0.71382,0.27469,0.77381,0.028553,1.1831,-0.96707
5.6862,0.26776,-0.22576,-0.38548,-0.50105,-2.218,-1.0079,0.57878,0.544,-0.23134,1.4149,-0.99821
5.926,1.4392,0.16517,-0.54889,-0.82537,-2.2457,-1.0332,0.17149,0.79727,0.3118,0.9129,-0.85309
6.1823,1.9821,0.089811,-0.27646,-1.1206,-2.4453,-1.1342,0.24533,0.72073,0.53922,1.1135,-0.6822
5.8572,1.9661,0.23564,-0.22138,-1.3272,-2.1154,-1.0883,0.27215,1.1249,0.7705,0.85833,-0.096548
5.8306,2.3779,0.66111,0.050462,-1.3351,-2.6579,-0.78331,0.33075,1.4218,0.88019,1.0984,-0.20849
6.6783,1.7272,-0.93127,0.2756,-0.6128,-2.7944,-1.0372,0.97461,1.0081,0.18164,1.0151,-0.75038
5.5758,2.3139,0.34486,0.093181,-0.73409,-2.3555,-1.1462,-0.22707,0.97706,0.83527,0.92233,-0.16003
6.0666,-0.36695,-1.1798,0.46862,-0.91131,-2.0804,-0.48014,0.40109,0.55959,0.39251,0.82848,-1.3611
4.7855,1.6206,0.084542,0.67939,-0.74299,-2.498,-1.0328,-0.16349,1.2711,1.1726,1.2268,0.23697
4.4274,1.8087,-1.0959,0.28602,-0.83223,-2.3408,-0.68029,-0.13445,1.3021,0.74082,0.31101,0.028654
5.2037,2.1914,0.4601,-0.12192,-0.66497,-1.8422,-0.77034,0.082334,0.30999,1.0179,0.22135,0.32952
4.6138,1.309,0.40494,1.6755,-0.56749,-1.6492,-0.79135,0.40574,1.1645,1.3399,0.39063,0.21534
3.6969,1.4051,0.55529,0.44391,-0.53259,-1.7678,-1.2608,0.3025,0.28869,0.83155,-0.1575,-0.14374
3.462,1.6188,0.78725,0.32188,-0.54774,-1.3187,-0.55315,0.10441,0.19577,0.54156,0.43468,0.40153
3.5038,2.5117,1.0267,0.23939,-0.26765,-1.3502,-1.785,-0.53506,-0.17928,0.4063,0.58884,0.059116
2.6094,2.1754,0.82054,0.71945,0.39446,-1.1183,-1.4519,0.0091493,0.096874,0.33073,-0.008813,-0.18917
2.1395,1.7314,0.94307,0.54559,-0.11952,-0.48578,-0.25896,0.12294,0.77712,0.34922,0.044608,0.67768
2.025,1.4084,0.29176,0.12524,0.26974,-0.58469,-0.57377,0.14188,0.12522,0.86142,0.32939,0.23369
2.5655,1.6836,0.77428,0.55594,0.80359,0.031778,-0.41601,0.28599,0.31045,0.32008,0.64435,0.11078
0.6976,0.833,-0.30317,-0.54781,0.053331,-0.42694,-0.14325,-0.027846,-0.37802,0.43146,0.087786,0.018669
1.6944,2.0177,0.40104,0.25716,0.071382,0.13563,0.12114,0.703,0.93053,0.93069,0.019178,0.098526
0.7782,1.1438,0.37975,1.1339,0.63559,-0.027587,-0.18845,-0.434,-0.36338,0.19693,-0.30541,-0.0029452
0.55256,0.61642,0.1258,0.72086,0.046567,0.28155,0.64963,0.69107,-0.086153,0.25009,-0.031141,-0.17921
1.0433,-0.30182,-0.80121,-0.23563,1.0005,-0.44103,0.72635,0.7952,0.69499,0.065985,0.6627,-0.14045
-0.77927,-0.88208,-1.6472,-0.7657,0.058712,-2.0548,0.18498,0.47682,0.59435,-0.29162,0.43579,-0.63611
-1.6776,2.1276,-0.22171,0.19777,0.46234,-1.5099,1.0269,0.67494,0.73647,0.48246,0.08882,0.086798
-3.3856,2.1928,-0.59408,0.3399,1.903,-0.59582,1.2526,1.459,0.48687,0.041865,-0.22567,-0.36216
-4.5406,2.8313,-0.31146,-0.46106,1.9285,-1.2234,0.55192,0.086816,-0.21291,0.68703,0.4067,0.99619
-4.9601,3.1062,-0.15591,-0.30181,1.4374,-1.5548,0.57932,0.94803,0.51805,0.24031,0.020574,0.39397
-5.9237,2.9699,-0.5687,0.22086,2.1869,-1.0251,1.6015,1.6233,1.1646,0.85015,0.19302,0.3634
-5.587,2.9049,-0.63355,-0.51852,1.3043,-2.1041,0.48518,0.81309,0.86766,0.92032,0.91115,0.027695
-2.6847,1.6778,-2.6674,-2.2193,0.32706,-1.84,0.61209,0.27962,0.10463,0.44701,0.58712,0.030062
-1.6739,2.527,-1.4721,-1.8523,0.18372,-2.0386,0.42024,0.45972,0.46215,0.60148,-0.017052,-0.14099
-1.3161,2.5222,-0.54309,-1.3217,0.070375,-2.3289,-0.085243,0.11329,-0.73099,0.06922,-0.65668,-0.92138
-0.84516,2.049,-0.37969,-1.081,0.71837,-1.375,0.34871,0.74007,-0.069914,0.045228,0.078123,0.40457
-1.0224,1.8965,-0.3322,0.13692,0.57467,-1.9679,-0.089356,0.41313,0.55052,0.98023,0.5322,0.47826
-1.3781,1.0715,0.47706,0.32027,0.98116,-1.3258,0.62262,0.9165,0.74801,0.8911,0.10786,0.53965
0.52294,2.069,0.098654,0.29791,0.32287,-0.99072,0.35118,0.3463,0.52738,0.83158,0.065362,0.15999
-0.0075841,1.1181,-0.016923,0.79265,1.0707,-0.22134,0.78214,0.48798,0.62389,1.2765,0.52839,0.31946
-0.092036,1.232,0.18603,0.016451,1.1596,-0.024799,0.61181,1.7068,1.5671,1.1203,-0.28181,0.77016
0.28868,2.1261,0.93081,-0.15142,0.39546,-0.48279,0.46988,0.49042,0.14519,0.45451,0.64659,0.46506
0.15998,1.1925,1.0913,-0.12287,0.049113,-0.38139,0.97275,1.5893,0.51891,0.43376,0.24492,0.41901
1.0085,0.87222,0.071066,0.10532,-0.8601,-0.56054,-0.050354,0.35939,0.29105,0.28037,0.66838,0.65015
0.78466,1.4535,-0.015376,-0.091993,0.88351,0.19526,-0.29708,0.71969,1.3228,0.23281,0.22604,0.1753
1.2893,1.3164,0.40548,-0.10422,0.054342,-0.323,-0.033434,1.3094,0.25065,0.44429,1.1351,0.58693
0.22482,1.6642,0.58938,0.30661,-0.3295,-0.30292,0.43264,1.4553,0.051761,-0.23419,-0.59364,0.20364
0.36357,1.0648,-0.2499,0.31597,0.20543,0.21227,0.59863,1.1823,0.53291,0.54721,0.97917,0.13766
0.96548,1.9264,0.33688,0.28551,0.36843,-0.0034248,0.33734,1.156,1.0358,0.83573,0.61041,0.37615
0.0049334,0.84735,0.6895,0.96044,0.072059,-0.64572,0.082908,1.2313,0.74084,0.60728,0.61536,-0.12897
-0.080705,0.92397,0.024403,0.65902,0.43557,0.1661,0.49617,0.71584,0.70038,0.91015,0.42834,0.37477
0.65633,1.0994,-0.31081,-0.064489,-0.4156,0.12343,-0.01293,0.60633,1.3714,0.73212,0.40116,0.52626
0.34188,1.0719,0.27037,0.50075,0.94788,0.13414,-0.00098289,0.64363,0.33799,0.49476,0.11173,-0.066269
0.0095329,0.50412,-0.55031,-0.32509,-0.016125,0.28725,0.11873,0.72311,0.055905,0.078498,0.22274,0.041289
1.0516,1.2634,-0.073649,-0.23488,0.24379,0.070908,-0.24151,0.27833,-0.21674,0.57515,0.61614,-0.26495
0.43429,1.1615,0.28224,0.27517,0.047834,-0.31823,0.79376,0.96973,0.33359,0.071482,0.17607,0.55893
0.45305,1.4084,0.40646,0.055672,0.39435,-0.62398,0.13877,0.75664,0.26576,0.31408,-0.14015,0.25733
1.0443,1.0578,-0.22751,0.31506,0.83764,1.0056,0.26077,0.88534,0.22919,0.61415,0.15376,0.0023716
1.1697,1.2417,0.38514,0.41791,0.65804,0.0099007,0.57134,0.40718,0.61941,1.306,0.96526,-0.13703
-0.45302,1.1226,0.22486,0.92068,0.083072,1.2452,1.4244,1.268,0.63809,0.93584,1.3001,0.83211
0.27098,0.96563,-0.15534,-0.19987,0.046302,0.13879,-0.29698,1.0539,0.69454,0.032492,0.14474,0.51515
0.27978,0.80614,-0.42415,0.012386,1.1381,0.56549,0.38666,0.59567,0.037143,0.64545,0.11103,0.31894
0.83994,1.3122,0.03898,0.068984,0.39086,-0.016213,0.85428,1.2928,0.4715,0.31706,0.23232,0.52351
1.3408,1.5341,-0.29608,-0.15222,-0.176,0.49077,0.86882,0.97561,0.13654,0.54799,0.49678,0.36861
1.2813,1.0885,-0.23467,0.36739,0.49432,-0.24985,-0.35904,0.4363,0.1461,0.034428,0.083929,-0.044104
0.57827,1.2595,0.03255,0.19911,0.73964,-0.2755,-0.087037,0.86952,0.62357,0.63112,0.29211,-0.17087
0.59167,1.0872,0.18544,0.0099314,0.68018,-0.036769,-0.10399,0.89252,0.26765,-0.11282,-0.18905,0.14205
0.6173,1.6067,0.40741,0.54156,0.88131,0.35009,0.51784,0.64072,0.50878,0.09456,0.24579,-0.066838
4.4041,3.7037,1.17,0.046356,0.31667,-0.24629,-0.31168,0.21021,-0.18431,0.61437,0.17167,0.12563
4.2017,3.5841,1.3149,1.2334,0.038472,-0.64692,-0.52504,0.8108,0.57993,0.66868,0.17154,0.056696
3.3207,3.9759,2.5447,1.6512,0.67732,-0.25823,-0.81059,-0.42637,-0.42151,0.030526,-0.37537,-0.17466
5.9233,4.7813,1.3148,0.52829,-0.13954,-0.802,-0.18308,0.50303,0.12854,0.7235,-0.13012,-0.41263
3.6544,3.787,2.1587,1.2952,1.0466,-0.57326,-0.32064,0.29908,-0.28704,0.12497,0.56243,0.66597
5.1381,4.2221,1.3777,1.016,0.7646,-0.88831,-0.47505,0.42741,-0.067899,0.32392,0.67883,-0.11436
5.1341,3.8684,1.2074,0.8324,0.66162,-0.7133,0.029034,0.29357,0.097326,0.43572,0.069202,0.003804
4.5958,4.0669,2.1026,1.1987,0.0014585,-0.66574,-0.70185,0.097833,0.28278,0.43065,0.22701,0.25193
4.5514,4.0724,1.6344,1.2721,0.89279,-0.41024,-0.038767,0.70725,0.10292,-0.081197,-0.12745,-0.26223
4.2792,3.5346,2.2387,1.7194,1.5378,-0.50692,-0.42575,-0.21668,-0.49438,-0.1362,0.053394,-0.21773
3.8873,4.209,2.3547,1.3844,0.69711,0.069615,-0.38732,0.19532,0.12573,0.060248,-0.15701,-0.26379
4.0161,3.5636,2.328,1.4626,1.2854,0.39859,-0.16477,0.36546,-0.42615,-0.32798,-0.53432,-0.5296
3.8468,3.8752,2.7515,1.9214,1.2439,-0.091641,-0.21822,0.098464,-0.0046473,-0.071076,0.12778,-0.38354
4.0302,4.0492,2.1177,1.7109,0.63414,-0.11418,-0.29488,0.48945,0.18929,-0.11154,0.0051187,-0.50208
3.1446,3.3229,2.0262,2.157,1.8392,0.61208,0.31563,0.4538,-0.15955,0.60796,0.073977,-0.60596
3.8792,3.615,1.6208,1.3862,1.0006,0.12119,0.26242,0.84007,-0.073142,-0.14791,-0.20922,-0.17578
4.1815,3.1534,1.8039,1.776,1.6236,0.63943,0.19763,-0.048443,0.43475,0.16855,0.14365,-0.52548
3.7143,2.8743,2.2199,2.007,1.3492,0.20123,-0.28794,0.33931,0.22958,0.40603,0.057928,0.092324
4.5369,3.8622,2.0371,1.133,0.8461,0.060394,0.18149,0.72603,-0.039709,0.018181,-0.2181,-0.22603
3.7912,3.8787,2.3555,1.6792,0.60586,0.12325,0.15207,0.33542,-0.20023,0.19863,0.01537,0.086132
2.8347,2.7539,1.8397,1.78,1.224,-0.17056,0.38199,0.54159,0.036465,-0.20944,-0.13926,-0.43109
3.8577,0.96966,1.4216,-1.5627,-0.050936,1.3032,-0.43261,1.3477,0.36156,-0.63014,0.2331,0.54827
4.3753,0.79736,1.7093,-1.0109,-0.52633,0.84914,-0.86584,1.1736,0.85392,-0.98894,0.41835,0.26055
4.8004,1.7412,2.3549,-0.37859,0.77302,-0.60061,-1.4209,0.75567,0.54794,0.19067,-0.17247,-0.707
5.046,1.6641,2.0662,-0.29589,0.66329,-0.2108,-1.8099,-0.51937,0.72753,0.72487,-0.12201,-0.92894
6.0574,2.4282,1.1167,-0.13289,0.040965,-0.27678,-1.0119,-0.23003,0.67303,0.1757,0.223,-0.10031
6.7903,1.2139,0.42531,0.099443,0.13171,-1.3343,-0.94071,-0.81732,0.36673,0.67843,0.50978,-0.87433
5.6311,1.7388,0.69563,-0.27742,0.24338,-0.39257,-0.35723,-0.17742,0.86381,1.0615,0.87133,-0.23673
6.5946,1.0845,0.2501,-0.022906,0.26678,-0.56319,-0.77302,-0.55234,0.37756,0.61939,0.096135,-0.61449
6.2577,1.3645,0.79001,0.48207,-0.49114,-1.0315,-2.167,-1.3738,-0.069992,1.0949,0.1533,-1.2371
6.148,0.86627,0.47175,0.4583,0.067492,-0.57549,-1.0719,-0.74217,-0.061123,0.17185,0.35284,-0.82961
5.548,0.2529,0.96497,-0.24609,-0.15887,-1.1249,-1.415,-1.4821,0.26804,0.93112,0.74878,-1.4061
5.1131,1.2713,1.4674,1.0222,-0.3038,-1.493,-2.6172,-2.1667,-0.47668,1.3115,0.0036098,-1.7401
3.5909,1.4183,1.1467,0.82854,0.23302,-0.67916,-1.1197,-1.5065,-0.094346,1.207,0.49615,-0.67433
3.3356,2.1067,1.444,0.92839,0.33794,-0.053622,-0.73981,-0.67295,0.069703,0.47958,0.1396,-0.18441
2.8973,1.498,0.65528,0.17582,-0.10542,-1.2874,-1.4108,-0.97443,-0.6676,0.58418,0.29229,-0.17327
4.0205,3.0353,1.7184,0.30548,-0.21436,-0.62847,-1.2425,-0.62473,-0.30503,-0.0040356,0.33305,-0.43996
2.9568,2.5062,1.5004,0.99338,-0.4497,-0.70932,-1.0425,-0.88567,-1.1744,0.025232,0.053065,-0.57278
2.3578,2.1717,0.52674,0.51676,0.21998,-0.55311,-0.59143,-0.41514,-0.60312,0.60675,0.51703,-0.022415
2.9312,1.8724,0.98334,0.74216,0.17269,-0.3699,-0.82567,-0.41285,-0.69748,-0.27197,0.10669,-0.4456
2.6343,2.3424,1.1531,0.78007,0.2324,0.047048,-0.39487,-0.52194,-0.36555,0.078838,-0.26058,-0.017852
1.5944,1.507,0.26763,-0.13228,-0.19333,-0.87992,-0.58117,0.017988,-0.51951,0.054476,-0.54923,-0.45022
1.4596,1.612,-0.42617,-0.050954,0.19997,-0.31225,-0.41599,-0.70197,-0.80944,-0.21385,-0.032534,-0.24537
1.5974,1.9652,0.46131,0.13803,0.36022,-0.72647,-0.55952,0.088596,0.089827,0.4623,0.23065,-0.15103
1.2589,2.6795,0.68111,0.17641,0.51336,0.23614,0.3807,0.47857,-0.32119,-0.037367,0.21892,-0.37698
1.9699,1.8673,0.1541,0.095875,0.071479,-0.071638,-0.14632,0.60221,0.62041,0.31502,0.25612,0.50257
1.0802,1.7194,0.90675,0.85786,0.84344,-0.58951,-0.60739,0.32721,0.57195,0.28535,0.42057,0.46731
0.78134,1.7281,0.37486,0.12809,0.089775,-0.49702,-0.67434,0.068241,0.32949,0.9754,0.36606,-0.13909
0.77166,1.1963,-0.21755,-0.18038,0.5426,0.19747,0.57098,1.6062,0.67323,1.4156,0.75932,0.50349
1.1926,2.0179,0.30706,0.68798,0.73673,-0.39234,-0.028309,0.60536,0.15257,0.35734,-0.039489,-0.17086
0.95906,1.976,0.22751,0.066175,-0.087396,0.36869,0.79176,1.2369,0.79812,0.61317,0.42399,0.14508
