0.51109,0.8017,-0.24477,0.81154,0.58978,-0.010142,0.52495,0.64635,0.16917,0.60255,0.46651,-0.074654
0.40072,1.3205,0.53402,0.27976,0.49136,0.4508,1.0974,0.25387,-0.12473,0.33548,0.28774,0.036767
-0.70222,1.4371,-0.64388,-0.73648,0.7321,-0.7858,1.2983,0.62381,0.47881,0.46708,1.0481,0.57926
-0.68441,1.4475,-0.30926,-0.43103,0.61721,-0.73046,0.84734,0.26176,0.99622,0.4199,0.98397,0.53206
-0.90849,1.2039,-1.2765,-0.071737,0.07722,-1.2048,0.53313,0.45144,0.76669,0.64772,0.65359,0.049568
-1.2944,2.5583,-0.369,-0.72757,0.96372,-0.14389,1.2172,0.40694,0.28959,-0.18888,0.66112,0.45462
-1.5569,3.4313,-0.50541,-1.2342,-0.074163,-1.1621,0.96817,0.2858,0.31036,0.48884,1.0601,-0.0051083
-3.3134,2.3305,-2.0051,-1.309,0.72423,-0.4923,1.6585,0.60903,0.71246,0.12493,0.64692,0.0010004
-3.3047,2.5673,-2.0528,-1.1945,1.5326,-0.69849,0.61516,0.083482,0.37936,0.3893,1.3444,0.47433
-3.3402,2.8865,-2.592,-0.91905,1.3879,-0.57543,0.78679,0.27126,0.20267,-0.31762,0.90088,0.50259
-5.0521,2.8228,-1.5799,0.073238,1.77,-0.66163,1.3877,1.1746,0.52766,-0.9449,0.22204,0.34541
-5.847,3.0334,-2.3508,-0.44837,0.31722,-2.1299,0.15289,-0.10072,0.80808,-0.28541,0.49087,0.12449
-4.3463,3.8972,-2.1241,0.67818,0.87511,-1.2815,0.89987,0.69335,1.3498,0.50026,0.8423,-0.23801
-4.871,3.6291,-2.0717,0.12176,1.0351,-0.45806,0.59798,-0.083274,1.0688,-0.17673,0.77176,0.12908
-4.6065,2.7052,-2.5618,0.57432,-0.1341,-0.87067,1.3402,0.55028,1.7939,0.49168,0.21248,0.090957
-4.0771,2.823,-2.7946,1.1038,0.99593,-0.51998,0.83611,0.31536,0.71256,-0.34306,0.41106,0.28567
-5.4553,2.0789,-2.5096,1.5249,0.82745,-0.53805,0.55366,-0.12915,0.55049,0.20747,0.85705,0.47898
-5.4791,2.9494,-2.1824,0.84907,1.7513,0.14947,0.77661,0.35019,0.51824,-0.65171,0.73814,-0.15652
-5.0596,2.6799,-1.8376,0.97388,0.35485,-0.71879,1.0951,0.55842,1.0382,-0.33573,0.67143,-0.18071
-3.7307,2.307,-2.7205,-0.48328,-0.4624,-0.72724,1.2395,1.0318,1.0543,-0.29719,0.47934,0.21763
-3.8845,2.2107,-2.4186,-0.91155,-0.97174,-2.1944,0.65181,0.511,1.1276,-0.74479,-0.11443,0.052256
-4.2883,0.92631,-2.4937,-1.0573,-0.4036,-1.4228,0.27336,0.77147,0.35235,-1.1767,-0.77289,-0.64053
-1.4376,1.4528,-1.782,-1.1307,-0.62127,-2.218,0.52739,2.1036,1.1521,-0.06937,0.47002,0.27854
-0.92487,1.6512,-1.6836,-0.81819,-0.86121,-1.6479,0.53907,1.5625,1.2982,0.094697,1.4284,0.55849
3.5797,3.25,-1.5289,0.14928,0.22945,-1.8466,-0.54016,-0.31068,0.61847,-0.06879,-0.25654,-0.68827
4.9388,0.93417,-0.13669,-0.065497,0.11011,-1.6323,-0.81138,-0.49173,0.80098,-0.051295,0.61567,-0.62921
5.9212,0.50293,-0.42682,0.40586,-0.59531,-1.8341,-1.0338,-0.021503,0.4889,0.027584,0.89695,-0.92919
5.3477,0.59657,-0.3616,0.3627,-0.41759,-2.3525,-0.97241,-0.24666,0.91865,0.069193,0.74217,-0.81747
5.0667,0.46682,-0.54345,0.14532,-0.87326,-2.4011,-0.86938,-0.32389,1.1823,0.34491,0.65346,-0.67647
5.531,0.26485,-0.09335,-0.35703,-0.93556,-2.1184,-1.2803,0.14468,1.0179,0.026841,0.97456,-0.70773
5.954,-0.57157,0.049447,-0.38478,-0.73741,-1.9634,-1.4707,0.30948,0.59632,0.25121,0.89172,-1.1621
5.9219,0.24352,-0.52665,-0.093642,-0.57472,-2.1581,-0.63137,-0.40021,1.2029,-0.40874,1.1816,-1.2306
5.8696,0.75949,-0.95835,0.41644,-0.61681,-2.0067,-0.12318,-0.86562,1.0406,-0.23117,0.67562,-1.1649
5.9606,1.2334,-0.81971,0.61565,-0.49164,-2.1455,-0.1384,-0.83642,1.3774,-0.53548,0.17494,-0.79201
6.4197,1.3336,-0.5064,0.95787,-0.32262,-2.6669,-0.030733,-0.72004,0.64905,-0.62586,0.65263,-1.0992
5.945,1.7464,-0.569,1.6443,-0.17375,-2.0375,-0.11791,-0.84441,0.52113,-0.337,0.30878,-1.1583
5.4569,2.4797,-0.31441,1.271,0.048633,-2.3043,-0.50678,-0.88323,0.99279,0.00783,0.39669,-1.1447
4.9785,2.9092,0.35546,0.81055,-0.057676,-2.3047,-0.22078,-0.97762,0.40712,-0.078679,0.82414,-0.59745
5.2181,2.5248,0.24244,1.3947,-0.031052,-1.7498,-0.70124,-0.58842,1.0474,0.3862,0.14801,-0.62488
5.5318,2.3607,1.043,1.2404,-0.41236,-1.781,-0.32656,-0.81589,1.11,0.46581,0.13223,-0.71744
5.1024,2.706,1.2601,2.2479,-0.80836,-2.1127,-0.58841,-0.4692,1.0176,0.57205,-0.23651,-0.7503
3.5582,2.4517,1.2404,1.6785,0.020493,-1.5411,-0.89399,-0.46595,0.48406,-0.10642,-0.31623,-0.56548
4.1602,2.1013,1.139,2.1576,0.64635,-1.5457,-0.71985,-0.2655,0.034006,-0.046206,0.044214,-0.2167
3.6949,1.8548,1.4677,2.2667,0.37693,-1.1098,-0.88079,-0.30959,-0.061684,0.94592,-0.027494,0.078755
3.8725,2.4699,1.3934,1.3432,0.3597,-1.3309,-0.4077,0.44723,0.73338,0.62426,-0.096833,-0.075755
5.2566,0.19604,-0.70837,0.6208,0.20733,-0.53734,-0.52405,-0.056672,0.11025,0.28152,0.58306,0.51186
5.3203,1.2292,-0.22982,0.55009,0.1812,-1.1573,-0.99901,-0.35594,0.20723,0.54212,1.1585,1.2411
3.1661,1.4569,0.80581,1.7678,0.67252,-0.83659,-0.99869,3.8258e-05,0.33979,0.21778,0.098258,-0.32315
2.7779,2.2644,0.34644,0.44453,0.77473,-0.072688,-0.22165,-0.089673,0.46899,0.34503,0.52633,0.16422
-1.2885,0.67563,-0.87377,-0.44551,0.88161,0.05582,0.55068,-0.00027126,0.37468,-0.99635,0.073589,-0.30885
-0.96942,1.7018,-1.7158,-0.33572,0.3022,-0.06382,0.97076,0.6488,1.1722,-0.60396,-0.08845,-0.29374
-3.2638,3.6538,-0.87128,0.56546,1.1186,-0.28438,0.53063,-0.030753,0.38315,-0.17164,1.2364,0.41334
-4.6652,3.7922,-1.5694,0.38548,2.0718,-0.34184,0.67995,0.32955,0.9567,0.001404,0.30391,-0.39883
-3.0938,2.3303,-2.9153,-0.95862,0.36433,0.1095,0.4476,-0.047279,0.91037,0.51728,0.52907,-0.34732
-3.3313,3.6096,-1.715,-1.6313,0.20544,-1.1979,0.47716,1.1645,1.4607,0.56376,0.45056,0.096118
-2.5714,2.4404,-1.4281,-2.3336,-0.88699,-0.76721,0.42647,-0.19002,1.1403,0.75993,0.69705,0.13096
-3.4861,2.8861,-0.92301,-1.7607,0.29623,-0.80682,-0.0020168,1.1719,1.0516,0.52192,0.13817,-0.23116
-3.7094,2.2982,-1.2621,-1.8146,0.76442,-0.74139,0.50389,1.0382,0.68886,0.36768,0.30012,0.14633
-3.4453,2.0201,-1.1083,-1.1277,0.33929,-0.98144,0.37097,0.86836,0.76288,0.35491,0.32607,-0.31734
-3.5177,2.4425,-0.60399,-1.1349,0.72296,-0.83637,-0.37119,1.2131,0.71384,0.28039,0.52908,0.78654
-3.7105,1.5207,-0.73598,-1.9424,1.169,-0.5354,-0.26526,1.9726,1.4363,0.20816,0.92663,0.3129
-3.4056,1.3038,-0.60916,-1.5231,0.97081,-0.83216,-0.13844,0.88413,1.1291,0.71641,0.23749,0.16646
-1.5029,1.2104,-0.60821,-1.1399,1.1085,-1.5256,-1.2178,0.56536,0.66641,0.82695,1.1007,0.31828
-2.4676,0.56173,-0.85449,-1.2121,0.31988,-2.1047,-0.67684,1.4786,0.84549,-0.10831,0.92757,0.84379
-2.6429,-0.7045,-1.6246,-1.5347,0.1036,-1.3195,-0.30407,0.81017,0.027952,-0.029448,0.29483,0.12635
-1.749,-0.33357,-0.62116,-0.59285,0.80162,-0.17726,-0.16563,1.383,0.62461,0.0071015,0.40864,0.11888
-1.2335,-0.8009,-1.0477,-0.095582,0.87777,-0.68749,-0.54844,1.7077,0.62023,0.33911,0.41308,0.1433
-0.93565,-0.93878,-1.3353,-0.83697,0.72861,-1.0596,-0.4649,0.98535,1.1468,0.53763,0.92333,0.46379
-1.1696,-1.3099,-0.20294,-0.3401,1.0024,-0.24887,-0.25909,2.1594,0.88117,0.1071,0.33401,-0.12196
0.08233,-0.90955,-1.4594,-0.83457,0.82893,-0.89631,0.35452,1.4179,0.32224,-0.29908,0.2178,-0.39632
0.27626,-0.70181,-0.7516,-0.79025,0.34925,-1.2737,-1.3988,0.60534,0.23371,-0.097973,0.27597,0.078313
0.79479,-0.058352,-0.82162,-1.9641,0.63879,-0.95595,-0.99612,1.0164,1.2932,0.28334,1.0796,0.47838
0.64799,-0.59028,-1.3017,-0.68735,0.62491,-0.53204,-0.78116,1.0224,0.99741,-0.2663,0.59144,0.09248
0.58151,-0.28916,-1.2021,-1.5654,-0.39382,-1.1297,-1.3053,0.99776,0.54991,-0.24155,-0.016981,-0.34875
1.4123,-0.4869,-1.5858,-1.3178,0.62999,-0.5683,-1.1562,1.2119,1.5853,0.16087,0.70233,0.50158
1.2032,-0.41337,-1.2781,-0.77789,0.11104,-0.8221,-0.8072,1.5032,1.0043,0.64517,0.039873,-0.13775
0.76526,0.020296,-0.56891,-0.90975,1.2476,-0.66182,-1.1937,1.1263,1.3012,0.9887,0.43617,-0.64408
1.0681,-0.67814,-0.89641,-0.71305,0.51436,-0.8512,-1.0098,1.1974,1.3817,0.60956,0.58851,-0.17975
1.3825,-0.63564,-0.99051,-0.64622,0.55048,-1.8706,-1.2644,0.19581,0.76998,0.45167,0.48467,0.20339
2.0072,0.7494,-0.75885,-0.7751,-0.01271,0.016459,-0.17626,0.73587,0.51668,0.56117,1.1275,-0.29222
1.6345,-0.20726,-1.9127,-0.85837,1.2892,0.69484,-0.34188,1.1889,1.6673,1.1429,0.37048,0.66517
1.2916,-0.2786,-1.0355,-0.74435,1.389,-0.092348,-1.2055,0.68154,0.40575,0.76726,0.21474,-0.38211
1.9206,-0.70006,-1.1794,-0.29622,1.0217,-0.2898,-0.81064,0.68047,0.8019,0.2497,0.023506,0.14675
1.1074,-0.68344,-1.4109,-0.58354,0.36211,-0.18561,-0.59507,0.75477,0.89381,1.1067,0.46365,0.20765
1.4279,-0.084192,-1.0022,-0.092754,0.75836,-0.8271,-0.40165,1.6918,1.7524,1.4329,0.83425,-0.25123
2.0494,-0.17745,-1.5129,-0.63799,0.37389,-0.85738,-1.1728,0.79328,0.87363,0.48274,0.06664,-0.062084
1.868,0.15662,-0.62098,-0.19489,0.89944,0.1128,-0.91272,0.64162,1.7501,0.76458,1.0252,0.4152
1.6796,0.42838,-0.33023,0.30284,1.1289,0.32695,-0.97754,0.68302,1.4687,0.80305,1.2523,0.592
1.8195,-0.10973,-1.0409,-0.085154,1.1747,-0.0013421,-0.77848,0.74272,1.1805,1.104,0.44381,0.47477
2.0742,0.54367,-0.59069,0.095668,1.665,1.2104,0.07798,1.0875,0.76078,0.092567,0.32095,-0.062377
1.9447,0.29107,-1.5846,0.63961,0.95535,-0.36677,-1.0698,0.9653,1.0605,0.23989,0.16705,-0.051429
1.6686,0.64787,-0.44256,0.34372,1.027,-0.47486,-0.92255,0.45515,0.7044,1.7941,1.0762,0.35148
2.3036,0.70715,-0.91406,0.38877,0.85903,0.095336,-0.73043,0.021981,0.6624,1.103,0.5262,0.069485
1.488,0.20408,-0.59389,0.59735,0.89122,0.30097,-0.36193,0.77571,0.94253,0.61793,0.38136,-1.0387
1.7513,-0.14454,-1.0062,-0.21014,0.56147,-0.95083,-1.0421,0.26533,0.34697,0.87926,0.92824,-0.11739
1.2915,0.34826,-0.72948,0.93271,1.0578,-0.047075,-0.46253,0.59348,0.92567,0.18114,0.55101,0.30476
2.1966,0.69201,-0.099764,0.59354,0.20378,-0.84986,-0.91559,0.22782,0.90511,0.4942,0.10073,0.4709
0.82366,0.27232,-0.42719,0.65358,-0.049348,-0.18753,-0.28149,-0.027199,0.24939,1.1296,0.63789,0.33472
1.5825,0.99191,-0.29905,0.68307,1.0669,0.15627,0.31483,0.48503,0.41117,1.3114,0.78846,0.41502
1.0373,0.49181,0.091549,0.52476,0.3075,-0.033074,-0.11831,-0.024368,0.50018,0.68872,0.71277,-0.10934
1.7283,1.3109,-0.035683,-0.27948,0.40241,-0.16074,0.61069,0.83111,0.4979,0.21416,-0.041717,0.16096
0.41154,1.1566,-0.68923,0.16976,0.088365,-0.6187,-0.29921,0.76151,0.61853,0.13152,-0.3988,0.078608
1.0293,1.0412,0.083512,0.28633,0.55508,-0.20419,-0.080565,0.83485,0.31495,0.25454,0.58204,0.26017
1.0823,1.1582,0.37391,1.0442,0.50638,-0.53683,0.13469,0.4754,0.69467,1.0701,0.60668,0.01461
0.71908,1.0583,-0.69509,0.078213,0.19399,0.71842,0.44749,0.73128,0.47206,-0.067831,0.29573,0.08963
0.91941,0.83402,0.079317,0.97295,0.90536,0.7014,0.65477,0.36957,0.57272,0.7998,0.31123,0.31547
0.19536,0.18169,-0.49351,0.49395,0.54323,0.3677,0.22636,0.44581,0.71102,0.43202,-0.23699,-0.63584
0.4371,1.4257,0.89934,1.0432,0.77494,0.17812,-0.26659,1.0621,0.49543,0.71309,0.16342,0.49086
0.21912,1.6198,0.36122,0.53555,0.32336,-0.29862,0.51195,1.1605,0.054659,0.65564,0.57031,0.26131
0.11435,1.2394,0.019425,0.1691,0.27362,0.26729,0.71232,1.0024,-0.18664,0.32448,-0.39042,-0.74677
-0.016989,0.26733,0.29696,-0.31767,-0.34226,-0.77287,-0.099731,0.13789,0.021201,0.22742,-0.15628,-0.36175
0.022804,0.46957,0.02484,1.3992,0.74048,0.21325,0.93076,0.49818,0.81471,0.28037,0.092348,0.52851
0.20955,1.5677,0.25126,0.62009,0.42589,0.11088,0.72963,0.26272,0.50421,0.33276,-0.59428,-0.34514
0.87091,1.9713,-0.29725,-0.11814,0.38609,0.41559,0.71853,0.13156,0.59261,0.41875,-0.1754,1.0152
0.58145,0.88174,-0.062102,0.73499,0.71599,0.61241,0.29715,0.94597,0.82458,0.85349,0.75757,0.65517
0.52524,0.59827,-0.042867,1.2878,0.27073,-0.1145,0.45663,0.3647,0.17228,0.76292,0.30948,0.63137
0.63227,0.93838,0.23935,0.22477,0.48978,0.58288,0.25341,0.66521,0.54278,0.70047,0.73763,0.51287
1.488,0.35511,-0.49273,0.86367,0.62651,0.4973,0.54054,0.92549,0.26154,0.71666,0.36707,-0.25105
0.83807,0.30188,-0.23508,0.76244,0.19836,-1.2082,-0.26787,0.40116,0.46209,0.68867,0.54425,0.27806
0.15456,-0.0020876,0.024581,0.87698,0.22563,-1.127,-0.55375,1.3858,0.6767,-0.21725,-0.10134,-0.3044
0.68354,0.52501,0.095631,0.65291,0.29687,0.43603,0.66235,0.93557,0.9513,0.55242,0.40663,0.28731
0.70027,-0.56711,-0.85233,0.74364,0.62694,-0.55878,-0.0645,0.78455,0.35202,0.11808,0.74946,0.5665
0.4434,-0.44429,-0.22656,1.1126,-0.39992,-0.8108,-0.096695,0.17919,0.56073,0.15829,-0.10845,0.57306
1.694,0.7977,-0.15472,1.4955,0.63993,0.0563,0.24018,0.29553,0.30187,0.16476,0.29465,0.04105
2.4293,1.9635,0.36354,-0.55228,-0.80636,-0.78986,-0.025579,0.41644,-0.1502,0.46926,-0.14005,0.14216
3.5655,1.8685,-0.88499,-0.62578,-0.12091,-0.57758,-0.711,-0.034311,0.030624,0.32526,0.50122,0.1928
2.6365,1.249,-0.40338,-0.33001,-0.70693,-1.5321,-1.4239,-0.62552,-0.11385,0.55275,0.7883,0.26302
2.393,1.2481,-0.74653,-0.093627,0.60383,-0.22209,-0.029297,0.016668,-0.21168,1.1376,0.77906,-0.17477
1.4534,0.85736,-0.44805,0.1924,-0.13054,-0.17219,0.46206,0.41597,0.072542,-0.059455,0.36567,0.56772
1.2462,1.1179,-0.24101,0.79261,0.74655,0.080015,-0.18471,-0.44525,-0.031455,-0.43809,0.47471,0.56511
0.53494,1.3455,0.31454,0.38966,-0.42335,-0.14191,0.51175,0.71153,0.54148,1.0984,0.89467,0.75444
-0.43605,1.2383,-0.14617,0.62056,0.26627,0.1107,0.54395,0.24188,0.29541,0.22062,0.23501,0.15422
-2.5925,0.053353,-0.27031,-0.32006,-0.094992,1.0381,-0.37773,-0.4715,0.052372,0.16308,-0.34601,-0.43252
-2.7488,0.30513,0.071699,-0.89807,-1.6182,-0.82549,-0.10245,0.057213,0.15745,1.1058,0.95962,0.17093
-2.4881,1.3477,0.32064,-0.62535,-0.95885,-0.11854,0.46076,0.53739,0.21114,-0.28541,1.1895,-0.14486
-2.1141,1.1088,0.51503,-0.67893,-1.3519,-0.28793,0.2748,0.80749,-0.0066471,0.21935,0.80589,-0.621
0.58528,1.9367,2.1481,0.52534,-0.58118,-0.8844,-1.181,0.060559,-0.023367,-0.41846,0.53174,-1.3471
3.3188,2.3705,1.1676,-0.27879,-1.1813,-1.8097,-0.72119,0.7312,-0.13918,-0.33907,0.86053,-0.28052
4.8911,2.8578,0.1875,0.17773,-1.8637,-2.1025,0.46444,-0.29545,0.27927,-0.21735,0.57363,-0.061619
4.6833,2.051,0.62222,-0.43114,-2.1986,-1.4443,-0.062835,0.29873,0.69891,-0.66735,0.40732,-0.27878
4.9575,2.0983,0.32376,-0.44246,-2.4422,-1.5517,0.059104,0.57833,1.088,-0.86349,0.57285,-0.31385
5.3194,1.9125,0.12605,-0.96268,-2.1435,-1.3336,0.09459,0.21562,0.85321,-0.38545,0.15627,-0.32519
5.3925,2.4907,-0.21251,-0.63375,-2.0527,-1.2664,1.1815,-0.013343,0.38081,-0.39835,0.27452,-0.60437
5.4241,2.2087,-0.39851,-0.086277,-1.8083,-0.92834,0.9713,0.84608,0.97965,-0.41851,-0.10534,-0.86229
5.4941,1.3924,-0.64497,-0.57556,-1.5247,-1.0335,0.40746,1.1393,0.87283,0.085331,0.22961,-1.0705
5.6949,1.0523,-0.71141,-1.613,-1.239,-0.086087,-0.54258,1.2593,0.93467,0.27663,-0.051269,-0.81518
5.9264,0.89661,-1.0476,-1.3213,-1.3838,-0.43473,-0.35686,0.86466,0.9595,0.62043,-0.42734,-0.54279
6.2287,1.4196,-1.5785,-1.4209,-0.78835,0.093358,-0.8202,0.44588,1.2799,0.33344,-0.088051,-0.81149
6.3516,1.5769,-1.8503,-1.4953,0.11885,-0.37202,-0.82789,0.64625,1.2251,0.12316,0.16788,-1.0395
6.132,1.0564,-1.7484,-0.62819,0.090414,-0.93251,-0.0017976,0.34506,0.56005,0.97753,0.20485,-1.3104
5.8462,0.92899,-1.3997,-0.70939,-0.090996,-1.1719,-0.44888,0.52792,0.9142,1.0267,0.62749,-1.6418
5.2204,0.72926,-1.0859,-0.82068,-0.1921,-1.0352,-0.5215,0.4159,0.71152,1.2164,1.109,-1.84
5.8121,1.907,-0.97805,-0.51006,-0.46854,-0.93515,0.12743,-0.73835,0.47643,1.1042,1.3771,-1.4751
5.7292,2.3909,-0.97249,-0.20903,0.66004,-0.88254,-0.49596,-0.30115,0.78759,0.22388,0.64244,-1.7116
5.641,1.5596,-0.081991,0.12605,-0.30288,-1.1398,-0.76662,-0.20862,0.53413,0.89702,-0.022505,-1.79
6.0361,1.5421,-0.31366,-0.011792,-0.0534,-1.6985,-0.7981,-0.085407,0.076097,0.6145,0.21958,-1.1767
5.181,2.0628,0.7599,0.46102,-0.032166,-1.2651,-0.50184,-0.28951,0.20206,0.8754,0.63987,-0.92206
4.5147,1.8242,0.54171,0.72789,-0.20835,-0.96198,-0.51767,-0.19281,-0.21788,1.021,0.78625,-0.56828
4.0296,2.5228,0.53602,0.64406,0.20612,-0.29679,0.47129,-0.049689,0.082179,0.94755,0.6045,-0.28983
3.6004,1.8672,0.79566,0.68485,-0.22295,-0.55999,-0.097565,0.17059,0.55689,0.92968,0.53548,-0.35144
2.947,2.5371,0.81338,0.5121,0.38995,-0.16848,-0.82126,0.36373,0.61319,0.73448,0.73741,0.46725
2.5572,2.1919,1.0824,0.23362,-0.16267,-0.81638,-0.38876,0.25512,0.30038,0.49848,-0.24813,-0.21994
2.2057,2.7998,1.0886,0.91802,0.44685,-0.31044,-0.094919,0.68166,0.55665,0.11263,0.21607,0.27083
-0.29609,2.6491,0.39612,0.35858,1.0744,-0.098426,0.37699,-0.041117,0.5745,-0.34737,0.43025,0.11319
-0.37289,1.4113,-1.8614,-1.0574,-0.053036,-0.53375,0.18857,-0.34866,1.2636,0.4502,1.0789,0.2314
1.4673,2.5921,-1.5166,-0.90556,-0.60292,0.08499,0.17368,0.18521,1.4176,0.9733,1.4828,0.80755
0.096911,2.0239,-0.8497,-1.2274,0.35606,0.096817,0.54764,-0.15532,0.99993,0.95507,1.4163,0.71566
0.37376,1.7249,-1.5655,-1.4886,0.42852,0.45089,0.47899,0.82735,0.42185,0.75215,1.4435,0.69494
1.5765,1.3199,-2.0872,-0.90827,1.234,1.088,0.17091,0.45385,0.91369,1.205,1.3192,-0.093257
0.23971,1.6297,-1.9201,-0.73672,1.2027,0.042819,-0.27653,0.21704,1.2751,1.1239,1.2127,0.27087
-0.91965,1.7631,-1.9032,-1.4532,1.7594,0.57953,-0.079391,1.0113,1.0728,1.4896,1.9462,0.29829
0.054676,1.6534,-1.5818,-0.64368,2.2138,0.5652,-0.13523,0.86068,0.40959,1.5309,1.1667,0.40325
-0.8844,1.6301,-1.2862,-1.7644,2.0985,1.0537,0.6141,0.46476,0.60652,1.0951,0.94986,-0.1049
-0.39823,1.8466,-1.4889,-0.049647,1.5235,0.75272,0.50895,0.57658,0.73099,1.5831,0.91755,-0.35538
-0.98733,1.4462,-1.4428,-1.3622,1.7628,0.47428,-0.32465,0.07905,1.7041,1.3912,0.50732,-0.036914
-1.4135,1.6178,-1.0499,-0.75648,1.3114,0.4362,-1.4913,-0.5905,1.604,1.9454,2.4432,0.80738
-0.31542,0.4214,-1.9555,-2.1808,0.24424,0.18719,-0.71257,-0.17831,0.22385,0.57359,1.064,0.43178
-1.2874,0.43596,-1.5828,-1.1791,1.3132,0.31085,-0.53231,0.26306,1.1786,1.0586,1.2382,0.041222
-1.0401,0.73371,-1.4974,-1.0343,1.5735,0.55165,0.11281,0.39628,1.3196,1.5922,0.7734,-0.63797
0.2099,0.40779,-1.5176,-0.77091,1.4308,1.1873,0.15477,0.88769,1.5523,1.2824,0.84268,-0.47493
-0.59947,-0.068236,-1.6071,-1.825,0.59449,0.53065,-0.40988,0.47949,1.1649,1.3079,1.4904,-0.080252
0.22904,0.29961,-1.3438,-0.77195,1.1517,0.3999,0.21021,0.42703,0.74906,0.89402,0.44705,-0.1235
0.62197,0.2494,-1.0694,-1.1146,1.4975,0.98866,-0.12211,0.49645,1.247,1.4426,0.91905,-0.26507
1.2988,0.010624,-2.1687,-2.2824,0.8535,0.69857,-0.45189,0.14818,0.49323,0.79042,0.77286,-0.86115
1.5632,0.65815,-1.1774,-1.1694,0.70232,0.60279,-0.73742,0.60384,0.78963,1.1883,0.87141,-0.38883
0.59334,0.28072,-1.0083,-0.66535,0.44246,-0.56838,-0.36714,0.49857,0.53021,0.79798,1.1465,0.27032
-0.50208,0.3735,-1.5656,-0.18684,0.94657,-0.62051,-0.57235,0.12355,0.38994,1.5286,0.66577,-0.46397
0.86492,-0.27677,-0.76985,-0.89813,0.83679,0.033846,-0.53825,1.5577,1.3272,1.7811,1.1188,-0.088415
1.0083,0.26723,-1.0976,-1.1096,0.75608,0.38388,0.093113,0.57666,0.76043,1.0147,0.8568,0.20134
0.43717,-0.56365,-0.91916,-0.85466,0.71149,-0.36969,-0.27067,0.66438,1.0369,0.94387,0.2325,-0.53693
0.98176,0.9029,-1.1403,-1.5029,0.2041,-0.073345,0.2686,0.86074,1.028,1.0211,1.0984,0.16079
1.8196,1.0224,-0.28401,-0.66678,0.19176,1.0026,-0.43733,0.37447,0.39743,0.51712,0.49487,-0.56189
1.622,0.39648,-1.2998,-0.71041,-0.16535,-0.85856,-0.23181,1.0169,1.8484,1.5586,0.55311,-0.17274
1.4581,0.27665,-0.82817,-0.034133,0.11619,-0.18196,-0.14706,0.92273,1.1954,0.98798,0.089573,0.043334
2.1915,0.86361,-1.0899,-0.49234,0.33083,0.1136,-0.13873,0.47112,0.23915,0.78475,0.5939,0.14022
1.4715,-0.030814,-0.55645,-0.28055,0.23711,0.84143,-0.35403,-0.1201,0.089272,-0.18742,-0.097257,-0.9698
1.1163,0.88175,-0.24387,-0.072436,0.25913,0.63894,0.33388,0.49085,0.34702,0.28302,0.22678,-0.14697
1.6686,0.35022,-0.9215,-0.55067,0.45138,-0.16424,-0.49251,0.5264,0.75035,0.86232,0.60909,0.25131
1.0587,0.18702,-0.396,0.19459,0.80168,-0.089984,-0.85085,0.5728,0.46692,0.65044,0.47025,-0.34371
1.2885,-0.31241,-0.005704,-0.040877,0.64508,-0.5054,-0.30991,0.20621,0.37445,1.3347,0.47325,0.27985
0.79302,0.5811,0.069764,0.35725,1.3827,0.73471,0.48727,0.83459,0.63278,0.58403,-0.22743,-0.83804
0.78265,0.62442,-0.58458,0.19005,1.0612,0.83229,-0.12204,0.066434,0.92015,1.0029,0.36885,-0.77677
1.4732,0.76341,-0.86912,-0.36491,0.5527,-0.16866,-0.13393,0.55344,0.61685,1.2966,0.52218,0.26467
0.70446,-0.042202,-0.6519,0.36007,1.4162,0.82654,-0.32344,0.32906,0.30962,0.59734,0.85561,0.52862
1.3619,0.64535,-0.62512,-0.10685,0.92974,0.31009,0.11943,0.12346,0.43582,0.58053,0.76683,0.34354
0.34011,0.65009,-0.47885,0.21052,0.35994,-0.11698,0.049316,0.47639,0.49039,0.56507,0.30239,-0.41051
0.39158,0.57809,0.19218,0.7515,0.81012,0.16121,0.81546,1.5796,0.80955,0.53207,0.49654,0.31465
0.97132,1.2346,0.22823,0.057687,0.74214,0.36652,0.39608,1.2715,0.53805,0.89535,0.78366,-0.21518
-0.17103,0.92043,0.47619,0.38822,0.76905,0.049276,0.61922,1.5165,0.84859,-0.27881,-0.41674,0.2022
1.1967,1.1926,0.023017,0.54696,0.10317,-0.41285,-0.20002,1.0794,1.0461,0.52598,-0.17203,0.39147
0.57688,1.1418,0.43265,0.55794,-0.054655,-0.52519,-0.42302,0.65732,0.25266,0.88006,0.79961,-0.091596
0.77337,0.61462,0.32538,0.82095,1.3413,0.36301,0.52013,0.61028,-0.32323,0.093189,-0.049591,-0.19874
1.1383,0.60342,0.2648,0.51625,0.23095,-0.47471,-0.23512,0.49476,0.14348,0.43166,0.095425,0.84517
0.22115,0.47518,-0.080945,1.2204,0.91929,0.28999,0.50315,0.2339,-0.18316,0.39097,0.32007,-0.044329
0.81679,0.39559,-1.0849,-0.098985,0.26821,-1.0385,-0.66882,0.36824,-0.24911,0.21681,0.1312,-0.10926
0.09941,0.49424,-0.18942,0.29247,0.43572,0.27223,0.61696,0.27724,0.24069,0.82418,0.19252,0.01482
0.11396,0.65784,0.56034,0.76417,0.45558,0.34751,0.013359,0.44644,0.37435,0.31915,0.011597,-0.48656
0.46979,1.082,0.56013,0.53539,0.90919,-0.4568,0.14276,0.64342,0.47916,0.072362,0.46541,0.31555
0.43314,1.3666,-0.35202,0.3832,0.2249,-0.22143,0.31904,0.3514,-0.2769,0.026815,0.59673,0.64762
1.1479,0.96481,0.25915,0.56678,-0.036378,-0.36663,0.37341,1.1479,0.45182,0.76849,0.024712,0.079738
0.45541,0.73696,0.09759,0.34158,0.12898,0.1675,0.31421,0.75242,0.53048,0.65874,0.24501,0.28979
0.20603,1.2816,-0.36306,-0.30776,-0.47381,-0.042856,0.24686,0.3059,-0.23949,0.072537,0.25603,0.45632
0.77602,1.2738,-0.10738,0.22486,0.68162,0.13069,0.437,0.71233,0.26885,0.49952,0.75039,0.37067
0.86173,1.6117,0.32444,0.29058,0.53555,0.73842,0.094409,0.13443,0.3553,0.27696,0.18614,-0.29514
1.2422,0.83746,-0.44141,-0.11747,0.29612,0.37184,-0.37318,0.66197,-0.17505,0.13579,0.64324,-0.28138
0.47015,1.067,-0.30991,0.46757,0.60311,0.036128,0.24826,1.3408,0.030991,0.33177,0.58489,0.69887
0.10178,1.7351,0.21961,0.18058,0.6596,-0.02037,0.22788,0.95831,0.82001,0.49358,0.31516,0.51636
1.1604,1.5713,-0.30517,0.14575,0.2976,0.34851,-0.15433,-0.016049,-0.024852,-0.018709,0.14952,0.012495
0.73828,0.80774,-0.55906,-0.0095206,0.35512,0.08739,0.70821,0.83416,0.52264,1.2227,0.82922,0.38365
0.3628,0.72322,-0.57817,-0.02834,-0.17663,-0.012125,0.44461,0.72171,-0.051637,0.77276,0.5675,0.77545
0.8309,0.71842,-0.4338,0.55254,-0.036321,0.21884,0.65934,0.80196,0.17613,0.4318,0.23643,0.63431
0.99917,0.88594,-0.57252,0.12158,0.0070012,-0.010674,-0.40563,0.77202,-0.033178,-0.21134,0.29891,-0.43515
1.6721,1.0317,0.25193,-0.2658,-0.16897,0.046227,-0.53486,-0.1057,0.23978,0.30841,0.22932,0.029651
0.78602,1.2565,0.18422,-0.41438,0.21558,0.067914,-0.31882,0.44249,0.3697,1.1855,1.1291,1.0107
1.2526,0.72611,-0.29585,0.14964,0.30807,-0.893,0.2535,0.9346,0.044582,0.33647,0.3296,0.18262
-0.13196,0.40134,-0.31634,-0.028635,0.24993,-0.87122,0.2129,1.0023,-0.53454,-1.0601,-0.011976,0.13251
0.54724,0.73292,-0.43551,0.73503,0.53746,0.69071,0.67836,0.34543,0.60711,0.46877,0.24956,0.20175
1.1046,0.98242,-0.055427,0.15554,0.67791,0.38252,0.13609,0.95181,0.64824,0.90287,0.85774,0.25154
0.52025,0.56857,-0.16316,0.29302,-0.087738,-0.14499,-0.20172,0.6893,0.2093,0.21092,0.10046,0.005085
0.63066,1.0627,0.88523,0.5677,-0.13233,-0.85071,0.066242,1.3996,0.37874,0.75147,0.38952,-0.081583
0.16499,0.80532,0.15805,0.42419,0.60265,0.17238,0.1254,0.76293,0.37007,0.66823,0.68799,0.1112
0.46046,0.49145,-0.23756,0.091401,0.015958,0.18986,0.33183,0.84875,0.66653,0.61944,0.32439,-0.11829
1.3779,1.2106,-0.18269,0.046644,0.079933,-2.8978e-06,0.65554,0.87379,0.77242,0.98353,1.0569,0.81735
0.58406,1.3454,0.5229,0.67865,0.31361,0.41722,0.78812,0.72237,0.64839,0.22375,0.41295,0.41735
1.0029,1.2586,1.1516,0.12731,0.20733,-0.51696,0.18986,1.2391,0.84951,0.36136,0.29895,0.47689
0.31057,0.89475,-0.31314,0.30223,0.33936,0.31929,0.23489,0.56477,0.44211,1.0728,1.0008,0.72029
-1.6558,0.38721,0.46141,-1.7519,-0.70797,0.38673,-0.13861,-0.099669,0.26302,0.16759,0.29053,0.26409
-2.0578,1.1834,0.39093,-1.8376,-0.81351,-0.30004,-0.46102,-0.77137,0.55277,0.016994,0.51731,0.52361
-2.0085,1.1018,0.056165,-1.929,-0.90944,0.67719,0.27087,-0.21057,1.0651,0.069431,0.8984,0.25033
-2.1192,1.6394,1.3072,-1.0457,-1.1158,-0.19928,0.66853,0.1254,0.67211,-0.42524,1.0254,0.18284
1.9799,2.7813,3.1903,-0.19762,-0.93381,-1.3429,-0.07191,0.11181,0.20203,-0.4242,0.79761,-0.4198
4.0956,1.6628,1.4806,-0.063479,-1.3557,-1.6951,-0.029691,0.25996,0.32361,-0.85624,0.64247,-0.15218
5.1401,1.1115,0.79686,0.14499,-1.2746,-1.824,-0.074472,-0.10009,0.82107,-0.92266,0.53703,0.067073
5.5247,1.1436,0.51388,-0.32932,-1.2761,-2.2707,-0.16014,0.45785,0.52369,-0.33461,0.80166,-0.11117
5.4599,0.81818,0.45295,-0.73523,-1.23,-2.3682,-0.34273,0.86057,0.59587,0.22057,0.88942,0.079609
6.224,0.070501,-0.43129,-0.53975,-1.3338,-2.5611,-0.4079,0.88462,0.62071,0.12251,0.83364,-0.46641
5.646,-0.014633,-1.4528,0.30949,-1.376,-2.1986,0.176,0.56012,0.89064,0.28837,0.44373,-0.56645
5.908,-1.5787,-0.5677,-0.019719,-1.5867,-1.1117,-0.097662,0.25969,1.6818,-0.35318,0.63007,-0.63625
4.5105,-1.7135,0.16273,-0.93285,-1.0721,-0.70565,-0.41619,1.3936,1.0676,0.45237,0.61587,-0.42411
3.316,-0.2028,-0.46919,-0.89556,-1.3486,-1.0649,-0.22796,1.1972,1.8462,0.66101,0.9635,-0.5764
2.3183,-0.16951,-0.90698,-1.3394,-1.4499,-1.185,-0.16387,1.3523,2.0035,0.59389,0.98048,-0.85671
3.7305,-0.67125,-0.92765,-1.616,-0.94076,-1.2357,-0.20551,1.1634,1.4308,0.38759,0.75306,-1.1991
5.3715,0.42155,-0.9759,-1.581,-1.8488,-0.94243,0.27847,0.72366,0.82306,0.59026,0.44015,-1.0173
5.5241,0.66408,-0.64776,-1.1186,-1.3313,-1.0439,0.31485,1.1,1.0612,0.40346,0.68969,-0.71979
5.2852,0.48609,-0.50763,-0.57757,-1.3709,-1.301,0.0046841,0.8903,1.2579,0.42506,0.60307,-1.402
4.6947,0.58936,-0.66955,-0.81042,-1.3274,-1.4185,-0.1737,1.393,2.2164,1.2501,1.2314,-1.1575
5.7694,0.38947,-0.99447,-0.36602,-0.84462,-1.0302,-0.28714,-0.070043,0.72926,0.17865,0.67045,-1.1268
6.1427,-0.61897,-1.7955,-0.64997,-1.451,-1.3038,-0.69583,0.16338,1.4596,0.94375,1.3481,-1.6042
4.4222,0.62167,-0.90648,-0.14622,-1.197,-2.2266,-1.3709,0.16977,1.2667,1.1924,0.37803,-0.86238
4.2681,0.9868,-0.80464,0.71948,-0.55737,-0.97419,-0.31761,0.35994,1.3612,1.7185,0.71311,-1.1992
5.0896,1.3786,0.41785,0.65082,-0.87194,-1.2674,-0.16832,0.58412,1.316,0.91522,0.43995,-1.0601
4.3393,0.47506,-0.65507,0.60014,-0.34876,-1.1299,-0.52422,0.044819,0.77439,0.88417,-0.078641,-1.2117
4.0026,0.91325,0.050171,0.58773,0.12267,-0.36963,-0.7987,1.16,1.4693,1.6704,-0.028764,-0.52835
3.9256,1.5149,-0.28799,-0.19714,-0.99217,-0.83597,0.029865,0.63651,0.77711,1.5542,0.68704,-0.47678
3.1969,2.1141,1.1264,0.41402,-1.2249,-1.2008,-0.26242,1.1947,1.0843,1.5423,0.43559,-0.32956
3.5671,1.4719,-0.33866,0.24961,-0.043516,-0.9835,0.040199,1.1388,0.55666,1.0885,-0.011499,-0.71054
2.6424,1.0578,0.5177,0.82025,-0.01661,-0.31864,-0.20614,0.94719,1.2788,1.0017,0.82396,-0.013149
1.317,1.3864,0.31925,0.41345,-0.63942,-1.369,-0.41226,0.59847,1.037,1.5407,0.63687,-0.12013
2.2273,1.1434,0.27617,0.26646,-0.23685,-0.12583,0.30856,0.69097,-0.032344,0.62393,0.44538,-0.59452
2.265,1.4477,0.82523,0.051469,-0.22517,-0.73831,-0.087194,0.51093,0.2678,0.49007,0.20415,-0.34313
1.5292,1.8493,0.68422,1.1237,0.3233,-0.19852,0.12,1.0882,0.85208,0.40115,0.151,-0.29525
1.176,1.5444,-0.038922,0.055776,0.085294,-1.5326,-0.4239,1.2331,0.55128,0.49887,1.1441,0.58116
0.95762,1.5891,0.26475,0.15534,-0.18198,0.11794,0.8287,1.3203,0.84313,0.50681,0.67595,0.77281
0.61441,0.74632,0.42922,-0.053184,0.16052,-0.17859,-0.1955,0.10715,0.73849,0.9394,0.52575,0.40087
0.58597,0.92565,0.37488,-0.0066572,0.03023,-0.32629,0.57395,0.9634,0.18963,0.43934,0.49287,0.10489
-1.225,0.36469,-0.82109,-1.3878,-0.33036,-0.70728,0.14642,-0.19358,0.57104,-0.13416,0.54844,-0.26866
-0.87883,0.69638,-1.3525,-1.8096,-0.90307,-0.9211,-0.33556,-0.1297,0.9268,0.3567,1.3671,-0.036135
-0.34784,1.0087,-0.45019,-1.8532,0.71548,-0.83043,0.10202,-0.17023,0.53767,0.62662,2.1493,0.27928
-0.52986,1.1293,-0.58171,-1.4847,0.73105,-1.0429,-0.40435,0.16698,0.55126,0.29838,1.4655,-0.44728
0.41524,1.3186,-1.4275,-2.3422,0.36175,-0.3935,0.31138,0.024378,0.23584,0.46077,1.1389,0.24691
-0.045892,1.0113,-1.2867,-0.83421,1.009,0.018978,0.43183,0.075723,-0.014413,0.9332,0.73179,0.81367
-0.19269,1.518,-1.4415,-1.5542,1.1636,0.6156,0.85952,0.37035,0.55744,0.96684,0.93763,0.36562
2.2005,1.7413,-2.5943,-2.6088,1.3692,0.65295,-0.16258,0.29296,0.51929,0.85025,0.93377,-0.0023548
1.1929,2.1308,-2.0709,-1.6444,1.4609,-0.092667,0.31316,1.1358,0.78326,1.3835,1.1693,0.094824
0.54569,1.6422,-1.5406,-1.1549,0.54819,0.050441,0.36133,0.63807,0.89323,0.869,1.3447,0.28486
-0.36122,0.55941,-2.0728,-1.879,0.90596,-0.099675,0.29666,0.51244,0.35927,0.91298,0.93509,-0.56145
-0.41037,0.92837,-2.108,-1.5976,1.0811,0.65345,0.64178,0.81893,0.58605,1.1023,0.93661,0.7158
-0.41946,1.083,-1.2883,-1.2962,1.4578,0.76363,0.53525,0.29364,0.1548,0.86754,0.65884,0.11868
-0.12709,0.49645,-1.4213,-1.1697,0.83356,0.78922,0.72432,0.68617,0.1315,0.12294,1.0259,-0.23688
0.1066,0.75405,-1.4123,-0.50466,1.3864,0.74379,0.44925,0.40493,-0.14858,0.022087,0.80362,0.16372
0.65186,1.2189,-0.60447,-1.1866,0.94912,0.46249,-0.015048,0.59435,0.29517,0.72545,1.2907,0.35867
0.99414,0.63828,-0.36559,-0.13254,0.69841,0.048326,0.32681,0.98371,0.79304,0.53648,0.97128,-0.27846
0.063244,-0.3793,-1.2351,-0.15708,0.80717,0.77967,0.39442,0.5775,0.4239,1.8174,1.3498,0.32084
0.67888,0.81796,-0.1746,0.34443,0.70765,-0.27174,-0.4311,0.20305,-0.028196,0.32565,0.87792,0.40069
1.3974,1.4155,-0.068946,-0.14605,0.41151,-0.34437,0.49419,-0.25967,-0.08201,0.79944,0.55465,0.14788
1.3851,1.4614,-0.61825,-0.18054,1.1724,-0.47098,-0.19399,0.23471,1.1265,0.57928,1.0826,0.40389
0.84922,0.23322,-0.39167,0.56534,-0.38521,-0.25301,0.16409,0.56759,0.58015,0.69408,0.96415,0.8952
0.93096,0.82275,0.085577,0.30017,0.89943,-0.050525,0.18711,0.16972,-0.10824,0.57789,0.76275,0.17589
0.20125,0.03821,-0.71147,0.57797,0.58036,0.48241,1.1425,0.98724,0.84245,0.89231,0.29199,-0.065106
-0.044961,0.54321,-1.2816,-0.13626,0.846,0.24425,0.53897,0.28909,0.11417,0.23059,1.0391,1.0522
0.28338,0.43348,-0.37267,0.63455,0.96578,1.6817,0.63174,0.43514,0.52253,0.55611,0.25861,-0.39462
0.2687,0.2817,-1.0813,-0.073678,-0.29825,-0.19903,0.014524,-0.036784,-0.15696,0.39925,0.39198,0.44834
0.82472,1.3903,0.17162,0.70753,0.3123,0.29993,0.75536,0.47153,0.23821,0.32129,0.26259,0.35258
0.13122,0.72866,0.21444,0.12929,0.51836,0.63212,1.1815,1.4132,0.5854,0.7522,0.27386,0.26605
0.12692,0.75657,0.49669,0.20229,0.091427,-0.37988,0.71081,0.9303,0.29716,0.25543,0.35213,0.17332
0.080584,1.2523,0.19987,0.60696,0.6187,-0.15567,0.32564,0.6841,0.83113,0.79614,0.85421,0.78587
0.39683,0.88289,-0.31214,0.15979,0.11024,-0.32265,0.26093,0.55112,1.0345,1.2281,0.79392,-0.047817
0.39252,0.61536,0.035136,0.22634,0.41331,1.2,0.59496,0.86884,0.2491,0.43402,0.72889,-0.071934
0.21525,0.96769,-0.13129,0.34375,0.62007,-0.48692,0.57237,1.2333,0.30397,0.10251,0.48426,0.35726
-0.59848,0.22311,-0.41164,0.16445,0.34782,-0.098482,0.42903,1.0096,0.86513,1.1632,1.176,1.3164
0.16476,0.46223,0.18146,0.39757,0.60635,0.60939,0.18431,0.19484,-0.84305,-0.18954,0.10165,-0.34734
0.52721,1.1093,-0.42361,0.58657,0.92536,0.4947,0.34037,0.93205,0.10434,0.19408,0.55964,0.93836
-0.1438,0.92612,0.45588,1.2956,0.22567,0.17761,0.4876,0.6235,0.53921,0.2321,0.05278,0.22205
0.2058,0.88002,0.39113,0.36977,0.57598,-0.80288,0.14386,0.29273,-0.12297,1.2171,0.81075,0.51962
0.22829,0.77395,0.4747,0.63637,0.87371,0.32204,0.68281,0.80055,0.2269,0.68369,0.45201,-0.17577
0.17926,0.84411,-0.0057566,1.0324,0.071037,-0.37428,-0.108,0.9433,0.63102,0.01879,0.32846,0.38288
0.44533,0.84724,0.2537,0.35553,-0.052393,-0.47721,0.37309,0.48951,-0.039948,-0.46033,0.32895,0.14129
0.54125,1.479,0.70558,0.83389,0.601,0.14442,0.99218,0.84251,-0.8615,0.11786,0.056902,-0.23597
1.091,1.2781,0.2486,0.34727,0.24794,-0.057651,0.4239,0.50576,0.15767,0.38799,0.47812,0.75727
0.40223,0.21495,-0.011132,0.3862,-0.099988,-0.7516,-0.2322,0.37098,0.060062,0.17018,0.0036411,0.13884
0.057411,1.0835,-0.42355,-0.46463,-0.16852,-0.78335,-0.66868,-0.793,0.15151,0.78507,0.36216,0.76343
0.75423,0.56123,0.11981,0.3234,0.27095,-0.017823,-0.087416,0.26358,-0.28176,0.18605,0.21191,0.40099
0.53663,1.364,0.80263,0.81523,-0.08209,0.25714,0.94124,1.1137,0.78747,0.16612,0.12935,-0.45684
0.67777,1.8307,0.97971,0.8394,0.5188,-0.40173,0.64768,1.3299,0.2355,0.3974,0.99331,0.58017
-0.29961,1.889,0.53539,0.93642,0.999,-1.2613,0.47804,0.61351,0.56119,0.72441,0.66389,0.3595
-2.3169,1.9044,-0.71738,0.52801,0.76296,-0.92014,0.86642,0.39975,1.5166,0.27308,0.59775,-0.82117
-2.7009,2.5214,-0.77074,0.27549,0.41591,-0.26171,1.0739,0.18277,0.1969,0.022456,0.6404,-0.60867
-4.0385,2.3853,-1.4545,-0.01406,0.60281,-0.57663,1.303,0.1689,1.5512,0.68437,1.2242,0.33507
-3.2623,3.6206,-0.96179,0.48793,1.6271,-1.038,1.4259,0.19323,1.0382,0.68546,1.0262,-0.22847
-4.1043,3.5903,-1.0204,0.041302,1.803,-0.1132,0.818,0.60184,0.82979,0.33873,0.3253,0.0913
-4.4651,3.7682,-1.6939,0.27695,0.55434,-0.88075,0.41984,-0.077661,1.2067,0.83625,0.29384,-0.70133
-5.1115,3.3577,-1.9809,-0.10042,0.63191,-0.59468,1.0402,0.61164,0.38183,0.28011,0.49595,0.07795
-3.9529,4.4392,-1.872,0.06171,0.99677,-0.5592,0.010731,-0.42945,0.61313,-0.34501,0.41679,-0.09942
-3.6588,4.735,-1.4087,0.37976,0.19243,-0.02576,0.56615,0.25332,0.27333,0.0027749,0.84874,0.28243
-3.9296,4.7464,-0.96447,0.68345,0.95915,-0.69049,0.57483,0.45557,0.78054,-0.31089,0.16107,0.45677
-4.4067,3.6727,-1.9341,-0.11075,0.21925,-0.062585,0.85758,0.99064,1.8741,0.31287,0.43395,0.42537
-4.6323,3.2835,-1.8479,0.068355,1.0791,-0.55164,0.29292,0.017041,0.74862,0.47507,0.69945,0.90546
-4.8421,4.7657,-2.2891,-0.30713,0.63258,-0.24476,1.0447,0.37916,0.96395,0.33709,0.66401,0.69867
-5.5261,3.6076,-2.5125,0.65809,0.75825,-0.39681,1.0701,1.2369,1.7014,0.50402,0.78986,0.0045245
-5.542,4.6348,-1.2173,0.73184,0.94865,-0.03205,1.248,0.62436,0.89211,-0.14177,-0.26126,-0.98965
-5.3462,4.4331,-1.4683,1.2373,0.94104,-0.074925,0.94427,0.21742,0.38073,-0.51893,0.32031,0.0035625
-5.2914,4.3743,-1.0569,0.48341,0.14726,-0.6338,0.58659,0.31575,0.7925,-0.46854,-0.34827,-1.009
-6.506,2.9431,-1.4163,0.86591,0.7918,0.063307,0.83504,0.056103,0.16369,-0.78358,-0.035748,-0.57708
-4.7296,2.5128,-2.4328,-0.68625,-0.56495,0.3524,1.0961,0.63771,0.4285,0.023629,0.54383,-0.5563
-4.4863,3.0932,-1.8349,-0.064839,0.70905,0.53242,0.68063,-0.1053,0.9709,0.36557,0.64087,0.22818
-3.8446,3.6198,-0.9952,-0.86293,-0.33441,-0.38581,1.4768,0.59714,1.038,-0.057338,0.47956,0.1699
-2.8378,3.6637,-1.5562,-1.6452,-1.3395,-0.7285,0.63604,0.42091,0.89792,-0.065193,0.10268,-0.093583
-4.7595,1.353,-1.9494,-0.95712,-0.1982,-1.1104,0.050589,0.069318,0.081664,-0.89636,0.63931,-0.13317
-2.5739,1.7324,-1.1786,-1.5302,0.091984,-0.35776,-0.12896,1.2086,1.7633,0.52225,0.77829,0.34817
-0.18732,2.0608,0.48373,0.5852,0.58867,-0.48322,-0.11991,0.074752,0.15717,-0.43723,0.23847,-0.80736
5.119,0.84948,-0.12831,-0.15367,-0.6424,-1.5974,-1.0119,-0.14585,0.35486,0.25448,0.58705,-0.85389
5.6729,0.55214,-0.72775,0.23627,-0.79614,-1.5232,-0.38527,-0.70016,1.0845,-0.38235,0.75157,-0.93394
5.0924,0.029096,-0.10222,-0.22692,-0.75374,-1.2651,-1.1245,0.055433,0.51991,-0.082325,0.99171,-0.99043
4.9699,0.1637,0.49231,-0.35779,-0.3932,-1.6568,-1.367,0.027556,0.67262,-0.039641,1.1997,-0.9393
4.1796,0.47138,0.44715,-0.96781,-0.91292,-1.9538,-1.4436,0.5786,0.76787,0.64734,1.2589,-1.1043
2.7688,0.83074,-0.42995,-1.2817,-0.43324,-2.0836,-1.0699,0.45154,1.2943,0.41383,1.6201,-1.0571
4.859,1.4494,-0.1065,-1.1463,-1.0467,-1.8422,-0.60866,0.15631,0.3545,0.65724,0.62641,-0.80193
4.9443,1.6841,0.56909,-0.32884,-1.1113,-1.9559,-0.60244,0.19272,0.78238,0.4033,1.1432,-1.082
4.6322,2.6692,0.77007,-0.43893,-0.82471,-2.1359,-1.0889,-0.017161,0.86019,0.38921,1.1657,-0.82003
4.0274,1.8903,0.34248,0.31411,-0.32904,-1.8152,-1.2127,-0.38671,0.99968,0.38268,0.82645,-1.2145
3.555,2.2224,1.2904,0.65203,-0.38494,-1.8854,-1.0801,0.089325,0.86282,0.76949,0.88606,-1.142
3.1954,2.9511,0.22318,1.0928,0.0035025,-2.0321,-1.1125,-0.30157,-0.28392,-0.22843,0.098702,-0.53713
3.3714,1.2733,1.5691,1.4094,-0.22009,-1.6564,-1.2904,0.19144,-0.26152,-0.094499,-0.092708,-0.76948
3.1039,2.0224,1.7243,0.94962,-0.3219,-1.9515,-1.2093,-0.31914,-0.076822,0.41408,0.67653,-0.31703
2.3627,2.1168,0.62772,0.76291,0.41159,-1.3125,-1.5107,-0.46385,0.21706,-0.0090098,-0.051423,-0.59914
2.4762,1.2429,0.71971,0.37517,-0.26127,-1.5703,-1.1102,-0.23404,-0.21895,0.026071,0.20055,-0.059517
3.3659,1.6034,1.4628,1.2362,0.43508,-1.3104,-0.97422,0.25072,0.49575,0.85565,0.21917,-0.59639
2.2292,2.1106,0.60809,0.79865,0.69422,-0.61872,-0.68435,0.69949,0.22111,0.57899,-0.051383,-0.407
1.6179,1.5432,0.46096,0.32858,-0.25503,-0.5813,-0.47906,-0.31613,-0.94454,-0.26087,0.67004,-0.17985
2.1327,1.8397,1.462,0.67794,-0.034513,-0.93758,0.021817,0.46995,0.022644,0.49651,0.17048,0.12206
2.0077,1.8241,0.91873,-0.0046408,0.075579,-0.30266,-0.57042,0.43008,0.66469,-0.055741,0.19284,0.13338
2.017,1.1507,0.5313,1.3487,0.25396,0.11353,0.17237,0.15511,-0.071684,-0.183,0.1748,-0.21574
0.84715,1.1375,0.16251,0.10334,-0.0052325,0.1984,0.21457,1.0683,0.50966,1.2156,0.8442,0.21279
0.69801,0.82905,0.11661,0.96799,1.3898,-0.56913,0.14512,0.38971,-0.30431,0.60011,0.78761,0.62702
0.68315,0.60258,-0.31569,0.4817,0.29339,-0.22388,0.052608,0.33348,0.32027,0.042809,-0.33339,0.18677
0.17755,1.1183,0.19911,0.17449,-0.14336,-0.6836,-0.053572,0.19836,0.45487,0.28765,-0.10486,-0.14035
0.60253,1.2222,0.10348,0.13247,0.52402,0.43332,0.47696,0.48446,0.41199,0.91801,0.35608,0.23569
1.2128,1.6184,0.41633,0.64572,0.34461,-0.033261,-0.034039,0.81643,0.59655,0.32665,-0.040181,0.152
0.32393,0.97771,0.36888,0.72975,0.76125,0.60205,0.20896,0.77745,1.0755,0.79479,0.79642,0.38932
-0.93743,0.019122,-0.016339,0.21553,-0.27959,-0.51234,-0.042174,-0.0085436,0.36488,0.2954,0.56202,0.20402
0.56815,0.66424,-0.11119,0.17979,0.12215,-0.56924,-0.11027,0.56561,0.0032357,1.0798,0.93833,0.48515
1.6658,1.1166,-0.049214,0.9495,0.26574,-0.14226,0.53992,0.77306,0.15372,-0.2538,-0.26641,0.13496
1.1307,0.61811,-0.21764,1.0123,0.50955,-0.29357,0.30208,0.55809,-0.35611,0.35865,0.53591,-0.24074
1.0638,1.3353,-0.632,-1.1628,-0.11768,-0.60939,0.14448,0.084556,0.8865,0.25653,0.45778,-0.20098
0.83423,1.3842,1.0827,-0.69847,-0.34328,-0.21316,0.8145,0.26523,0.37802,0.22617,0.16705,0.096331
-0.4681,1.7815,1.197,1.0725,0.2583,-0.49912,0.2304,-0.17299,-0.061667,0.27518,0.28877,0.555
1.001,0.85478,-0.0092839,0.60106,0.9656,0.11982,-0.21949,0.7152,0.45686,-0.22504,0.38647,0.95426
1.4306,0.91615,-0.58696,-0.19411,0.43995,-0.30767,0.136,1.0123,0.73712,0.82458,0.50506,0.39387
0.7978,1.5157,0.11979,0.43382,0.97661,0.023616,-0.24403,0.67529,0.68611,-0.013287,-0.063525,0.57861
