0.99741,1.2962,-0.23637,-0.14633,-0.23951,-0.24826,-0.081925,0.75337,0.71359,0.35176,0.10587,-0.11928
0.62118,0.39364,-0.2308,-0.22082,-0.10415,-0.34301,-0.024722,0.57913,-0.37623,0.14002,0.14005,0.15183
1.0766,1.0167,0.21764,-0.51454,-0.36369,0.52516,0.72287,-0.62699,-0.59057,-0.03128,0.65725,0.6748
1.1681,0.74333,-0.099135,-0.031842,0.69775,-0.19202,0.17176,0.55503,0.019051,0.39542,0.17831,0.89853
0.96963,1.1906,-0.021512,0.36539,0.67525,0.80337,0.25709,0.70134,0.38737,0.27,-0.11373,-0.0060936
0.025214,1.0559,-0.69197,-0.61681,0.053797,-0.28794,0.66703,2.0398,1.0225,0.77779,0.043512,0.13333
0.1183,0.25591,-0.42017,-0.16156,0.4974,0.25821,0.76438,0.75635,0.33658,-0.058892,-0.13881,-0.10253
-0.041079,0.7724,0.014334,0.46407,0.27039,0.1375,0.51608,1.0408,0.54624,-0.060279,0.0027404,-0.25754
0.46903,1.5796,0.37549,0.31623,-0.0091618,-0.26387,0.55243,1.214,1.3396,0.45808,-0.21334,-0.19648
-0.45668,1.389,-0.36425,0.079052,0.22267,-0.27471,0.37037,0.085197,1.0264,-0.061544,0.15379,-0.22185
-2.1044,2.3725,-0.99657,0.88183,1.4425,-0.47,0.95653,0.3839,0.75817,-0.56971,0.077598,-0.50419
-2.5918,3.1404,-1.864,0.67144,0.66109,-0.57654,1.6454,0.26858,0.63111,-0.97152,-0.0014222,-0.38783
-4.8493,3.0064,-2.4478,0.32811,-0.21396,-1.8049,0.20044,-1.7757,0.42837,-0.72003,0.64483,-0.81718
-3.9179,4.2488,-2.147,0.68452,-0.096894,-0.27377,1.3182,0.16606,1.2737,-0.40946,1.789,0.073979
-4.7541,3.9619,-2.3988,0.38243,-0.14093,-0.14188,1.1923,-0.63642,0.86659,-0.73943,0.82911,-0.18351
-3.8544,5.0172,-1.7318,1.2364,0.85348,-0.18672,0.39128,-0.18899,1.3212,-0.4154,0.69514,0.1854
-4.9269,5.3716,-1.1467,2.102,0.56387,-0.4414,1.3322,-0.072364,2.1201,0.28525,0.2421,-0.7531
-5.2802,4.9715,-1.4459,1.2047,0.85399,-0.22885,0.72312,-0.15046,1.0174,-0.55505,0.15506,-0.37951
-4.7271,5.213,-1.744,1.2207,0.20435,-0.52885,1.0213,0.77471,1.3257,-0.12148,1.2397,-0.96033
-5.0844,5.1166,-1.5536,1.038,0.66538,-0.40439,0.86777,0.22395,1.6161,-0.10939,0.32504,-0.45444
-4.7776,5.6291,-1.8132,1.2606,-0.094052,0.019943,1.5948,1.1623,1.1578,-1.0587,-0.086704,-0.11349
-4.5773,5.0629,-1.2209,1.5416,0.73362,0.95088,1.3501,0.47991,0.7589,-0.48343,0.66998,-0.18875
-5.4096,4.3949,-1.2995,0.70463,-0.042024,0.20614,1.2108,1.5269,1.209,-0.16766,0.42405,-0.048203
-5.5158,4.3906,-1.7065,1.3264,0.77145,-0.57119,0.82565,0.41138,0.67907,0.059359,0.90087,-0.21073
-5.6488,4.0685,-1.841,0.21554,0.090698,-0.31911,0.17572,-0.82628,0.90626,0.33606,0.70131,-0.036602
-4.9905,4.6612,-1.7685,1.0383,0.61832,0.66016,1.2106,-0.37652,0.46829,0.062696,1.1221,0.65208
-5.1221,4.2057,-1.3093,0.87321,0.1989,0.2006,1.555,0.66848,0.17737,-0.37632,0.70597,-0.75039
-5.5883,4.0955,-1.4171,0.39588,1.0092,0.38709,0.80744,-0.2383,1.17,-0.43375,-0.1332,-0.7509
-5.2853,3.5051,-1.5646,0.66915,0.16697,-0.78323,0.65418,0.048483,1.5686,0.26156,1.0398,0.23493
-5.3421,3.2803,-1.5557,0.96475,0.49245,-0.93902,0.43107,0.25008,2.0237,0.35514,0.41048,-0.13575
-4.9461,2.333,-2.0506,0.67473,0.40406,-0.44113,0.55086,0.0030142,1.8132,-0.19485,0.64832,-0.62653
-5.3317,2.246,-1.8959,-0.44703,-0.55763,-0.74236,0.13672,-0.098798,1.396,-0.41948,0.74434,-0.16907
-1.3869,3.4794,-1.6903,-1.0463,-0.99324,-1.3908,0.19491,0.60553,1.3714,0.024249,0.49182,-0.050265
0.94797,4.0299,-0.56954,-0.29337,-0.52653,-1.423,-0.2195,-0.43117,1.0144,-0.097606,-0.078026,-0.77448
4.3249,2.1693,-1.7242,-0.31779,-0.71661,-1.1189,-0.14683,-0.93955,0.68363,0.40789,0.85923,-0.99431
3.9904,1.5268,-0.71796,-0.96638,-0.31441,-1.1136,-0.23344,-0.7814,0.63061,0.3717,1.2854,-1.2462
4.9084,0.91869,-0.39023,-1.0071,-0.49699,-1.3517,-0.39185,-0.54516,0.22659,0.56092,1.1758,-1.2577
5.3229,0.59358,-0.16302,-1.2772,-0.20085,-1.2576,-0.52857,-0.6745,0.32651,0.72677,1.2248,-1.1894
5.236,0.56308,-0.3236,-1.4736,-0.018185,-1.1638,-0.82715,-0.6084,0.61896,0.83823,1.408,-1.3848
4.7788,0.50906,-0.48824,-1.8505,-0.19087,-1.0239,-0.90349,-0.46469,0.88351,0.70189,1.0613,-1.616
4.1897,0.75682,-0.45597,-1.7863,-0.14139,-1.0632,-0.52997,-0.42101,1.2757,0.23465,1.1358,-1.2324
4.2284,0.22118,-0.060692,-2.0843,-0.13641,-1.2627,-0.47682,-0.36625,1.0961,-0.14452,1.059,-1.1557
5.2633,-0.37969,-0.0040532,-2.1833,0.084761,-0.7532,-0.6398,-0.78904,1.3172,0.01912,1.1358,-1.5627
4.732,-0.18355,-0.16209,-1.9707,-0.010499,-0.54338,-0.98877,-0.62644,1.1485,-0.053002,0.96325,-1.4547
4.3651,0.10866,-0.14316,-1.8591,0.2177,-0.65365,-0.86944,-0.60319,1.1977,-0.12459,0.74965,-1.1343
4.8537,-0.26474,0.025896,-1.885,0.37844,-0.62496,-0.79328,-0.88759,1.1641,-0.18447,0.73635,-1.2677
4.6011,-0.14508,0.24073,-1.7403,0.65496,-0.77223,-0.75957,-0.90921,1.227,-0.011492,0.42257,-1.1773
4.5377,0.08604,0.23355,-1.499,0.55676,-0.87335,-1.0847,-0.69238,1.1659,0.12374,0.37381,-0.99969
4.3598,0.33942,0.22315,-1.531,0.52486,-1.1549,-1.2413,-0.30088,1.1881,0.030531,0.26514,-0.74919
4.5205,-0.21688,0.4563,-1.7586,0.039998,-1.4642,-0.91893,0.00041095,0.71147,-0.10436,0.24952,-0.61709
4.7353,-0.53506,0.49231,-1.4618,-0.26202,-1.3226,-0.86052,0.014142,1.1354,-0.031369,0.21107,-0.55043
4.7771,-1.2552,0.5012,-1.689,-0.43695,-1.8091,-0.58643,-0.11999,1.263,-0.33663,0.033125,-0.26337
4.7163,-0.73583,0.19723,-1.3119,-0.86273,-1.6004,-0.66822,-0.11205,1.3516,-0.15088,0.24098,-0.21807
5.0916,-0.37076,0.87196,-1.1879,-1.4247,-0.88845,-0.83445,0.028734,0.82564,-0.072844,0.77675,0.19336
5.7246,-0.49191,1.0172,-0.63238,-1.5803,-1.2776,-0.43396,0.26,0.28845,-0.095505,0.78813,0.49691
5.4733,1.0457,0.76982,-0.19597,-1.379,-1.8365,0.033565,1.0005,0.30672,-0.61917,0.68361,0.3214
4.9578,1.0178,1.4419,0.4411,-1.1916,-2.0045,-0.32541,0.65615,0.51933,-0.24345,0.41322,0.034552
2.2667,1.1833,1.6306,1.1507,-0.35551,-1.3405,0.58551,0.82739,0.3226,0.33217,1.1481,-0.47138
2.3496,0.34229,1.614,1.5423,-0.79138,-1.305,-0.24298,0.31596,0.27953,0.0037356,0.22019,-0.63241
3.5544,1.0121,0.2319,0.39832,-0.19443,-1.0614,-0.56594,0.35848,0.23111,0.51978,-0.49021,-0.38184
2.4083,0.37682,0.36121,0.13745,-0.22006,-0.73877,-0.75086,0.80874,-0.15188,0.65406,0.25421,-0.84751
2.3317,0.69774,0.68505,0.42672,-0.20589,-0.7031,-0.29554,0.43929,0.38675,0.2924,-0.35659,0.36829
-2.2831,1.5577,1.4424,-0.85469,0.30665,0.47555,-0.20733,0.70302,1.2064,0.38703,-0.14573,0.60083
-0.19738,1.4808,1.1863,0.13789,0.52073,0.41652,0.040123,0.48204,0.018419,0.51802,-0.44703,0.080007
1.215,1.023,0.51047,-0.0016019,-0.25386,-0.22415,-0.40752,0.12433,-0.078571,0.093033,-0.97284,-0.063406
1.3193,0.70911,0.009251,0.81493,0.13418,-0.55528,0.33554,0.46578,-0.22813,-0.10431,-0.37987,-0.44115
0.78307,0.50663,0.08136,0.55471,0.91508,0.46741,1.0678,1.3562,0.28261,0.5077,-0.038047,-0.071388
0.74836,0.89999,-0.30929,-0.069897,-0.16664,-0.51429,0.085569,0.84344,0.28607,0.25255,0.34943,0.056453
1.1959,1.3653,0.36019,0.35941,0.19482,-0.028056,0.53378,1.2681,0.82401,0.15412,0.07967,0.15934
0.077326,0.49676,0.29615,0.33557,0.40241,0.28463,-0.096172,0.76034,0.22326,0.41104,0.38919,0.22779
-1.4225,0.17878,2.0439,-1.6464,-0.1472,1.2066,0.675,0.097254,0.79592,0.27803,0.39376,0.1832
-2.1098,-0.41366,1.2667,-2.89,-1.1382,0.44338,-0.16169,-0.53417,0.69449,0.21988,0.19072,0.1859
-1.1243,1.2254,2.5018,-0.44376,-0.78246,-0.18543,-0.2237,0.42502,0.62613,0.20569,0.088038,0.43334
-2.2672,0.31045,1.9155,-1.1845,0.23286,0.87343,0.27653,0.77421,0.98103,-0.16532,0.24697,0.185
-3.7378,0.52321,2.1456,-1.9211,-0.63304,0.34967,-0.95784,-0.37981,1.1067,-0.15754,1.0574,1.0394
-1.9398,-0.21807,0.52795,-1.8969,-1.2418,0.1756,0.38747,-0.48455,0.65315,0.18293,0.18709,0.086868
-2.6052,-0.25786,0.796,-2.6681,-1.3681,-0.26452,0.083039,-0.76559,1.2626,-0.064914,0.39132,0.50408
-2.1529,-0.23865,0.11375,-2.6713,-1.3977,-0.62953,-0.056841,-0.41911,1.0872,-0.10864,1.2311,0.28645
-2.6885,-1.0883,0.55932,-1.9135,0.2354,1.018,1.0492,0.39201,0.94132,-0.039189,0.50717,0.19948
-4.3719,0.11542,1.9344,-0.96973,-1.5138,-0.17284,-0.26753,0.032432,1.4745,0.24463,1.5049,1.0325
-3.6752,0.73261,2.3416,-1.6814,-0.84089,0.22254,0.13367,0.22642,1.5873,0.56431,0.98124,0.53336
-3.5897,2.2553,1.9804,-1.3725,-0.71927,0.65936,-0.30653,0.2999,0.43394,1.1041,0.72007,0.16852
-4.3087,1.5395,1.8001,-1.8269,-0.85274,0.56016,-0.41635,0.46328,0.80632,0.73413,0.65041,0.6544
-4.5081,1.0989,1.5213,-1.0678,-1.6648,0.6481,-0.089898,0.62532,1.2758,0.4735,0.068745,0.51837
-4.0776,1.1752,2.2013,-0.68875,-1.1494,0.92877,-0.65179,1.1183,1.1169,0.56929,0.26508,0.38873
-4.4602,0.9024,2.3436,-0.47513,-1.0241,1.6907,-0.27043,0.26892,0.21574,0.21673,0.6487,0.3675
-2.4013,1.5891,3.1436,-0.10384,-1.1514,0.087523,-1.0473,0.19069,0.3919,-0.11843,-0.18953,0.044827
-0.16471,2.3757,2.192,-0.19387,-1.1487,0.35074,-0.34301,-0.46193,-0.26705,-0.58801,-0.18086,0.50461
-0.37886,1.2305,2.3748,0.52835,-1.4022,0.088657,-0.57309,-0.46607,-0.15616,-0.4656,0.48163,0.94975
-0.28222,1.1192,1.8483,0.2989,-0.82586,0.52306,0.20783,0.67746,0.50341,0.10311,-0.31251,0.40595
0.35657,0.80748,1.1474,0.85811,-0.22352,0.40975,0.37691,-0.28063,-0.25512,0.17289,0.2165,0.63354
0.2775,1.0291,0.73377,0.4857,0.073071,0.70196,0.55364,-0.32799,0.35613,0.34172,0.15773,0.13226
0.30581,1.1302,0.74921,0.33456,0.30806,0.021393,0.013757,0.099598,-0.23939,0.33854,0.177,0.31845
0.53696,0.59165,0.73391,0.096348,-0.33905,-0.089474,0.11252,0.98342,0.45952,0.39498,-0.34262,0.033952
0.053637,1.6705,0.19941,0.65301,-0.085448,-0.095089,0.088769,0.92283,0.31876,0.70796,-0.43,0.87746
0.15951,0.95937,-0.47089,0.65363,0.081154,0.66781,0.25551,0.48411,0.91896,1.1036,-0.30493,-0.44166
1.0356,1.4627,-0.19784,0.18952,0.2274,-0.20512,0.58771,0.95262,0.7516,1.2435,0.091553,0.4054
0.94371,1.4781,-0.066214,-0.04657,-0.2988,-0.46489,-0.64088,-0.038475,-0.20523,1.015,0.060052,-0.75314
0.40905,0.82222,-0.14399,0.14175,-0.20365,0.048727,0.16663,0.34587,0.69034,0.10217,-0.42311,-0.24458
0.5258,0.75559,0.10051,0.53005,-0.93802,-0.76116,-0.083515,0.25439,0.51762,0.77146,0.83842,-0.31086
0.70821,0.92606,0.13913,-0.26051,0.056352,-0.22187,0.64396,0.80798,0.03418,0.17286,-0.22937,-0.65003
0.96337,0.82798,0.3899,0.01274,0.39332,0.099284,0.83556,1.1625,0.68338,0.48508,-0.60441,-0.056857
0.56941,1.417,0.72861,0.64958,0.90368,-0.46562,0.16166,0.65745,0.75733,0.89859,0.047667,-0.31902
1.0086,1.3434,-0.29795,0.19309,0.46572,0.1865,0.41621,0.55464,0.072686,0.13569,0.014732,-0.25821
0.69586,1.2079,0.56572,-0.091871,0.51202,0.31061,-0.22195,0.32675,0.32673,0.58865,0.16634,0.21353
1.0527,0.67277,0.0063222,0.51964,0.3105,0.44741,0.68356,1.6025,0.87165,-0.27514,0.40809,0.70712
0.79437,1.3449,0.81929,0.66362,0.41422,0.2313,-0.11986,0.044281,0.024983,0.6187,0.0094959,0.34457
0.86714,0.5489,-0.35717,-0.13374,0.011856,0.43441,-0.34499,0.65553,0.19404,0.56692,0.39622,-0.20141
-0.1815,0.38823,0.18569,0.17201,-0.10282,-0.2068,0.57986,0.46297,-0.075042,0.17777,-0.24308,0.57337
0.10005,0.68234,-0.095119,0.38928,0.18017,0.1337,0.76809,1.3156,0.22286,0.0024273,0.36174,0.47725
0.72222,0.5436,-0.15251,0.026959,-0.5259,-0.092689,0.30294,0.019097,-0.40907,0.90974,0.57736,0.80827
0.71403,1.0715,0.14217,0.47285,0.012304,0.17085,0.64286,0.52974,0.21144,0.040751,0.17135,0.3643
1.9421,2.0075,0.56991,0.89324,-0.014403,-0.53581,-0.21285,0.49533,0.0019587,-0.23735,-0.52803,-0.06057
5.0008,2.2755,1.5203,2.5714,-1.1033,-1.405,-0.6922,0.67177,-0.61554,0.50245,-0.032436,0.40826
5.3697,1.5917,2.4036,2.2816,-1.4375,-1.7227,-0.45957,0.89577,-0.14764,0.10875,-0.61835,0.30035
5.9248,1.057,2.1665,2.5624,-0.85344,-1.205,-0.124,0.43465,-0.12659,-0.47101,-0.32105,0.41879
5.5325,1.6797,2.3385,2.5397,-1.4274,-1.3925,-0.51224,0.51378,-0.20272,-0.21351,-0.35407,0.80889
5.6134,2.6863,1.6104,2.362,-0.19176,-1.7855,-0.70507,0.89581,-0.25772,-0.58904,-0.82312,0.52038
5.8137,1.7411,2.3175,2.4127,-0.70853,-1.8576,-1.0473,0.37244,0.11672,-0.39032,-0.67569,0.20027
6.2619,2.6675,1.9369,1.915,-0.03251,-1.9605,-0.84384,0.30196,-0.069905,-0.44503,-0.11915,0.044438
5.5124,2.2066,1.6109,2.2352,-0.19658,-1.5984,-0.66217,0.57916,-0.36143,-0.82209,-0.14221,0.18118
6.3575,2.9534,1.4276,1.8453,0.51126,-1.7034,-0.73477,0.27709,0.062067,-0.81438,-0.53882,-0.065237
5.8702,2.8451,1.7492,1.7846,0.038949,-1.2664,-1.1468,0.52211,0.15747,-0.56157,-0.85719,-0.041957
5.6779,2.9084,1.8464,1.6188,-0.27797,-0.64818,-0.57927,-0.067078,-0.23657,-0.089973,-0.68453,-0.20751
6.1963,2.9106,1.2769,1.5061,0.10711,-1.0929,-0.29747,-0.091788,-0.35115,-0.24951,-0.22691,-0.28994
5.7666,2.9415,1.773,2.1446,-0.084839,-1.2331,-0.3228,0.59019,0.054638,-0.77743,-0.50947,0.16114
5.4015,2.1656,1.8911,2.0727,0.37849,-1.6119,-0.3728,0.42238,-0.60193,-0.59171,-0.48613,0.14626
5.1711,2.2996,2.2112,2.7112,0.088346,-1.4144,-0.94303,0.24068,-0.22669,-0.48558,-0.2182,0.0039693
5.4986,3.0732,2.0116,1.9967,-0.70164,-0.95948,-0.41863,0.4105,-0.39477,-0.92392,-0.33082,0.74675
5.2746,2.833,1.8216,2.1451,0.31781,-1.0917,-1.1457,0.21936,0.19325,-0.26423,-0.61432,0.12738
5.311,2.9082,2.3403,2.1295,0.010158,-1.004,-0.62307,-0.24643,0.0073206,-0.11749,-0.35338,0.24287
5.443,2.9761,1.7149,2.2535,0.37945,-1.2518,-0.72999,0.30633,0.30075,-0.25405,-0.3217,0.10955
5.1089,2.4612,1.8172,2.5119,0.73328,-0.75247,-0.79293,0.1181,-0.077293,0.05793,-0.32542,0.1685
4.9484,2.5917,2.0116,2.4851,0.24742,-1.1705,-0.388,0.6157,-0.15816,-0.16169,-0.59825,0.17971
5.15,2.548,1.9331,2.3525,0.36418,-0.90661,-0.78778,0.82731,-0.50193,-0.36034,0.021847,0.82524
5.2603,2.475,1.9447,2.1518,-0.15576,-1.4028,-0.0070265,1.1454,-0.018833,-0.86181,-0.64554,0.55651
5.2272,2.6076,2.1622,2.1237,0.01098,-1.1325,-0.72408,0.6522,0.24879,-0.33789,-0.41783,0.29288
4.9869,2.6243,2.074,2.3597,0.22817,-1.428,-0.61524,0.80754,-0.15648,-0.27465,-0.14649,0.012281
4.9562,2.8336,1.9518,2.2477,-0.32952,-1.3043,-0.034749,1.2978,0.49418,0.12767,-0.61974,-0.051477
4.5028,2.4738,1.9253,1.9946,0.36432,-0.57693,-0.22085,0.82489,-0.24238,-0.2368,-0.031624,0.10489
4.9544,2.5088,1.5286,2.344,0.015292,-0.86171,-0.1273,0.70023,-0.10515,0.086335,-0.056063,0.13271
4.5312,2.8577,2.0077,2.3149,-0.030304,-1.0079,-0.64628,0.66876,0.067382,0.036048,-0.0043055,0.57083
5.1106,2.2437,1.9004,2.5959,-0.32753,-1.1941,-0.31177,0.78718,-0.028721,-0.03624,-0.39558,0.31912
4.7127,2.5981,2.0077,2.8758,-0.18818,-1.1494,-1.1249,0.54478,0.24849,0.30834,0.21952,0.3687
5.1977,2.3694,1.7296,2.1849,-0.39726,-0.78958,-0.28999,0.95205,-0.052932,-0.13316,-0.024306,-0.065079
4.8779,2.5962,1.7424,1.8803,0.16203,-0.3612,-0.28525,1.0997,-0.20629,-0.14486,0.039052,0.3974
4.5722,2.6337,1.6537,2.5094,-0.22409,-0.85007,-0.27217,0.89958,0.0023244,0.1266,0.09921,0.51538
4.2396,2.5448,2.0622,2.9093,-0.66564,-0.91477,-0.032029,1.0778,-0.042927,-0.2489,0.27217,0.84182
4.6277,2.1893,2.2503,2.3195,-0.55308,-1.2786,-0.51542,1.2653,0.23043,-0.40617,0.016843,0.33189
4.849,1.6946,2.0177,2.7491,-0.42147,-1.3198,-0.45795,0.62722,-0.018639,-0.12714,0.049444,0.46059
5.282,1.6517,2.112,2.5996,-1.0302,-1.0694,-0.015258,0.48304,-0.35778,0.080317,0.11464,0.70741
4.2863,1.5071,2.7004,2.259,-0.76918,-0.71069,-0.047599,0.53427,-0.57854,-0.054266,0.41713,0.41275
4.1581,1.5259,2.6967,2.7687,-0.79872,-0.97927,0.34733,0.64931,-0.24292,-0.026183,0.091139,0.33861
4.3579,1.0467,2.8459,2.8398,-1.0447,-1.2781,-0.039877,0.92616,-0.22787,-0.64018,-0.11377,0.34782
4.339,0.51108,3.5865,2.6087,-1.632,-1.4537,0.048438,0.8215,-0.21727,-0.47782,0.10174,0.51552
4.3912,0.22763,3.6895,1.8258,-1.9062,-0.94767,0.12196,0.26588,0.034571,-0.54594,0.26157,0.43372
3.8775,-0.024568,4.2546,1.2356,-2.3509,-0.22436,0.37873,0.065395,0.24542,-0.46872,-0.10394,0.47429
3.6624,0.32796,4.6787,0.99775,-2.5916,0.24132,0.30961,-0.025157,0.26304,-0.72988,0.11729,0.45786
3.2623,0.42282,5.0994,0.49059,-1.9041,0.33023,-0.03859,0.31055,0.030202,-1.309,-0.24364,0.47984
2.8994,0.39666,5.2002,0.61813,-1.7611,0.12491,-0.70003,0.31527,0.63731,-1.0986,-0.25486,0.47452
2.6074,0.48112,5.0465,-0.077885,-1.5456,-0.44944,-1.0257,0.10125,0.46114,-0.84256,0.15213,0.66446
1.5992,1.3768,4.5906,-0.50172,-1.4416,-0.54187,-0.036414,0.022081,0.34178,-1.283,0.54339,0.69749
1.6218,1.244,3.8794,0.024694,-1.5113,-0.24081,-0.26088,-0.18834,0.62847,-1.1621,0.52817,0.40376
1.3358,1.747,4.0999,0.13119,-1.1698,-0.69129,0.095885,-0.2564,0.66225,-1.0303,0.31278,0.26283
1.92,2.1193,3.8677,0.31231,-0.58351,-0.60454,0.047216,-0.2923,0.37976,-1.1742,0.33831,0.51207
1.9227,2.2809,3.5157,0.50124,-1.2076,-0.88762,0.25475,0.139,0.4496,-1.0664,0.25474,0.75101
1.7525,2.5868,2.8041,0.53542,-0.54046,-0.69114,1.1024,0.10016,1.4451,-0.64168,0.42315,0.59064
1.1441,2.914,2.373,1.1401,-0.16303,-0.41458,0.2738,-0.11528,1.4542,-0.8445,0.20678,-0.037834
2.7963,2.6303,3.2835,1.4085,-0.048769,-0.19292,-0.091099,-0.14319,-0.16331,-0.38873,-0.086955,0.73538
2.3536,2.6878,2.5833,1.3728,0.29927,-0.58775,-0.73391,-0.36784,0.25209,-0.0020232,0.18839,0.21986
2.5598,1.5224,2.0525,1.2088,0.24757,0.039749,0.20532,-0.01266,0.48849,0.0034991,-0.26642,0.65782
2.2636,2.0928,1.2681,0.68351,0.463,0.10834,0.47094,0.45759,0.16458,-0.48692,-0.05434,0.18307
1.7021,2.2122,2.136,1.4553,-0.026226,0.32437,0.13563,0.15381,-0.038198,-0.264,-0.16389,0.10603
1.6769,2.1791,2.2886,1.1059,0.62213,0.11047,0.15163,0.78974,-0.25446,0.38415,-0.87816,-0.55969
2.0852,2.2797,0.51463,0.95043,1.0062,-0.30779,0.6841,0.69211,0.48812,0.65847,0.28832,-0.36356
1.6861,2.5055,1.7159,0.5085,0.28534,-0.14406,0.27758,0.42498,-0.14392,0.21623,0.531,0.69497
1.4492,1.4552,0.21984,-0.25456,-0.030661,-0.043256,0.0037074,0.71292,0.48675,0.29138,0.02552,0.23319
0.79991,1.5801,1.7214,1.416,1.458,0.051867,0.1381,0.85035,-0.065363,0.095519,-0.35596,0.24084
1.1653,1.8232,1.0564,0.95832,0.8572,-0.11867,-0.12646,0.70115,0.17255,-0.305,-0.32473,-0.13011
0.76028,1.8054,0.49997,0.027628,0.52524,-0.27054,0.24626,0.80699,0.1321,-0.22801,-0.31675,0.45416
1.0058,1.2683,0.15572,0.084006,0.72274,0.56428,0.13851,0.95977,0.24253,0.57765,0.50685,0.532
0.9709,0.60272,0.11264,-0.023545,0.42072,0.14658,-0.43176,0.73874,0.6001,0.79117,1.2378,0.038913
0.31113,0.4975,0.40375,0.32903,0.5564,-0.25786,-0.06937,0.54939,-0.063378,-0.42913,-0.65655,-0.52887
0.8781,1.6788,0.45567,-0.58379,-0.047688,0.55165,0.7911,1.198,0.59855,0.45193,0.67564,0.095807
0.60111,1.3593,0.2611,0.45233,0.20352,-0.1717,0.50291,0.91474,0.34106,0.22687,0.22242,-0.22022
0.8004,1.203,0.35993,0.65431,0.68609,0.32336,0.45159,0.56479,0.68635,0.46878,0.16383,-0.078146
1.0169,0.78252,0.79037,0.21118,0.15562,0.025789,0.035883,1.2227,0.49531,0.076978,0.33381,0.24645
0.53766,0.96072,0.14547,0.57796,0.83418,1.0792,0.83923,0.78363,0.37663,0.8325,0.53008,0.19733
0.78532,0.79615,-0.10676,0.50628,0.55131,0.18262,0.66287,1.0274,0.92719,0.9321,0.52813,0.67836
1.2581,1.2339,-0.45754,0.49385,0.85934,0.16653,0.93528,1.153,0.10257,0.63641,0.29095,-0.31758
0.76266,1.0091,-0.016401,0.26289,0.60847,0.44127,0.1687,1.4245,0.35894,0.31396,0.25871,-0.10736
-0.89091,0.78422,-0.55813,-0.78855,-0.23554,0.54851,-0.010101,-0.04257,0.84638,-0.16041,0.62126,0.17966
-0.89217,2.0307,-0.33889,0.0024729,-0.12525,0.39382,0.23312,0.26894,0.89361,0.15392,0.58379,-0.12549
-1.323,0.50037,-2.1239,-0.10566,-1.7047,0.38548,0.91007,-0.28541,0.51495,0.15283,0.75816,0.34516
-2.7842,2.7591,-2.3949,0.81524,-1.0041,0.11035,0.71566,0.21728,0.89675,0.30694,0.30705,-0.2187
-4.1328,3.8493,-1.8619,1.4196,0.58509,-0.36358,0.93188,0.19173,1.0796,-0.48341,0.23574,0.25371
-5.2645,3.2041,-1.9356,0.8635,-0.52497,-0.77279,0.39069,0.23655,1.3696,-0.72157,0.040985,0.22009
-4.9419,3.596,-2.2174,0.55706,-0.040761,-0.22438,0.69714,-0.4005,1.1633,0.29952,1.1012,-0.21106
-6.4333,3.2579,-1.3641,0.6745,-0.21122,-1.0235,0.97635,0.53596,1.3259,-0.13978,0.24455,-0.12924
-5.4437,3.1129,-2.1353,0.86729,0.347,0.081395,1.2049,0.51791,0.53308,-0.3931,0.33824,-0.27464
-6.1584,2.6049,-1.6087,-0.32377,0.23864,-0.32808,1.7504,1.3123,1.8272,0.39511,1.0753,0.66048
-3.9943,2.4513,-2.2509,-1.9832,-2.2303,-1.1996,0.41462,-0.57385,0.34676,-0.90128,0.17399,0.10091
-4.9643,2.7596,-1.3668,0.091081,-0.53169,-1.3486,0.25406,-0.20958,1.3825,0.25961,0.86328,0.30654
-5.2565,2.7226,-1.3441,-0.22731,0.65216,-0.84032,1.0988,0.28058,0.92657,0.45464,0.31161,0.14001
-3.1851,3.6806,-0.72502,-0.75215,-0.26104,-1.3273,1.2457,0.4453,0.81796,-0.60138,-0.0043495,0.38545
-1.5806,4.1795,0.67931,-0.47885,-0.59848,-1.2935,-0.8343,0.031568,0.71758,-0.24818,0.62506,0.16869
-1.4785,3.038,-0.39496,-1.1587,-0.98002,-0.796,-0.16201,-0.2816,0.26946,-0.046835,0.48667,-0.37765
-1.4222,1.8836,-0.45041,-0.65138,0.82308,-0.084051,0.84784,0.926,0.29554,0.035547,0.3569,0.13085
-1.4151,2.5625,-0.1169,0.1953,0.76719,-0.22536,1.3086,0.0092709,0.5497,-0.5796,0.080386,-0.14417
-0.9599,2.3815,-0.29116,0.30531,0.27878,-0.66007,0.81471,0.77682,0.88907,-0.11865,0.57779,0.81196
-0.12705,2.0712,0.71009,0.68409,0.13928,-0.97305,-0.19265,0.77513,0.98603,-0.22864,0.38998,0.26598
-0.41935,0.94184,-0.28895,0.79069,1.6229,0.49606,0.64185,0.23923,0.34064,0.15437,0.27613,0.54661
-0.20766,1.747,0.16437,0.44947,0.32167,-0.40315,0.41258,0.36537,0.62452,0.30384,0.52022,0.55397
0.48816,1.0777,-0.030939,0.24422,0.61922,0.6603,0.46468,1.2829,0.59403,0.052686,-0.122,0.11982
-0.27761,0.73922,-0.49176,0.28394,0.91454,0.064387,0.3596,0.93421,0.40667,0.56902,0.53831,0.31484
0.85136,0.97117,0.17423,0.29293,0.32856,-0.30301,0.33196,0.36693,0.50309,0.35953,-0.57576,-0.25424
1.2568,1.0972,-0.4259,-0.21049,0.29454,0.63512,-0.14816,0.327,0.55587,0.20833,0.39117,-0.52564
0.61966,0.65,-0.48661,0.19599,-0.095735,-0.19887,0.19566,0.85804,0.25266,-0.077298,0.43333,-0.055352
1.1763,1.1351,-0.49422,0.46655,0.20296,-0.22676,0.50187,0.511,0.71329,0.36893,0.20491,0.22945
1.0767,0.59575,0.10887,0.37368,-0.0066212,-0.60699,-0.38096,0.59424,-0.10326,0.13002,0.21844,-0.60224
0.77578,0.69525,-0.30892,-0.0061072,0.43851,-0.079264,0.1539,1.089,0.36949,0.56941,0.53536,0.69438
1.3058,1.8278,0.37747,0.58258,0.34798,-0.29856,-0.10548,0.91359,0.3478,0.64864,0.088914,0.00025821
-0.21531,0.14432,-0.4543,0.32183,0.31753,-0.022948,0.08637,0.47251,0.59115,0.80251,0.11733,0.25061
0.46061,1.7107,0.73484,0.38052,-0.031673,0.32173,0.8756,1.6762,1.3969,0.47822,0.14859,0.017738
0.54891,1.0442,0.37557,0.70647,0.9095,0.67128,0.51349,0.59779,0.26195,0.39863,0.42304,0.32001
0.61547,0.51886,-0.27039,-0.43995,0.037218,0.27444,0.51578,0.68263,0.090997,0.54192,0.32807,0.33726
0.37012,1.6775,1.1462,0.56312,0.096439,-0.35644,0.39902,0.92283,0.4489,0.28991,0.75111,0.36394
0.61986,0.59754,-0.17494,0.37998,0.42836,0.27095,0.32962,0.27926,-0.12592,0.81515,0.57799,0.74995
0.13162,0.83869,0.30599,0.50778,0.69792,0.64425,0.35695,1.1366,0.68422,1.039,0.78718,0.1056
0.64959,1.2617,0.52588,0.015132,-0.14355,0.19403,0.36648,0.12256,-0.063734,0.0033383,0.13061,-0.53171
0.50632,0.61034,0.29624,0.15466,-0.020809,-0.3728,0.38885,0.78564,0.4469,0.23744,0.40352,0.42911
0.40055,1.4166,0.52447,0.15705,-0.10997,1.282,1.5267,0.54437,0.01201,0.24712,0.65886,-0.35403
0.60309,1.6142,0.13672,-0.014555,0.027712,0.55499,1.1679,0.75639,0.48585,1.0774,0.79708,0.28911
0.71295,1.613,0.50153,0.52013,1.016,0.41022,0.27147,0.63329,-0.25634,0.6902,0.34656,-0.010172
-0.20457,1.1902,1.0974,0.80845,0.0071117,-0.56945,-0.71307,0.82416,0.69295,0.92009,0.85543,0.1436
0.26104,1.0379,-0.24051,0.45601,0.3196,-0.11828,0.77131,1.6868,0.72858,0.24093,0.86861,0.34617
0.079259,1.1778,-0.31954,-0.15568,0.49343,-0.85274,-0.088558,1.2758,0.33144,-0.37774,-0.60648,-0.67536
0.46846,0.38548,-0.66345,0.029678,0.44935,-0.537,0.3183,0.78475,0.29891,0.31579,0.30712,-0.13618
0.64491,1.1558,0.088312,0.66196,0.20813,-0.62803,0.33159,0.67942,0.31943,0.25941,0.25212,0.084555
0.026448,0.32647,0.055563,0.87835,0.70949,0.28894,0.28752,1.2377,0.1962,0.69072,0.59921,0.20665
0.61108,0.69497,0.80016,0.82123,0.49525,-0.011423,-0.082609,0.83093,0.49349,0.24955,0.052743,-0.096873
0.76315,0.97966,0.66611,0.54882,1.2744,0.55364,-0.022714,-0.096422,1.3148,0.59005,0.21928,0.39111
0.38953,0.80455,-0.012643,-0.088401,0.77815,0.21661,0.46171,0.70528,0.38766,1.0292,0.57466,0.64726
-0.056364,0.74749,0.55606,0.38765,0.14585,0.92822,0.7916,0.41796,0.0053527,0.39019,0.80072,0.77603
1.015,1.5465,0.5281,0.16623,0.65231,0.45627,0.41393,1.3821,0.38522,0.1562,-0.045512,-0.02641
0.37492,0.64087,0.37112,0.39763,0.43134,0.056855,1.1749,1.3335,0.34753,0.57228,0.42381,-0.01196
-0.23605,0.50701,-0.52243,0.2422,0.75361,-0.011387,0.35161,1.399,0.88463,0.70214,0.31124,0.016457
0.2763,0.70253,-0.20948,0.99031,0.6759,0.46068,0.74072,1.2219,0.044051,-0.019023,0.56358,0.17159
0.29273,0.79305,-0.34005,0.2806,0.78956,0.24716,-0.41128,1.2165,0.87649,1.2575,0.47865,0.29604
0.97679,0.63244,-0.093718,0.023738,0.13746,-0.015825,0.5793,0.8475,0.020399,0.29291,0.10968,0.29882
0.24929,0.83053,0.087651,0.13107,0.0091509,-0.03666,-0.0036001,0.3936,0.39049,0.93656,0.43886,-0.093645
2.5476,2.1261,0.97343,1.9254,-0.51079,-0.25137,0.3814,0.84334,0.5348,-0.27132,0.22881,0.57667
5.4754,3.5862,1.5594,1.4781,-0.89572,-1.1807,-0.29776,0.90978,-0.31946,0.054405,0.012852,0.59411
5.8501,1.645,1.6263,2.1151,-1.5854,-1.4956,-0.35806,0.60431,-0.36906,-0.36943,-0.55743,0.45562
6.527,1.9165,1.7539,2.1447,-1.5701,-1.6879,-0.57245,0.56291,-0.13918,-0.043306,-0.30876,0.70154
6.0395,2.7127,2.1922,1.4966,-1.5536,-0.94264,-1.0602,0.28189,0.0037453,0.30429,-0.73213,0.22089
5.8368,2.9957,2.5037,2.1231,-1.7661,-1.3907,-0.82937,0.26596,-0.26407,-0.010312,-0.35381,0.41768
5.6745,3.1932,2.1337,1.673,-1.4392,-0.9013,-0.93984,0.66665,-0.35325,-0.29704,-0.50736,0.47786
5.7289,2.3733,2.0994,2.28,-0.75422,-0.73002,-0.54681,-0.021517,-0.63872,-0.13887,-0.52231,0.7923
5.4006,2.0993,2.4907,2.007,-0.77218,-0.86323,-0.60243,0.5842,-0.78794,-0.67051,-0.453,0.44173
5.8474,2.8418,2.4539,2.4019,-0.97199,-1.3401,-1.1,0.75655,-0.27411,-0.82471,-0.49461,0.58591
5.718,2.8396,2.1331,2.2143,-0.75385,-1.5354,-0.86878,0.12491,-0.16225,-0.22726,-0.72954,0.3724
5.721,3.098,2.0444,2.1728,-1.2386,-0.67181,-0.86914,0.25224,-0.00049561,-0.58386,-1.1574,0.56251
5.2626,3.4712,1.7182,1.9083,-0.57899,-0.55615,-0.93184,-0.0028613,-0.58925,-0.25642,-0.22355,0.33653
6.2473,2.4552,1.6801,2.3485,-0.90445,-0.72945,-0.59027,0.97985,-0.55248,-0.60964,-0.3269,0.57266
5.1568,2.731,2.0804,2.23,-0.82264,-0.38868,-0.42239,0.51727,-0.49002,-0.66064,-0.60538,0.68127
5.3595,2.6024,2.2815,2.2036,-0.64914,-0.87261,-0.38331,0.32561,-0.10696,-0.26606,0.031946,0.31969
5.5519,2.2211,2.3921,2.5785,-0.61232,-1.4579,-0.67915,0.51182,-0.68852,-0.41387,0.3251,0.9064
5.7323,1.637,2.5773,2.6351,-1.4923,-1.2094,-0.7377,0.79921,-0.49245,-0.82518,0.59391,0.55988
5.1492,1.6178,3.5326,1.7351,-2.1016,-0.77542,-0.29974,0.6799,-0.81995,-0.83602,0.27769,0.39903
4.9447,1.6285,3.2782,1.3813,-1.4307,-1.1278,-0.43475,0.42277,-0.64637,-0.91081,0.53717,0.48623
5.1063,1.1553,3.8497,1.6959,-2.0646,-0.36799,-0.36251,-0.089996,-0.45979,-0.69649,0.59862,0.51299
4.6056,1.2509,3.6231,1.1169,-1.5483,-0.58929,0.13792,0.13041,-0.36917,-1.0555,0.084419,0.5505
4.1589,1.4202,4.0924,1.2697,-1.4737,-0.49099,-0.10887,-0.14035,-0.29305,-1.1831,0.3393,1.0131
3.9597,1.2567,4.1695,1.2491,-1.5684,-0.82215,-0.19396,-0.52046,-0.32875,-1.0503,0.31042,0.9045
4.2051,0.89774,4.4296,1.0539,-2.035,-0.75413,-0.020655,-0.77898,0.18454,-1.3934,0.65219,0.71804
4.155,-0.42257,5.2734,0.18285,-2.0137,0.27793,-1.3686,-0.057936,-0.39489,-0.62731,0.80095,0.26843
2.3834,0.9493,4.7192,0.39782,-1.7203,-0.45542,-0.11537,-0.72234,0.75276,-0.90482,1.0714,-0.032137
2.2932,1.1538,3.953,0.46971,-0.97683,-0.33118,0.18187,0.34033,0.66336,-1.0464,0.55565,0.13004
1.8378,2.3275,4.1016,1.0511,-0.92162,-0.96137,-0.34224,0.19484,0.29438,-0.68897,0.95981,0.20227
2.471,2.2616,3.6423,1.3003,-0.71073,-0.82682,0.049027,0.17586,0.40484,-0.17396,0.75125,0.27363
3.2726,1.831,3.5897,1.2683,-0.9029,-0.62114,-0.7063,-0.019357,0.58154,0.20216,0.61428,0.29006
3.1409,1.3139,3.1211,1.8108,-0.1866,-0.56453,-0.47389,0.19725,0.029923,-0.022681,-0.20161,0.54163
2.9834,1.9461,2.2918,1.233,-0.072004,0.032766,0.73147,-0.25672,-0.47163,-0.49926,0.027425,0.85398
2.217,2.3029,1.4378,0.57939,-0.29112,-0.061722,0.027381,0.65185,0.36937,-0.73533,0.044792,-0.063995
2.3932,1.9958,1.951,1.5393,-0.005152,-0.30294,-0.52786,-0.51068,-0.015005,0.27741,-0.3412,-0.15796
2.4791,2.313,2.2202,1.2486,0.18639,0.43736,0.29992,0.54982,0.18445,0.26385,-0.054553,-0.16099
2.0082,1.7424,0.90661,0.93706,0.032269,0.44781,0.54951,-0.13777,-0.16269,0.099225,-0.30657,0.12642
0.75451,1.5623,0.71127,0.8937,0.33366,0.24206,0.16955,1.1745,0.56502,0.72208,0.79693,0.62325
1.1458,1.3593,0.7272,0.50574,0.090353,-0.0085502,-0.00695,0.38494,-0.26353,-0.094654,0.37535,-0.18524
1.3221,2.2309,1.2779,0.29218,0.54303,-0.14323,0.34273,0.76023,-0.22273,-0.17081,0.10037,0.63401
1.2155,1.4133,0.28758,0.84384,0.38013,0.053417,0.69203,0.82252,0.13196,0.12061,0.22278,-0.013476
1.4408,1.8078,0.48234,0.9462,0.56222,0.68484,0.66829,1.1616,0.13658,-0.19355,-0.38459,-0.45042
0.73648,1.4413,-0.23347,0.33584,0.24214,0.12641,0.55711,0.41742,0.31937,0.11644,-0.09516,-0.68839
0.45967,1.2678,-0.22764,0.72183,0.92898,0.46315,1.038,0.95822,-0.4789,-0.61003,-0.65392,-0.0027085
0.87036,1.5955,-0.032001,0.59248,1.0934,0.20757,0.76714,0.93028,-0.11599,0.51177,-0.12246,-0.52151
0.53599,1.3287,0.027104,0.11832,0.42256,0.13666,0.69617,1.021,-0.10675,-0.33041,-0.46312,-0.17545
0.39093,1.3132,-0.24334,0.057307,0.57383,0.085233,-0.12345,1.067,0.54364,0.51394,-0.35465,-0.33272
1.0204,1.047,-0.30135,0.38148,1.2294,0.29886,0.23079,1.1479,0.92471,0.746,0.38223,0.0086793
0.93845,0.7585,-0.0097604,0.44419,0.71434,0.3677,0.71038,0.88944,0.06364,-0.20219,-0.0053837,-0.086751
0.42827,0.72362,-0.30249,0.23986,-0.04279,-0.60211,-0.24561,-0.41455,-0.88811,-0.057145,-0.15538,-0.34398
0.43604,1.9145,0.26259,0.3345,0.40868,0.12311,0.52264,0.73344,0.29583,0.41589,0.52268,0.2663
0.51117,0.64478,-0.77405,-0.30157,0.027205,-0.53731,-0.32221,0.99999,0.61943,0.41352,0.24534,0.10684
-1.1051,2.0472,-0.27573,0.27675,0.064506,0.75664,1.0427,0.67601,0.060741,0.018445,0.87445,0.57658
-1.4541,2.6045,-0.97051,0.83565,-0.15386,-0.32907,0.21406,0.16094,0.52802,0.36778,0.60684,-0.32253
-3.6887,2.4319,-1.7521,0.038462,-0.96645,-0.914,0.047222,-0.61441,0.95381,-0.13363,0.31991,-0.23232
-4.7815,3.0875,-1.0853,0.37032,0.32608,0.31247,1.9079,0.46713,1.3664,0.017587,0.89967,1.0601
-3.659,4.7677,-1.5644,0.14174,0.027596,0.66272,1.0983,0.18493,1.1424,-1.0025,0.5442,-0.12447
-4.1759,4.7488,-1.855,0.7969,0.074903,-0.57734,0.819,0.28251,0.43388,-0.40128,1.2725,0.80532
-6.0424,3.3912,-1.0906,0.81535,0.45098,0.23497,1.4033,0.51991,0.556,0.047778,0.21307,0.045901
-4.3396,3.6555,-1.8681,0.1783,-0.26337,-0.98886,0.26149,-0.11744,0.23901,0.21827,1.5882,0.20626
-4.7337,4.0731,-2.0907,-0.1232,-0.81875,-2.0247,0.90078,-0.71063,1.1401,0.38687,1.1993,0.98168
-5.4404,3.4313,-1.4209,0.30411,1.1442,-0.091425,1.4489,-0.047641,1.4666,-0.039074,0.49051,0.49541
-5.9805,3.4672,-1.2378,-0.67666,0.14341,-0.92605,1.0401,0.20726,1.3591,0.58254,1.3178,0.12481
-5.3726,3.5535,-0.85293,0.21532,0.57863,-0.70094,0.8819,0.19836,0.91644,-0.57258,0.38441,0.0056051
-6.3325,3.1998,-0.84861,-0.19234,0.61599,-0.071209,1.1672,0.52485,1.443,0.60883,0.83146,-0.062869
-5.1671,2.7929,-1.3333,-0.60136,0.30709,-0.69184,0.81157,0.34142,0.86036,-0.083393,0.52571,-0.019749
-5.7642,3.2022,-0.854,0.088793,1.2703,0.1123,1.8335,0.50601,0.44185,-0.53484,0.13321,-0.25349
-5.8318,3.0082,-0.87222,-0.51835,0.38171,-1.0825,1.1184,0.26681,0.4059,0.27259,0.52816,-0.054379
-4.802,2.51,-0.75537,-1.3749,0.85756,-1.1562,0.67745,-0.01909,0.65461,0.16468,0.32168,0.41867
-3.4724,2.7846,-0.57119,-2.2803,-0.20495,-1.7474,-0.2422,0.73084,1.2723,-0.23098,-0.04532,0.9961
-4.6271,1.842,-0.18322,-1.9801,-0.03035,-1.6708,-0.047503,0.8665,0.5889,-0.2841,0.32484,0.14026
-4.6528,1.4653,0.026689,-0.58691,0.55238,-1.3718,0.6625,1.1523,1.0558,0.63456,0.18923,-0.13284
-3.1425,1.4948,-0.2901,-1.5404,0.35179,-1.0674,-0.64433,0.12045,0.10878,-0.40509,-0.49291,-0.52272
-1.2479,2.5572,0.71266,0.33364,1.3077,-0.6273,-0.45865,0.37739,0.94626,0.41632,-0.54675,-1.0519
0.84927,2.6117,0.53746,-0.75039,0.54438,-1.813,-0.68428,-0.76086,-0.044436,-0.34105,-0.36093,-0.084725
0.2688,2.3412,1.363,0.214,0.23349,-0.91787,-0.3175,-0.69149,-0.10999,0.80897,0.42978,-0.60844
-0.74947,0.85511,-0.34514,-0.46595,0.29391,-1.7763,-0.60125,-0.28465,0.052604,0.097895,-0.070595,-0.68635
0.023114,1.7685,0.30131,0.14915,0.47471,-1.0187,-0.79268,-0.14973,-0.3282,0.35376,0.40981,-0.26572
0.10337,1.4217,0.56203,0.32461,1.0155,0.1391,0.79775,0.74884,0.62296,0.1261,-0.29022,-0.39324
1.1345,1.8791,0.1641,0.23852,0.67166,-0.68796,-0.02477,0.12507,0.29304,0.11928,-0.18545,-0.3408
0.0019493,1.6494,0.014341,-0.14196,0.56256,-0.85264,0.02593,0.19233,0.38325,0.64099,0.20401,-0.60978
0.47619,1.4104,0.0011799,0.26234,0.44666,0.13698,0.59797,0.34387,0.32506,0.53864,0.51759,-0.32402
0.59383,1.416,0.33815,0.42671,0.94189,-0.016222,0.41738,0.3795,0.41241,0.80707,-0.16017,-0.23563
0.61518,1.7987,0.78764,0.96751,0.75351,-0.080897,0.4487,0.71201,0.15603,0.65507,-0.20684,-0.0041285
0.36345,1.469,0.65339,0.63945,0.26251,-0.28331,0.17089,0.38555,0.53327,0.53726,-0.047857,-0.32216
-0.37809,1.341,-0.5558,0.035005,0.29597,0.30121,0.75325,0.2896,0.11051,0.045442,0.59167,-0.16976
-0.075785,1.8843,0.12575,0.037969,0.49895,-0.47916,0.33855,-0.02862,0.65406,0.69799,0.83593,-0.57997
-0.64216,0.58733,-0.3813,-0.032132,0.0065702,-0.16734,0.87112,-0.13801,0.3372,-0.23761,0.78906,-0.64986
0.8621,2.1155,0.61577,-0.26413,-0.041987,-0.49585,-0.30819,-0.71579,1.0674,0.44154,0.93252,-0.81599
0.26931,1.1896,-0.53558,-0.33292,-0.98506,-0.53749,0.184,-0.27338,0.76059,0.11503,0.95201,-0.88269
0.2014,1.7638,-0.28434,-0.0030938,0.022668,-1.5216,-0.19683,0.14685,1.0078,-0.59928,-0.42127,-1.1721
-2.0504,2.8181,0.54228,-0.085508,0.87884,-0.30474,0.30691,0.3078,0.56778,0.19002,0.51251,0.10518
-4.0219,3.1581,-0.83472,0.07215,0.59707,0.048826,1.0265,0.042097,0.74884,-0.68187,-0.048952,-0.35928
-5.597,3.1223,-1.7305,0.19599,1.1104,0.51391,1.4466,0.3572,0.78441,-0.54509,0.1199,-0.90324
-5.4277,3.3705,-1.4287,0.55766,0.88526,0.38808,0.3697,0.027986,0.35489,-0.53656,1.1394,0.15959
-4.5223,3.6002,-1.4116,0.20617,0.66721,0.095094,0.37693,0.4231,1.6098,-0.00022368,0.78585,0.55015
-4.7852,2.7547,-1.689,0.76141,-0.25858,-0.18143,0.10961,0.15241,1.0469,0.021729,1.109,0.30848
-4.7737,2.8966,-1.4237,0.70844,-0.56573,-0.00045867,0.6704,0.22162,0.91866,-0.33088,0.67759,-0.078136
-5.1226,2.4974,-1.9902,0.55643,0.056613,0.47944,0.78033,0.61309,1.0107,0.17087,1.338,0.29047
-3.8988,2.9252,-1.6533,0.98619,-0.33389,0.12765,0.50584,0.77277,1.1546,0.50357,1.1271,0.52373
-4.9642,2.3746,-2.4103,0.44176,0.072291,0.061616,0.55704,0.62105,1.4389,0.55478,0.3425,0.062225
-4.0778,3.1453,-1.0954,1.0542,-0.41724,-0.12398,0.75574,-0.021372,0.48709,-0.54212,0.33355,0.018163
-4.1885,3.1425,-2.0774,0.43,-1.155,0.59555,0.88601,0.29444,1.5149,-0.15031,0.57164,0.51104
-4.2706,3.7587,-1.2833,1.0864,-0.34099,-0.62051,0.80132,0.51353,1.1836,0.56757,0.99881,0.52014
-4.7909,3.3376,-1.7884,0.5129,-0.32121,0.13164,0.74633,0.41243,0.97588,0.16016,0.77526,-0.27048
-5.0944,2.7187,-2.5671,0.48979,-0.45797,-0.054317,0.296,0.14294,1.118,0.029975,1.2279,-0.018706
-4.3396,3.6983,-1.7197,0.68059,-0.63848,0.25446,0.42482,0.26305,1.3547,0.028528,0.57447,-0.11941
-5.3425,2.5591,-2.491,0.72596,-0.67611,-0.038978,0.76378,0.47397,1.353,0.073595,0.75129,-0.13251
-4.9812,3.2639,-1.8799,0.78879,-0.32674,0.50904,1.1529,0.94002,1.5099,0.68496,1.0954,0.27506
-5.4662,3.292,-1.5278,0.57914,-0.5368,0.65386,0.36098,0.88653,1.4378,0.23503,1.0071,0.32106
-5.0655,3.5393,-2.0135,1.1666,-0.44033,-0.32856,-0.39895,-0.91009,0.14085,0.27759,0.47928,-0.049835
-4.7664,3.6739,-1.7772,0.97079,-0.8044,-0.17934,0.55985,0.44298,0.83796,0.19159,0.59631,0.39937
-4.5378,3.6302,-1.31,1.7002,0.2684,-0.0084308,0.70142,0.86936,0.65318,0.017179,0.88027,-0.46574
-4.5236,3.2382,-1.7584,0.9908,-0.46221,-0.13814,0.74626,0.10758,0.35729,0.14603,0.97815,0.37278
-5.5432,3.0096,-0.97738,1.7307,-0.20996,0.22114,1.2403,0.46037,0.57756,-0.52984,0.47208,0.72283
-4.6678,3.1882,-1.3952,1.5903,-0.0030929,0.068883,0.67438,0.14809,0.95384,-0.042332,0.74734,-0.36787
-5.6012,2.5706,-1.3921,0.85765,0.30818,0.24045,0.44283,0.59034,1.2898,0.11522,1.2299,0.20064
-5.4079,2.3279,-1.9175,0.48027,-0.77149,-0.34421,0.50279,0.89753,1.3422,0.45472,0.85574,-0.080318
-5.3298,3.4732,-1.9145,0.43094,-0.66838,-0.41958,-0.23593,-0.27244,0.93105,-0.66203,0.48502,-0.02874
-3.8896,2.8038,-1.6623,0.63166,-0.38801,-0.23569,0.51912,0.72216,0.99663,-0.035197,0.52794,0.074938
-4.9459,2.3273,-2.2256,0.66783,0.057567,-0.15747,0.56582,0.81215,0.85984,-0.18008,0.30393,-0.19142
-4.3294,2.3148,-2.4602,-0.29948,0.0013829,0.45499,1.0474,-0.092393,0.96121,-0.54359,-0.17561,-0.62346
-2.2695,2.4073,-1.713,-0.91545,-2.0607,-1.5215,0.091409,0.50024,1.0113,-0.28445,-0.40296,-0.35002
-0.87523,3.1778,-0.99619,0.78228,-0.73817,-0.12059,0.92911,-0.43284,0.85205,-0.57727,-0.1857,-0.86486
4.6917,2.5201,-1.6284,-0.55791,-0.83431,-0.37918,-0.58835,-0.69179,0.65614,0.66508,0.35063,-0.84618
3.8963,1.63,-0.88305,-1.2199,-0.59199,-0.19081,-0.72295,-0.68688,1.2001,-0.11689,0.76744,-1.1318
5.1924,0.64431,-0.89598,-1.3281,-0.38628,0.01415,-0.64154,-0.68078,1.0677,-0.013414,0.75237,-1.0514
4.5548,1.0277,-0.80468,-1.6067,-0.069109,-0.022028,-0.75534,-1.0522,1.146,0.41919,0.56029,-1.2803
4.3912,0.61108,-0.72802,-1.575,-0.052023,-0.41183,-0.54304,-0.93443,1.162,0.61025,1.0206,-1.4796
4.2921,0.13781,-0.8598,-1.9893,0.0060477,-0.35304,-0.74692,-0.51951,1.2031,0.4177,0.98447,-1.3122
4.3346,-0.063942,-0.89415,-2.109,0.22262,-0.36289,-0.82267,-0.52961,1.4709,0.32067,0.74568,-0.98153
4.271,-0.42273,-0.81025,-2.2425,0.37817,-0.46173,-0.7598,-0.35103,1.0746,0.70501,0.35085,-0.65626
4.4646,-0.2721,-0.868,-2.0816,0.43402,-0.10326,-0.33817,-0.25934,1.1879,0.70635,0.63299,-0.72084
5.0015,0.063044,-0.92552,-1.9711,0.73042,-0.44523,-0.21125,-0.16992,1.0942,0.78362,0.77552,-0.46828
4.9508,-0.4559,-0.97285,-2.1762,0.65546,-0.58013,-0.31115,-0.036119,1.2279,0.6995,0.81867,-0.74999
5.813,-0.0034722,-1.089,-2.2156,0.21002,-0.71148,0.00013484,-0.62293,1.022,0.44445,0.81475,-0.54883
6.1782,0.45003,-1.0534,-1.4193,-0.25139,-0.91524,-0.63556,-0.23812,0.93247,0.67532,0.28461,-0.29357
5.3322,0.6997,-1.4263,-1.1962,-0.14309,-0.82592,-0.29753,-0.33548,0.67484,0.9259,0.70581,-0.37847
5.8122,0.73743,-0.99853,-0.41416,-0.017585,-1.1331,-0.5906,-0.26113,1.0675,1.2427,0.85456,-0.12707
6.6,1.4372,-0.94007,-1.3842,-0.41916,-0.95902,-0.5855,0.13205,0.92167,1.0242,0.49009,-0.65066
5.4982,1.3957,0.092937,0.027028,0.42662,-0.69433,-0.84589,0.58814,0.80449,-0.074987,0.41699,-0.74308
4.5012,1.8947,0.225,-0.15348,0.33859,-0.01312,-0.48122,0.33105,0.41876,0.68247,0.25841,-0.14761
5.0723,1.1096,0.12778,-0.6747,-0.016298,-0.43948,-0.90995,0.39471,0.90947,0.89059,-0.073152,-0.35729
4.7635,1.9946,-0.5943,-0.077323,-0.072668,-0.53544,-1.0021,-0.7419,0.46957,1.0512,0.58383,-0.14237
3.739,1.6101,-0.020948,0.63439,1.0043,0.1612,0.29712,0.81256,0.29714,0.39713,-0.35545,-0.44493
2.3334,1.3921,-0.26808,0.19694,-0.027079,-0.13387,-0.10057,0.608,0.22454,0.80724,0.032594,-0.26198
2.1518,1.4198,0.12614,0.25182,1.1995,0.54433,-0.38604,0.41922,-0.054549,0.1222,0.42967,0.57053
2.3316,2.3857,0.78191,0.23222,-0.21333,-0.39957,-0.012008,0.93696,-0.0025225,-0.19619,-0.32133,-0.2178
2.1447,1.3129,0.30016,0.041274,0.053695,-0.40523,-0.26264,0.16117,-0.10718,0.66216,0.5356,-0.084556
1.1401,1.0483,1.0394,0.95153,0.094213,0.18708,0.97645,0.80604,-0.0098451,0.74263,0.77747,0.64485
2.0519,1.3956,0.6614,1.2239,0.39148,-0.7809,0.95514,0.49665,-0.65327,-0.13748,0.42416,-0.52161
1.3479,0.85055,1.1452,0.89931,0.08064,-0.60797,0.16088,0.25945,-0.12678,0.69636,0.95782,0.89058
1.1144,0.78636,-0.18003,0.17535,0.35779,-0.089864,0.27631,0.55119,0.29782,0.049182,0.87157,-0.18795
0.6494,0.74569,-0.74229,0.25553,0.3484,-0.29302,-0.15055,0.95923,-0.091193,0.22824,1.0489,0.15797
2.2834,1.8508,0.32265,0.52793,0.62087,-0.20492,0.1906,0.41481,0.19645,-0.064136,1.2189,-0.40999
-0.66496,0.51323,1.44,-0.46998,-0.060325,0.060707,-0.52362,-0.21014,0.43459,0.81335,0.96604,0.74943
-0.61358,0.90456,1.5533,-0.21214,-0.025125,0.48945,0.22818,0.10876,0.15481,0.36305,0.17795,0.2085
0.41635,0.16353,-0.31765,-0.43928,0.1334,-0.11124,0.58725,1.1774,0.62617,0.5335,0.15804,0.26297
0.90624,1.1347,-0.25704,0.39508,0.97809,0.71206,0.4034,0.69884,0.63994,0.67775,0.29726,0.17359
0.11363,0.70302,0.91458,0.759,1.05,-0.066413,-0.1065,0.36137,0.57102,0.85177,0.38126,0.34344
0.93067,1.5292,0.68322,0.22027,-0.39093,-1.0602,0.2207,0.70777,0.49509,0.92901,0.76486,0.24375
0.5512,0.77057,-0.33851,0.55367,0.62668,0.24056,0.83671,1.1679,0.98852,1.2205,0.45627,0.40427
1.4646,1.3403,0.4036,0.54829,0.21897,-0.12582,0.53628,0.90447,-0.024062,-0.055774,0.26549,0.15783
-2.2824,-0.68983,2.0219,-0.95949,-0.38936,1.0217,0.65475,-0.19375,0.76787,0.21466,0.39169,0.2916
-2.2684,-0.74613,1.6015,-1.7247,-1.4346,0.27493,-0.099085,-0.69447,0.66465,0.34595,0.27531,0.32016
0.35217,0.087995,1.1274,-1.1883,-0.47136,0.69359,0.56899,0.29649,1.1661,0.56215,0.45969,0.42771
-0.52951,1.0694,1.5042,-1.3829,-0.21924,0.31746,-0.072327,0.34817,1.0786,0.36588,-0.10701,0.27067
-2.8409,0.39681,1.4613,-0.77716,0.90862,1.5525,0.48666,0.73178,1.4637,0.22833,0.1886,0.37905
-2.6931,-0.028057,1.0679,-2.3123,-0.97395,1.1092,0.57247,0.61574,1.8037,0.35386,1.2946,0.86201
-2.1899,0.29316,0.66736,-2.7068,-1.2041,0.18386,0.16959,0.011761,1.6076,-0.2015,0.17152,0.19463
-2.5733,0.18173,1.4768,-2.2235,-0.70571,-0.0493,0.3456,0.24111,1.1192,0.20838,0.33349,0.48427
-2.2328,1.5575,1.9864,-2.7587,-0.36133,0.025062,0.37745,-0.23206,1.2203,0.036932,1.2067,0.95032
-3.3387,0.93196,2.074,-1.8597,0.39965,0.019365,0.016317,0.63058,1.0593,-0.075478,0.032715,0.053878
-4.1624,0.7091,2.1587,-2.1043,-0.16708,0.39966,0.61019,0.57615,0.88021,0.50815,1.4204,0.7732
-3.3899,1.5057,3.1945,-2.0694,-0.52313,0.50667,1.0028,0.14597,0.8214,0.38479,0.422,0.93755
-3.0117,1.0726,2.4735,-1.8241,-0.15036,0.31706,0.093941,0.14186,1.2368,0.86412,0.85511,0.50003
-2.9325,1.6507,2.6629,-1.4762,-0.26092,0.86577,0.42019,0.45907,0.71829,0.59475,0.60025,0.0097375
-3.5034,0.3971,1.5528,-1.3217,0.60607,1.2366,0.51,0.33893,0.63407,-0.39707,-0.30151,0.20013
-2.9649,1.1244,2.1714,-1.1897,0.086021,0.27879,-0.041895,0.62843,0.53471,0.3666,-0.2005,0.12082
-2.9828,1.6843,2.4588,-0.64782,-0.16278,0.94264,0.57159,0.64525,0.12113,-0.23739,-0.3417,0.86197
