-0.31697,-0.024549,-0.87312,-0.63374,-0.084803,-0.43039,0.060933,0.3989,0.44207,0.35491,0.15217,0.025256
-0.67157,0.27061,-0.17632,0.23048,0.54791,0.37065,0.3212,0.47236,0.23262,-0.2921,-0.4978,-0.34452
-0.11324,0.4469,0.065951,0.89503,-0.10386,0.10507,0.062153,0.36164,0.22409,-0.077287,0.09198,0.04532
0.62795,0.89995,0.032516,-0.41197,-0.29779,0.16437,0.29957,0.37218,-0.31943,0.287,0.58693,-0.26398
0.87872,1.7255,0.55481,-0.22297,0.84345,-0.037283,0.43673,1.1107,-0.22743,0.59758,0.030742,-0.1282
0.41514,1.3928,-0.19029,0.10466,0.52031,-0.16378,-0.53139,0.067952,-0.097105,0.31994,0.49088,-0.25229
0.66731,0.90087,-0.29643,-0.19795,0.36535,0.23067,0.15015,0.68267,0.10228,0.85939,0.92202,0.61078
0.42234,0.68919,0.12029,0.33478,0.75971,-0.17537,0.70696,0.37666,0.78691,1.1519,0.53363,0.32932
0.25591,0.35036,-0.19553,0.24316,0.26813,0.010883,0.65408,0.85948,0.31567,0.090559,-0.48758,-0.096513
0.34764,0.79101,-0.17867,-0.95949,-0.3474,-0.61468,-0.18923,0.4288,-0.41618,-0.0010292,0.21437,0.18426
0.33766,0.93873,-1.3254,0.0012663,0.64075,0.097121,0.089113,0.33462,-0.12618,-0.22586,0.15644,-0.26092
0.69295,0.82248,0.10725,0.246,0.44707,0.11206,-0.12097,0.6124,-0.33683,-0.58253,0.1594,0.602
1.2827,1.4757,0.25446,0.030651,0.45554,0.20929,0.043599,0.74118,0.32211,-0.19482,0.47017,0.56904
0.94425,1.1689,-0.20673,0.37241,0.36392,-0.49635,0.20234,1.0147,-0.36276,-0.13536,0.7514,0.17547
2.6705,2.981,1.5622,0.5611,0.7525,-0.11515,0.25998,1.0791,-0.28942,-0.19623,-0.21273,-0.16596
4.5892,4.1563,1.4141,0.63874,0.14698,-0.507,-0.79577,-0.41383,0.45283,0.32731,0.39341,0.25202
5.5956,4.0851,0.87119,-0.034631,-0.091922,-0.60625,-1.4316,-0.39049,0.38963,0.5495,0.20416,-0.60748
4.0426,3.6041,1.6798,0.9563,-0.15522,-1.1449,-0.54135,-0.20783,0.042087,0.35198,0.66681,0.28353
6.5658,3.8514,0.0066569,-0.12707,0.63838,-0.91546,-0.99949,-1.2003,0.48276,0.87649,-0.38473,-0.83832
5.1504,3.7894,0.2019,0.12134,0.66459,-1.2517,-0.26041,-0.54995,0.37956,0.762,-0.030566,-0.069715
3.9553,4.3373,0.80843,0.25666,1.1025,-1.5126,-0.66457,-0.44607,0.99662,0.3174,0.56575,-0.63609
4.5611,4.2264,0.93347,0.29526,0.87964,-1.6521,-1.018,-0.76992,0.67033,0.54887,0.56776,-0.51471
4.8959,3.834,0.51742,0.18724,0.53038,-1.4457,-1.0084,-0.64452,0.81099,0.83763,-0.016784,-0.18005
4.5701,4.5758,0.48362,-0.62534,0.2777,-1.4277,-0.085806,-1.0279,0.31021,1.0569,-0.086699,-0.4101
4.26,3.502,0.43794,-0.21633,0.98285,-1.2633,-0.82077,-0.22171,-0.14125,0.61642,0.18448,-0.21154
3.8249,4.261,0.017397,-0.17372,0.84541,-1.4407,-0.20681,-0.5321,0.18377,1.0528,0.29533,-0.3818
3.4633,4.4206,0.10883,-0.60424,1.0037,-1.4142,-0.61803,-0.42049,0.72377,0.72423,0.34067,-0.22999
4.2408,4.209,0.0084389,-0.44027,0.5585,-1.678,-0.6878,-0.63225,0.30395,1.0878,0.42641,-0.95391
4.548,3.3306,-0.045701,-0.14003,0.33205,-1.595,-0.49639,-0.98237,0.27458,0.87051,0.34251,-0.38722
4.7538,2.4486,0.32714,-0.87033,0.3879,-1.2189,-0.84618,-0.76106,0.44734,0.52819,0.62415,-0.69738
5.3467,2.5879,0.56329,-0.93795,0.29011,-1.1135,-0.72539,-0.47294,0.5861,0.80062,0.26002,-0.55011
5.515,2.1691,0.71593,-0.86166,0.012212,-1.1669,-0.4898,-0.4189,0.67652,0.59983,0.51981,-0.053555
5.4828,2.487,0.88048,-0.76033,-0.013176,-1.3157,-0.94638,-0.55601,1.1665,0.85075,0.49216,-0.36322
5.6577,1.8708,1.062,-1.3689,-0.16904,-1.1236,-1.4335,-0.53025,1.7124,0.55221,0.77673,-0.75925
5.3473,2.2049,-0.98473,-0.52272,-0.24717,-1.7333,-0.81932,-0.42777,1.3595,0.87605,0.45736,-0.80333
6.7574,1.3093,-0.97321,-0.31111,-0.15434,-1.8599,-0.46944,-0.72183,1.6118,0.13473,1.085,-1.3639
5.6707,-0.3067,0.050604,-0.34816,-0.66886,-0.53019,-0.79492,-0.87322,1.588,0.63878,0.43001,-0.48367
6.0083,-0.1944,0.29487,-0.15893,-0.62878,-0.57778,-0.75535,-1.1803,1.3995,0.7434,0.67845,-0.36941
6.0843,0.15285,0.012722,-0.32085,-0.45361,-0.67807,-0.68046,-1.2202,1.3082,1.272,0.6947,-0.20462
6.3647,0.17481,-0.50912,-0.54258,-0.64433,-0.52592,-0.62447,-0.95791,1.1505,1.5398,1.0997,-0.60445
6.5739,-0.36943,-0.5398,-1.0415,-0.68887,-0.31182,-0.31901,-1.1853,1.1266,1.2471,1.0644,-0.2864
7.2916,1.0477,-1.9253,-0.54993,-0.82184,-0.296,0.38864,-0.84571,1.1448,0.7937,1.1545,-0.29215
6.54,1.8034,-2.0218,-0.46341,-1.1732,0.44034,0.33684,-0.68235,0.54261,0.96189,0.65903,-0.01169
7.1585,1.7435,-1.4554,-0.86041,-0.48763,0.40058,0.45656,-0.57019,-0.087337,0.89607,0.27543,-0.15387
6.9282,2.3841,-1.8852,-1.3061,-0.58907,0.77725,0.4134,-0.73261,0.22659,0.76483,0.74593,0.21536
6.1658,3.3882,-1.9441,-2.5387,-1.4507,0.80058,0.63645,-0.47782,-0.055537,0.013259,0.80978,0.76869
5.8164,2.3543,-2.1961,-1.9829,-1.5855,0.59532,0.38484,0.18129,0.55694,0.25742,0.07678,0.43382
6.6101,3.2019,-1.5,-1.8518,-1.648,0.81172,0.05104,-0.22136,0.57692,-0.42532,0.26066,-0.16436
7.3261,3.0904,-1.2014,-2.2008,-1.7884,1.0606,0.23953,-0.38703,0.29372,-0.51425,0.72745,0.004808
7.2261,3.1842,-1.3642,-2.6406,-1.9117,0.88019,0.45079,0.083419,0.058723,-0.068075,0.79385,-0.12859
6.5945,2.9408,-1.3601,-2.2728,-2.4576,-0.30767,0.71966,0.46952,-0.122,-0.36758,0.14584,0.26241
7.7153,2.6658,-1.7021,-2.0503,-2.4659,0.20003,0.62136,0.15404,0.097743,-0.08755,0.58009,-0.16357
6.7491,2.8656,-1.0743,-2.1185,-1.8878,-0.53486,0.65979,-0.007361,0.41457,-0.11415,-0.017574,0.231
7.142,2.866,-0.65068,-1.9592,-1.996,-0.33346,0.54773,-0.025775,0.37689,-0.30173,0.34085,0.19389
7.7716,2.5154,-0.47324,-1.79,-2.0446,-0.10386,0.49334,-0.088045,0.28097,-0.25334,0.34893,0.4698
8.5586,2.3377,-0.28943,-2.4522,-2.3788,-0.13605,0.96511,-0.087145,0.32853,-0.27547,0.45857,0.25123
8.3376,2.3913,-0.029753,-2.7476,-2.4994,0.025717,0.68696,0.25784,0.28541,-0.2799,0.51204,0.16222
8.7591,1.883,-0.11648,-2.3295,-2.8902,0.011957,0.72308,-0.23887,0.44098,-0.21161,0.54183,-0.078367
7.9136,2.4777,-0.20437,-2.167,-2.6551,-0.11381,0.65785,0.10953,0.031696,-0.040161,0.32164,-0.18517
7.8732,2.4744,-0.35516,-2.0863,-2.2063,-0.053494,0.38698,0.037342,0.14908,-0.13501,0.13132,-0.048867
8.6837,2.393,0.10161,-2.213,-2.5466,0.1769,0.58177,-0.20542,0.2212,-0.28136,0.30257,-0.29638
9.1072,2.157,-0.048583,-2.2866,-2.4997,0.19919,0.59725,-0.40516,0.3252,-0.39543,0.28095,-0.25502
7.8782,2.2943,0.077715,-2.3867,-2.4876,0.20619,0.6912,-0.022943,0.076473,-0.36731,0.29291,0.1969
6.6613,2.4369,-0.56531,-2.4339,-2.2951,-0.33576,0.36591,0.37582,0.27497,-0.14449,0.092495,0.32881
7.7108,3.0855,-0.44925,-2.7037,-2.5373,-0.50183,0.98653,0.98065,0.40367,0.24619,0.46268,0.22075
6.0465,2.9281,0.24904,-1.0704,-1.4393,-0.80999,-0.24121,0.16878,-0.18382,-0.27717,-0.15779,-0.11315
7.4013,2.5717,-0.72085,-2.355,-2.2731,-0.93943,0.18907,0.25523,0.62786,0.25852,0.4434,0.21187
6.9759,3.9213,0.072728,-1.8916,-1.9564,-0.3288,0.33861,0.3356,-0.18298,-0.45899,-0.030039,0.31738
6.0276,3.4736,0.53457,-1.1877,-2.2405,-1.2565,-0.30045,0.54207,-0.67005,-0.37934,-0.29305,0.72761
5.3053,3.3856,0.33922,-1.4037,-1.2839,-0.42229,0.33425,0.33815,0.16129,0.39416,-0.072876,-0.17451
3.8882,1.9626,-0.91288,-0.95164,-1.1514,-1.1884,-0.78353,-0.12192,-0.14697,-0.281,-0.37068,-0.22282
3.9388,3.3229,0.32324,-0.50163,-0.77516,-0.58566,0.020688,0.063273,0.087179,-0.20065,0.075912,0.3755
3.2536,3.284,0.33464,-0.89583,-0.42457,-0.16345,-0.084465,0.18885,-0.054854,0.44354,0.22986,0.54405
3.1731,2.761,0.8187,0.4258,0.091758,-0.31563,0.07729,0.77213,-0.087703,0.062728,-0.097236,-0.43341
2.3915,1.1068,-0.36301,-0.87019,-1.0759,-0.80847,-0.52367,-0.048554,-0.27559,0.4212,0.51989,0.36059
2.3743,1.8644,0.25403,0.73419,0.19209,0.63731,0.93079,0.40451,-0.93253,0.34989,0.25355,0.33895
1.3625,0.95375,-0.33729,-0.42307,-0.19792,-0.46297,-0.32068,-0.0098195,-0.031962,-0.29751,0.18221,-0.055692
1.4517,1.8628,0.065336,-0.15827,0.13992,-0.36149,-0.90622,0.34182,0.18391,-0.015026,0.38774,0.15561
1.3517,1.4619,0.47577,0.090608,-0.22155,-0.73752,-0.11994,0.014515,-0.47472,0.33847,-0.076867,-0.37138
1.8268,1.4358,0.25493,0.71101,0.4916,-0.05583,0.42309,0.96667,0.33768,0.38851,0.59969,0.16812
1.1601,1.7472,0.64962,0.76991,-0.18136,-0.58591,-0.4659,0.94481,0.7183,0.58766,0.55718,0.10223
1.4364,1.1882,0.5765,0.71025,0.61772,0.14315,0.61139,0.21713,0.10487,-0.17064,-0.08639,-0.10771
0.68675,1.0698,-0.17726,0.73679,1.0452,0.24496,0.7225,0.71973,-0.35581,-0.058784,-0.68956,-0.41224
0.34234,1.0235,0.38054,0.32712,0.80746,0.10127,0.43483,0.48192,0.05519,0.72243,0.52446,0.75311
0.41046,1.4093,0.80513,1.1204,0.97487,0.17375,-0.003866,0.42601,0.075984,0.69943,0.62513,0.69173
0.40968,0.37905,-0.55195,0.16528,0.43263,-0.11212,0.21773,0.88898,0.56271,0.25143,0.29621,0.22246
0.99631,1.2758,0.060114,0.8934,1.0051,0.37687,0.76755,1.2903,-0.20147,0.23124,0.40443,0.26133
0.28425,1.5932,0.34527,0.1876,-0.41102,-0.19721,0.47071,0.32796,0.30145,0.37673,-0.1089,0.13021
0.70783,1.7765,-0.24824,-0.10919,0.40077,0.00018699,0.25289,0.45514,0.64645,1.05,0.51078,0.19832
0.74071,1.3717,0.65055,1.1564,1.2572,0.76826,-0.10863,0.29997,0.01272,-0.026,0.056708,-0.38465
0.82254,1.3082,-0.70902,0.15675,0.86024,-0.72761,-0.32586,0.19473,0.44269,0.65668,0.094072,0.0045024
0.47883,1.1502,0.092972,0.2288,-0.083818,-0.21492,-0.33815,0.50944,0.38272,0.19149,0.46315,0.77676
0.32914,1.1282,0.0856,-0.16674,-0.20919,0.11194,0.33422,0.99578,0.15106,0.32143,0.12731,-0.0027576
0.87821,0.52304,0.11743,-0.066845,0.10574,0.24853,0.99038,1.0251,0.95044,0.64472,0.66284,-0.0003268
0.17274,0.72915,0.14023,0.15946,0.0098754,-0.60652,0.54504,0.71614,0.22324,0.28374,-0.063046,-0.18264
0.20659,0.68677,-0.19039,1.0796,1.0818,-0.5608,-0.4406,0.05407,0.23608,0.10192,0.45054,0.081483
0.87698,1.4395,0.011761,-0.042923,0.097197,-0.034404,0.036847,0.96993,0.44579,0.29629,0.3314,0.05047
0.11536,0.72673,0.16006,-0.26367,0.31322,0.72458,0.6535,0.99704,0.38037,-0.045689,-0.2928,-0.68533
0.57183,0.64423,0.65234,0.88106,-0.16494,-0.53086,0.063922,0.90578,0.69441,0.57922,0.26083,0.34787
1.0985,0.90306,-0.74493,0.062638,0.88339,0.37821,-0.13973,0.85288,0.3371,0.45683,-0.14732,0.36925
0.16224,0.88409,-0.59141,0.65056,0.1344,-0.57781,0.103,0.94828,0.24309,0.61886,0.7172,-0.73395
-0.28768,0.50638,-0.97127,-0.42118,-0.83752,-0.65478,0.20266,0.84324,0.9295,0.46142,0.71678,0.83014
1.0913,1.1511,0.23162,0.44649,-0.1998,-0.3682,0.54692,0.61387,-0.12996,0.42979,0.38691,0.38951
1.4982,1.421,0.12128,0.48821,0.38194,0.27473,0.43661,1.1605,0.46879,-0.15825,-0.32432,-0.62651
0.40694,0.96398,0.50456,0.80358,0.37174,0.89979,1.0869,1.2094,0.68751,0.24136,-0.10589,-0.17596
1.2046,1.3637,0.56662,0.19407,0.014632,-0.26994,0.005413,0.017211,0.79775,0.87584,0.42835,0.09089
0.69246,1.5112,0.65331,0.54985,-0.027549,0.59433,0.52551,0.7028,0.32287,0.61941,0.65233,0.44892
-0.10946,0.81558,0.010961,0.6843,0.33425,0.16836,0.20137,0.052412,0.206,0.46008,0.42101,-0.27043
0.88443,1.3107,-0.080946,0.47113,0.83304,-0.11571,-0.0085965,0.49818,0.11672,0.52984,0.81645,-0.095025
4.3802,1.3128,1.0972,1.563,-0.14164,-1.4627,-0.53954,0.071139,0.04386,0.845,-0.031418,-0.31342
4.288,2.5066,1.2738,1.1117,-0.42443,-1.562,-0.89701,-0.68445,-0.33927,0.32856,-0.69507,-0.30506
3.9375,2.5731,1.3938,1.8449,0.60033,-0.41834,-0.86978,-0.7078,-0.46155,0.67758,-1.0208,-0.84873
3.8225,3.5011,2.4398,1.5744,-0.12774,-0.72341,0.17733,0.21016,0.16478,0.42218,-0.36875,-0.62944
4.1147,2.5694,2.0809,2.2485,1.1626,-0.6635,-0.28659,0.33073,0.33975,0.12442,-0.76538,-0.10614
4.3877,3.0907,2.1149,1.7173,0.72543,-0.54795,-0.35532,-0.11204,0.72761,0.45857,-0.59007,-0.22221
2.765,2.5154,1.8522,1.5779,1.2669,-0.0081553,0.09644,0.34392,0.66238,1.0294,-0.53112,0.22634
3.3859,2.776,1.847,1.5133,0.52825,0.33853,0.85311,0.21574,0.50617,0.7641,-0.44995,-0.49729
4.2732,2.6725,2.2929,1.1609,0.51983,0.15054,0.5822,0.45852,0.18706,0.045924,-0.71823,-0.16064
2.9663,2.1045,1.9905,2.1652,1.1013,0.010881,0.18174,0.06126,0.56413,0.76137,-0.27832,-0.12817
3.2026,1.8108,1.861,2.3856,1.3204,0.2842,0.46095,-0.058228,0.54572,0.39242,-0.14827,0.0063696
5.3747,2.6671,1.6358,2.5586,0.55315,-0.09973,-0.4007,-0.88605,0.41431,0.53872,-0.33538,0.058389
4.1909,2.2026,1.3952,2.0503,0.66826,0.36044,0.35687,-0.25839,1.0205,1.0461,-0.57287,-0.40573
3.9733,3.0484,1.6928,1.7867,0.82628,-0.36425,-0.29029,0.07931,0.27965,0.83449,-0.11289,-0.49554
5.4044,3.2455,2.2537,2.0432,0.24019,-0.76269,-0.55622,-0.52483,0.30029,0.94348,-0.34488,-0.30863
4.9167,1.7852,2.0472,0.91916,0.16066,0.48029,-0.55327,-0.083145,0.4778,-0.15656,-0.17094,0.34009
5.8367,1.9632,2.0859,-0.3935,-0.48288,0.04563,-1.7867,-1.0334,0.80926,-0.23522,0.63899,0.26408
6.9856,1.6939,0.61533,-0.75286,-0.09483,-0.37412,-1.5782,-0.6148,1.0433,0.19052,-0.47313,-0.5964
6.4709,2.14,0.20041,-0.53706,-0.3767,-0.29476,-0.56852,-0.68388,0.76046,0.50084,-0.14324,-0.80779
6.9742,2.1953,0.21867,-0.44327,-0.66454,-0.092326,-0.94152,-0.93214,0.88335,0.59037,0.27172,-0.49213
6.7757,2.1734,0.11842,-0.61229,-0.61573,-0.34183,-1.1272,-0.72586,1.019,0.91199,0.2499,-0.34626
7.0851,1.6542,-0.061799,-1.2046,-0.49726,-0.40273,-1.2272,-0.81095,1.1803,1.2687,-0.085678,-0.40652
6.6679,1.3462,-0.42104,-0.84487,-0.50182,-0.53086,-1.1046,-0.81637,1.4202,0.83871,0.08099,-0.23033
6.8474,1.444,-0.50175,-0.66275,-0.65712,-0.34484,-0.75761,-1.018,1.0929,0.94041,0.23816,-0.50099
6.7449,1.1933,-0.2805,-0.70073,-0.67877,-0.14498,-0.89959,-0.71204,0.82493,0.72614,0.18893,-0.048474
7.0576,1.6445,-0.25837,-0.55948,-0.73553,-0.25537,-0.86381,-0.66567,0.82244,0.89334,0.24815,0.034935
6.4106,1.6868,-0.088579,-0.42674,-0.71189,-0.85574,-0.80329,-0.48391,1.1011,0.93346,0.29871,0.14544
6.4803,1.3612,-0.23251,-0.45391,-1.153,-0.62505,-1.0267,-0.33382,1.2898,1.4063,0.35554,-0.22691
7.4652,0.77387,-0.31541,-0.67409,-1.4212,-0.37624,-0.93372,-0.68688,1.4611,1.2384,0.46901,-0.11066
7.1704,0.9855,-0.38643,-0.74669,-1.0005,-0.54439,-0.77979,-0.90871,1.3469,1.1331,0.3842,-0.018032
6.9799,1.6202,-0.43227,-0.71537,-0.6021,-0.49949,-0.62586,-0.36814,0.54582,1.1519,0.57512,-0.046657
6.449,1.7048,-0.024191,-0.42267,-0.42395,-0.26538,-0.52446,-0.72888,0.47454,0.99533,0.94328,0.16188
6.4882,2.1176,-0.28706,-0.021675,-0.53168,-0.31132,-0.5817,-0.93894,0.92749,1.3307,0.65094,-0.12951
5.2185,2.2787,0.60489,0.13145,-0.72707,-0.64226,-0.50837,-0.66191,0.60099,1.168,0.80777,-0.63101
3.7114,1.257,-0.29679,-0.35153,0.039081,-0.14573,-0.77524,-0.22961,1.1934,1.0508,0.66893,-1.1075
2.7748,1.7425,0.11282,-0.79101,-0.091771,-0.60913,-0.40244,0.31333,0.73016,0.33857,0.52466,-0.59103
1.897,0.11044,-0.59494,-0.97859,-0.08794,-0.019473,-0.5275,-0.19407,1.2836,-0.00079947,0.26326,0.010762
1.6727,0.37531,-0.26864,-0.53418,0.11926,0.37025,-0.15792,0.090905,0.89872,-0.3409,0.76982,-0.14541
0.42387,-0.26061,0.25759,1.0017,0.68836,1.0089,0.48506,0.52191,1.2527,-0.36816,0.29485,-0.40053
0.60217,-0.43328,-0.42527,-0.051578,0.47579,0.3954,-0.41551,0.2087,1.5134,0.37751,1.0132,-0.29622
0.5398,-0.63879,-0.79403,-0.39542,0.71731,0.75539,-0.56121,0.077388,0.68964,0.50617,0.64323,0.17852
0.98868,-0.61281,-0.39736,-0.1907,0.1417,0.5538,-0.49696,0.04494,1.0585,-0.15606,0.17607,-0.036661
0.58791,0.063738,-0.63971,-0.49098,-0.71109,-0.13477,-0.87822,-0.58629,1.0842,0.89081,0.92916,-0.34691
-0.35275,-0.69596,-0.43312,-0.69362,0.047484,0.30499,0.2786,-0.070671,1.603,0.99634,0.97558,0.20253
0.1201,-0.22828,-0.82584,-0.82744,0.33916,0.44444,0.29268,0.15904,0.81539,0.70435,0.94122,0.18834
-1.2309,-2.2116,-1.3766,-0.63971,0.40811,0.16214,-0.96729,-0.71363,0.026362,-0.075679,0.4459,-0.10012
-0.030433,-0.68357,-0.88987,-0.42303,0.47105,0.1858,-0.55921,-0.13896,0.91933,0.74487,0.59352,0.58692
0.26756,-1.8433,-1.2543,-1.3445,-0.52007,-0.23574,-0.14576,0.54954,1.579,0.4357,1.0379,0.8804
0.036599,-1.1961,-0.73502,-0.28512,0.67242,0.46449,-0.29176,0.082859,0.21572,0.34776,0.75865,-0.034613
1.8187,-0.30432,-0.81409,-0.60054,0.69799,0.07784,-0.371,-0.39487,1.38,0.4719,0.60586,0.026321
0.79282,-1.2522,-0.79466,-0.70529,0.15395,-0.11361,-0.87522,-0.08899,0.54471,0.45989,0.14177,-0.36596
1.1055,-1.8731,-0.67665,-0.79776,0.42688,1.5048,-0.70665,0.21437,1.375,1.2592,0.82632,0.39475
1.6424,-1.3322,-1.4093,-1.0777,0.23817,0.90598,-0.71953,-0.050667,0.96859,0.95383,0.47116,0.15169
1.9833,-1.0115,-1.2645,-0.48671,-0.010729,0.29423,-1.2739,-0.5479,1.0638,0.89806,0.58628,0.41661
2.4828,-0.1443,-0.085873,0.20505,1.1948,0.89765,-0.62103,-0.099357,1.2417,1.2118,0.39951,0.096293
1.5013,-0.67776,-1.2536,-0.19736,0.80783,0.18648,-1.2196,-0.56643,0.92001,1.0086,0.51363,0.24001
1.1715,-0.66446,-0.49074,0.31365,0.21041,-0.35093,0.20061,0.65782,1.5059,1.7013,1.0341,0.61437
1.6045,-0.55541,-0.86076,0.68827,1.07,0.48219,0.44935,-0.36108,0.7865,1.7177,1.0051,-0.37856
1.5705,0.45748,-0.854,-0.31052,0.33273,0.1466,0.31578,-0.26062,0.78554,1.6058,1.1856,-0.0037227
1.6657,0.013357,-0.80374,0.36798,0.7221,-0.010819,-0.17522,-0.050631,1.057,1.4721,1.0243,-0.02158
2.7291,1.3864,0.23569,0.45142,0.39026,-0.01259,-0.26047,-0.0018099,0.59448,0.69254,0.49371,-0.67646
1.703,0.063248,1.0447,0.51638,1.2476,0.47355,-1.4062,0.26865,0.93248,0.21327,0.9841,-1.5126
2.4639,1.0811,1.1143,1.0995,0.76935,-0.15593,-0.7546,0.1968,0.38085,0.26161,0.61505,-0.43631
1.7258,1.008,0.62009,0.89957,0.69674,-0.45223,-0.85392,0.22285,0.18793,0.45849,0.45244,-0.51579
0.75124,0.49537,0.033597,0.35178,0.29802,-0.087266,-0.68511,0.3554,0.22871,0.50283,0.73402,0.097446
0.62824,0.55854,0.44429,0.73436,0.48612,0.28582,0.051965,0.88516,0.090808,0.084563,-0.08441,0.34705
1.711,1.326,0.66763,1.019,0.26536,0.019565,0.21983,0.44102,-0.64101,-0.66665,0.30381,0.89429
1.1825,0.73964,-0.045093,1.0688,1.1951,-0.060108,0.19125,0.15308,0.092554,0.41181,0.056712,0.40365
0.28563,0.77104,0.01952,0.94803,1.6742,0.3126,0.69701,0.50255,0.52456,0.44972,0.80351,0.71102
0.87268,1.3327,0.38835,0.63292,0.55085,-0.095864,0.65501,1.559,1.487,0.30233,-0.31407,0.12353
1.6327,2.0397,0.61071,0.57079,1.2968,-0.0081634,0.10678,1.3363,0.24736,0.47206,0.12433,-0.058265
1.712,1.7886,0.04446,-0.24465,-0.079253,-0.44927,-0.2459,1.0812,0.50551,1.1073,0.33039,-0.62867
2.4233,1.6393,0.080299,-0.20532,-0.06676,-1.0466,-0.68913,-0.24283,-0.16313,0.70842,0.45679,0.67742
1.8961,1.7279,0.16879,-0.45275,-0.094196,-0.28806,-0.56291,0.15064,0.17548,0.29195,0.49871,-0.2476
2.5611,1.7971,-0.41424,0.16111,-0.6561,-0.85948,-0.61096,0.073959,-0.028106,0.23353,0.02212,-0.092995
1.7972,1.8418,0.87652,0.36141,0.27973,-0.05351,-0.35458,0.40902,0.67642,0.31692,0.026903,0.12522
1.6107,1.4752,0.29669,0.040322,0.0027818,-0.42645,-0.79008,-0.014671,0.027331,0.53912,0.59081,0.38301
1.0536,0.73446,0.25077,-0.066437,-0.12437,-0.60648,-1.1979,0.10228,-0.18767,-0.49928,0.63864,0.46885
1.6296,1.9335,0.24451,-0.24829,-0.54717,-1.4819,-0.67294,0.045348,-0.23238,0.75982,0.89117,0.98453
1.1909,1.1976,-0.013287,-0.56667,-0.76408,-1.5009,-0.6503,-0.49633,-1.1063,-0.047426,0.59636,0.77153
1.7815,1.107,0.18933,0.39592,0.66336,-0.033914,-0.22131,0.58789,-0.14279,0.30403,0.71228,1.0412
0.44383,0.70672,0.42451,0.77367,0.72647,0.45894,0.71757,0.9218,0.48501,0.5169,0.85465,0.36629
1.0688,1.4428,0.49286,0.39992,0.37764,-0.16784,0.49251,0.82501,0.54143,0.17777,-0.30573,-0.12095
1.5027,1.3593,-0.32416,0.61236,0.76555,0.10972,0.34441,0.38001,0.37324,0.84322,-0.069343,-0.015822
0.26052,0.64082,1.6972,-0.09068,-0.25176,1.086,0.32121,0.24551,1.2092,0.53012,-0.72906,0.51314
0.3088,0.29383,0.106,-0.014695,-0.070555,-0.70406,-0.049315,0.38167,0.33795,0.24482,0.047557,0.55153
1.5871,0.64784,-0.23309,0.38342,0.064392,0.34584,0.42354,0.31898,0.69392,-0.17293,0.39769,0.19542
-0.64508,-0.37903,0.11231,-2.5179,-0.23829,0.66368,-0.79728,0.12317,0.52277,-0.15725,0.070025,0.3051
-1.1224,1.0152,0.10895,-2.8363,-1.2089,-0.087418,-0.17007,-0.5469,1.3584,0.21169,0.96915,0.46268
-2.1741,-0.54117,-0.39717,-2.0638,-1.2685,-0.16218,-0.18433,-0.37916,1.3457,0.068485,1.7379,0.14192
-3.3465,0.44135,-0.032033,-1.5475,-0.75303,-0.35941,0.90333,-0.32966,1.1372,-0.17082,1.4156,0.33965
-1.7982,1.2897,1.3765,-0.63256,-0.46478,-0.33946,0.22841,-0.11045,1.4758,-0.49218,0.93111,0.462
3.3416,2.1211,1.4979,-0.239,-1.5197,-1.0341,-0.15971,-0.16684,0.11936,-0.67465,0.64738,-0.40708
5.0377,1.7235,1.1129,0.24284,-2.267,-1.5887,0.19482,-0.30864,0.66991,-0.61436,1.1055,-0.0027337
5.187,0.9201,0.71198,0.073281,-2.1861,-1.7117,0.26383,-0.072083,0.98049,-0.51172,0.94293,0.10185
5.5344,0.52087,0.10896,-0.37952,-2.0174,-1.4348,-0.0355,0.18213,1.3859,-0.33719,1.0736,-0.019193
5.1729,0.52825,-0.38993,-0.78368,-1.8423,-1.5214,-0.22575,0.2761,1.4343,0.18912,0.71967,-0.11739
6.7141,-0.1534,-0.85365,-1.0261,-1.9343,-1.1275,-0.83114,0.1436,2.186,-0.54727,1.006,-0.40442
6.4274,0.044605,-1.2262,-0.96031,-1.4945,-1.4025,-0.6831,0.5169,1.1563,0.21016,0.79443,-0.78423
6.4775,0.13487,-1.0505,-1.2002,-1.1934,-1.2531,-0.43215,-0.042674,1.2208,-0.17212,0.7143,-0.87964
7.0074,0.19889,-1.2705,-0.94946,-0.66702,-0.96619,-0.54674,0.11105,1.2626,-0.87287,0.73104,-0.9363
6.5419,0.27265,-1.2454,-0.93524,-0.53428,-0.94507,-0.35818,0.042909,1.3331,-0.8668,0.66658,-1.0424
6.8563,0.50082,-1.1646,-0.75837,-0.34856,-1.0149,-0.22678,0.046619,1.1623,-0.51144,0.65737,-1.3132
6.8934,0.83073,-1.2945,-0.84512,-0.33871,-0.9709,-0.17147,0.11792,1.2564,0.095461,0.68878,-1.8816
6.5745,1.1642,-1.5732,-0.84666,-0.58752,-0.98889,-0.13153,-0.13388,1.5556,0.1625,0.88285,-1.6448
6.6852,1.6563,-1.8508,-0.52263,-0.68166,-1.1047,-0.15222,-0.55894,1.2246,0.59514,1.2798,-1.8847
6.426,2.2857,-1.0696,-0.18824,0.1239,-1.526,-0.2952,-1.1952,0.75586,0.21982,1.4612,-1.3156
5.6312,1.8257,-0.19391,0.30687,-0.50719,-1.0636,-0.4672,-0.38032,0.94551,0.79567,0.53561,-0.73822
5.9523,2.1609,-0.091851,0.048071,-0.45888,-1.3592,-0.30536,0.18121,0.11227,0.69987,0.65434,-0.59107
6.0453,2.3569,-0.071848,0.29321,-0.43974,-1.1345,-0.8966,0.21082,-0.0018302,0.7813,0.86515,-0.13738
4.9976,2.2737,0.099687,0.25302,-0.30425,-1.1056,-0.42247,-0.036162,0.43567,0.73145,0.4709,-0.19024
4.23,2.2449,0.59158,0.89944,-0.3228,-1.12,-0.49086,0.23856,0.49788,0.42548,0.36998,-0.36172
3.7635,2.086,-0.035548,0.58024,0.51724,-0.6161,-0.34127,0.2062,0.76565,0.27846,0.13148,0.12992
3.8982,1.9091,0.28748,0.96314,0.21948,-0.67878,-0.09209,0.66734,0.44122,0.82994,0.10253,-0.31292
3.8631,2.6144,0.4444,0.22267,-0.025118,0.015036,-0.10596,0.58542,-0.068586,0.1126,0.50707,0.030099
3.0016,2.51,0.96609,1.3906,0.84711,-0.42253,-0.32498,-0.19596,0.37067,0.16982,-0.098914,-0.067733
0.40674,-0.34598,0.80548,-1.4043,0.86482,-0.01517,0.57878,0.047403,0.32247,0.19995,0.16805,-0.6408
-0.0089331,0.45891,-0.33669,-1.5913,0.83777,-0.74038,0.63373,-0.13428,-0.010651,0.87086,1.2283,0.47624
-0.044686,1.0658,0.47905,-1.3569,1.181,0.51293,0.50957,0.10982,0.155,-0.023056,1.34,-0.71386
0.98956,1.1753,-0.63148,-1.0332,1.337,0.56101,0.19953,-0.28561,1.1544,0.28323,1.1046,-0.68541
0.82038,1.1608,-1.9601,-1.2579,2.1179,0.36345,0.45487,-0.16512,0.083898,1.1456,0.69083,0.060492
0.91337,1.8442,-2.1933,-1.4522,0.86998,0.3717,0.67222,-0.42009,-0.12106,0.40928,0.10517,-0.45558
1.6398,1.4936,-3.0303,-2.9262,0.098899,0.64043,0.77343,0.35747,0.94202,1.3863,1.4609,0.55656
1.0008,2.1147,-0.76205,-1.2574,0.32655,0.58344,-0.26539,-0.2917,0.56377,1.1182,0.47282,0.29483
-0.3278,2.705,-0.69953,-1.9612,0.99673,0.87658,0.88327,0.52552,1.0701,0.52502,0.80366,-0.42793
-0.086437,1.7664,-1.0198,-0.81798,1.3969,1.1535,0.15759,0.59744,1.0852,0.15757,0.42725,-0.47226
0.66247,1.5093,-0.67444,-0.97223,1.4109,1.3509,0.435,0.60831,0.63199,-0.19078,0.78388,0.25114
-0.21139,0.58536,-2.3052,-2.2986,0.0046393,-0.09935,0.066833,-0.11425,0.027801,-0.094869,0.94781,0.75205
0.6926,1.4458,-1.1039,-1.5351,0.44141,0.075526,-0.046321,0.015476,0.71666,0.26111,0.79166,0.36449
1.7331,0.92909,-0.73226,-0.40076,0.63456,-0.39924,-0.599,-0.4871,-0.14412,0.23823,1.5282,0.52022
1.2304,1.3805,-0.59421,-0.62375,0.96047,0.76108,0.15229,0.048787,0.28444,1.1087,0.84875,0.82977
1.0544,1.5227,-1.0864,-0.64197,0.29814,0.087087,0.46862,0.29135,0.56052,-0.0080905,0.14375,0.36929
0.78634,1.1285,-0.32941,0.086027,0.079204,0.043291,-0.013976,0.29065,-0.16468,0.34469,0.18712,0.08189
0.97905,1.5449,-0.037581,0.22863,0.8724,-0.20375,-0.082281,0.76083,0.31538,0.79857,0.71158,-0.60518
0.12881,1.1048,-0.13475,0.16198,1.0957,0.19973,0.36817,1.0628,0.78804,0.28506,0.33028,0.011324
0.26041,1.2341,-0.40226,-0.23086,-0.0022461,-0.41967,1.086,0.58066,-0.63756,0.12568,0.074139,-0.14099
-0.56829,0.59513,-0.84891,0.46281,0.68044,-0.1666,0.28672,0.87007,0.6301,0.80214,0.47623,0.70372
1.2933,2.0483,0.32623,0.78199,0.30228,0.12013,0.27918,0.56165,0.094689,0.81791,0.55672,-0.44857
1.0478,1.8076,0.64391,0.38559,0.79487,0.49396,0.25898,0.1367,0.29848,0.19179,-0.039176,-0.13077
0.0703,0.77641,-0.14696,0.14803,0.18905,-0.20115,-0.041067,0.70978,0.61328,0.35115,-0.24969,-0.76076
0.45851,0.44307,-0.36258,-0.2037,0.048186,-0.50747,-0.50086,0.41671,0.6085,0.60105,-0.063354,-0.1443
0.60136,0.99286,0.56401,0.37857,0.0011218,-0.098548,0.6148,1.2612,-0.11929,-0.17722,0.23619,0.52287
0.7054,1.0892,0.39454,0.40229,0.10911,-0.2644,-0.42696,0.41358,0.17207,0.54544,0.66991,0.16942
1.2564,1.1283,0.057052,0.27989,0.11709,-0.17541,0.02544,0.89648,0.51703,0.34518,0.094245,0.10044
0.16973,1.1108,-0.17009,0.40584,-0.12973,-0.34344,-0.048986,0.56706,-0.064201,-0.038742,0.40905,-0.16544
0.48288,1.2433,0.41313,0.55331,0.88999,-0.10298,0.3275,1.2148,0.42186,0.016203,0.38622,-0.080371
-0.49082,1.262,0.77719,0.73717,1.6537,0.69131,0.88097,0.93092,0.47114,0.39438,0.19096,0.1786
1.0739,0.87178,-0.054781,0.20922,0.64386,-0.08922,0.086771,0.036918,0.13893,0.54302,0.51367,0.079533
0.4898,0.21641,-0.52014,-0.67808,0.056045,-0.064264,0.15141,0.58131,0.33303,0.18869,0.0034137,-0.086227
0.63022,1.2405,-0.37757,-0.15379,0.28114,-0.35042,-0.012992,1.0773,0.6122,0.094464,0.2273,0.62886
0.61218,1.0708,-0.02421,0.18156,0.47616,0.25953,-0.36357,0.82452,0.26319,-0.19981,0.21965,0.54165
0.66563,1.1983,0.23956,-0.041349,0.6076,-0.0031938,0.043957,0.43694,0.23809,0.90257,0.44663,0.14946
1.1476,0.74625,-0.56776,-0.05883,0.036901,0.17757,-0.4562,0.31521,0.30773,0.09999,0.44286,0.31975
0.96461,1.3081,0.10084,0.16626,0.31203,0.23781,-0.50237,0.40675,0.20734,0.18753,0.22112,0.51945
1.1442,1.0351,0.082889,0.96895,0.11432,0.032821,0.51105,0.72551,0.86937,0.38847,-0.10405,-0.093296
1.0723,0.38254,0.37172,0.98369,0.48403,-0.27167,0.039776,1.1374,0.6016,0.99973,0.34151,0.44114
0.29131,1.0111,-0.41362,0.00055133,0.76509,0.54443,1.0321,0.96879,-0.073907,0.3933,0.44747,0.69016
0.39568,1.642,1.0398,0.41011,0.1888,-0.39034,0.44318,1.325,0.30075,0.20892,0.18734,0.31152
-0.28242,0.97074,0.4961,0.44012,1.1599,1.1961,0.44583,0.5264,-0.39155,-0.233,-0.30602,-0.20905
0.96611,1.554,0.069133,0.73629,0.17423,-0.36661,0.13698,1.8736,0.77399,0.73643,0.56134,0.49965
-0.24526,-0.027967,-0.14708,0.2574,0.95222,0.053277,0.16273,0.7231,0.11462,-0.27725,-0.019331,-0.24314
1.3624,1.1681,0.042484,0.3361,0.43986,0.68875,-0.22427,0.35294,0.4348,0.25721,0.45401,0.073019
0.87152,0.75333,-0.6814,-0.11261,0.37433,0.11144,0.79272,0.34661,-0.12923,0.52288,0.25665,0.21334
1.1696,0.768,0.028165,0.47132,0.46478,0.34932,0.46582,0.21506,-0.13453,0.76995,0.4247,0.040333
1.2574,1.7382,0.2619,0.46614,0.34611,0.55227,0.4034,0.59052,0.05349,0.065571,0.55743,-0.10983
0.82077,-2.1261,0.63714,-1.9633,-0.55882,0.81232,0.51972,0.89566,1.0541,-0.30833,0.22991,0.090888
1.248,-0.027325,0.12435,-2.3454,-0.70802,0.20315,0.1236,0.043448,0.84457,0.43948,1.535,0.21836
1.7342,0.73161,-0.20494,-1.7911,-0.88885,-0.32332,0.13986,0.6271,0.93738,0.18677,0.82567,-0.17813
2.149,0.66274,-1.6797,-3.3661,-1.1036,0.15412,0.51598,0.68561,0.81408,-0.34654,-0.12335,-0.461
2.8391,1.744,-0.28342,-2.3494,-0.40753,0.17366,-0.30435,0.11274,0.55323,0.089829,0.45206,0.21743
3.4183,2.3798,-1.6559,-2.6608,-0.98354,0.58736,1.1647,0.70062,0.65442,-0.28459,0.58482,0.01707
2.8383,2.7244,-0.87941,-3.4985,-1.0331,0.40611,0.96562,0.54186,1.1721,-0.45813,-0.06656,0.3731
2.1253,2.3147,-1.8403,-2.1475,-1.9578,0.27384,0.025212,0.19114,0.33056,0.034186,0.45844,0.41727
2.0264,2.6152,-1.4978,-1.6849,-0.58921,0.57044,0.20276,1.305,0.62145,-0.59681,0.34679,-0.20378
2.7485,2.7732,-2.7136,-2.5301,-1.743,0.10037,0.81224,1.4377,1.9181,0.60395,1.2198,1.0294
1.6595,3.1624,-1.2741,-0.56265,-1.2638,-0.40017,0.70088,0.71129,0.96209,0.65906,0.68041,-0.10163
2.1617,3.7607,-1.0846,-0.64828,-1.4747,-0.57218,0.035093,0.1955,0.12333,0.14331,0.98462,0.51091
1.4601,2.8135,-1.2583,0.05393,-0.29681,0.69543,0.5218,0.56979,0.41255,0.12758,0.18196,0.22193
0.78502,2.9722,-0.84329,0.11117,-0.15373,-0.18202,0.00046858,1.2342,0.51667,0.37133,0.617,0.095937
0.77971,2.6653,-0.79809,-0.35788,-0.35871,0.75157,0.55068,1.1328,0.45912,-0.054782,1.0141,0.18013
-0.29435,1.7346,-1.5311,0.074112,0.34035,0.37605,0.78894,0.50675,0.045411,-0.55607,0.15152,0.071827
1.6861,1.7855,-1.285,-0.47078,-0.053335,0.61468,0.99964,1.1906,1.3247,1.0433,0.79537,-0.13606
5.1641,3.7604,-0.27173,-0.96665,-0.77067,-0.34294,0.3027,-0.053611,0.37083,-0.048422,-0.17259,-0.28567
7.5561,4.3335,-1.4653,-1.5501,-0.98542,0.074036,0.67651,-0.2752,0.77445,-0.29998,0.65611,-0.074659
7.9129,3.7169,-1.4899,-1.8632,-1.6787,-0.43145,1.0197,0.11199,0.20437,-0.10537,0.83491,-0.063378
7.8068,3.8271,-1.8014,-2.0047,-1.9606,-0.22285,1.4046,-0.19773,0.57641,-0.34344,0.98793,0.24396
6.8644,2.6718,-1.2556,-2.0774,-1.9843,-0.15918,0.77783,0.4118,-0.0045507,-0.050486,0.64534,0.56137
7.5979,2.9648,-1.3478,-1.9641,-2.3032,-0.34262,0.96168,0.062823,-0.14252,-0.29803,0.97454,0.043255
7.9237,2.9625,-0.8728,-2.4938,-2.3552,0.21397,0.96938,-0.47293,0.078247,-0.461,0.90798,0.14111
7.5721,3.4294,-1.3681,-2.2923,-1.4647,0.054695,1.1719,-0.66527,0.30823,-0.44527,0.68812,-0.10526
6.8127,3.1324,-0.87947,-1.8717,-1.4458,0.16327,1.3871,-0.57308,0.14748,-0.8473,0.81924,0.022471
7.2083,2.9989,-1.0143,-1.6096,-1.3446,0.33792,1.4357,-0.45978,0.24879,-0.78336,0.91528,-0.083976
6.9842,3.0359,-0.90848,-1.7375,-1.641,0.51184,1.7324,-0.39089,0.18074,-0.55893,1.0914,-0.052822
6.418,2.9686,-1.3969,-2.0593,-1.9476,0.72335,1.5703,-0.46556,0.28875,-0.14285,1.1685,0.13963
6.4258,2.4819,-1.423,-2.3664,-1.5018,0.5376,1.3261,-0.19293,0.23513,-0.2375,1.1261,0.35083
7.5305,2.2245,-1.5295,-2.1563,-1.8153,0.8013,1.2637,-0.69162,0.24945,-0.51146,1.4528,-0.114
6.8804,2.2155,-1.2721,-1.9742,-1.4609,0.41774,1.0753,-0.13585,-0.13163,0.020779,0.65666,-0.085289
7.8924,2.1889,-1.7085,-1.6825,-1.4691,0.72273,1.2148,-0.55704,-0.048744,-0.073018,0.65373,-0.31467
6.8996,2.1907,-1.0737,-1.5377,-1.3256,0.71381,0.8649,-0.18127,0.16832,-0.072054,1.3155,-0.089832
6.4078,2.7243,-1.1409,-1.8026,-1.9706,0.29292,0.54305,-0.39041,0.52639,0.11176,1.4793,-0.29414
6.0264,0.39806,-2.634,-3.0241,-2.0203,0.14454,0.1619,-0.85554,-0.17792,-0.047087,1.2667,-0.63116
6.1467,1.8906,-1.7915,-2.0701,-1.5348,0.15013,0.69845,-0.17398,-0.46345,0.65502,1.8677,0.39146
5.8494,2.1002,-0.93894,-1.2793,-0.37759,0.12436,0.088333,-0.36327,-0.46926,0.76819,1.1222,0.53893
5.3596,2.0474,-1.2357,-1.1783,-0.24532,0.48032,0.52664,-0.46392,0.11236,0.65377,1.2296,0.16536
5.4187,2.5801,-0.50859,-1.0396,-0.49288,0.37381,-1.7648e-05,-0.25378,-0.033154,1.3826,1.5943,0.42206
4.4646,2.5203,0.099112,-0.30535,0.023655,-0.089187,0.63226,0.034982,-0.42648,0.57088,1.5884,0.7588
3.0073,1.871,-0.11265,-0.18483,-0.23395,0.25945,0.8359,-0.56298,-0.57281,0.75948,1.2109,0.6651
2.7596,1.8675,-0.36939,0.075705,0.66206,1.2221,0.82524,0.55327,-0.37013,0.35391,0.66573,-0.11066
3.3276,2.2707,0.19358,-0.60156,-0.22612,0.22946,0.55564,0.33454,0.26254,0.58214,0.82332,0.43004
2.6626,2.7446,0.15119,-0.59787,-0.39728,-0.69227,-0.23524,0.11028,0.123,0.58359,0.54184,0.64886
2.5939,2.2405,0.011506,0.24769,-0.20969,-0.2823,0.70753,0.51242,-0.041639,0.78817,0.63535,0.22561
1.0555,1.5047,0.19283,0.42063,0.33312,0.0040243,-0.27945,0.26194,-0.10974,0.69329,0.30641,-0.18916
1.4839,1.1116,0.06957,0.16485,0.40343,0.44867,0.41775,0.33879,-0.29313,0.40739,0.23261,-0.41705
1.1265,1.0206,-0.32961,0.070793,0.8694,0.36674,0.848,1.3754,0.26623,0.89071,0.79281,0.28122
0.79305,0.49172,-0.32277,-0.38304,-0.35948,-0.080764,0.67007,0.78673,0.4573,0.91415,0.25821,0.40278
0.95105,0.26318,-1.5321,0.61478,1.7097,1.4368,0.62976,0.32554,0.52744,0.62709,0.37159,-0.2734
0.90872,0.16918,-0.99944,0.1475,1.0601,0.8967,0.012089,0.50796,0.55819,0.62465,-0.091977,-0.406
1.5383,0.56792,-0.7245,1.3862,1.8579,0.5637,-0.17875,0.54259,1.0827,1.0294,0.057357,-0.030353
0.73173,-0.21369,-1.9656,0.010826,1.1095,-0.30623,0.10784,0.53745,0.69045,1.5309,0.95171,0.26588
1.0032,0.71459,-1.3144,0.32825,0.32561,0.35754,0.10331,-0.24651,-0.014336,0.98173,0.78007,0.32867
0.79192,1.0103,-0.053246,0.46166,1.0706,-0.061247,-0.65494,0.44485,0.13284,0.53084,-0.0088084,-0.30908
0.90262,0.74757,-0.23283,0.51539,0.24914,-0.25236,0.08815,1.0004,0.44887,0.44264,0.14541,-0.41103
0.92462,1.0069,-0.60491,-0.99859,0.35005,0.46969,0.79538,1.2225,1.008,0.82071,0.30794,0.52569
0.55374,0.86161,-0.33507,-0.56762,-0.60933,0.062001,-0.44769,0.6418,0.76385,-0.012486,-0.11527,-0.33247
0.41072,1.0023,0.27129,0.1288,0.39012,0.40008,0.62405,1.2936,0.79325,0.73956,-0.026077,0.048763
0.99377,1.5411,0.89703,0.96979,0.65398,0.29222,0.46099,0.63847,0.25978,0.073469,0.16439,-0.18574
0.85484,1.4702,0.68923,0.39667,0.63294,-0.15122,-0.25183,0.65776,1.3578,0.87265,0.6323,0.039486
0.45543,0.87835,0.27232,0.23636,0.75329,-0.49711,-0.34608,0.31966,0.050707,-0.50002,0.63853,0.6542
0.26984,0.54582,0.37855,1.0538,0.8197,0.96766,1.473,0.97494,0.53488,0.26209,0.14969,-0.10824
