0.7933,1.4875,-0.068969,0.34719,0.84906,-0.47571,-0.053958,0.54461,-0.1092,0.19301,0.37012,0.24604
-0.35392,0.65709,-0.95165,-0.2007,0.26683,0.41713,0.84989,0.045526,0.19754,0.56912,0.20527,-0.27988
0.56917,1.1633,-0.59352,0.28149,0.57633,0.12316,-0.47104,0.26662,0.4057,-0.14474,-0.44856,0.46754
0.13907,1.0583,0.83687,0.69556,0.458,0.83402,-0.10931,0.49799,0.2757,0.41338,0.085356,0.075919
0.40375,0.45447,-0.16152,0.67036,0.064756,0.066323,0.5023,0.42599,0.66813,1.0395,0.8778,0.63882
0.66028,1.0424,-0.33262,-0.45612,0.13445,-0.28565,-0.20352,0.6576,0.060763,0.066919,0.18988,0.39802
0.60748,0.6954,0.32254,0.94972,-0.18152,-0.4174,-0.10917,0.36862,-0.19352,0.38818,0.65147,0.31699
0.068629,0.76341,-0.78981,-0.49986,0.040805,-0.48637,-0.65595,-0.024438,-0.40497,0.39028,0.10349,-0.52752
0.27053,1.4662,-0.24785,0.047042,0.2178,0.53216,0.98337,0.15311,0.22797,0.61021,0.38627,0.66338
0.68381,1.8828,0.30153,0.65721,0.59042,-0.085638,-0.056959,-0.019701,0.35727,0.54087,0.2365,0.58418
-0.15476,0.42604,0.69814,0.40961,0.81757,-0.015534,0.15258,0.70994,0.86374,0.71354,0.15303,0.4954
0.67439,1.7669,0.18525,0.44268,0.28453,-0.12767,0.33239,0.48205,0.30549,0.67086,0.96969,0.82442
0.54853,0.50471,-0.1156,0.24432,0.42892,-0.13615,-0.087125,0.38207,-0.50342,-0.20454,0.64983,-0.065397
0.74349,1.5402,0.54629,-0.15332,1.065,-0.75074,0.80132,1.4693,0.35105,0.41245,0.0072174,-0.076237
-0.91003,2.7838,0.31028,-0.32839,0.44811,-0.79294,0.66919,0.37661,-0.76908,-0.61625,-0.39958,-0.62172
0.65583,6.2729,0.70442,-0.073524,0.95888,-1.4552,0.95154,-0.3858,0.54315,-0.52963,0.48747,-0.38697
2.2646,6.6544,-0.02022,-0.31212,0.45204,-1.9043,-0.32488,-0.91311,0.6746,0.69081,0.36184,-0.037515
-0.86751,6.1294,0.26312,0.50769,0.97122,-1.4938,-0.15526,-0.95145,0.60054,-0.30826,-0.12118,-0.060584
0.81321,6.4429,-0.41759,0.572,0.85918,-1.1155,-0.33918,-0.94401,0.29853,-0.24117,0.56879,-0.8008
0.45338,6.2951,-0.79788,0.90818,0.65133,-0.96938,-0.2431,-0.40031,0.94977,0.5594,0.30672,-0.13793
-0.14947,6.0834,-0.11457,-0.06685,0.94973,-1.313,0.091255,0.26109,0.79792,0.74025,0.75366,-0.057085
-0.18243,6.8035,-0.58819,0.19764,0.44151,-0.88132,0.09671,-0.55267,0.41762,0.32073,0.55707,-0.43028
0.20105,6.5143,-0.40574,0.46225,0.79643,-0.91315,-0.54112,-0.17573,0.82739,-0.17008,0.62774,0.083031
0.86256,6.2368,-0.22978,0.18309,0.82428,-0.40674,-0.75764,-0.68778,0.42489,0.17949,0.47092,-0.49447
1.2139,5.491,-0.29131,1.0213,0.40476,-0.41841,-0.57966,-1.0503,0.29719,-0.038133,0.069482,-0.22297
1.9426,5.0504,0.023879,-0.78757,0.727,-0.6836,-0.35966,-0.20664,0.69052,-0.24885,0.25129,-0.030951
1.8173,5.2583,0.32276,-0.16171,0.37611,-0.90136,-0.12606,-0.67647,0.75111,0.43097,0.26626,-0.15704
3.1997,3.9134,0.44473,-0.41986,0.81081,-1.4079,-0.53261,-0.51774,0.52142,0.5708,0.5894,0.0041924
4.2149,2.4677,0.6885,-0.67757,0.053738,-1.5017,-0.8192,-0.81342,0.87413,0.53444,0.39479,-0.52325
4.874,1.6269,0.7902,-0.54438,-0.27396,-1.546,-0.84817,-0.87652,0.96832,0.33187,0.60536,-0.98803
5.5928,0.90587,0.17201,-0.001439,-0.92032,-0.95467,-1.0614,-0.52741,0.62437,0.37427,-0.032145,-0.51175
6.0854,1.5755,0.58913,-1.0248,-0.48661,-1.3508,-0.34153,-1.0033,0.84578,0.11147,0.27347,-0.94806
6.2537,1.2729,0.54055,-1.0516,-0.7141,-0.9173,-0.82487,-0.93367,1.3522,-0.08246,0.32421,-0.94086
5.9371,1.6767,0.22275,-1.3411,-0.53823,-0.99778,-0.72954,-0.35031,0.7683,0.48303,0.094592,-0.52691
5.7109,1.4644,-0.22704,-0.91139,-0.82786,-0.96041,-0.79743,-0.61608,1.173,0.25946,0.22324,-0.38254
5.8633,1.1285,-0.061099,-0.735,-0.77537,-1.0783,-0.87534,-1.0172,1.4702,0.51207,0.49198,-0.83495
5.5807,0.96646,-0.68183,-0.55484,-0.86501,-1.2533,-1.0925,-0.71468,1.1613,1.0567,0.1779,-0.74016
6.253,0.93979,-1.1276,-0.65981,-1.0015,-0.7411,-1.2899,-0.99472,1.61,0.96441,0.43571,-0.57934
6.8259,0.91651,-1.8496,-0.12316,-1.7611,-0.71934,-0.8029,-0.92663,1.2303,1.2097,0.8214,-0.76497
5.9884,1.6482,-0.44758,-1.2838,-1.124,0.65992,-1.373,-1.5266,0.61758,1.1501,0.74807,-0.49141
6.1861,1.6304,-0.45988,-2.0479,-0.81986,0.19181,-0.56546,-1.3804,1.1299,0.26085,0.70564,-0.44406
7.0302,1.6043,-0.87752,-1.6734,-1.0467,0.66604,-0.34818,-1.0874,0.041997,0.90734,0.47769,-0.28923
5.8587,1.7459,-0.98607,-1.1432,-0.53532,0.86293,0.19774,-0.90365,0.17001,0.22056,0.39427,0.41993
6.7991,1.7832,-1.4381,-1.6281,-0.1939,0.97299,-0.15049,-0.82498,0.34549,0.021158,0.53096,1.0082
7.3525,2.8493,-0.78568,-2.6236,-0.97243,0.90131,-0.2184,-0.2264,0.50527,-0.15598,1.2657,0.69406
5.6922,2.7075,-0.84985,-2.2472,-1.0957,0.41351,0.35943,0.80489,1.0668,-0.036495,0.91979,0.64127
6.4214,3.1771,-0.69662,-1.8131,-1.6573,-0.15389,0.6992,0.18526,-0.082129,0.086557,0.56079,0.69775
6.4441,3.2742,-0.68748,-2.3701,-1.6811,-0.28479,0.40154,0.54848,0.24801,-0.44698,0.046935,0.024586
7.0304,3.5693,-0.96041,-2.8789,-1.2942,-0.029304,0.80424,0.20391,0.47931,-0.28956,0.4591,0.39722
6.7285,2.9595,-1.0178,-2.3594,-1.5575,-0.27713,0.49465,0.24074,0.42158,-0.074133,0.21524,0.63781
6.4628,2.674,-0.66537,-2.8795,-2.1479,-0.2436,0.13554,0.67854,0.30236,-0.32597,0.07862,0.45505
7.0568,2.6011,-0.88546,-3.1016,-2.1288,-0.29516,0.30754,0.4622,0.2908,-0.28123,0.31406,0.17051
6.9165,2.6994,-0.76203,-2.8843,-1.9243,-0.43226,0.14652,0.54201,0.2412,-0.15155,0.15546,0.051265
8.0313,2.6796,-0.31582,-3.1711,-1.9601,-0.019213,0.40073,-0.15442,0.95005,-0.52499,0.47215,-0.099941
7.6116,2.671,-0.49142,-2.6003,-2.0612,0.06091,0.60289,0.049401,0.46249,-0.20465,0.28265,0.29966
7.068,2.8288,-0.45905,-2.6746,-2.5501,-0.15863,0.57826,0.26866,0.1667,-0.25562,0.074571,0.10066
7.3775,2.5914,-0.36224,-3.0059,-3.1443,-0.0044126,0.22867,0.46253,0.49463,-0.39968,0.047861,-0.2382
6.4369,2.3416,-0.40966,-2.971,-3.1309,-0.15475,0.39223,0.20273,0.47673,-0.25066,0.13803,0.090254
6.4677,2.3584,-0.50404,-3.012,-3.2215,0.31827,0.16264,0.030311,0.44689,-0.38149,0.31006,-0.13343
6.3371,2.3327,-0.70015,-2.7614,-2.7122,-0.18652,0.097591,0.37616,0.090533,-0.19644,0.023639,0.14614
7.2786,3.2009,-0.55824,-2.7377,-2.8337,0.098536,0.40917,0.6137,0.074636,-0.37081,0.0036722,0.34151
7.0886,3.635,-0.76638,-2.5085,-2.4845,-0.51818,0.29567,0.7962,0.29555,-0.10971,-0.17647,0.52729
6.9597,3.3003,-0.44784,-1.9791,-1.9343,-0.57114,0.94343,0.91377,0.21859,0.087497,-0.0019275,0.1114
7.0609,3.5954,0.58585,-2.7487,-3.8015,0.04444,0.51317,0.30706,-0.066248,0.041991,0.47179,0.19986
6.3009,3.8101,0.10734,-1.868,-1.9559,-0.80166,-0.0060138,0.10842,-0.373,-0.16977,-0.1905,0.41593
4.3268,2.8809,0.13042,-1.4273,-1.0994,-0.44538,-0.59172,-0.66461,-0.12856,0.33183,-0.042246,-0.17734
4.7228,3.5578,0.55889,-0.84315,-1.3199,-1.2262,-0.60883,-0.36408,-0.36902,0.3575,0.13517,0.33716
4.3923,3.6901,0.49822,-0.90127,-1.3013,-1.2271,-0.54162,0.03963,0.0075645,0.38289,0.97623,0.72484
2.3111,2.6245,0.5569,-0.25877,-1.0756,-0.58026,-0.3903,0.51016,0.92142,0.99053,0.7208,0.49016
1.2133,3.6,-0.62983,0.012066,-1.2919,-1.1684,-0.3105,0.39146,0.55767,0.46834,-0.045358,-0.12179
1.246,1.9319,-0.026248,0.063548,0.35083,-0.057244,-0.16527,0.2786,0.78319,0.60339,0.56264,0.34544
1.5346,2.6145,0.45947,1.3094,0.8706,-0.21645,-0.071257,0.038089,0.46182,-0.083642,0.73949,0.53508
1.4062,2.563,0.48052,0.073831,0.059502,-0.026061,-0.15543,0.61786,0.97702,0.088117,0.54389,0.66637
3.351,2.9372,0.70346,1.032,0.80104,-0.17843,0.47311,0.52586,0.34534,1.1049,0.89787,-0.11039
3.2353,2.2295,1.2784,0.83196,0.53747,-0.17377,0.2595,0.77251,-0.41836,0.64995,0.19499,0.073875
1.8687,1.7071,0.80642,0.4675,0.94282,0.64791,0.30976,0.78888,0.38298,0.64723,0.27143,0.29057
2.2459,2.1363,1.1446,1.1571,0.91808,0.34356,1.1324,1.3464,0.63121,0.94722,0.79023,0.42446
1.1098,2.5173,1.4851,1.1681,1.2232,0.043068,0.50944,0.84517,0.6465,1.0781,0.38976,-0.14929
0.95632,1.2398,0.95916,0.39159,0.88018,0.37459,0.58695,0.15964,1.0494,1.3335,0.71305,0.31248
1.3734,0.90771,0.51651,0.62633,0.8828,0.52351,0.34818,0.7785,1.1719,1.5741,0.40031,0.085784
0.96959,0.91292,0.56712,1.0013,0.68097,1.2512,1.9527,1.2965,0.47998,0.43278,0.26273,0.33071
0.8329,0.77859,-0.30171,0.085633,0.05485,-0.38537,0.32069,0.82091,0.38628,0.52588,-0.25312,0.31835
0.71822,1.0771,0.73892,0.99405,1.0663,0.44592,0.81305,1.1859,0.97158,0.60041,0.50344,0.52229
-1.0459,1.1269,0.79561,0.3777,1.1371,1.3876,0.59559,0.55878,0.42816,0.27689,0.82132,0.90538
0.62523,0.99843,0.50813,0.098951,-0.075783,0.29705,0.1675,0.30719,0.24519,0.32906,0.59297,-0.23023
0.56327,0.49812,0.53982,0.81734,0.29319,0.1265,0.064683,0.37083,0.20934,0.072323,0.41814,0.37704
0.78073,1.4282,0.86002,0.34676,1.2716,0.89387,0.9254,1.0951,0.28268,0.53706,0.9118,0.828
0.91611,0.97047,0.60392,1.2288,1.2766,0.99884,0.94976,1.3719,0.25635,0.53097,1.1507,0.45599
0.66835,2.1997,0.94663,0.18306,0.45705,0.5842,0.33766,0.929,1.1754,1.7896,0.68483,0.49854
0.84448,1.5192,0.98885,1.4986,1.3103,0.50069,0.11404,1.0465,0.4678,0.79986,0.34765,0.27991
0.5065,1.0501,0.35668,0.53356,0.58134,0.3479,0.65501,0.87633,0.55388,0.24117,-0.083311,0.10828
2.4781,2.4701,-0.1246,-0.34471,0.90369,0.52623,0.26294,0.23069,-0.010939,0.42409,0.19954,0.069339
1.2172,1.4787,-0.19613,0.12671,0.63095,0.49261,0.80033,0.81629,0.33917,0.061859,0.55554,0.52904
1.2498,1.484,0.37615,0.6533,0.034193,0.011199,-0.1547,0.17545,0.19683,0.25526,-0.059592,0.017627
0.34745,0.87473,-0.081875,0.33889,0.80471,0.58598,0.49995,1.5473,1.4002,1.213,0.52516,0.4983
0.34213,0.77367,0.20132,0.20515,1.1767,0.28862,0.52216,1.0172,0.8483,-0.042637,0.050896,0.29045
-0.32582,0.8334,0.96648,0.94429,0.61034,0.27607,0.21646,0.82803,-0.31259,0.38703,0.30902,-0.33377
1.0673,1.3646,0.51291,0.59645,0.59352,-0.21209,-0.39776,0.35735,0.5331,0.44932,0.27814,-0.062295
0.67698,1.0923,0.52935,0.59932,0.37109,-0.27572,-0.22037,1.4587,1.32,0.87053,1.1446,0.132
0.58072,1.5296,0.48684,0.077389,0.80449,0.78676,0.51845,1.2456,0.82058,0.67936,0.34024,0.18278
0.38454,1.2158,0.81997,0.66401,0.76788,0.36473,0.26447,0.76651,1.089,0.40847,0.22578,0.017103
0.2313,0.87354,-0.31967,0.054201,-0.058187,-0.18098,1.0875,1.0526,0.1222,0.69753,0.61609,0.21098
0.64266,1.377,0.64732,0.55909,0.6631,0.52211,0.31755,0.2273,0.48558,0.52939,0.38163,-0.046677
6.2009,0.082933,-2.1711,-1.0594,0.34114,1.1571,-0.96692,-1.0764,1.0258,0.3273,0.21009,0.48964
7.2146,1.3217,-2.76,-1.4193,-0.58633,0.060732,-1.2534,-0.68768,1.5585,0.99355,0.51575,-0.068415
6.8161,1.1389,-2.7937,-1.7208,-0.43395,0.21243,-1.1955,-0.095609,0.93098,0.97346,0.49961,0.38544
7.203,1.4314,-3.3784,-1.2154,-0.40134,0.088152,-1.1025,-0.49622,1.0438,1.1635,0.46452,0.286
6.8666,1.3448,-2.8585,-1.5856,-0.73315,0.41263,-0.91449,-0.93283,1.0853,0.96383,0.36745,0.060099
7.1344,0.89884,-2.3857,-1.9451,-0.6456,0.70798,-1.3214,-0.74437,1.0768,0.75422,0.35558,0.027458
7.1476,1.2146,-2.73,-1.4934,-0.8679,1.1205,-1.207,-1.1343,0.88647,0.89121,0.3641,0.28166
7.0936,0.7718,-2.2219,-1.9475,-0.39352,1.1939,-1.8044,-0.84349,1.3379,0.38443,0.12098,0.18582
7.6715,1.4502,-2.2323,-1.6371,-0.32568,0.70617,-1.2537,-1.1054,0.83868,0.66059,-0.062274,0.054416
7.373,1.6258,-2.1737,-1.1627,-0.26513,0.38156,-0.73381,-1.2333,1.0702,0.36048,-0.1594,0.45033
7.5899,1.5491,-2.36,-1.0401,-0.43792,0.63738,-1.1918,-1.0795,1.1137,0.74404,-0.093583,0.19904
7.7267,1.4655,-1.9707,-1.4979,-0.86466,0.7836,-1.1584,-0.56284,1.0012,0.71246,-0.11333,0.4322
8.7608,1.9046,-2.5063,-1.3743,-1.0235,0.67683,-0.55768,-0.94897,1.0433,0.70144,-0.0065454,0.30701
7.3213,1.1043,-2.2588,-1.4493,-0.54278,0.6673,-0.8492,-0.74986,0.68247,0.56694,-0.14229,0.78073
8.1403,2.5526,-2.9865,-1.5229,-0.61142,1.1765,-1.3069,-0.84335,0.92347,0.14007,0.094438,0.61378
7.8623,2.2623,-2.5025,-1.403,-0.44539,0.86299,-0.55585,-1.1759,0.94183,0.1447,0.19536,-0.048162
7.7514,2.5404,-2.44,-1.2684,-0.15299,0.89141,-0.51377,-0.84207,0.2838,0.52177,0.17533,-0.029731
8.2508,2.6084,-3.0259,-1.0165,0.11079,0.71474,-0.72257,-1.1229,0.79578,0.46866,-0.046468,0.38502
7.5846,2.0519,-2.816,-1.1665,-0.076588,0.73896,-0.58488,-1.0887,0.861,0.86644,0.39554,0.75395
6.5406,1.3649,-2.4501,-1.1504,-0.4471,0.77101,-1.0196,-1.1354,1.2666,0.72075,0.076467,1.3461
6.4877,1.8464,-2.3903,-0.48077,-0.11199,0.37779,-0.43726,-0.88248,0.30265,1.0031,0.46279,1.059
8.7444,2.0272,-3.9268,-1.0988,0.092461,-0.035003,-1.1074,-0.92793,0.96823,0.26289,-0.19996,0.53092
7.3301,2.3608,-2.197,-0.7148,-0.14854,0.030864,-0.93224,-0.83101,0.33042,0.91397,0.55255,0.21363
5.9923,2.2176,-1.2136,-0.17051,0.61007,0.20319,-0.71109,-0.64681,0.31257,1.0264,0.49242,-0.018809
6.348,2.0711,-1.109,-0.28107,-0.31434,0.33583,-0.65063,-0.75748,0.46917,0.51448,0.59704,0.46512
5.3496,2.1587,-0.71889,-0.11815,0.8381,0.29106,-0.36563,-0.90232,-0.0039009,1.0985,0.63964,-0.053425
4.3399,1.5484,-0.76528,0.71383,1.1739,0.15319,0.32835,0.61177,-0.18208,0.6153,0.14309,-0.011787
3.8136,1.675,-0.21402,0.57565,0.56346,-0.31544,-0.14921,0.32815,-0.13246,0.74107,0.86133,0.76942
2.9628,1.9217,0.50381,0.40359,0.44622,0.093899,-0.027758,0.43439,0.19432,0.28043,0.59753,0.75789
3.804,2.3234,0.6557,0.31958,0.20819,0.81072,0.20032,-0.12622,-0.9783,0.47889,0.237,0.061457
3.6113,2.1724,0.25125,-0.40972,-0.3726,0.2483,-0.18274,0.40213,-0.45641,-0.10087,0.5329,0.2367
2.813,2.362,0.18061,0.27235,0.1531,-0.1776,0.10511,0.19361,0.092903,1.2796,0.682,0.2623
1.867,2.3931,0.80191,0.39314,-0.091506,-0.5198,0.24691,0.40669,-0.012147,0.20148,-0.32202,-0.11917
1.8655,1.8265,0.24573,0.51996,0.82988,0.32767,0.4688,0.84455,-0.14091,-0.34869,-0.30346,0.62359
1.2743,1.2443,0.062812,0.55446,0.056089,-0.69732,-0.66268,0.24937,-0.30763,-0.12531,0.15184,-0.63961
1.4398,1.9063,0.044429,-0.088246,1.1957,0.85037,0.66583,0.55447,-0.35125,0.49008,0.7252,0.42753
0.95486,0.86243,-0.31962,0.59454,0.41206,-0.011302,-0.11866,-0.21144,-0.15861,-0.20707,0.1916,0.25076
1.1976,1.8786,-0.032975,0.32913,0.30177,0.27284,0.5252,0.90334,0.82018,0.42338,0.65964,0.17383
0.5673,0.97637,0.087758,1.1594,0.9514,0.74825,0.097073,0.67775,0.74365,0.25001,0.25074,0.08196
1.1805,1.3641,0.73906,0.63848,0.086571,0.45633,0.74988,0.82681,0.0076984,0.19747,-0.041043,0.37945
1.2755,0.5303,0.097941,0.2917,-0.10648,-0.13209,0.93952,0.93743,0.24464,-0.12194,0.38837,0.011272
0.24008,0.68096,0.43895,0.42467,0.18049,-0.23662,-0.55707,1.0995,0.58839,-0.046602,0.18807,0.21774
0.16743,1.0611,-0.20661,-0.44303,0.19946,0.32871,0.51059,0.91027,0.31334,0.63134,0.15038,0.47242
1.6907,1.3452,0.33342,0.39555,0.80978,-0.41728,-0.45676,0.60905,0.39109,0.2041,0.038952,0.36138
0.93699,1.2013,0.40776,0.1091,0.15159,0.30624,0.27317,0.76778,0.54786,-0.071723,-0.14285,0.0965
1.5657,1.6065,0.7913,0.052628,0.16876,-0.53366,-0.13972,0.4277,-0.64722,0.84564,0.51616,0.21571
-0.040079,1.0925,0.13936,-0.15975,0.55366,0.36449,0.92867,1.0784,0.17158,0.41815,0.995,0.49046
0.86577,1.2946,0.92265,1.1697,-0.22592,-0.61801,-0.3176,1.2736,0.7673,0.88976,0.34934,0.35183
0.55564,0.88302,0.60909,0.55171,0.3305,0.28337,0.15481,0.55307,0.021577,0.74641,0.6807,0.30355
-0.36899,0.62371,-0.1351,0.024525,0.30383,-0.076382,0.38497,0.42085,0.38528,1.3076,0.97862,0.37244
1.2548,1.6384,0.30332,0.47574,0.1791,-0.17604,0.3683,0.37543,0.14582,0.34742,0.30456,0.38225
1.0932,1.8637,-0.034398,0.41616,0.17703,-0.26386,0.24813,0.69588,0.34576,0.074598,-0.41709,-0.022051
1.1635,1.4165,0.11384,0.78783,0.58218,0.17212,0.95136,1.064,-0.043534,0.40353,0.79221,0.45997
1.6798,1.5141,0.46138,0.55472,0.36396,0.27232,0.66047,1.3693,0.39125,-0.21097,0.16692,0.18756
1.6018,1.5272,-0.14173,0.7693,0.62848,-0.54014,0.27223,1.3326,0.46057,0.23953,0.16043,-0.21717
1.2343,2.1273,0.76979,-0.13689,-0.11371,0.082139,1.1484,0.66683,-0.13369,0.13519,0.9577,0.1311
0.67744,1.0574,0.053975,0.12301,0.17576,0.58317,0.919,0.91913,0.53353,0.71415,0.5464,0.54297
1.3949,1.3015,0.54823,0.042868,0.45148,0.21077,0.89591,1.4501,1.014,0.39772,0.24661,0.12059
2.9601,2.2892,1.2684,0.6309,0.018643,-0.90391,-0.13676,0.12968,-0.79528,0.21761,-0.1194,-0.4582
3.359,2.7202,1.6589,0.81431,0.065717,-0.51306,-0.5695,-0.18157,-0.36627,0.045542,-0.13426,-0.31648
4.4896,2.3819,1.1828,1.0105,-0.31548,-0.61318,-0.732,-0.056939,0.049903,0.81713,-0.32174,-0.57569
6.1262,3.0035,1.1072,1.0221,0.1784,-1.0374,-1.5893,-1.0418,0.69344,1.4378,-0.37164,-0.76744
5.5607,3.6449,1.703,0.74636,-0.61543,-0.83921,-0.44559,-0.046139,0.12735,0.21546,-0.25191,-0.2624
5.702,4.9169,1.6555,0.78615,-1.0779,-1.1062,-1.2112,0.11398,0.49449,0.36735,-0.39361,-0.70888
5.8778,4.4058,2.0092,0.92415,-1.0453,-0.35998,-0.49813,-0.067309,0.10584,0.47096,-0.26051,-0.45994
6.1399,3.9428,1.4523,1.2673,-0.66269,-0.64218,-0.4781,-0.28981,0.19569,0.31088,-0.44374,-0.28499
6.7485,3.8726,1.076,1.6468,-0.37155,-0.82811,-0.6559,0.075573,-0.03379,0.6228,-0.56212,-0.65253
6.5397,3.7921,1.6189,1.2497,0.22816,-0.88076,-0.81567,0.16704,0.2825,0.30241,-0.26655,-0.34073
5.8817,3.8333,2.0527,1.8169,-0.72126,-1.0309,-0.78099,-0.066857,0.28499,1.2487,-0.71889,-0.91554
5.879,4.4632,1.4757,1.8758,-0.34795,-0.77615,-1.5868,-0.45047,0.94222,0.86596,-0.76738,-0.44484
6.1267,3.8687,1.8555,1.0057,-0.30309,-0.5603,-0.80418,-0.50667,0.37295,0.79667,-0.26121,-0.54822
6.9834,3.4065,1.5094,1.8252,-0.059736,-1.1003,-0.69325,-0.35669,0.65914,1.026,-0.017606,-0.79203
5.8104,3.0561,1.6672,1.2944,-0.0013457,-0.21889,-0.42253,-0.34061,0.45689,0.55989,-0.11405,-0.47002
6.3672,1.5658,1.5192,-0.12221,-0.87171,0.4071,-0.36324,-0.91797,1.0102,0.041919,0.25137,-0.36528
7.2326,1.9478,0.62829,-0.15726,-0.94845,-0.13025,-1.1451,-1.237,0.97377,0.66999,0.32126,-0.29025
7.5463,2.0253,-0.80429,-0.29668,-0.67218,-0.16221,-1.4416,-1.2904,1.9541,0.37621,0.093694,-0.13169
7.5645,2.0781,-0.96081,-1.1285,-0.33967,-0.59261,-1.0051,-1.237,1.4241,0.71939,0.085791,-0.35995
7.8104,2.5869,-1.4678,-1.4035,-0.11892,-0.10616,-1.3053,-1.3893,1.7349,0.80243,-0.23258,-0.23989
7.6594,2.1999,-1.528,-0.7896,-0.57394,-0.12685,-0.69624,-1.2475,1.2995,0.85192,0.18588,-0.64666
7.385,2.7171,-1.3487,-0.97649,-0.53791,-0.025227,-1.1487,-0.78182,0.84947,1.0759,0.096806,-0.3533
7.3622,2.5939,-1.0368,-0.74771,-0.58115,-0.51732,-0.38824,-1.4938,1.2399,1.1194,0.46216,-0.22293
6.828,2.097,-1.2404,-1.0878,-0.49117,-0.79085,-0.83683,-1.0014,1.5488,1.4248,0.48939,-0.10033
7.1032,1.9405,-1.6799,-1.3178,-0.36175,-0.87363,-0.91302,-0.80628,1.5243,1.3673,0.5448,-0.041475
7.9566,1.1167,-1.4464,-1.0558,-0.7982,-0.84132,-0.5394,-0.96082,1.3659,1.0716,0.81985,-0.42937
6.7077,1.5204,-1.0191,-1.1515,-0.8729,-0.36683,-0.71277,-0.85251,1.1145,1.2682,0.36195,-0.24003
7.0479,1.6452,-0.9641,-1.0474,-0.67923,-0.23933,-0.65262,-0.83915,0.89508,1.432,0.46782,-0.3574
6.5376,1.914,-0.49406,-0.83088,-0.82699,-0.46916,-0.60265,-0.84668,1.137,1.3058,0.62984,-0.018232
6.5481,1.8421,-0.29059,-1.0954,-1.2882,-0.48641,-0.35464,-1.0685,0.80353,1.1442,0.65785,-0.14234
6.1024,1.744,-0.15367,-0.4416,-0.98222,-0.52572,-0.58578,-1.0661,0.42191,0.60046,0.42241,-0.080889
5.2152,3.0215,-0.23856,-0.47757,-0.52876,-0.38937,-0.90157,-0.55878,1.2377,0.58437,0.95101,0.13787
3.9032,2.0547,-0.65054,-0.7657,-0.40844,-0.42613,-0.65451,-0.79307,0.75616,0.72603,0.79737,-0.46397
2.5243,1.1084,-0.64256,-0.36577,-0.50352,-0.17981,-1.0544,-0.11838,0.84506,0.17505,0.86839,-0.097401
0.36871,1.1549,-0.94147,-1.1357,-1.298,-0.45311,-0.86905,-0.13208,0.17812,-0.39487,-0.57277,-0.94194
0.37852,2.049,0.29607,-0.089128,-0.16785,0.75462,-0.46981,0.19377,1.0434,-0.22983,0.69152,0.024176
-1.0948,1.7937,-0.39731,0.25803,-0.40183,0.96724,-0.25935,0.38443,1.7195,0.45315,0.20874,0.061462
-0.84309,2.4569,-0.21395,1.1596,-0.36259,0.87884,-0.47747,0.15799,0.57922,0.52755,0.80546,0.12324
-1.2506,2.3034,0.53761,1.2405,-0.50347,-0.13015,-1.1196,0.10312,-0.037193,0.30157,0.049031,-0.41292
-1.6466,1.4951,-0.61558,0.5664,-1.1027,-0.0853,-0.8563,-0.16632,0.042972,-0.24098,0.1783,-0.057266
-1.4897,2.163,-0.1526,0.30551,-0.63266,0.60738,-0.72466,0.95898,0.29314,-0.31893,0.52202,0.27875
-1.9633,1.0383,-0.58967,0.27089,-0.58973,-0.14922,-0.0037649,0.63229,0.42881,-0.19409,0.34832,-0.56107
-2.329,1.4532,-0.37503,-0.26149,-1.2678,-0.11141,-0.57435,0.22396,0.78948,-0.70997,0.23056,-0.016518
-2.0305,1.4179,-0.19468,0.19412,-0.30059,0.43648,-0.60549,0.29573,0.99538,0.006838,0.32408,0.6955
-2.9665,0.6914,-0.0036864,-0.73698,-0.50227,0.099172,-0.62491,0.63231,1.1676,-0.22164,0.71091,0.67035
-1.5812,0.7508,-0.32516,-0.78482,-0.90077,0.24803,-0.55741,0.55409,0.92789,-0.11785,0.20291,0.46831
-2.3338,-1.0377,-0.86275,-0.67819,0.30035,0.66276,0.136,0.56902,0.97744,0.080298,1.0526,0.5154
-0.77066,0.10901,-0.69816,-1.0954,-0.95214,0.17509,0.075076,0.88518,0.91323,0.46252,1.3546,0.34601
-0.64894,-0.35261,-0.65501,-1.0003,-0.85091,0.028555,-0.068517,1.1103,1.9938,0.92799,0.4543,-0.30702
-0.16771,-1.117,-1.3297,-1.3925,-1.1381,-0.93332,-0.32016,0.88739,1.4685,0.61932,1.1616,-0.52902
1.2416,1.0696,-0.68509,-0.51877,-0.63448,0.15062,-0.28865,0.70016,1.0893,0.85723,0.76746,0.078917
1.5638,1.4866,-0.012118,-0.076406,-1.0038,-0.40815,-0.4217,0.41528,0.71678,-0.39337,0.15714,-0.3866
2.1507,1.9943,0.45116,0.38936,-0.48276,-1.2035,-0.062634,-0.55941,0.229,0.21284,0.71505,-0.53354
0.94787,1.5533,-0.10988,0.63452,-0.16643,-0.83809,0.38855,-0.48619,0.16537,0.034998,0.51636,-0.46894
0.38781,0.97662,0.29888,0.50234,0.28643,-0.098492,0.26771,0.79049,0.79359,0.98653,0.88544,0.48925
1.1716,2.0563,0.42874,0.90078,0.87013,0.076968,0.056276,0.78436,0.58766,0.31183,0.39756,0.076026
0.92689,1.0676,0.31891,0.83644,0.37227,-0.22315,-0.086219,0.25902,0.30301,0.37069,0.64103,-0.03096
1.1892,1.2782,-0.10735,0.81629,0.32933,0.78489,0.34173,0.96658,0.70596,0.66128,0.35883,-0.25626
0.91951,1.3552,1.0779,1.1493,0.32218,-0.11838,0.064643,1.3399,1.0769,0.48786,0.19416,-0.56887
0.81385,2.0068,1.2214,0.92175,0.35582,-0.1216,0.28362,0.53752,0.16253,0.67987,0.83933,0.21132
0.72202,1.4678,0.83805,0.90863,0.51179,0.66763,0.21833,0.88258,0.46758,0.44613,0.084225,0.2426
0.5815,1.7863,0.9937,0.96782,0.92224,0.71634,0.15364,0.33913,-0.18953,0.44297,0.8887,0.54838
0.76965,1.287,0.71899,1.0539,0.90719,0.37865,0.18042,0.56125,-0.1635,-0.27254,0.21533,0.84749
0.8655,1.3861,0.47538,0.3162,0.33997,0.23455,0.88137,1.5952,0.68227,0.032538,0.086345,0.17937
1.2582,2.0455,0.52458,0.94976,0.67127,0.26688,0.47298,0.82594,0.39602,0.56464,0.59716,0.47549
1.5034,1.7764,0.21142,0.29693,1.3162,0.29218,0.32395,0.7494,0.75698,0.54101,0.5925,0.36683
4.789,2.5713,-0.66951,-0.2671,-0.0057368,-1.587,-0.38217,-0.83797,0.12172,0.38204,-0.023289,-1.0514
3.2683,3.3965,-0.11867,-0.29791,-0.65677,-1.6095,-0.53568,-0.44421,0.67064,0.098127,0.0005286,-0.43036
1.0725,4.0836,0.77316,0.35913,1.4344,-0.64299,0.76729,-0.52165,0.30216,-0.070492,0.22053,-0.28827
1.2659,4.26,1.3359,0.23691,1.4436,-0.22797,0.6387,-0.038653,-0.24355,-0.41977,0.079339,-0.4286
2.9106,5.1789,0.11937,0.78988,1.2135,-0.717,-0.3989,-0.72511,-0.36069,0.1499,-0.099987,-0.59043
0.72353,4.5498,-0.35225,0.015465,1.1195,-0.45505,0.70051,0.046312,0.6247,0.5434,1.0015,0.28923
-0.7844,5.1796,0.97363,-0.28595,1.9904,-0.42038,-0.14819,0.33703,1.1022,0.56864,0.62219,0.71619
-1.2295,4.7465,1.0354,0.49155,2.1692,-0.1901,0.58652,-0.0033077,-0.13727,-0.12935,0.048242,0.29696
-1.6856,5.9325,1.434,0.22736,1.6011,-0.61402,0.35204,0.11421,0.017646,0.14098,0.52749,0.31625
-2.6697,5.2617,0.057859,-0.20303,1.8107,-0.88556,0.35124,0.67221,0.77311,0.094655,0.01413,-0.63791
-2.8116,4.7306,0.45522,0.052444,1.8797,-0.29994,0.17343,0.16525,0.48582,-0.0088849,0.43832,0.032836
-2.5623,4.536,0.3637,0.42021,1.2891,0.0024254,0.91563,0.5227,0.31595,0.09775,0.98482,0.072296
-2.7345,4.0335,-0.025959,-0.77166,2.0548,0.58488,0.47893,1.059,0.60494,-0.25559,0.27535,-0.71068
-2.2683,4.3862,1.1628,-0.033692,1.8577,-0.7302,-0.27952,0.29604,0.65115,0.49268,0.39537,-0.56565
-0.11095,4.2019,1.4888,-0.42326,0.63561,-0.44273,-0.11597,0.48308,0.68962,0.080319,-0.40421,-0.46779
0.80729,4.6396,1.3481,-0.43207,1.0888,-0.8096,-1.3443,-0.087286,0.97438,0.34782,0.044495,-1.2377
1.9731,3.6508,1.0715,-0.0018448,1.4503,-1.0578,-0.39457,-0.28145,0.11316,0.70206,0.1644,-0.69093
2.9028,3.6231,1.3799,0.014838,0.58402,-1.1497,-0.68033,-0.11226,0.34132,0.81515,-0.12116,-0.50937
4.0617,3.2769,1.0075,0.43968,0.38177,-1.4191,-1.0562,-0.62918,0.92859,0.67203,0.43271,-0.70415
5.2729,2.3173,0.95718,-0.19489,-0.19485,-1.1549,-0.95299,-0.839,1.1174,0.50315,0.31696,-0.5953
5.6226,2.0863,1.0509,-0.31756,-0.68613,-1.1304,-0.45604,-1.1225,1.404,0.33974,0.11318,-0.45525
5.9407,1.8165,0.39344,0.38965,-1.0754,-0.87708,-0.38091,-1.0565,1.4852,0.14455,0.42287,-0.84867
6.2612,1.762,0.60001,0.13213,-1.2344,-0.58266,-0.54085,-0.84891,1.0632,0.46358,0.37962,-0.48839
6.6012,1.5539,0.58061,0.32084,-1.1606,-0.64887,-0.61203,-1.1817,1.4592,0.66712,0.5521,-0.09693
6.2806,1.4773,0.42885,-0.051479,-1.2185,-0.43928,-0.89421,-1.2925,1.6075,1.3141,0.57578,-0.17903
6.3716,2.0208,-0.02891,-0.59532,-1.8358,-0.50641,0.15224,-1.4665,1.2192,1.5307,0.88395,-0.16214
7.5567,2.0796,-0.47621,-0.83197,-1.8179,-0.19213,0.4305,-1.658,1.1313,0.94673,0.70555,0.31966
6.7467,1.8698,-0.24249,-0.93907,-1.1625,0.17725,-0.040858,-0.80104,0.34513,1.1152,0.31925,0.18426
6.619,2.4996,-0.23708,-0.57779,-1.4694,0.22376,0.53404,-0.90618,0.62863,1.2189,0.49168,0.1694
6.5018,2.2905,-0.50223,-0.58979,-1.4644,0.39587,0.38361,-1.4556,0.50867,1.1649,0.69445,0.65717
6.0374,2.1152,-0.84083,-0.57616,-1.4101,0.55274,0.90175,-1.3103,0.56025,0.60761,0.77361,0.4996
5.8388,2.8322,-0.34415,-1.3292,-1.3353,0.48905,0.80168,-1.1878,1.0625,-0.089064,0.63388,0.29885
5.8753,2.3998,0.19224,-1.2406,-0.95709,0.068165,0.44828,-0.72479,1.1687,0.44022,0.22526,0.11324
5.7606,3.4308,0.27015,-1.4842,-1.4832,0.30853,0.56709,-0.61798,0.86417,0.1903,0.8461,0.37786
5.8903,3.0952,0.094614,-1.7413,-0.98989,0.0711,0.58175,-0.21606,0.7942,-0.16723,0.24421,0.34564
6.0942,3.4372,0.38548,-1.9712,-1.344,-0.024344,0.98024,-0.43338,0.97626,-0.26322,0.49509,0.21569
6.5709,3.6849,0.36299,-1.922,-1.1955,0.093875,0.50644,-0.15905,0.86688,-0.95003,0.41616,0.35124
6.6098,4.1145,0.12921,-1.862,-1.3191,-0.10264,0.66278,-0.19465,1.0412,0.019531,0.67425,0.16052
6.7471,4.0966,-0.4148,-1.8286,-1.9783,-0.13087,0.78776,0.26513,0.94172,-0.39547,0.20532,0.92819
6.5065,3.6405,0.5647,-2.2722,-2.1868,-0.24335,0.80293,-0.041545,0.95782,-0.60306,0.52937,0.35261
6.4585,3.4006,0.26706,-1.6911,-2.1564,-0.1039,0.41005,-0.049028,0.60566,-0.11014,-0.071301,0.28683
6.4601,3.4707,0.50929,-1.6192,-1.7243,-0.38215,0.58932,0.07595,0.59231,-0.28079,0.22359,0.52148
6.6252,4.1361,0.36758,-1.9844,-2.2994,-0.34468,0.38366,0.57331,0.69308,-0.039886,0.094932,0.66268
6.8841,3.478,0.24602,-1.9266,-2.5615,-0.5882,0.5641,0.51331,0.82574,-0.3102,0.062645,0.45164
6.9319,4.2927,0.78456,-2.3899,-2.371,0.080077,0.314,-0.15055,0.71611,0.043676,0.12999,0.11314
7.1794,3.7996,0.024311,-1.7446,-1.8482,-0.34478,0.16925,-0.10842,0.20632,0.29214,0.0073612,0.073554
7.4582,4.1356,-0.17185,-1.6842,-2.0797,-0.58028,0.3647,0.38944,0.70355,-0.073186,0.0011711,0.13522
6.9568,3.8838,0.28822,-2.0802,-2.0318,-0.9713,0.16074,0.58782,0.6266,-0.12392,-0.014503,0.13619
6.9552,4.5173,-0.41025,-1.7207,-2.6953,-0.68546,0.20606,0.60683,0.3867,-0.38205,0.17677,0.17697
5.587,3.5048,0.65893,-0.67208,-0.85595,-0.72262,0.24149,0.49425,0.32722,-0.13985,-0.14627,0.03685
8.0854,3.3461,-1.2168,-2.6529,-2.089,-0.67956,-0.1216,0.4873,0.12978,-0.32837,-0.70034,0.14187
6.262,3.3876,-0.34051,-1.7533,-1.6867,-1.0812,-0.17976,0.041138,0.012921,-0.42836,-0.77582,-0.21792
3.6172,2.4667,0.06104,-0.63551,-0.75636,-0.4182,0.26082,1.6705,0.75402,0.59039,0.26086,0.22163
3.4032,1.9634,0.54796,-0.72065,-0.84067,-0.85496,-0.25154,0.45606,0.088872,-0.012167,-0.74617,-0.47244
3.0171,2.5432,0.13475,-0.15629,-0.95657,-1.1081,-0.36395,0.51411,0.0073696,-0.11793,-0.16383,-0.25968
1.1053,2.639,0.37921,1.0405,-0.30956,0.37537,-0.29354,-0.35987,-0.97067,0.32664,1.3983,0.30018
1.3798,2.2294,0.36681,1.1786,0.14192,0.73892,0.19888,-0.34422,-1.047,-0.15388,0.80191,0.098809
2.3408,2.2214,0.16185,0.55864,0.53378,1.1525,0.60308,-0.38136,-0.39259,0.32577,0.18824,0.24496
2.9338,3.304,1.8288,1.0704,0.36014,-0.12651,0.55095,0.34794,-0.020275,0.63902,0.39986,0.54637
2.1209,2.9178,1.7344,0.99988,0.71248,0.53641,0.71387,0.48104,0.13429,0.31105,0.2205,-0.033374
1.8399,1.6255,0.51983,1.0265,1.0517,0.92995,0.76401,1.0763,0.7575,1.0569,1.4149,0.52371
2.3762,2.3949,1.062,0.89012,0.67603,1.0268,0.73426,0.5467,0.41133,0.49353,0.22592,0.21666
2.4951,2.2915,0.42704,0.31716,0.29997,0.32092,1.0015,0.77575,-0.15584,0.33838,-0.13936,0.3218
2.3565,1.6104,0.42549,1.2103,0.89119,0.67916,0.77257,0.89747,-0.013008,0.30951,-0.26305,-0.098216
1.3984,2.0525,1.0356,0.78682,0.027791,0.3531,0.91298,1.1408,0.74792,0.14717,0.26901,0.5806
1.3791,2.5475,0.70907,0.47999,0.61027,-0.21872,0.62048,1.5435,0.68075,1.1323,0.59008,0.49484
1.3434,2.0376,0.48675,0.85648,1.1085,1.1609,1.0108,1.3019,-0.047627,0.27938,-0.092847,-0.27832
1.126,1.3685,0.58036,0.1845,0.6065,0.36562,0.68755,1.0696,0.24273,0.30167,0.38143,-0.24669
1.1493,1.6993,0.38978,1.0912,0.94935,0.31354,0.12272,1.2322,0.45096,0.74935,0.51205,-0.073224
1.4372,1.6648,0.7155,0.69117,0.75616,0.62683,0.57729,0.70311,0.55077,0.55623,0.74333,0.057939
0.67686,0.79267,0.33556,1.1357,0.80157,-0.13721,0.070644,1.1836,0.12421,0.53025,0.67209,0.29248
0.73334,1.547,0.2728,0.30373,0.77804,0.42032,-0.22554,0.77552,0.20148,0.24867,0.42459,0.075873
2.0687,2.3128,0.93407,-0.081801,0.26818,0.39452,-0.067461,0.51428,-0.38615,0.12088,0.3033,0.13267
1.8183,2.303,0.95517,0.16747,0.71569,0.69388,0.314,0.62729,0.088973,0.14547,0.71535,0.27871
0.61767,1.7684,0.59032,1.0736,1.1098,0.62368,0.075938,0.51387,-0.13506,0.2767,0.44164,0.58124
1.2283,1.8096,1.1706,0.71485,0.38641,0.25648,-0.062607,0.73215,0.55031,0.034491,-0.040145,0.25519
0.10981,0.95194,1.2555,1.737,1.1549,1.1555,1.1283,1.4946,1.264,0.54229,0.24778,-0.22762
0.91934,1.7077,1.2737,1.1641,0.2659,0.17943,0.3902,0.67268,0.96799,0.94091,0.45048,-0.36535
0.65502,1.1439,0.64088,0.51254,-0.02879,0.20145,0.69537,1.0589,0.85085,0.92326,0.82053,0.27615
1.2992,1.0684,-0.32041,0.030869,0.70044,0.32112,0.69765,1.3069,0.36545,1.0538,0.74765,0.10598
1.0338,1.4993,0.74227,0.6961,0.9502,0.40012,0.83792,1.5598,0.87867,0.19699,0.54434,0.46039
1.0076,1.116,0.31622,0.67508,0.77221,0.35577,0.79723,1.5562,-0.0095024,0.4086,0.49953,0.69562
0.38155,1.1751,0.54768,0.68507,0.72103,0.07504,0.025286,0.1219,-0.013492,0.58236,0.58259,1.0615
1.1314,0.69188,-0.35598,-0.97492,-0.074648,0.23447,0.58547,1.1847,0.26452,0.69407,0.07194,0.21167
0.77004,0.86496,0.22394,-0.20241,0.068419,0.10462,0.15487,0.80454,-0.019825,-0.014075,0.19788,-0.021968
0.72723,0.019922,0.16164,0.10419,-0.24468,0.2586,0.40878,1.3466,0.90467,1.0047,0.83121,0.25447
1.478,1.1317,-0.41608,-0.57323,0.30306,0.74555,0.33158,0.18022,0.066954,0.79546,0.65149,-0.084222
0.98633,1.2448,0.7086,0.56955,-0.14849,-0.27134,-0.10904,0.57447,0.87107,0.24585,0.32119,0.65679
-0.62855,-0.23916,-0.64886,-0.82519,-0.15415,-0.22498,0.094568,0.56692,-0.0028594,-0.10418,0.7396,0.0065804
0.26339,0.3873,-0.12412,-0.51017,0.47782,0.038069,-0.26152,0.47494,0.28639,0.69169,0.31477,0.47135
1.2073,0.94698,0.35952,0.26864,0.28435,0.32018,0.24292,0.923,0.72679,0.37986,0.29295,0.31276
