1.2527,0.77354,-0.478,0.017814,1.0871,0.29505,0.12913,0.77035,-0.044715,0.13708,0.50736,0.16987
-0.34614,0.67317,-0.29013,0.62956,0.51756,0.46214,1.6955,1.1898,0.36864,0.21375,0.25166,0.029784
1.1402,1.5746,0.29911,0.26215,0.36126,-0.42956,0.019094,0.46243,0.88615,0.32611,0.06396,-0.0024187
0.39349,1.2916,0.038115,0.57626,0.70528,-0.025892,0.22701,-0.36909,-0.64898,0.17079,0.39181,0.20763
0.85257,0.68823,0.11695,0.17038,0.58475,-0.14709,0.47639,1.1272,1.2917,0.4713,0.014796,-0.26268
0.52337,1.0779,0.20766,0.46411,0.77239,0.11525,0.1247,0.65448,0.3714,0.58275,0.42118,-0.43544
0.3937,0.10793,0.14219,-0.70614,0.97432,-0.71683,-0.095803,0.99423,-0.28227,0.5062,0.39996,-0.44482
0.055086,-1.8417,-0.66026,-2.0655,0.9465,-0.99836,0.1557,1.4745,0.68527,0.99459,1.2699,-0.26034
0.85003,0.42191,-0.87904,-2.3518,1.1889,-0.45033,-0.07427,0.53336,0.95075,0.83506,1.4405,0.38045
1.0413,2.2028,0.067216,-1.4233,1.8231,-0.8317,0.26959,0.74239,0.15824,0.0046628,1.015,0.095595
1.1614,2.4568,-0.040343,-1.4052,1.1458,-0.10938,0.31991,1.4862,0.26282,0.47141,1.0665,0.26694
1.5211,2.1909,-1.7255,-0.66586,1.5023,0.78281,0.081824,0.71646,0.26833,0.90746,0.9605,0.038239
1.179,2.7074,-2.6818,-2.7183,0.60554,0.67479,0.009492,1.2432,0.56853,0.28924,1.467,0.12352
0.80047,3.7207,-1.7513,-1.6704,0.39213,0.62562,0.80042,1.5354,1.4091,0.39844,1.0601,0.15096
1.0786,3.347,-1.9874,-2.3371,0.32267,0.56571,0.69664,0.9884,0.55168,0.21986,1.6573,0.61919
3.2298,2.1894,-2.3797,-2.1264,0.25389,1.4617,0.70993,0.95697,0.59964,0.37663,0.80954,0.61227
3.1785,3.1755,-1.1426,-1.9315,-0.70958,0.51747,0.24537,1.5105,1.3786,-0.8317,0.64315,1.01
1.6693,3.9681,-1.6902,-1.9626,-0.37293,1.653,0.95578,1.3694,0.82189,0.14965,0.64619,0.3255
0.43657,3.3517,-1.531,-1.6658,-1.152,0.83251,0.73508,0.23195,0.37994,0.52832,0.37416,0.4333
0.82995,3.3424,-0.96865,-0.95684,-0.15297,1.0872,0.71722,1.1858,1.1236,-0.17859,0.54572,-0.26318
3.1193,3.5105,-0.08951,-0.78053,-0.71412,0.25578,0.28041,0.51268,0.15553,0.056078,0.72174,-0.80644
6.9142,4.9553,-0.74814,-2.1116,-1.5864,-0.12507,0.55602,0.5922,-0.458,-0.24311,0.35177,-0.24212
7.4118,4.0828,-1.3244,-1.3524,-1.5114,-0.66092,0.37012,0.067764,0.24908,-0.30698,-0.060242,-0.32421
7.4133,4.086,-0.78431,-1.7548,-1.7597,-0.65975,0.17524,0.27615,0.29067,-0.35321,-0.063813,-0.34477
7.4884,3.2097,-0.088103,-1.9034,-1.8224,-0.2875,-0.12159,0.38356,0.17782,-0.26883,-0.10754,-0.25987
7.3433,3.6524,-0.024871,-2.5798,-2.5222,-0.33653,0.36777,0.75476,0.088383,-0.22085,-0.068493,-0.18799
7.9139,3.407,-0.50822,-2.3894,-2.2022,-0.52829,-0.32332,0.57836,0.013127,-0.14622,0.23029,-0.51383
7.1455,2.9048,-0.26424,-3.0772,-2.6214,0.07487,-0.063227,1.1409,0.064685,-0.56119,0.44602,-0.78449
8.3093,2.8362,-0.54048,-2.6666,-2.3075,-0.23481,0.34373,0.37789,0.22974,-0.20647,0.098742,-0.5213
6.1973,2.4018,-0.58015,-3.0911,-2.2947,0.10093,-0.081636,0.83131,-0.050583,-0.65299,0.51147,-0.49315
7.5728,1.9975,-0.77199,-2.7386,-2.5947,0.61978,-0.023705,0.12931,0.029501,-0.36,0.67712,-0.44561
6.3683,1.9615,-0.77845,-2.9885,-2.091,0.50734,-0.13897,0.58544,-0.12187,-0.47663,1.013,-0.33586
5.9648,1.7995,-0.90791,-2.9722,-1.833,0.62833,0.060484,0.19125,-0.055592,-0.51172,0.9031,-0.21318
5.6335,1.7213,-1.1395,-3.0298,-1.7097,0.61142,0.18097,0.34729,-0.33395,-0.2583,0.79883,-0.088134
5.6611,1.3262,-1.186,-3.281,-1.5986,0.79438,0.28762,0.2705,-0.32891,-0.063315,0.96781,-0.0073895
6.186,0.54286,-0.95166,-3.6151,-1.4896,1.0159,0.40218,0.31796,-0.31593,0.085154,1.5092,-0.51624
7.0194,0.26381,-1.2525,-3.3814,-1.2481,0.68619,0.56992,0.65712,-0.8147,0.68378,1.4204,-0.92588
6.7962,1.3002,-1.4117,-3.329,-1.4788,0.82,0.37827,0.32678,-0.24195,0.40565,0.73118,-0.09809
6.8254,1.6991,-1.5023,-2.5065,-1.4209,0.81093,0.68839,0.27842,-0.70395,0.2838,0.41992,-0.086046
7.5143,2.3281,-1.2814,-3.0086,-1.1683,1.2617,1.058,-0.44848,-0.81109,0.40521,0.64678,-0.49231
7.6884,1.3349,-2.1742,-2.0631,-0.96045,0.54455,0.26133,-0.11709,-0.29398,0.67899,0.67927,-0.49307
7.1763,1.6195,-1.5805,-2.3158,-1.1499,0.51875,0.55507,0.090715,-0.18342,1.1398,1.4886,-0.68777
4.4619,-0.70461,-2.2598,-3.8178,-1.0478,-0.25995,0.070808,0.061714,-0.48164,0.19842,1.3539,-0.88297
5.348,0.35336,-1.228,-4.1894,-1.0763,0.9164,0.89113,-0.2076,-0.155,1.6782,2.2986,-0.64552
4.5083,0.46862,-0.81964,-1.8188,-0.3026,0.53031,0.84885,0.82477,0.32059,1.3366,0.87762,-0.38796
4.386,-0.20167,-2.3539,-3.5668,-0.97785,-0.61121,-0.012869,0.2576,-0.34989,0.67744,1.1202,-0.55592
5.5389,1.3966,-1.6027,-3.3889,-0.77975,0.74,0.87665,0.48413,-0.26447,1.6362,1.4814,-0.71965
4.3563,0.94593,-1.0403,-1.8316,-0.62687,0.21674,0.18593,0.70431,-0.067613,1.309,0.65426,-0.30693
4.2259,1.1573,-1.2501,-2.1682,-0.49817,0.24819,0.9994,0.56643,-0.56509,0.74588,1.0971,-0.01826
3.6333,0.96653,-0.79155,-1.0435,0.3606,0.53201,0.55565,-0.14237,-0.89712,0.9965,0.82469,-0.28952
4.4129,2.004,0.04321,-1.395,-0.58528,-0.4849,0.69195,0.45691,0.63391,1.2722,1.0235,0.036152
3.2022,1.1133,-0.42104,-1.2535,-0.91621,0.24412,1.0074,0.86008,0.40564,1.1231,0.61647,-0.012548
2.4979,0.96341,-1.137,-0.48776,0.42207,0.66939,1.0226,0.77935,-0.53116,0.76269,0.98433,-0.18586
3.2184,1.4701,-0.49247,-0.80054,-0.37468,0.15785,0.45525,0.4565,0.24756,0.51701,0.44085,0.69776
0.37446,-0.31879,-1.8095,-1.3489,-0.91339,-0.55951,-0.24306,0.067317,0.017848,0.76275,0.88352,0.16936
1.9115,0.5374,-0.79794,-0.44054,-0.12867,0.39952,0.40499,0.76011,0.57236,0.83118,-0.08352,-0.17805
1.8992,0.9545,-0.025753,-0.31054,-0.12341,-0.1682,0.19184,0.42888,0.39383,0.39517,0.57874,-0.13917
1.4327,1.4984,0.068204,0.25624,0.70296,0.21019,0.32214,0.77571,0.4799,0.72396,0.52137,0.62913
0.25024,0.76544,-0.3827,-0.69306,-1.0196,-0.53591,0.89958,1.1808,-0.50136,0.0089223,0.52111,0.47417
1.6611,0.87752,0.044244,-0.46783,0.43944,0.94915,0.73261,0.96318,0.22017,0.58347,0.91582,0.49077
0.21677,0.66323,0.16353,0.53947,0.36196,-0.047152,0.18696,0.3608,0.2361,0.48345,0.54905,0.65956
0.83167,0.71371,-0.25103,0.40947,0.033648,-0.20116,0.76265,0.98074,0.70459,0.97968,0.81754,0.60838
0.70703,0.81708,0.24295,0.4844,0.71317,-0.36013,0.35283,1.3046,1.5899,1.2731,1.1708,0.15334
0.0068896,0.42074,0.098898,0.20816,0.10397,0.028911,0.0048149,1.5117,1.0887,0.48915,0.38337,0.65859
1.0226,1.0161,0.029009,0.32479,0.4176,0.43779,0.74829,1.095,0.28934,0.022547,0.27404,0.062739
1.7463,1.5302,-0.24486,-0.13575,0.094883,-0.35806,0.29644,0.78511,0.41724,0.17709,-0.36449,0.24866
0.68378,1.281,0.25351,-0.1813,-0.30229,-0.82133,-0.04632,0.36207,0.47449,0.45451,0.25147,0.17139
0.25792,1.5933,0.18737,0.46226,0.2937,-0.26596,0.52927,0.79397,0.33505,0.37642,0.27299,0.186
0.69706,0.97164,0.3926,0.39701,0.13859,-0.21118,0.054943,0.78975,-0.31832,-0.029865,0.23495,-0.014582
0.97468,1.1501,0.26018,0.64844,0.41634,0.28416,0.39339,0.48948,0.081197,-0.067633,0.088913,0.1405
-0.73749,0.22388,-0.85678,-0.46069,-0.1688,-0.47457,-0.052319,0.67556,-0.16303,-0.57565,0.6266,0.62641
-0.13922,0.40177,-0.91419,-0.48786,-0.16106,-0.54816,0.27679,0.27597,-0.51876,0.34774,-0.51954,-1.3533
0.67808,0.53624,0.082383,0.3359,0.546,0.30765,0.43179,0.94685,0.090279,0.6961,0.6398,0.44731
0.45907,1.0464,-0.34421,-0.67995,-0.3027,-0.76648,0.062693,0.87617,-0.42618,-0.18979,0.12208,0.071221
0.44791,0.96671,0.54972,0.48362,0.077874,0.17004,0.36222,1.5246,0.86402,0.24495,0.1677,0.28325
0.99709,0.77902,-0.6665,-0.022246,0.24816,0.18226,-0.25691,0.57461,0.40222,0.54006,0.34006,0.55738
1.1285,0.79085,0.003725,0.52539,0.40853,-0.064429,0.6208,0.81402,0.8302,0.11408,0.25586,0.20936
0.88546,1.0629,-0.13352,0.27432,0.13928,0.57602,0.21164,1.3502,0.040562,-0.3052,0.52871,0.65433
0.32799,1.0003,0.57745,1.0229,1.2339,0.17919,0.50935,1.3256,0.662,0.68364,-0.16416,-0.14014
0.97819,1.3664,-0.56677,0.30302,0.73542,0.32642,0.9277,0.91579,0.083988,0.88953,-0.15805,-0.0031041
0.89541,1.5008,-0.099563,1.0051,0.38493,0.34657,1.2052,0.032082,0.050775,0.48207,-0.030281,0.67434
-0.13862,0.32796,-0.47481,0.32725,0.57841,0.43359,0.52205,0.1432,0.26501,1.3223,0.47093,0.84526
0.4584,0.66417,-0.37178,0.07308,0.16245,-0.41744,0.090335,0.84536,-0.28936,0.43071,0.094262,0.034766
0.62528,0.8841,-0.8759,-0.49651,-0.94723,-0.17292,-0.082123,0.080103,0.26843,0.19891,0.91639,0.27564
0.701,0.59426,0.10924,0.69237,1.027,0.57103,1.2127,1.4227,0.14284,0.14779,-0.53302,-0.22637
0.71702,1.2456,0.16705,-0.17533,0.11509,-0.24778,0.031683,0.78278,-0.054571,0.45764,0.63595,0.7039
1.2638,1.1542,-0.056375,0.49654,0.16335,0.0057395,0.40008,0.97262,-0.23898,0.8668,0.46452,0.56668
0.52328,1.0957,0.6619,0.090413,0.19229,0.83319,0.53348,-0.36376,0.19575,1.0597,1.0669,0.94736
0.41648,1.3002,-0.20178,0.30991,0.074823,0.78103,0.15282,0.18317,0.85289,0.6704,-0.2426,-0.41947
1.3349,1.161,-0.014657,0.83041,0.53248,-0.13014,0.43804,0.27972,-0.15291,-0.0021706,0.79327,0.24389
0.83669,1.3161,0.80324,1.1027,0.74319,-0.071825,-0.87581,0.21993,0.40182,0.4069,0.96181,0.23074
0.47219,1.5849,-0.10298,0.28465,0.82149,0.62433,0.51326,1.0024,0.87895,0.34466,0.15931,0.18573
0.51102,1.487,-0.327,0.050902,0.26829,0.075255,0.064824,0.66879,0.90257,0.065758,0.44104,0.25106
0.10219,0.47126,-0.94394,-0.22385,0.41113,0.24504,0.98018,0.73333,-0.047544,0.17221,0.36737,-0.042529
1.289,2.2438,0.17852,-0.20326,0.68886,-0.35915,0.7873,-0.13905,0.28539,0.61001,-0.24754,-0.81412
-0.8172,3.1773,-1.2066,-1.0949,0.53371,-1.7333,0.74097,0.08841,0.70501,0.91239,0.59103,0.77183
-2.422,2.9329,-0.8282,-1.0373,1.1436,-1.6031,1.4534,0.42525,1.4256,0.46187,0.082379,0.65344
-2.647,4.495,-0.91784,-0.66144,1.2607,-2.231,0.24292,-0.69812,1.1445,0.87891,0.69022,0.4815
-3.6986,4.1674,-1.8903,-0.42009,1.0823,-1.4672,0.81401,-0.20837,0.87108,0.79543,1.4303,0.95017
-4.3066,3.6389,-1.025,0.0074862,1.7727,-0.83104,1.2054,0.42494,1.0545,0.65692,0.30307,0.48988
-4.4389,3.8818,-1.1136,-0.12883,0.79803,-1.1326,1.0033,1.042,1.2504,0.16665,0.76079,0.86972
-4.2645,2.7954,-1.4227,0.32501,1.7706,-1.2955,0.40586,-0.22468,1.0651,0.43452,0.45818,0.55075
-3.9473,3.4127,-1.1813,0.056881,1.326,-1.0756,0.64903,0.044902,0.90812,0.11594,0.26911,0.30697
-2.8371,2.4958,-2.8651,0.011827,0.4583,-2.6174,0.62892,0.86562,0.77687,-0.55223,0.58531,1.1226
-2.9888,2.9194,-1.932,0.27937,0.33187,-2.1695,0.36338,-0.10037,1.1465,-0.0166,1.3266,0.8552
-4.4226,3.6643,-1.0017,1.3415,1.5458,-0.25336,0.7981,0.015202,0.9966,0.11476,0.40561,0.21753
-4.0824,3.3055,-1.6117,1.2102,0.64094,-1.2615,0.75446,-0.54869,1.0924,0.88802,0.58163,0.11615
-5.2839,2.8014,-1.4416,1.6915,1.7654,-1.1218,0.79802,-1.0417,0.2845,0.30537,0.50572,0.5192
-4.7687,4.1837,-1.5994,0.26809,0.97661,-0.61832,1.5002,0.14032,0.67398,0.52003,1.0136,0.46187
-4.9609,3.1529,-2.3134,0.90838,1.3888,-1.0001,0.51815,-0.67945,0.20807,0.2125,0.25324,-0.25711
-4.8877,4.1773,-1.3587,1.2846,1.4,-0.64914,1.5449,0.46551,0.64201,-0.8187,0.10707,-0.011282
-5.1928,3.7914,-1.3016,1.2999,1.2681,-1.3062,1.1481,1.0094,1.3615,0.0085129,0.49323,0.69908
-4.626,3.2056,-2.1979,0.97483,1.097,-1.6038,0.13874,-0.2881,1.0331,-0.056415,0.56874,1.0923
-4.9635,3.0137,-2.3572,0.79475,0.83068,-0.70349,0.43725,-0.28318,0.6988,-0.22833,0.27282,0.11777
-2.3209,2.1841,-3.4347,0.74378,-0.026597,-1.4733,0.10044,-0.12276,1.4069,-0.16153,1.3277,0.90395
-2.8201,3.4054,-2.8856,0.26909,0.17792,-1.7138,0.13022,-0.2259,0.62603,-0.32575,1.5827,0.74651
-1.9362,3.3235,-2.0306,0.36421,-0.19097,-2.3387,0.13142,-0.23086,0.80577,0.47915,1.3968,0.61472
-0.91138,3.2758,-2.5566,0.78636,-0.060803,-2.2018,-0.11128,-0.85468,0.38263,-0.40962,0.72118,0.038652
-1.6159,3.2606,-1.289,1.429,-0.29054,-2.8412,-0.161,-1.3348,0.42404,-0.37575,0.68647,-0.2611
-1.8669,4.0199,-0.99493,1.5083,0.62487,-2.1319,0.254,-0.28638,0.9251,-0.46449,0.27899,0.26991
-1.1097,2.6172,-2.3189,-0.31127,0.84828,-0.95652,1.1453,0.07156,1.2101,-0.36023,0.25021,-0.33003
-1.7578,2.9895,-1.8865,-0.84392,-0.1913,-1.7222,0.19023,-0.36387,1.4354,-0.11017,0.43275,-0.43505
0.15521,2.2439,-1.0767,-1.442,-0.31248,-1.3759,0.26649,0.16571,0.29516,-1.266,0.46895,-0.27139
0.21121,2.4185,-0.49333,0.03041,0.98254,-1.4246,0.60372,-0.089397,0.71772,-0.37404,0.24182,-0.23451
5.4479,2.8022,-2.3975,-0.16056,0.48945,-2.0827,-0.077714,-0.56962,0.25359,0.46871,0.24281,-1.0119
6.1547,1.31,-1.3789,-0.62511,0.31361,-1.2697,-0.33003,-0.70685,0.86656,0.27915,0.83788,-1.13
5.7292,0.9528,-1.3401,-0.80996,0.45519,-1.0268,-0.76638,-0.65728,0.69624,0.68144,0.77174,-1.1082
5.499,1.0367,-1.3815,-0.98423,0.54294,-1.3501,-0.78851,-0.37183,0.75529,0.63186,1.0422,-1.1118
5.4508,0.40899,-1.3867,-1.4012,0.81436,-1.5293,-0.94277,-0.0048234,0.6353,0.77262,1.1791,-1.5196
5.1605,0.54568,-1.2614,-1.6443,0.53572,-1.1002,-1.1749,-0.068878,0.75677,0.33437,0.92731,-1.2164
4.8546,0.3542,-1.3071,-1.6038,0.82187,-1.4235,-1.0213,0.077618,0.57395,0.3217,0.86899,-1.1958
5.0271,0.49726,-1.3555,-1.3165,0.58861,-1.0031,-0.86077,-0.31849,0.56392,0.21401,0.72211,-1.2953
5.2747,0.48933,-1.4108,-1.4805,0.82236,-0.80757,-1.1141,-0.16417,0.83958,-0.032956,0.61197,-1.3526
5.4296,0.30399,-1.2822,-1.3654,1.2686,-0.45266,-1.0976,-0.11724,0.32826,0.32587,0.51681,-1.4497
5.229,0.46659,-1.1633,-1.0969,1.467,-0.93583,-0.7276,-0.26958,0.37345,0.62832,0.34179,-1.0435
5.0251,0.515,-1.0838,-1.2138,1.3139,-1.4375,-0.74369,-0.060144,0.50238,0.95626,0.58406,-0.86266
6.96,0.95663,-1.9549,-0.7351,0.33431,-1.0526,-1.1747,0.17741,0.86512,0.82283,0.77093,-0.74613
6.7568,0.95599,-1.1902,-1.2165,0.15326,-0.83908,-1.1548,-0.21684,0.69194,1.5234,0.47116,-0.72057
6.6157,1.8456,-0.27343,-0.95244,0.53622,-0.9929,-1.4903,-0.18597,0.66523,1.3751,0.89625,-0.65868
6.0016,1.9117,-0.23322,-0.29014,-0.18802,-0.70233,-0.89524,0.13544,0.90614,1.1248,1.056,-0.68355
6.7103,0.22809,-0.69529,-1.1609,1.0911,-0.64555,-1.4896,0.10723,0.63924,0.10629,0.16558,-0.93297
6.1343,0.0022294,-0.030564,-0.71218,0.75898,-1.162,-1.6005,-0.054434,0.87924,1.0146,0.51445,-0.44949
3.8455,0.78178,-0.41529,-0.18378,0.24236,-1.3228,-1.849,-0.61668,0.506,1.2036,0.13614,-0.59692
7.4864,-0.54338,-1.5787,-0.84069,0.42937,-1.407,-1.9862,-0.26345,0.8847,-0.0055193,0.39812,-0.21232
4.2783,0.90027,-0.25917,-0.19698,-0.5714,-1.4262,-1.811,-1.2568,-0.21805,0.11364,-0.15603,-0.62297
5.5739,1.725,-0.20552,0.33616,0.04504,-1.1105,-1.0565,-0.4045,0.38811,1.3935,-0.069445,-0.62497
6.1641,1.2706,-0.021417,0.53644,-0.71004,-1.1222,-1.2783,-0.5289,-0.51067,0.27698,0.030394,-0.18797
4.9128,1.558,0.098373,0.099612,-0.3031,-1.3996,-0.67048,-0.58107,0.35065,1.2027,0.53144,0.1145
3.6805,2.2991,-0.28621,0.21129,0.041284,-0.72949,-1.2091,-0.31878,0.24803,0.60586,0.4664,-0.086972
2.0214,1.4325,0.13704,0.27748,-0.41529,-1.429,-0.74412,0.11054,-0.72268,-0.026813,0.18745,-0.48661
2.9007,1.8639,0.68193,0.79561,0.25386,-0.45257,-0.47523,-0.43025,-0.91932,-0.31219,-0.42392,0.055467
2.4807,1.5874,0.11735,-0.39935,-0.35262,-0.67995,-0.27903,0.077771,-0.34825,0.46122,0.10004,0.13487
1.7105,1.9303,1.0562,1.5587,0.64536,-0.77046,-0.89072,0.27181,-0.32578,0.58326,0.01242,-0.29033
2.481,2.084,0.92309,0.72947,-0.12068,-0.64611,-0.79798,0.036724,-0.48328,0.21249,0.1581,0.14795
2.1478,1.2491,0.20828,-0.2126,-0.97598,-1.5336,-0.6931,0.24604,-0.038762,0.19975,-0.35856,-0.16232
2.4885,1.2434,-0.26267,-0.061498,-0.051859,-0.68844,-0.80989,0.16241,0.65676,1.0457,0.6794,1.1927
2.024,1.1448,0.35264,0.71677,0.074201,-0.35721,-0.48682,0.02673,-0.095438,-0.046171,0.10945,0.18352
1.5493,1.5711,0.38189,1.0603,0.13595,-0.70489,-0.43321,0.35848,0.39548,0.72071,0.75944,0.44527
1.5354,1.8263,0.12676,0.070282,0.36489,-0.13663,-0.038848,-0.033574,0.24905,0.35048,0.48802,0.25579
-0.11439,0.65051,0.04924,0.30608,-0.010449,-0.83232,0.1406,0.91138,0.8803,1.0755,0.2941,0.31153
-0.0099992,0.69056,0.16361,0.87165,0.36384,-0.044781,0.043278,0.63714,0.48592,0.54921,0.45367,0.34316
0.028403,0.68749,0.56253,1.2388,0.34082,-0.30572,-0.027277,0.55874,0.63649,0.6236,0.91985,0.28801
0.22986,0.73647,0.20468,0.44809,1.0589,1.073,0.9045,1.3865,0.33343,0.21854,-0.19292,-0.21746
0.79424,1.2824,0.0984,0.64399,0.069059,-0.83768,-0.20124,0.89688,-0.034079,-0.21017,0.85065,0.21074
0.28237,0.84501,-0.53295,0.12888,0.40047,-0.1582,0.28637,0.66591,0.1039,0.74252,0.3717,0.60113
1.1802,1.0256,0.28578,0.83116,-0.28962,0.041432,-0.13105,0.78486,0.77723,0.66736,0.61795,0.4327
0.90366,1.1882,0.77718,1.3336,0.68131,-0.39496,-0.73272,0.58652,0.28382,0.2747,0.68395,0.47505
0.48658,-1.5103,0.40054,-0.4543,-1.535,-1.3219,0.55339,-0.0039326,0.49707,-0.97692,1.2408,-0.30705
-0.60056,-0.47381,0.62993,-0.67406,-1.8,-1.92,0.21771,0.64494,0.094953,-0.49629,1.454,-0.3261
-2.3101,-0.075358,1.8116,0.24785,-0.47157,-2.055,0.41436,0.89945,0.014959,-0.50752,1.2094,-0.63367
-1.4335,0.53967,1.3619,0.65802,-1.2248,-2.0037,0.71556,0.56058,-0.37351,-0.31406,1.1561,-0.29093
-2.1291,-0.32334,1.3932,0.2692,-0.42958,-1.5907,-0.34407,0.079982,-0.4558,-0.20694,1.1489,-0.4759
0.60279,-0.38381,0.56934,-0.34388,-0.33254,-1.2464,0.15542,0.85057,-0.37682,-0.64768,1.2342,-0.82912
-1.1771,-0.56733,1.2031,-0.58371,-0.76108,-0.78399,0.62731,1.2243,0.08025,0.04254,2.0106,-0.72858
-1.0812,-0.44171,1.8578,-0.031226,-0.89051,-0.92107,0.31526,1.0263,-0.61416,0.15767,1.483,-0.038299
-0.97052,0.37397,1.3068,-0.068112,0.067742,-0.18953,0.96939,1.2281,0.25367,-0.46703,0.5843,-1.0998
-0.73863,0.062979,1.4586,0.41235,-0.43789,-0.15311,0.47964,1.3508,0.066845,-0.42735,1.4533,0.1544
0.011167,0.42063,1.5169,1.166,-0.17777,-0.39926,0.99157,0.5281,-0.33309,0.23662,0.77865,-0.54025
-0.35845,0.14045,0.99731,0.38195,-0.28197,-0.41317,0.54027,0.95927,0.45506,0.34973,0.3644,-0.44525
0.11218,-0.0077978,0.092559,0.1793,0.066755,-0.13294,0.88324,0.28906,-0.56187,0.66178,0.73398,-0.69156
0.57168,0.36196,0.42524,0.46681,0.078936,0.032116,0.80092,0.94439,-0.36629,0.001285,0.6313,-0.31066
0.88648,1.2009,0.90855,0.87865,-0.13286,-0.11808,0.74702,0.70115,0.24696,0.24536,0.33256,0.13098
0.55521,0.93945,0.23948,0.85805,0.59678,-0.21646,0.24995,0.78493,1.1137,1.2762,0.99686,0.6139
1.4517,0.9907,-0.48095,0.089529,0.5973,0.039934,-0.19424,0.7993,1.1171,0.62683,0.80607,0.23491
0.52209,0.80528,-0.4945,0.063814,-0.050249,-0.94731,0.063099,0.90563,0.66271,-0.11172,-0.66857,0.49921
-0.56312,-0.025392,-0.40339,-0.097725,-0.15413,0.28406,0.94648,0.8297,0.25063,0.24805,0.44188,0.41991
1.1348,1.2261,0.82939,0.17153,0.20886,-0.39829,0.23286,1.1618,0.77276,0.4896,0.65788,0.15708
0.56897,1.5196,0.94395,0.95602,0.041176,-0.27983,0.18691,0.90059,0.57121,0.78356,0.028897,-0.66565
0.57025,0.95063,0.58823,0.51232,0.71095,-0.11173,0.62146,1.1051,0.40153,0.90811,0.3617,-0.16976
0.62027,1.3353,0.10761,0.71131,1.2473,0.58255,-0.015875,0.64281,0.19905,0.39256,0.08337,0.14771
0.87833,0.62886,0.088765,-0.49549,-0.12291,0.17652,0.22775,0.80672,0.18835,0.16403,0.38613,0.20321
0.75263,1.114,0.13453,0.52787,0.78464,0.40182,0.37087,0.90907,0.74803,0.59532,0.10984,0.14504
-0.099976,0.6521,-0.18612,0.48963,0.78602,-0.45846,0.047515,0.95305,1.0559,0.27443,0.26758,-0.02283
0.85011,1.5132,0.25093,-0.18978,0.78856,0.5413,0.93905,1.6368,0.39974,-0.20475,0.10058,0.06441
0.79537,1.2145,0.027804,0.3927,0.34644,-0.21567,0.2323,0.78402,0.45838,0.32994,0.69113,0.74644
1.4971,1.3099,0.34398,0.19026,0.37018,-0.22569,-0.56304,-0.045816,0.31835,0.76478,0.31696,-0.22762
0.62381,1.0709,-0.24351,0.7381,-0.15002,-0.82607,-0.20036,0.78053,0.87711,0.56814,0.95885,0.62096
0.51963,1.0658,0.76903,0.73607,0.71018,-0.52128,0.10442,1.076,0.14546,0.23386,0.16186,-0.12302
1.5571,1.1192,0.071085,0.23935,-0.0063482,-0.36107,0.11723,0.96741,0.14168,0.14311,0.095991,0.43083
0.79551,1.1957,-0.28729,0.47234,0.3588,-0.32752,-0.49376,0.71225,0.90001,0.73999,0.10039,0.22378
0.77446,1.3024,0.28156,0.37201,-0.20368,-0.53404,0.3045,0.79423,0.22119,0.5121,0.58734,0.40678
0.77889,0.5875,0.085567,-0.43861,0.15991,-1.0395,-0.37452,0.54812,0.1742,0.50434,0.1985,-0.080012
0.56822,1.1364,-0.15699,1.0069,1.4039,-0.14628,0.30589,1.0104,-0.1999,-0.29757,0.40117,0.22343
0.82011,1.0683,0.1575,0.54789,0.26107,0.73809,0.37253,0.4398,0.56238,-0.035375,0.059276,-0.23932
0.27145,1.0533,0.4969,0.79001,-0.11361,-0.17452,0.001576,1.0377,0.83981,-0.17285,-0.26054,-0.51571
0.35708,0.50853,-0.27278,0.37549,0.51206,0.15014,0.54006,0.32638,0.10026,0.89484,0.67059,0.37835
-0.94489,0.67545,-0.23308,0.46587,1.4239,-0.11106,0.34684,0.4329,-0.202,0.40841,0.73128,0.55233
-0.47605,2.0435,-0.01647,0.36572,1.707,-0.68438,1.0291,0.21842,1.3312,0.73091,-0.29027,0.16398
-2.6698,2.9298,-0.29601,0.2094,1.8814,-1.4748,1.2898,-0.21526,1.0691,0.2436,0.80973,0.67888
-4.2569,4.4273,-0.708,0.54296,1.8611,-0.75648,2.0704,-0.10905,0.66543,-0.25622,1.0829,0.76829
-5.2331,4.2067,-1.5513,0.1763,1.8744,-0.99965,1.6756,-0.62444,1.1413,0.58869,0.6521,-0.034804
-5.0488,3.9441,-1.9598,-0.81884,0.69763,-1.0679,1.3124,-0.074001,0.91162,0.22926,0.82164,0.39384
-5.6535,4.0151,-0.73715,0.83018,1.2501,-0.61656,1.0553,0.59617,0.69318,-0.41754,0.32231,0.51125
-4.4733,4.0046,-1.7468,0.64793,0.75415,-0.68794,0.28207,0.072561,0.80065,-0.01246,0.96987,0.58562
-4.814,3.5395,-1.9248,1.079,1.0522,-0.20917,0.99627,0.072936,0.92478,0.24348,0.15507,0.075814
-4.7768,4.5304,-1.8823,1.1218,0.41365,-1.1659,0.75246,-0.50926,0.75882,0.17174,0.080327,-0.17547
-5.3003,4.0493,-2.1853,0.36066,0.65292,-0.68421,0.77878,-0.14475,0.76065,0.36694,1.4126,0.27671
-5.3847,4.0623,-2.1144,0.44067,0.27372,-0.33746,1.1462,1.072,1.438,-0.10587,0.64193,0.062783
-5.744,4.1287,-2.7591,0.76363,1.1877,-0.42285,1.6645,0.53281,0.3446,-0.61569,0.33415,-0.037009
-4.9078,4.8584,-2.338,1.2316,0.73167,-0.80021,1.1618,0.0022114,0.34359,-0.92744,0.43952,-0.039889
-5.5714,4.0436,-2.8406,1.1765,0.82683,-0.46059,1.0704,0.50146,0.68706,0.42528,0.81451,-0.66923
-4.6562,4.6902,-2.164,1.039,0.77237,-1.5313,1.2475,0.47256,0.95757,0.47868,0.95522,-0.28309
-4.9981,3.5874,-2.6066,0.66021,0.58262,-1.1951,1.1449,0.41206,0.42012,-0.10102,0.62884,0.30991
-5.1685,3.7014,-2.3894,1.1201,0.62276,-1.4029,0.84339,0.27836,1.2105,0.60101,1.7092,0.66127
-4.6124,3.4736,-2.0893,0.44713,0.13368,-1.1646,0.77607,1.1321,1.4991,0.42854,0.47369,0.083711
-4.6504,3.565,-2.2025,0.83537,-0.05128,-1.1111,0.36545,1.3368,1.1375,0.97668,1.2213,0.22091
-4.759,4.3842,-2.153,0.65096,0.255,-0.77204,0.86377,1.7658,1.3146,0.72659,1.2651,0.43983
-5.1044,3.344,-2.1776,0.89677,-0.28256,-0.67133,0.7965,0.99885,1.3567,-0.42953,-0.30181,0.16892
-4.6343,3.915,-2.3768,1.5028,0.89973,-0.77585,-0.37176,0.45369,1.6162,0.24731,1.2583,0.51211
-4.8897,3.5886,-2.1726,1.1091,0.1202,-0.065008,0.53156,-0.25411,0.89892,-0.35047,0.41144,-0.35342
-4.5307,2.8246,-3.0878,1.2056,0.2744,-0.86323,0.7236,-0.49491,0.80985,0.025239,0.72628,0.49788
-3.0734,1.9271,-4.3888,-0.077503,0.2975,-0.81713,1.2829,0.68964,1.4235,-0.12477,0.7701,0.75647
-2.3635,2.195,-2.3405,0.10488,-1.2202,-1.729,0.67025,0.1238,0.66189,0.028114,0.26879,-0.019357
-2.8283,0.78731,-2.7943,-0.17233,-0.72195,-1.9567,0.50524,-0.31111,0.9525,0.18308,1.0208,0.74959
-1.9555,0.4082,-1.1975,0.41706,-0.67506,-2.114,0.089334,0.3196,1.0482,0.27949,0.90849,-0.022098
1.5783,2.9108,-0.56876,0.40126,-0.78708,-2.2143,0.35616,0.48195,0.52829,-0.2693,-0.25389,0.17553
4.4079,1.4495,-0.29219,0.37896,-0.56286,-1.8358,-0.7256,-0.11901,0.40046,-0.38045,0.52689,-0.93124
4.7434,1.0677,-0.10384,0.72404,-1.1106,-1.7535,-0.41245,-0.1359,0.7692,-0.53865,0.82845,-0.71567
4.8229,0.45025,0.11293,0.23271,-0.85075,-1.6976,-0.71759,-0.29892,0.92082,-0.5261,0.90416,-0.97346
4.4097,0.29489,0.28598,0.045341,-0.74951,-2.2163,-0.54778,-0.30066,1.0907,-0.25994,1.202,-1.1698
4.1071,0.072209,0.090822,0.13146,-0.86066,-2.5862,-0.48233,-0.22122,1.3027,0.017004,1.3187,-1.2601
4.556,-0.17761,0.0034661,0.33446,-1.1007,-2.6034,-0.97006,-0.24824,1.574,-0.56419,1.7026,-1.2097
5.0145,-0.59767,-0.051819,0.12677,-1.3315,-2.1559,-0.97502,0.57939,0.42697,0.079872,1.2552,-1.1452
3.5583,0.23772,-0.15849,-0.2368,-0.61532,-2.6199,-0.74899,0.37694,0.63674,-0.36097,1.4317,-1.2802
3.2954,0.77582,0.16925,-0.12128,-0.43364,-2.6013,-0.56985,-0.027275,1.1157,-0.15059,1.4025,-1.0782
3.9301,1.0073,0.078886,0.061594,-0.25203,-2.6519,-1.0096,0.1616,0.92767,-0.016501,1.2361,-0.72203
3.9063,1.4097,0.84438,-0.12366,-0.631,-2.5151,-0.66437,-0.055995,1.4064,0.25978,1.3202,-0.94965
4.1225,1.7043,0.29538,0.3998,-0.88102,-2.9417,-0.23441,-0.024474,1.4806,-0.42477,1.2494,-1.2304
3.502,1.5213,0.6166,0.88737,0.05384,-1.8353,-0.4375,0.16625,1.3291,-0.085989,0.86134,-1.2384
2.9905,1.3015,1.4787,1.5958,-0.80232,-2.3687,-1.0757,0.37444,1.0672,0.27837,0.54662,-1.2953
3.4637,1.7443,2.2011,1.2675,-0.9918,-2.0498,-0.49409,0.071988,0.34934,0.093815,1.0888,-1.499
2.9655,1.5037,1.4413,0.71707,-1.3497,-2.0883,0.12625,0.66972,0.41199,0.68155,1.3704,-0.56566
2.9195,1.9863,1.1402,1.2977,-0.48699,-1.8398,-0.31582,0.20448,0.60721,1.0386,0.44811,-0.72315
2.9565,1.4061,1.6597,1.1747,-0.10405,-1.461,-0.35699,0.46657,0.51294,0.35221,0.40697,-0.27696
2.0918,1.0952,1.0349,2.1896,1.0632,-0.29792,-0.077002,0.49997,0.49792,0.42808,0.10389,0.061903
2.4422,1.6067,1.133,1.3211,-0.21717,-0.185,0.11895,0.37092,0.41463,0.87469,0.97455,-0.20579
3.0075,1.9546,1.0297,1.0075,-0.70034,-0.84773,-0.46788,0.3949,0.45081,0.38343,0.4328,-0.17331
2.4247,2.5024,0.99346,0.76617,-0.1571,-1.0341,-0.48638,0.40038,0.33923,-0.011344,0.38423,0.0053776
1.4007,1.3259,0.31134,-0.27928,-0.19431,-0.87649,-0.89868,0.096954,-0.29235,0.28727,0.19191,0.099912
1.6045,1.3388,0.35695,0.87106,0.15964,-0.43271,0.2721,0.2315,0.13709,0.66569,0.14945,0.1191
1.0037,1.1854,0.66493,0.82274,-0.3178,-0.72747,-0.1196,0.59421,0.28253,0.080314,0.33466,-0.06149
1.4936,1.374,0.30816,0.47311,0.53521,-0.15338,0.17235,1.0066,0.5531,0.27939,0.17927,0.67097
0.9562,0.81205,0.63294,0.51872,-0.67064,-0.30723,-0.55824,0.43152,0.21771,-0.090904,-0.39169,-0.07875
0.44603,1.7922,0.36295,0.058329,0.23249,0.24412,0.40683,0.7837,0.66657,0.52879,0.4447,0.51016
0.30592,0.77243,-0.41874,-0.45335,0.052024,-0.26681,0.80484,1.3294,0.31608,0.84215,0.42056,0.38861
1.4753,1.6585,0.18064,0.0062242,0.67235,-0.026366,0.39691,0.70177,0.26914,0.55388,-0.10025,0.27611
0.66796,1.2092,-0.23282,-0.12852,0.94331,-0.35939,0.45305,0.55319,0.34725,-0.03876,0.1631,0.5127
0.086674,-0.40481,-1.468,-1.6489,0.0012023,-1.9777,0.90978,0.84145,0.66741,0.8143,0.90057,-0.12451
-3.6008,1.6422,-1.5537,-1.1521,1.254,-1.3485,0.94508,0.073474,0.23063,1.1036,0.48972,0.088367
-3.695,3.0622,-1.2281,-1.1049,1.0691,-1.3965,1.4373,0.65588,1.2187,0.90028,0.24833,0.20511
-3.7554,1.9965,-0.66925,-1.1413,1.3087,-1.2885,0.98318,0.80408,0.80299,0.70019,0.63206,0.98952
-2.5101,2.88,0.41313,-0.091576,0.89518,-1.9703,0.8204,0.80006,0.30543,0.49458,-0.63822,0.072502
-1.8556,2.6969,-0.45328,-1.656,0.84178,-1.4933,-0.0050151,0.92548,0.98203,1.2196,0.47081,-0.11142
-1.6192,1.5234,0.099134,-2.0088,0.019424,-2.2134,-1.1046,0.16531,0.179,0.96453,0.19057,-0.49752
-0.13892,2.4206,0.35675,-0.95248,-0.12672,-1.5385,-0.11262,-0.10424,0.26281,1.3963,1.2102,0.69357
0.16135,2.5969,0.35727,-0.88571,-0.32937,-1.7388,-0.48571,-0.10997,-0.61543,0.43638,0.61326,1.3545
0.23956,1.425,-0.3369,-1.1016,0.17479,-1.2136,-0.37966,-0.13619,-0.19756,1.0927,0.68374,0.082939
0.64413,1.5121,0.20753,-0.38829,1.4059,-0.6173,0.5685,1.2591,0.91242,0.59447,0.13813,0.3287
0.61671,1.067,0.027609,-0.4255,-0.15788,-0.37082,0.19916,0.70229,-0.015916,0.20219,-0.06128,0.74553
0.62307,0.82351,-0.68218,0.10429,0.52128,-0.42659,0.63953,0.73499,0.30559,0.84179,0.2439,-0.012727
0.42225,1.6335,0.41559,0.15236,0.096333,-0.044047,0.17303,0.92859,0.84653,1.1147,0.24148,-0.14533
0.12162,1.0371,0.35685,0.80315,0.54976,0.35348,0.36299,0.40317,0.28903,1.6465,0.98277,0.17193
0.17653,0.92721,0.15344,0.34658,-0.24451,-0.13251,0.54594,0.92754,0.41876,0.1802,0.16916,0.79576
0.85602,1.0932,-0.070938,0.3236,0.92998,-0.1892,0.09027,0.84421,0.41599,0.20486,0.10689,0.2082
0.45757,1.3095,-0.22405,0.47891,0.2817,0.052346,0.20916,0.87945,0.30882,0.6069,0.44393,0.1711
1.1945,0.97938,-0.35369,0.28454,0.55075,-0.16977,-0.003892,0.58306,0.50028,1.2009,0.5696,-0.14626
0.62696,0.84309,-0.11728,0.36491,0.33852,-0.065432,0.13546,0.25897,0.67071,1.5035,0.8816,0.21519
0.36033,0.68714,0.055789,0.37901,0.28239,-0.73511,-0.043753,1.0046,0.78198,0.95975,0.18569,-0.28695
0.6825,0.68584,0.043969,0.5014,0.84906,-0.30314,0.34421,1.0405,1.0621,0.45014,0.37289,0.31252
0.053387,0.75531,0.01051,0.39533,0.49853,0.054907,-0.33461,0.70113,0.095703,-0.21003,-0.20156,-0.50631
0.24159,0.97057,0.1524,0.7201,0.64617,0.13314,0.26641,0.33165,0.35431,0.20622,0.39172,0.16091
0.57631,1.3472,0.55564,0.50294,0.38571,-0.45631,0.56345,0.605,-0.046697,0.20144,0.16709,0.20445
0.66039,0.65253,-0.16216,-0.52322,-0.21512,-0.30699,0.14805,1.3971,0.86708,0.16969,0.68172,0.47437
0.45799,0.63018,-0.016533,0.80838,0.72879,0.64499,0.84681,1.1322,0.29468,0.46973,0.57119,-0.026968
-0.21513,0.8913,0.59067,0.67181,0.34022,-0.53678,0.31206,1.3396,0.47803,0.61389,0.2588,0.52672
0.555,0.83968,0.53462,0.40015,0.25639,-0.53774,-0.22461,0.97476,0.032205,0.52354,0.041119,0.21146
0.10977,0.90863,-0.50874,-1.0602,-0.50341,0.1802,0.7648,0.57694,-0.16957,0.31812,0.33155,-0.58321
0.38116,0.59076,-0.64617,-0.36416,0.10035,0.41076,0.35831,1.1424,0.58003,0.47703,0.62077,0.1917
0.30557,0.84743,-0.064922,-0.13461,0.10316,-0.26182,0.25809,0.59662,0.32405,-0.47667,-0.030309,0.32594
0.050034,0.73823,0.17963,0.12568,0.087954,0.67088,1.0661,1.0444,0.13497,0.29412,0.90968,0.33569
0.56674,0.67813,0.066505,-0.31212,0.30514,-0.31449,-0.31423,0.58601,0.20571,0.37506,0.73251,0.46868
0.78983,0.82724,-0.03937,1.3159,0.75917,0.67022,0.54004,0.85191,0.45842,-0.10621,0.31615,0.32399
0.2379,0.5261,0.25447,0.18242,0.33639,0.061949,-0.24667,0.58464,0.0099383,0.56201,0.82091,0.67036
1.03,1.109,-0.21518,0.70137,0.2623,0.22617,0.60785,1.055,0.071011,0.81528,-0.24891,0.19883
1.1584,1.2963,-0.0081072,1.1811,0.8252,0.046279,0.99157,1.0851,0.38916,0.75198,0.33825,0.35923
0.43838,1.3082,0.77389,0.87721,0.71371,0.57376,1.1057,1.5375,0.25486,0.00046709,-0.42603,-0.35118
1.0767,0.95547,-0.10852,0.99018,0.38763,-0.34309,0.41232,0.87029,0.7948,0.42645,0.039457,0.23501
1.4562,1.0181,-0.29678,0.93886,0.18156,-0.17944,0.57733,0.82902,0.17299,0.51405,-0.028015,-0.27659
0.32386,0.49079,-0.31051,0.0089256,-0.3533,0.4481,0.96602,0.69284,-0.17354,0.66366,0.71933,0.26292
-0.011904,0.54119,-0.7657,0.59146,0.15566,0.41371,1.3045,1.2421,0.57472,0.96427,0.84923,0.7724
0.34401,0.81187,-0.31627,0.44823,0.014638,0.4013,0.79128,0.50345,-0.25542,0.42712,0.45495,-0.32699
0.69195,0.97227,-0.085366,0.82663,-0.22989,0.16047,0.50106,0.87032,0.098449,-0.028282,0.16351,-0.10464
0.46744,0.91158,-0.52363,0.20306,0.7848,0.30185,0.20307,0.59693,-0.2577,0.55795,0.97856,0.4947
0.16239,1.3312,0.62766,1.4149,0.46557,0.17504,-0.36719,0.79338,0.57001,0.70311,0.26641,0.067824
0.76428,1.8439,0.60684,1.0925,-0.84379,0.0079772,0.43522,1.8584,-0.17102,0.56659,0.5081,0.20579
3.2644,2.0566,0.47497,2.208,-1.5576,-0.82145,-0.50426,1.1656,-0.47785,-0.18177,-0.65535,0.78518
3.694,2.3472,0.37669,2.2724,-0.88381,-0.6893,-0.43732,1.5527,-0.36076,0.73041,-0.14939,0.21911
4.4564,2.2861,0.68029,1.9577,-0.84484,-0.77997,-0.49314,1.1666,-0.49727,0.029993,-0.92093,0.078957
5.191,2.4605,0.49135,2.3886,-0.92794,-0.31381,-0.60793,1.2488,-0.27149,0.054147,-0.52553,0.32087
5.173,2.1134,0.60287,2.1021,-1.3102,-0.93469,-0.035975,1.8557,-0.46304,-0.4235,-0.5885,0.37908
5.6569,2.3204,0.016217,2.3531,-1.4929,-1.0738,-0.033995,2.3834,-0.20008,-0.57091,-0.53311,0.6161
5.8834,1.9535,-0.00014722,2.2583,-1.4404,-1.3151,0.085282,2.4946,-0.45003,-0.31868,-0.1814,0.2371
5.4193,1.599,0.55603,2.6804,-2.0364,-1.3154,0.11945,2.5899,0.091957,-0.38115,-0.22919,0.31186
4.5989,1.8895,0.73294,3.003,-1.813,-1.5847,-0.72103,2.6896,0.47263,0.38333,-0.37812,-0.18219
4.785,2.0063,0.77565,2.9352,-2.1018,-1.4138,-0.22117,2.0287,0.21122,0.34711,-0.62047,0.2793
4.6436,2.1612,1.2381,3.5538,-1.7056,-2.0544,-0.94909,2.4479,0.011672,0.27345,-0.65334,0.1952
4.6487,2.2855,1.1346,3.2141,-1.0705,-1.3253,-0.76387,1.1375,-0.23779,-0.20082,-0.30778,0.50659
4.808,2.3191,1.3377,3.0737,-0.51657,-1.0606,-1.0025,1.413,-0.63228,-0.81819,-0.28439,0.4206
5.1982,2.108,1.3537,3.7378,-0.99535,-1.2392,-1.0034,1.5649,-0.19773,-0.62528,-1.2955,0.076818
4.4646,2.3397,1.0179,3.1757,0.088575,-0.84648,-1.0635,0.99543,-0.44208,-0.44422,-0.72285,0.19324
4.0468,2.5926,1.3995,3.4683,0.17818,-0.24855,-0.78266,1.0131,-0.85421,-0.93172,-0.33661,0.55323
3.8398,2.6079,1.3787,3.75,0.20784,-0.85213,-0.45175,0.80844,-0.351,-0.88398,-0.78543,0.34332
4.3247,3.0348,1.626,2.9678,0.040145,-0.53195,-0.92579,1.2653,-0.43566,-0.18539,-0.28025,0.078434
4.5205,2.3108,0.97004,3.5538,0.11395,-1.1558,-1.3356,1.3219,0.025484,-0.50498,-0.77382,0.1625
4.065,2.4244,1.683,2.5011,0.6371,-0.17021,-0.9632,0.74305,0.51231,0.039357,-0.67362,0.094346
5.0423,2.2728,1.1963,2.6628,1.0545,-0.80894,-1.1713,0.51775,0.0035908,0.091084,-0.7513,0.051902
3.7799,2.1679,1.0756,2.7654,0.87142,0.16621,0.40488,0.83467,0.45399,-0.057704,-0.80703,0.060379
4.7315,2.7011,1.5784,2.3475,0.38974,-1.4742,-0.30269,1.2825,0.019762,-1.0111,-0.39414,0.4703
3.402,1.7348,2.2732,3.0106,0.6359,-0.84558,0.36043,1.7757,0.02145,-0.17447,-0.010119,0.40422
3.1104,1.7797,2.5271,3.4127,-0.5013,-0.78986,0.04854,1.1374,0.05094,-0.46408,0.45981,-0.15955
3.9466,1.5088,3.2709,2.4067,-0.74397,-1.032,-0.24482,1.0651,0.32376,-0.7597,-0.16445,-0.28165
0.86127,1.0285,3.2113,1.7894,-0.18774,0.61574,0.89774,0.32199,-0.56698,-0.40612,-0.32552,-1.1152
1.5725,1.7412,4.0291,1.6137,0.00070308,0.7211,0.44544,0.040049,0.0068104,-0.39718,-0.56281,-0.30228
2.6041,1.2961,3.3801,1.0738,-1.018,-0.23224,-0.47967,0.54373,0.37938,-0.52075,-0.56284,-0.097376
0.33915,0.80996,2.9273,0.029778,-0.54421,-0.042733,-0.11382,0.71391,0.71216,0.24941,0.019843,-0.23667
0.71033,2.427,3.3847,0.1714,0.83931,0.59683,-0.040162,0.57145,0.067345,-0.072913,-0.91547,-0.31098
0.34646,2.7045,3.0891,-0.050241,0.53854,-0.22698,-0.42167,0.41737,-0.23176,-0.12925,-0.0066075,-0.73526
1.0831,3.6254,2.5397,-0.53536,-0.01609,-0.66642,0.14233,0.50875,-0.63119,-0.26153,-0.19247,-0.15092
-0.70931,2.7031,2.2833,0.8059,1.2221,-0.53037,0.13146,0.3482,-0.20714,0.27985,0.26818,-0.48551
-0.014375,2.941,1.5308,0.97795,0.78278,-0.073515,0.55335,0.20022,0.40234,-0.066374,-0.098223,-0.42743
1.2592,0.69296,0.79765,0.97747,0.22982,-0.33247,-0.33028,0.0092274,-0.067461,0.19376,-0.3134,-1.0788
1.8265,2.3151,1.5477,1.0324,0.48028,0.47917,0.081259,0.1822,-0.33361,0.10493,-0.21115,-0.34105
1.4257,1.802,0.75959,0.2242,0.10973,0.12661,1.0904,0.84527,0.14362,0.53733,-0.39896,-0.27261
1.728,1.3248,0.57041,1.126,0.7764,0.27979,0.061837,0.18724,-0.10288,-0.018815,0.23073,0.08127
1.3432,1.7976,0.94938,0.32559,0.27286,0.56365,0.055311,0.88984,0.036285,0.25584,-0.12471,-0.84931
1.672,1.5508,1.0292,0.94881,1.0436,0.68585,0.45511,0.27439,0.30465,0.51677,0.030621,0.090561
0.40082,0.42253,-0.050867,0.0017388,0.050128,-0.50232,-0.65394,0.37513,-0.8007,-0.18577,0.34726,0.44937
1.3879,1.088,0.5797,0.093746,-0.22923,-0.34223,0.44755,0.75459,-0.15706,0.44768,0.26833,0.04638
0.56271,0.60334,-0.66643,0.48426,0.024033,-1.2181,-0.70836,-0.55782,-0.49506,-0.57679,-0.36414,0.0085284
0.35225,0.44519,-0.51791,-0.21029,0.050345,0.29083,0.59722,0.89712,-0.28978,-0.20383,0.11312,0.025982
0.55195,1.1382,-0.30626,0.21766,0.17615,-0.29492,0.071296,0.39263,0.46306,0.56942,-0.0062527,-0.23459
0.6696,0.83073,-0.21648,0.015374,-0.063554,0.77326,1.0666,0.47072,0.51555,-0.095209,0.049069,-0.0135
0.47143,0.80379,-0.49012,-0.49598,-0.020074,-0.33559,-0.33368,-0.06328,0.44146,0.19206,-0.27759,-0.24754
0.64128,0.90722,-0.46216,-0.25073,0.31006,0.096949,0.30287,1.127,-0.043811,0.45208,-0.0026693,-0.023603
0.18392,1.2721,-0.22991,-0.11644,0.70384,0.29139,0.50995,1.2876,0.82138,0.39132,0.20558,0.035562
0.92934,1.0457,0.065267,0.68589,0.14202,-0.42093,0.044298,0.84666,0.71647,0.80493,0.55542,0.15596
0.6264,1.5311,0.50755,0.81617,0.72757,0.094026,0.37723,0.79952,0.91385,0.020376,0.43286,-0.23773
-1.4976,0.65518,-1.5523,0.40264,-0.041722,-0.36333,0.487,0.59609,1.3495,0.50271,1.2058,0.27924
-2.1789,2.535,-0.85874,1.1039,0.030166,-0.10033,0.71288,-0.13727,0.84843,-0.14358,0.18982,-0.63633
-2.8765,3.3145,-1.1651,0.93598,0.97038,-0.26533,0.52725,0.43904,0.80021,0.33493,0.20931,-0.74969
-4.1685,3.5587,-1.6583,0.96459,0.40621,-0.17375,0.23088,-0.35183,0.17982,-0.10531,1.4191,0.14917
-5.1195,4.1166,-2.8463,-0.16335,-0.30706,-1.0616,0.36733,-0.58634,0.81903,0.32874,0.89669,-0.14523
-5.1939,3.9499,-2.5907,0.59713,0.17733,-0.15199,0.63906,0.11183,1.0523,-0.89829,0.70474,-0.12082
-4.4017,5.1719,-1.8798,0.27535,0.15555,-0.298,0.70786,0.62395,0.84772,-0.3219,0.75187,0.6664
-3.7056,3.5515,-3.2229,-1.298,-0.37408,-1.7222,1.3819,0.24203,0.68471,-0.086439,0.94477,-0.094213
-4.6949,3.5468,-1.937,-0.60794,-0.65432,-1.0589,1.4076,0.57473,0.36036,-0.15108,0.26283,-0.38756
-4.0366,2.7994,-1.8355,-0.41894,0.96869,-0.94357,0.93643,1.0054,0.55644,0.20509,0.1234,0.038336
-4.4736,1.9248,-2.0781,-0.39679,0.36193,-1.6397,1.0751,0.86987,1.5069,0.032227,-0.207,-0.29938
-4.8124,1.5858,-1.2676,0.14186,0.53886,-1.9638,0.43579,0.99021,1.1987,0.33636,0.39929,0.72474
-4.0267,1.8414,-1.3488,0.59657,1.278,-1.4694,0.31607,0.54841,0.47329,-0.10724,0.017074,0.36296
-4.5455,1.6688,-2.5117,-0.75122,0.65555,-1.7359,0.38773,0.88652,0.80668,1.1648,0.71152,0.71423
-3.9776,2.0162,-0.93793,-1.3889,0.47494,-0.58181,0.74904,1.5173,0.91173,0.3887,0.51703,0.52128
-2.6666,1.2636,-1.1965,-0.93818,0.63106,-1.0532,0.55817,0.54575,0.44919,-0.18201,0.2249,0.21636
-2.5582,2.4455,-0.57987,-1.7019,-0.69258,-2.4589,-0.4752,0.38753,0.46016,0.3325,0.13629,0.27027
-2.8583,1.5976,-0.21135,-0.66295,0.32982,-1.5932,0.085658,0.97044,0.68834,1.2332,1.1082,0.8221
-1.4372,1.1138,-0.34895,-0.62181,0.52539,-1.7189,0.64239,0.96971,0.46104,0.50403,0.42904,0.50784
-1.0779,0.99646,-0.69702,-0.56758,-0.021499,-1.5457,-0.19759,0.54289,0.79882,0.88071,0.11809,0.61332
0.24468,0.42037,-0.86512,0.025535,0.87807,-0.822,-0.13589,1.1669,1.2947,0.53203,0.52679,0.63672
-0.35785,0.12239,-1.0527,-1.3292,0.44421,-0.92467,0.13394,2.4645,1.7267,0.21854,0.61304,0.50394
-0.38996,-0.16908,-1.0041,-1.1133,-0.15453,-1.2185,-0.92093,0.6752,0.45349,0.60918,0.62817,0.67185
1.4413,0.39473,-0.28526,-0.86838,-0.36129,-1.1151,-0.060662,1.2377,1.0075,1.3312,0.6296,-0.11136
0.58934,0.76511,-0.2747,-0.31638,0.050693,-1.3822,0.43947,0.97441,1.3108,1.1087,0.55982,0.68903
0.91495,-0.78239,-1.1779,0.18925,0.15157,-0.84327,-0.1856,1.0854,0.58712,0.3402,0.93001,-0.020891
1.0354,-0.23262,-1.4154,-0.25408,0.4009,-0.4294,0.10519,1.0356,1.3435,1.2619,1.0152,-0.11724
1.6459,0.36381,-0.66163,-1.0408,0.19827,-0.90228,-0.22616,1.5017,0.57285,0.39663,0.53425,0.016931
0.99512,0.021667,-0.16558,-0.90297,0.2207,-0.7911,-0.43979,0.93991,0.99788,0.59447,0.69687,0.39857
1.4813,0.11943,-0.27869,-1.081,0.23633,-1.1224,-1.0807,0.87173,0.70225,0.31547,0.93305,0.6898
1.213,0.83925,0.08212,-0.9796,-0.43018,-0.56686,-0.24571,0.9757,0.76648,0.2198,0.60051,0.26313
1.3613,0.076839,-1.1299,-1.4042,0.018616,-0.87827,-0.60872,1.1588,0.37567,0.023246,0.28705,0.23949
0.75141,0.39005,-0.69438,-1.0084,0.11511,-0.61712,0.26968,0.9941,0.32718,0.54957,1.1679,0.45576
1.4623,-0.014598,-0.97081,-1.461,-0.49841,-1.2987,-0.78392,0.749,0.47129,0.51647,0.29336,-0.52001
1.6645,1.0827,0.032808,0.21929,-0.66865,-0.99098,-0.10979,0.6316,0.65171,0.27863,0.043541,-0.27682
1.3565,1.0689,-0.93557,-0.17823,-0.48078,-0.34542,-0.0079149,1.1963,1.0274,0.45256,0.51195,0.60846
0.6706,1.0198,0.15208,0.016672,-0.31983,-0.7235,-0.093793,0.64984,0.37575,0.26065,0.4289,0.20112
0.39707,0.20502,-0.42439,-0.6489,-0.27146,-0.90048,-0.053693,0.87621,1.1941,1.0312,0.49599,0.18142
0.73285,1.1265,-0.39923,-0.40187,0.11775,-0.083407,0.016636,1.5576,0.70675,0.10034,0.12884,0.41367
0.98412,0.64249,-0.47884,0.58913,-0.016356,-1.0767,0.22075,1.2448,0.39746,0.68291,0.92342,0.053947
1.0878,0.87333,-0.6693,0.10887,0.46931,-0.11611,0.45703,0.99085,0.54126,0.2715,0.8701,1.0066
0.99469,1.3971,-0.45258,0.24635,0.54703,0.49574,0.62892,0.94827,0.84422,0.93974,0.73705,0.67571
0.98335,1.2013,-0.2216,-0.4023,-0.089907,0.010601,-0.25305,1.2524,0.71198,0.48183,0.54546,0.43216
1.2033,1.2365,-0.20402,0.25113,-0.15014,0.52544,0.31278,0.69284,0.51766,0.17917,0.88584,0.32298
0.43735,0.99189,-0.10336,0.15808,0.8936,-0.051163,0.7276,1.3094,0.167,0.16828,0.85129,0.56453
0.51354,1.3515,0.075817,0.68601,0.50577,0.25347,0.1775,0.96334,0.3597,0.7491,0.22357,-0.39494
0.35009,1.4356,1.0385,0.71253,0.73046,0.35983,0.16841,0.35115,-0.13173,0.13815,0.44655,0.46754
0.57403,0.76638,0.010325,0.65753,0.25672,-0.01652,-0.07274,0.47471,1.0302,0.65784,0.14836,0.48451
