0.16477,0.89995,0.35861,0.28766,-0.24992,-0.021692,0.35289,0.954,0.63337,0.62733,-0.02077,-0.21389
0.82732,1.2349,0.20911,0.21648,0.067344,-0.4015,0.39491,0.87384,-0.13069,-0.2035,0.57323,0.47994
0.58092,0.64891,0.28245,0.88287,0.48112,0.39646,0.055247,0.54013,0.58915,0.06252,0.16327,-0.18952
0.90439,-1.5381,0.39,0.012261,-0.014048,0.28122,-0.24464,0.72137,0.42311,-0.28811,0.84915,0.18573
1.5502,-2.595,0.59078,-1.1838,-0.13034,0.83323,-0.077671,0.79124,0.5753,-0.16335,1.2561,0.61732
0.85868,-1.0838,0.17627,-0.66879,0.48052,0.30512,0.59576,0.80584,0.67526,-0.37351,1.3195,1.2222
0.54426,-1.4783,-0.41585,-1.4543,0.1157,1.3894,0.83311,1.456,0.5459,0.14104,0.86939,0.88979
0.78307,0.60521,0.31874,-0.8049,0.082297,0.55249,0.60365,1.2648,0.29811,0.050796,0.0055991,-0.042073
1.4316,0.34874,-0.61442,-1.4587,-0.0327,-0.48176,0.051385,1.0808,0.16089,-0.31051,1.0469,0.53053
0.91991,-0.092365,-1.1078,-1.6958,-0.36788,-0.0084825,-0.090042,0.44486,0.22229,0.08073,0.30986,-0.33349
1.6095,0.32128,-0.9303,-1.5516,-0.43555,0.89836,1.1437,1.8801,1.2902,0.59754,0.89813,0.72707
1.1918,0.12017,-0.45128,-1.019,0.5113,0.81499,0.50362,1.5499,0.10397,-0.621,0.28693,-0.12533
1.9466,2.4681,0.27968,-1.9151,-0.8292,1.7713,1.001,1.3566,0.52209,0.12794,0.47375,0.26332
2.8771,2.412,-0.49467,-1.016,-1.1141,0.0219,0.61645,1.4959,1.1037,1.0739,1.1392,0.098872
2.7737,2.4851,-0.36423,-0.91713,-0.93648,0.13632,0.25653,2.0928,1.0448,0.60255,0.051473,0.16948
1.8766,2.0576,-0.5936,-0.59508,-0.57143,0.10364,0.010369,1.5709,1.2495,0.75346,0.91657,1.0313
1.9437,2.0596,-0.65916,-0.84882,-0.8894,-0.34266,0.12979,0.73955,1.166,1.1695,0.69989,0.48587
2.5931,2.775,0.26353,-0.49301,-0.74275,-0.56689,-0.29349,0.79361,0.60871,0.37909,0.88791,0.59788
1.6524,1.9606,0.043635,0.18085,-0.075979,-0.044768,0.15641,1.2111,0.089537,0.35997,0.4233,-0.17492
5.1,3.6675,0.50507,-1.0796,-1.3714,-0.96687,-0.52401,0.13351,-0.29849,-0.042527,-0.67253,-0.23863
6.9743,4.7151,0.51973,-1.693,-1.9167,-0.51365,0.016527,0.23734,0.13172,0.063315,-0.071113,-0.14458
5.0161,3.8957,1.0718,-0.43539,-1.2201,-1.3009,-0.68046,0.97241,1.0142,0.087387,-0.35976,-0.28672
6.8693,3.2995,0.56723,-1.5752,-2.0463,-0.42607,-0.20256,0.079225,0.44398,-0.51446,0.16133,-0.72811
6.4307,3.749,1.3559,-1.5407,-2.5695,-0.63534,-0.45315,0.99323,0.90198,0.0019369,-0.48717,-0.58427
5.947,3.1112,0.43313,-1.5555,-1.7326,-0.95497,-0.56626,0.17653,-0.0046874,-0.43056,-0.47437,-0.41146
7.3166,3.8097,0.88021,-1.992,-2.2896,-0.35036,-0.38802,0.43038,1.0334,-0.20298,-0.41254,-0.30813
6.5113,3.4996,0.56781,-1.0921,-1.3007,-0.37022,-0.011852,0.45023,0.44527,-0.11286,-0.3497,-0.45067
7.0409,3.6196,1.1125,-3.3894,-2.5926,-0.57871,0.035421,-0.24814,1.0457,-0.19183,-0.3489,-0.83308
6.9246,4.1457,0.77599,-1.965,-2.3236,-0.44289,0.48939,0.63119,1.1188,0.19573,-0.16483,0.07819
8.4094,3.9201,-0.053979,-1.8927,-1.8324,-0.80342,-0.1311,0.44094,0.34318,-0.50908,-0.32087,-0.0263
8.5843,3.8223,0.18753,-2.4259,-2.3019,-0.19244,-0.0091833,0.3951,0.4542,-0.70769,0.13132,0.15611
7.811,3.0747,0.014274,-2.53,-2.3826,0.01405,0.24154,0.26782,0.35233,-0.20718,-0.074406,0.12825
7.5741,2.4518,0.23756,-3.2013,-2.7235,0.52094,0.20363,0.39137,0.70188,-0.47792,0.20399,0.3108
7.8492,1.8297,0.45377,-3.9411,-2.6021,0.89289,0.076212,0.42464,0.42033,-0.37388,0.70782,0.14481
6.2336,2.0226,-0.16853,-4.0515,-2.8282,1.2141,0.082025,0.20916,0.41111,-0.77911,1.0197,-0.077944
5.6702,1.8255,-0.32613,-3.6903,-1.9756,1.3512,0.2202,0.28392,0.22398,-0.63537,0.80048,-0.21215
5.7802,1.2969,-0.1721,-3.5486,-1.5889,1.4231,0.15445,0.20839,0.081882,-0.61404,0.77678,-0.40391
5.7204,1.2472,-0.12009,-3.4026,-1.3353,1.5655,0.17442,0.06422,-0.062852,-0.27292,0.79781,-0.35432
5.7648,1.326,-0.22362,-3.7858,-1.4296,1.7609,0.17918,-0.015791,-0.14341,-0.091549,1.161,-0.19326
5.4663,1.3731,-0.38523,-4.1588,-1.6505,1.8709,0.23388,0.30988,-0.0066722,0.18781,1.4797,-0.22925
5.4411,1.0287,-0.80533,-4.0264,-1.6934,1.8646,0.50103,0.13105,0.011523,0.12077,1.5678,0.029064
7.4538,1.0068,-1.6484,-3.0734,-1.6462,1.7471,0.5283,-0.011125,-0.25917,0.24134,1.2353,-0.72537
7.3233,1.64,-0.86339,-3.0012,-1.3258,1.4033,0.68349,0.11067,-0.42903,-0.018687,-0.01093,-0.33895
7.4265,2.5505,-0.82999,-3.4464,-1.7792,0.81834,0.48405,0.19982,-0.050543,-0.17744,0.59136,0.11134
8.1266,1.7777,-1.6109,-3.5998,-1.2294,1.2165,0.24778,0.57653,0.28911,0.18691,0.76845,0.097361
5.8975,1.9762,-1.5405,-2.8727,-1.2705,1.1414,0.84228,0.61892,-0.034612,0.24203,1.1661,0.5232
6.4236,2.4577,-0.9129,-2.2566,-1.037,0.53981,0.63878,0.25356,-0.4349,-0.17541,0.45022,0.33218
7.3591,2.7358,-0.45378,-3.0743,-2.0382,0.44721,0.68296,0.78643,0.82362,0.50616,0.73501,-0.50729
4.5941,1.9117,-0.32025,-1.1758,-0.9522,0.43823,0.44084,0.42451,0.65158,0.90004,0.75612,0.16099
5.0862,2.3783,-1.221,-1.9496,-0.7003,-0.16138,0.27154,0.88063,0.80205,0.17933,0.96627,-0.23994
4.9497,1.8594,-1.5016,-2.0954,-0.37432,1.5065,1.0716,0.96018,0.30536,0.8216,0.64268,-0.085152
4.8004,1.8485,-0.87152,-1.1982,-0.62209,0.39624,0.62782,0.57655,0.59664,0.32504,0.12563,-0.55526
5.3459,1.9982,-1.4979,-1.0941,-0.20979,1.2147,1.1962,0.42576,-0.062256,0.76427,0.3335,-0.58757
3.6038,1.2651,-0.86969,-1.0426,-0.48382,0.61996,0.45109,0.59963,-0.15402,0.23177,0.057704,-0.13242
2.8706,1.872,-0.50324,-0.027216,0.5279,0.45224,0.24277,1.098,0.2631,0.12657,0.12354,0.65167
2.1411,1.5101,0.4673,-0.24622,0.16732,0.58741,0.58005,1.1566,0.94803,0.41986,-0.12208,-0.44069
2.0271,1.5987,0.31741,0.58999,0.34634,0.60555,0.98853,0.74739,-0.52487,-0.050975,0.13889,-0.18062
2.5958,2.0393,0.37549,0.92572,-0.24368,-0.19639,-0.064064,-0.0010827,1.0984,0.3758,0.029665,0.41329
1.9072,1.5622,0.27009,0.20287,0.29755,0.055239,0.29597,0.84382,0.39558,0.43967,0.085605,-0.034376
1.4513,0.33178,-0.37053,-0.10944,0.0064607,0.14518,0.60478,0.61204,0.51774,0.34026,0.16128,0.11809
1.4961,1.6348,0.10217,-0.51934,-0.97002,-1.5272,-0.45553,-0.48437,-0.15424,0.32547,0.39359,0.066548
0.81002,1.3026,0.72231,0.89725,1.1239,0.91237,0.94055,1.1126,0.53005,0.51866,-0.30287,-0.77929
0.39137,1.0177,0.30777,0.58238,0.57184,0.76228,-0.04743,0.74677,-0.17087,-0.2135,0.095884,-0.24074
0.62387,0.68261,0.096879,-0.19581,-0.79784,-1.2196,-0.40348,0.13262,-0.61826,-0.3699,-0.079346,-0.83268
0.13461,0.82983,-0.35156,0.056971,0.29133,0.49861,1.2546,0.72057,0.12973,0.74324,0.63193,-0.278
0.74446,1.4466,-0.28277,0.30821,0.78128,0.49355,0.55206,0.59309,0.10398,0.078982,0.1683,0.41824
0.72434,0.89377,-0.38574,0.3902,0.079055,-1.3585,0.36778,0.92729,-0.007281,0.093746,0.57643,0.33216
0.99294,1.1052,0.45365,0.71309,0.68049,-0.17048,-0.063543,0.45429,0.67632,0.64187,1.0238,-0.22398
0.96995,1.0027,-0.048794,0.26265,-0.257,-0.38167,-0.24343,1.4856,0.72743,0.19965,0.26967,0.17893
1.1302,1.1915,0.20332,0.34701,0.34517,0.20195,0.33755,0.68061,-0.014543,0.22377,0.28369,-0.082182
0.057345,0.63693,-0.13866,-0.49954,-0.19155,0.067209,0.58116,0.57754,0.039653,0.39867,0.64708,0.60178
-0.47886,-0.34816,-0.99243,0.1756,-0.32359,-0.8647,0.059685,0.28538,0.24436,-0.27678,-0.52342,-0.16184
0.93105,-0.12859,-0.70357,-0.60436,-0.63584,-0.054989,0.38241,0.29106,0.27281,0.29589,0.38854,0.3603
1.0635,1.541,-0.35708,-0.12699,0.47511,-0.051151,0.24555,0.67776,0.23877,0.070825,0.83708,0.44621
0.78894,1.3108,0.36167,0.18953,0.30882,0.053162,-0.51056,-0.097565,-0.025051,0.40806,0.37996,0.163
1.0805,0.73959,0.1096,0.15642,0.35812,0.056651,0.47855,0.41158,0.27553,0.69723,0.37277,0.24205
0.44049,0.53799,0.064034,0.072711,-0.00036161,-0.34706,-0.25711,1.0387,0.27111,0.53948,-0.24067,0.37304
0.033202,0.82679,-0.16995,-0.21721,0.66197,0.10216,-0.40089,0.87378,0.32267,0.11077,-0.065746,0.39426
0.4709,0.46289,0.19413,0.43418,0.15565,0.018367,0.38462,0.94553,0.82059,0.77112,0.46943,0.49225
0.3897,0.19817,0.38886,0.1703,-0.11476,0.38514,0.35603,0.71501,0.46743,0.2514,0.15274,-0.04113
0.45587,1.1499,0.0096422,0.81852,0.059819,0.21994,0.84265,0.7759,0.14873,0.29049,0.12416,-0.21369
1.0267,1.1018,0.2135,0.54986,0.39432,-0.011244,0.18307,1.2564,0.80459,0.8088,0.33744,-0.018294
-0.32336,0.58525,-0.57573,-0.17682,0.61965,0.14077,0.20749,1.0479,0.69909,0.86807,0.84686,0.57012
0.35001,0.70052,0.060162,0.64567,0.43155,-0.13235,-0.22681,0.84702,-0.13644,0.27201,0.60804,0.46303
0.009848,1.054,0.42442,0.66565,0.84481,0.0098806,0.091745,0.1704,-0.037644,-0.20236,-0.23228,-0.11141
1.2262,1.702,1.0278,1.0337,0.26144,-0.083535,0.081475,0.80413,0.51812,0.18805,-0.12001,-0.42223
0.81673,1.6719,0.37715,0.085831,0.057618,0.39653,-0.25051,0.46559,0.053748,-0.0046778,-0.065456,0.44377
0.64986,0.81694,-0.53316,-0.099854,-0.096719,-0.77371,-0.039448,0.29893,-0.27008,0.38283,-0.013852,-0.26675
0.54258,1.7606,1.0532,0.36763,-0.36553,-0.21797,0.019009,0.50478,-0.089392,-0.10114,-0.1489,0.15891
0.89261,1.6328,-0.2578,-0.39452,-0.55088,-0.035233,-0.0079604,-0.21898,-1.0685,-0.59967,0.0022079,-0.31918
1.3962,0.9031,0.53579,0.28806,0.62218,-0.28272,-0.67645,1.0151,0.11777,-0.22848,0.5934,0.13647
0.71501,1.1824,0.59673,0.44532,0.62635,0.59578,0.75804,0.5018,-0.20967,0.041315,-0.084481,0.15905
0.57552,0.9792,0.27496,-0.45789,-0.785,-0.50844,0.60296,0.4344,-0.71605,-0.28797,0.10107,0.25166
1.0918,0.76254,-0.11296,0.077666,-0.25219,-0.5502,0.64425,0.021224,-0.62079,-0.19195,0.33274,-0.33802
0.69444,1.4388,0.11023,-0.01994,-0.041295,-0.086862,0.40256,0.39511,-0.092281,0.16264,0.93843,0.1048
-0.073554,0.44079,0.57088,0.8028,0.56715,0.23849,0.87591,0.94674,0.26626,0.13791,0.12458,-0.29757
0.73275,1.2569,0.9388,1.2341,1.1983,0.047384,0.1112,0.65647,0.24648,-0.17646,-0.11153,0.46478
-1.2494,0.52149,1.6689,0.086435,0.8058,0.90121,0.26511,-0.099266,0.066823,-0.24743,0.83466,0.17246
-0.017715,0.53799,0.46827,-0.38686,0.32194,0.18022,0.26723,0.12106,-0.16896,0.1296,0.45055,0.71226
0.15725,0.99258,0.63563,0.93443,0.32589,0.20822,0.16675,0.12913,1.2813,0.7258,0.25745,0.25835
1.0054,1.876,0.45235,0.045453,0.25007,-0.44178,-0.32058,0.40716,0.84126,0.35996,0.20671,0.18314
0.87577,1.4663,0.72035,0.83315,0.056661,-0.26499,-0.56817,0.029018,-0.11988,0.29663,0.09803,0.4043
1.0773,1.4939,0.11195,0.49232,0.066631,-0.49645,0.1284,1.3575,0.32128,-0.2264,0.24084,0.061813
0.47129,0.76066,-0.31078,-0.096644,-0.13909,-0.48489,-0.281,0.21118,-0.30115,0.085341,-0.012676,-0.24754
0.38285,1.5531,0.049283,-0.2583,-0.30035,-0.19468,0.42867,0.73201,-0.36108,-0.23099,0.38906,0.39416
0.023968,0.23977,-0.18634,0.12667,0.11275,0.54594,0.57881,1.3672,0.89848,0.6304,0.65718,0.58632
1.0887,0.88271,-0.21422,0.42843,0.99569,0.36279,-0.24479,0.041971,0.22176,0.38533,-0.084336,0.1282
0.38412,1.5718,1.0759,1.2042,0.67311,-0.61478,-0.19993,0.54749,-0.20998,0.26965,0.07361,0.1367
1.4261,1.7391,-0.065426,0.34682,0.11084,-0.61897,0.037442,0.46474,0.64498,0.1585,-0.11265,0.35044
0.54508,1.1082,-0.052037,-0.0077823,0.1061,-0.12636,0.30634,0.69975,0.32235,0.30985,-0.070671,0.035779
1.0857,1.061,-0.32373,-0.31522,0.083679,-0.11386,-0.20053,0.6533,-0.13085,-0.44317,-0.3178,0.04214
0.40691,1.0229,0.45274,0.21739,0.46557,0.45531,0.94002,0.64532,-0.098817,-0.17591,0.43504,0.088651
0.25436,1.3449,0.59737,1.1557,0.78113,0.069383,-0.15464,0.025038,-0.056337,0.61356,0.62659,0.39584
0.56056,0.98483,0.14574,0.35961,0.79799,0.29296,0.39682,0.51129,-0.14178,0.90285,0.086835,-0.46846
0.49088,1.0469,-0.5003,-0.11288,0.51528,0.10176,0.73338,0.61986,0.15563,0.6573,0.49493,0.85054
0.78283,1.1969,-0.29637,0.37585,0.28,-0.55732,-0.76179,-0.090981,-0.080381,0.16806,0.21192,0.23839
0.52569,1.2665,0.32925,0.62468,0.32937,-1.4974,-0.50255,0.12677,0.055091,0.17439,-0.22615,-0.45332
0.31119,0.76089,0.61637,0.21603,-0.61247,-0.13516,-0.46184,0.18997,-0.001415,-0.30747,0.089565,-0.23579
1.1199,1.5889,0.25842,-0.08931,0.41555,0.043599,0.26212,0.2876,-0.33053,-0.3981,0.23722,0.8765
0.98762,0.67012,0.50414,0.13597,-0.16257,-0.46915,-0.048454,0.6533,0.27221,-0.0084087,-0.37416,-0.044986
0.6978,1.5432,0.80465,0.73628,0.4179,0.24916,0.082936,0.59892,-0.22511,-0.31341,0.1085,-0.12032
0.67873,1.2657,0.048197,0.11366,0.41303,-0.79209,-0.059169,0.19714,-0.3846,-0.17324,0.11389,0.014293
0.90948,0.9819,0.22698,0.39595,-0.23242,-0.54456,0.38864,0.51858,0.14629,0.41535,-0.21761,0.28066
0.58299,0.93318,0.034227,0.66692,0.57733,-0.20059,0.14677,1.2754,0.0024678,0.15783,0.18425,0.52187
-0.58921,0.005535,-0.33353,0.2272,0.34623,0.9163,0.18961,1.008,0.17279,0.10825,0.41709,0.71764
0.6698,0.75038,-0.15393,0.51247,0.90065,-0.38725,-0.27624,0.54584,0.32192,0.62032,0.21116,0.028229
0.66091,0.47964,-0.11551,0.49432,0.34277,0.13506,0.11388,0.31416,-0.44559,0.00092608,0.37078,0.61663
0.23425,1.0453,-0.22815,-0.12015,0.12882,-0.8757,-0.32112,-0.0098111,0.40239,0.11765,-0.048853,0.30361
1.0496,1.8584,0.32698,0.28781,0.46009,-0.21926,0.32339,0.36058,-0.3254,0.17191,0.33531,0.20088
0.84141,0.94339,0.054485,0.19955,0.3747,-0.37733,-0.47983,-0.20022,0.0758,0.50998,-0.15582,-0.082801
0.47206,1.3648,0.056153,0.38496,0.53317,-0.026213,0.3291,0.17928,-0.34318,-0.083668,0.43521,0.29222
2.059,1.3542,0.17419,-0.19778,-0.50236,0.18254,0.15941,0.27278,-0.57855,-0.58514,-0.17126,0.50665
0.61421,0.48764,-0.64694,0.146,0.52458,-0.4691,-0.01181,0.24647,-0.33733,0.050224,0.24551,0.3305
1.1458,1.6519,0.55418,0.74678,0.29223,0.11304,0.6614,0.19251,-0.20723,0.35949,0.44747,0.32772
-1.4054,3.2016,-0.59817,0.28578,0.049628,0.12219,0.33604,0.65009,-0.28095,0.68247,0.37787,0.22054
0.66053,2.1143,0.037634,0.57704,-0.30449,0.014195,0.54442,0.38128,-0.11121,0.78315,0.076832,1.0397
0.35931,1.1562,-0.58793,0.0487,-0.034194,-0.034743,-0.28444,-0.29794,-0.31899,0.21738,0.25117,0.40914
0.74848,1.0537,0.15293,0.2991,0.6887,0.11193,-0.33634,0.62126,0.44137,0.84254,0.16905,0.33283
0.42365,0.77821,0.031302,0.38905,0.14193,-0.015216,-0.45853,0.028319,0.11451,0.50198,-0.020794,0.087916
0.43841,0.10096,-0.49604,-0.39552,-0.82945,-0.21934,0.31284,0.53792,0.62207,0.40061,0.24143,0.81054
1.6683,1.2609,-0.68343,0.50028,-0.024114,0.10266,0.27852,-0.044955,-0.46771,0.82604,0.38145,0.60131
1.1276,0.73793,0.66767,0.79852,0.25949,-0.17338,-0.60278,-0.00083927,-0.29226,-0.078785,0.25392,0.54156
0.40879,0.98863,0.17744,0.71315,0.49779,-0.25119,0.019255,0.60542,0.27751,0.57819,0.87951,0.15082
1.1108,1.4553,-0.12173,0.18365,-0.28817,-0.48513,0.82105,0.56243,0.31217,0.13292,0.094736,0.46254
0.84878,0.91112,0.05837,0.43533,0.30734,-0.68039,0.02529,0.83405,0.54254,0.74772,0.39138,0.58291
0.24938,1.2197,0.52929,0.82677,0.69833,-0.66872,0.21428,1.2174,1.0417,1.2137,-0.18164,0.11737
-0.1473,1.0882,1.0765,0.20213,0.037678,-0.59625,-0.31347,0.77401,0.88631,1.1543,-0.0073805,-0.69814
0.39908,1.019,-0.036431,-0.22121,0.19957,-0.19856,0.037026,0.62405,0.98796,0.13658,0.34802,0.22682
0.3204,0.7608,-0.39743,0.089523,0.47568,-0.62414,-0.029727,0.39412,0.34139,0.61554,0.42501,0.60952
-0.67724,0.35263,0.45917,-0.1379,-0.33037,0.61324,0.60068,0.65969,0.59271,0.45592,0.42268,0.45683
-0.75714,0.52746,1.2966,-0.96176,0.13855,0.22682,-0.80732,0.68999,0.26763,-0.25385,-0.30829,-0.17509
-4.2876,-0.22764,3.272,-1.2045,0.44142,1.0788,-0.44038,0.89923,0.80929,0.56713,0.41945,-0.44031
-1.6626,0.00090706,2.3765,-0.24925,0.2587,1.5268,0.28311,0.43307,0.20058,0.57053,0.36409,0.31805
-1.0396,0.58623,1.9758,-0.3626,-0.54374,0.27151,-0.32958,0.20548,0.13456,0.32305,-0.17738,0.42835
-0.66234,0.53306,1.5319,-0.2379,0.014624,0.35601,-0.15091,0.052425,-0.022136,0.37689,0.65436,-0.0073606
-0.90857,0.51237,2.0648,-2.7993,-0.31855,0.41702,-0.80476,0.50452,0.38538,-0.24002,0.82547,-0.016985
-1.7938,0.40098,1.0719,-2.6222,0.16459,-0.074142,-0.67471,0.22483,0.35773,-0.19456,0.86275,-0.23429
-2.4031,1.9884,1.2232,-2.0996,-0.26219,0.13281,-1.1458,0.20484,0.30353,-0.33287,0.59568,-0.80263
-0.58601,1.9288,3.0212,-0.35458,0.97665,0.83087,-0.89791,0.33242,0.13427,-1.0283,0.41321,-0.93831
3.3928,2.5594,2.4984,-0.71945,-1.1341,-0.96278,-1.1203,-0.056198,0.029439,-0.79502,0.13298,-0.078882
3.7419,1.1845,1.9175,0.099243,-1.5882,-1.6468,0.18876,-0.37476,0.76991,-1.1804,1.0386,-0.38908
2.4047,0.46274,1.7935,-0.10363,-2.0047,-1.5811,-0.20588,-0.45454,0.93956,-1.1082,1.0101,-0.35107
3.5494,0.1735,1.1975,-0.015728,-1.6719,-1.905,-0.3213,-0.16476,1.0762,-0.44593,0.80559,0.43036
3.4247,0.36266,1.0263,-0.21692,-2.0845,-2.0427,-0.5862,-0.067862,1.2511,-0.43733,0.77322,0.15717
2.8575,0.53919,0.94136,-0.55954,-2.1306,-1.9588,-0.50079,0.24932,1.6529,-0.070615,0.96047,-0.21305
4.4035,-0.18075,-0.72482,0.070199,-2.069,-1.7204,0.63535,0.31802,1.57,0.69143,0.69317,-0.40534
5.1314,0.0029498,-0.59675,-0.67442,-1.0384,-1.2265,-0.092778,0.5608,1.7966,0.59021,-0.20499,-0.6686
5.5677,-0.03803,-1.911,0.13568,-1.1838,-1.6953,0.78561,-0.26979,2.1494,0.088163,0.27672,-0.51196
6.22,0.48213,-1.9032,-0.50705,-0.076419,-1.4504,0.03455,0.70627,1.814,0.81746,-0.45179,-0.59963
6.098,0.099015,-0.82619,-0.87385,-0.94341,-1.1476,0.077723,1.0319,2.0384,0.8808,0.41481,-1.0095
5.4685,0.53231,-1.0158,-1.2076,-1.4258,-0.89427,0.31518,0.85093,1.7845,1.144,0.66488,-1.0623
6.0696,0.66153,-1.9836,-0.78721,-0.91197,-1.2422,0.43395,0.74221,1.7863,1.405,0.29531,-1.1016
6.0125,0.94043,-1.7533,-1.1452,-0.66807,0.00037025,-0.33271,0.70532,1.253,1.0337,0.2399,-1.1705
6.385,1.36,-1.7095,-0.98141,-0.044364,-0.22081,-0.29687,0.18554,1.6733,0.12035,-0.091194,-1.2399
6.4584,1.8784,-1.5812,-0.5382,-0.23588,-0.49697,-0.22477,0.38822,1.0242,-0.047235,0.063741,-1.1016
4.8935,0.28608,-0.91366,-1.4127,-0.7644,-0.75585,-0.16861,0.33644,0.65641,0.5064,0.61285,-1.4561
4.2196,1.0004,-0.27397,-0.74118,-0.95165,-1.5501,0.081635,0.93451,1.8435,1.5386,0.64283,-1.6507
3.6239,0.6842,-0.9678,0.068472,-0.56575,-1.0843,0.15331,0.45923,1.2089,1.2831,0.35473,-1.5358
3.267,1.2084,-1.4504,-1.3548,-1.0255,-0.50582,-0.76312,-0.034794,0.59946,0.70359,0.28886,-2.1253
2.8758,1.2445,-0.50885,-0.43603,-0.61437,-0.86708,-0.66827,0.52528,1.1706,0.69147,0.24164,-1.3987
3.7227,1.4087,0.013105,0.35194,-0.15271,-0.55833,-0.17522,0.41809,1.4746,0.83454,0.13162,-1.1219
3.8204,1.9064,0.71965,0.17981,-0.79666,-0.40426,0.41718,0.43439,0.36776,1.0012,-0.13533,-0.37255
2.9618,1.3226,0.82426,1.2028,0.057125,0.10203,0.33093,0.8347,-0.038057,0.82714,0.30919,-0.96574
3.136,2.1485,0.99809,-0.12653,-0.43652,-0.69949,0.20919,0.91883,1.0791,1.1653,0.0038317,-0.42865
1.0501,1.4744,0.050047,0.12308,-0.092903,-0.65308,-0.46374,0.40253,0.51644,1.2962,-0.11129,-0.65319
1.292,1.3194,0.40795,1.5384,0.82082,-0.10978,-0.062739,0.3581,0.79033,1.0182,0.051198,-0.65332
2.1438,1.8707,1.0509,0.3975,0.13226,-0.64747,-0.052742,0.55587,0.59593,0.52233,-0.16096,-0.26989
1.6976,1.6631,-0.14312,0.009245,0.03527,0.35347,0.59205,0.89978,0.10357,0.23809,0.49317,-0.56738
0.55211,0.5293,-0.14646,0.35983,-0.13069,0.15885,0.24418,0.98062,0.68334,0.4458,0.67865,0.029097
0.74922,1.2596,1.2309,0.77371,-0.19981,0.45356,0.53028,1.3626,0.70556,0.51105,0.081925,0.10256
0.98052,1.3446,0.38806,1.1346,0.15912,-0.036508,-0.30797,0.3006,0.42321,0.72175,0.25193,0.48258
1.3493,1.1445,0.30418,0.36323,0.090485,-0.2332,0.52097,0.49095,0.24153,0.84691,-0.21337,0.1457
0.17699,1.6223,-0.067725,0.55932,0.4108,-0.44199,0.6398,0.91392,1.0581,0.59421,0.78715,0.24656
-1.9958,-0.20377,-0.52692,-0.18949,0.90095,0.45863,1.3124,-0.65855,0.32911,-0.57875,0.7676,-0.012636
0.31618,1.1574,-0.025174,0.087294,0.68497,-0.63748,0.67258,-0.76768,0.92071,0.4921,1.2827,1.0308
1.213,2.0079,-0.84267,-2.653,0.06838,-0.055075,1.1196,0.42451,1.1036,-0.2856,1.4564,0.041267
1.7456,2.2443,-1.3369,-2.9967,-0.13825,-0.39117,1.1898,0.7973,0.013608,0.18174,0.64152,-0.1039
-0.20691,0.82587,-2.3674,-2.2152,1.2497,-0.23387,-0.57406,-0.43582,-0.35224,0.2961,0.34627,0.17322
0.88319,2.106,-1.672,-2.0034,1.4274,0.12118,0.30205,0.60021,0.78008,1.1295,1.6002,-0.10672
1.8813,2.919,-0.89196,-1.1746,1.4028,0.53419,-0.032032,0.30304,0.59448,-0.035769,1.0463,-0.11319
0.93357,2.6334,-0.8644,-0.68318,1.1575,0.56182,0.65606,0.38986,0.94611,0.69904,1.3057,0.40828
-0.0094831,1.799,-1.5111,-0.56723,1.5057,1.3142,1.5161,1.2903,1.0059,0.32747,1.1822,-0.1829
0.079586,2.247,-1.0832,-0.61585,2.164,1.1075,0.37446,-0.26232,0.079564,0.5629,1.9241,0.25447
-0.46475,2.8755,-1.039,-0.5559,1.8558,0.68471,-0.027611,0.10352,0.61842,0.19362,1.3547,0.57149
0.083048,2.0403,-1.3956,-1.272,1.5788,1.0596,0.16583,0.32735,0.33478,0.12726,0.57102,0.056183
-0.88653,1.3949,-2.2483,-1.3294,1.5365,1.2201,-0.031866,-0.012686,0.63457,0.75975,1.2108,-0.055663
-0.45678,1.6227,-1.2401,-0.85852,1.7126,1.4907,0.13153,0.19688,0.45832,-0.26785,1.2953,0.022474
-0.069576,1.1844,-1.7195,-1.0445,1.2282,1.864,0.47876,0.18868,0.51446,0.48143,1.3241,0.13172
0.56953,0.92884,-1.8886,-0.98922,1.2475,0.9259,-0.034985,-0.035622,0.65322,0.76856,1.3695,-0.0083502
-0.76916,0.598,-2.2249,-1.2273,2.0046,2.0963,0.78204,0.77073,0.93714,0.9832,1.2506,-0.46199
-0.9358,0.30701,-2.3179,-1.3189,0.82263,0.85452,0.16087,0.26088,0.57237,0.99158,1.0986,0.28222
-0.80337,0.95313,-1.5602,-1.2358,1.1659,1.6171,0.10253,0.057228,1.101,1.1426,1.3959,0.093403
-0.54015,0.53714,-1.8795,-1.764,0.73315,0.51372,-0.47256,0.029479,-0.32295,-0.22288,0.21683,-0.44488
0.52383,0.58898,-1.1917,-1.4595,0.51509,0.99068,0.74159,0.040048,0.54137,0.85234,1.1985,0.18099
0.26057,-0.26672,-1.3443,-1.2423,0.42161,0.42293,-0.98547,-0.46715,0.15426,-0.17059,1.3052,0.54997
0.10533,0.078069,-1.3976,-0.78074,0.8465,0.72187,0.0054747,0.26496,0.45268,0.49321,1.0516,-0.1942
0.67507,-0.21216,-1.2571,-0.29759,1.6194,0.93507,0.05196,0.1253,0.13375,0.23762,0.91276,-0.0715
1.4474,0.043768,-1.6155,-0.56908,1.3857,1.1962,-0.04503,0.42959,-0.39426,0.5847,0.71565,0.09344
0.67468,0.58668,-0.55963,-0.24719,0.95928,0.90768,0.030498,-0.15714,0.024664,1.1516,1.2069,0.020181
0.37757,0.34137,-0.88902,-0.51778,1.2551,0.39841,-0.086264,-0.16666,0.85891,2.0142,1.9678,0.62741
0.30132,-0.41835,-1.1335,-0.56878,0.47126,0.035308,-0.56697,0.42054,0.63184,0.95768,0.94011,-0.13703
0.13915,-0.2761,-0.21355,0.90772,1.0071,0.70566,0.25692,0.4036,-0.020788,1.3062,1.2214,-0.27191
0.25948,-0.34191,-0.69354,0.25151,1.109,0.24052,0.47728,0.63581,-0.066644,-0.06587,0.17015,-0.027855
0.49944,0.9655,-0.21425,0.2597,0.18754,-0.37309,0.21869,1.0878,0.56646,1.0315,0.70455,-0.096211
0.1233,0.58149,0.54107,0.75903,0.89483,0.25069,0.31905,0.83786,-0.17758,0.67143,1.1084,0.34682
0.35874,0.66854,0.11631,0.38796,0.25425,-0.44047,-0.53556,0.39715,-0.039291,-0.077862,0.096222,0.46661
0.15352,1.2603,0.80488,0.51273,-0.0036246,0.6377,0.73652,0.66533,0.31826,0.86835,1.0549,0.61597
1.062,1.3358,1.0118,0.61818,0.29371,0.18767,0.27301,0.88867,0.41315,0.66215,0.26995,0.46267
0.46469,0.85666,0.8273,0.17747,-0.29729,0.69461,0.50592,0.63575,0.42701,0.45298,0.35402,0.17324
0.45025,1.4048,0.88363,0.94482,0.66072,0.1926,-0.1002,0.35161,0.58172,0.37187,-0.15427,-0.041343
-0.46438,1.2539,0.64932,0.60641,-0.035081,0.29793,1.0859,0.89192,0.28779,0.43,0.69294,0.29034
0.20859,0.51988,0.00086352,0.17477,-0.15099,-0.41143,0.055441,1.0728,0.13078,0.27293,-0.029105,0.54948
1.3113,0.96566,0.080083,0.6527,-0.178,-0.24277,0.17932,0.23338,0.052279,0.59646,0.52361,0.52878
1.5506,1.0512,0.11359,0.45186,0.37459,-0.38025,-0.51025,0.54207,0.21227,0.39988,0.34686,0.11452
-0.49321,0.49452,-0.23153,0.6298,0.41614,-0.18287,0.36692,1.0611,0.5826,0.065565,0.1708,0.6172
-0.13402,1.4191,0.65884,0.38884,0.060797,0.32862,0.31097,0.91983,0.81883,0.93187,0.85414,-0.085405
0.36217,0.72312,0.014716,-0.053091,0.57619,0.37862,0.74932,0.96833,0.41619,0.73961,0.66275,0.27903
0.62426,1.4388,0.62551,0.94504,0.33937,0.11422,-0.1953,0.21825,0.048668,0.20008,0.20253,0.35161
1.1425,1.5854,-0.11598,0.48324,0.56732,-0.59211,0.018478,0.907,0.35132,0.42388,0.17451,-0.24217
-0.36988,0.45719,-0.75534,-0.39486,0.45011,-0.10404,0.089517,0.71645,0.2886,-0.15591,-0.21186,0.31483
1.0655,0.75347,0.10738,0.68739,-0.033847,0.2449,0.87783,0.67686,0.47827,-0.36895,0.49218,0.67985
0.46965,0.93997,0.81075,-0.5253,-0.57173,0.05248,0.20105,0.30382,-0.76401,-0.12023,0.39331,-0.10769
1.1686,1.3658,-0.22055,0.59101,-0.16846,-0.31358,0.2928,0.75888,0.42062,0.52059,0.5031,0.53803
-0.067925,0.18044,-0.4047,0.021005,0.3171,-0.3429,0.1353,0.87557,0.72784,0.46918,-0.02971,0.55515
0.54474,1.2616,0.26349,-0.15642,0.2902,0.22388,0.29657,0.47355,0.63767,0.43311,0.402,0.52975
0.94202,0.98027,0.29681,0.52358,0.36642,0.33034,-0.43117,0.41976,0.50342,0.34621,0.066153,0.1499
0.5978,-0.043121,-0.41938,-0.049645,0.28734,0.25966,0.15228,0.37137,0.071293,0.94032,0.19374,-0.087067
-0.0061639,0.73293,-0.12329,0.82009,1.4979,0.8955,0.16703,0.9184,-0.55329,-0.29703,-0.058223,0.24416
-1.4762,2.4153,0.85229,-0.82187,1.4031,-0.42672,-0.43072,0.40985,0.98728,0.1847,0.9669,-0.28342
0.14677,1.3011,0.22737,-0.44434,0.51371,0.29593,0.12946,0.36728,0.25589,0.25126,0.5227,0.71465
-0.2431,0.28855,-0.23148,0.0090774,0.089397,-0.16551,0.098219,0.12266,0.74991,0.86846,0.53052,0.35143
0.79288,0.5339,-0.10113,-0.1455,1.1327,-0.047714,-0.16566,0.75422,0.68451,0.39342,0.49571,0.58079
0.09052,0.59489,0.042414,0.32763,0.08493,-0.085683,-0.16214,0.56085,0.62067,1.0125,0.014296,0.63229
0.46629,0.64615,-0.2327,0.03865,0.5947,0.11157,0.23748,0.5275,-0.38229,0.60428,0.53166,0.1821
-0.32468,0.48766,-0.23822,-0.02771,-0.19193,0.1676,0.064243,0.26335,0.24195,0.59665,0.67563,0.4323
0.82576,0.94699,0.20173,0.37127,0.65268,0.81575,0.39757,1.2812,-0.096936,0.049854,1.0244,0.43433
-0.25424,0.68212,-0.29139,0.12087,-0.16675,-0.38968,-0.0016736,0.22724,-0.48981,-0.12194,0.079834,0.351
0.51631,1.357,0.46333,0.3371,0.42844,0.028198,0.21953,0.79101,0.41583,0.52159,0.25032,0.31333
0.75327,0.95711,-0.29799,0.027088,0.38709,0.42832,0.21701,0.83256,0.0046174,0.57612,-0.020815,0.31349
0.77902,0.65071,-0.32305,0.52819,0.56691,0.36103,0.87674,1.4343,0.3242,0.54274,-0.28546,0.22881
0.548,0.19573,-0.48758,0.38386,0.29334,-0.064095,0.56586,0.8934,0.56527,0.64417,0.77119,0.18908
0.79591,0.4486,-0.35796,0.34502,0.25166,-0.13139,0.24617,0.23788,0.11042,0.3208,0.83014,-0.0038474
0.38351,1.291,0.89256,0.2716,0.45078,-0.37065,0.30746,1.0646,0.37806,0.44124,0.63926,0.27809
0.22786,0.8375,0.49427,-0.13054,0.55495,-0.27403,0.29485,0.84172,0.48441,0.43877,0.81126,-0.090734
-1.7592,0.63647,0.015496,-0.14772,0.71857,-0.99783,0.0029344,0.62418,0.38839,0.35514,0.74637,-0.16696
-2.3718,2.9977,-0.13932,-0.3436,1.18,-0.62383,0.37831,0.21637,0.62465,-0.01845,0.95121,-0.018134
-3.6721,3.0781,-1.4621,-0.31859,1.4064,-1.1689,0.035582,0.63963,1.2999,1.3848,1.3408,0.32806
-4.1915,4.4655,-1.6937,-0.38302,0.73457,-1.4144,-0.033154,0.57976,0.4185,0.35493,-0.15477,0.29395
-3.6396,4.0897,-1.3786,-0.35992,0.46337,-1.2115,1.2208,-0.17063,0.098976,-0.28019,0.26672,0.93512
-4.6732,4.24,-0.64788,-0.061424,0.96513,-0.45998,1.2285,0.53337,0.15917,-0.25108,-0.044418,0.40739
-4.9829,4.5016,-1.6597,-0.11173,0.97994,-0.65854,0.2869,0.45047,1.0333,1.0804,0.88352,0.1609
-5.3598,4.7411,-1.3433,0.57815,1.9109,-0.092608,0.71407,0.28068,0.30145,-0.16893,0.77756,-0.07173
-5.5821,5.0967,-1.1643,0.57168,1.5277,-0.6204,1.3271,0.21291,0.5223,-0.047889,0.70617,0.4963
-5.2896,5.5806,-1.4624,0.067066,0.88745,-1.3613,0.97278,0.26899,0.39791,-0.29638,1.0843,0.18834
-6.4095,5.5014,-1.476,0.71421,1.2939,-0.64964,1.4811,0.63768,0.5061,-0.085641,1.062,0.13022
-6.7205,5.3694,-1.2109,0.54345,1.3481,-1.1665,0.75391,0.81004,-0.10361,0.066502,1.183,0.49347
-6.1192,5.2087,-1.7348,-0.0049808,1.3505,-1.4616,0.52901,0.039388,1.3821,-0.18783,0.27387,-0.035851
-5.9745,5.0653,-1.828,-0.20727,1.0998,-1.0495,0.84798,-0.61264,0.57279,-0.53874,0.50578,0.69187
-6.0895,4.5784,-1.9131,0.24397,1.0232,-0.85658,1.3871,0.34479,1.2105,0.6511,0.70333,0.34374
-5.94,4.9054,-1.9399,0.91629,1.6228,-1.257,1.144,-0.33415,0.5714,-0.82682,0.13757,-0.10988
-5.7265,4.8738,-1.9624,1.5571,1.6896,-0.85318,0.89852,-0.24138,0.62969,-0.20565,0.25357,-0.18597
-5.961,4.8854,-2.0642,0.57902,0.85563,-1.1369,0.88199,-0.22942,0.82557,-0.33169,0.73872,0.14215
-7.4418,4.1656,-2.4371,0.57922,0.41459,-1.8848,0.11231,-0.9528,0.82914,0.45115,1.2615,0.16172
-5.6435,5.0045,-1.5989,1.1174,1.0967,-0.47068,1.1412,0.089215,0.69256,-0.030363,0.78826,0.53403
-6.1146,4.7993,-1.7238,0.28139,0.94758,-0.40962,0.96407,0.094232,0.86339,-0.032087,0.77886,0.65365
-6.5349,5.2252,-1.3319,1.1258,0.90133,-1.0076,0.64514,-0.20597,0.21973,0.20465,0.19169,0.0049332
-6.5456,4.7423,-2.27,0.49802,1.0492,-0.83191,1.3499,0.79563,0.67886,-0.20472,0.40814,0.31594
-7.3379,4.2672,-1.1722,0.86083,1.707,-0.63309,0.50528,0.33171,0.017354,-0.75111,0.59827,0.64465
-6.1195,4.9482,-1.591,0.58789,0.78961,-0.73178,1.1437,0.34843,0.863,-0.16408,-0.049497,-0.19343
-6.6997,4.2576,-2.3682,-1.212,0.1601,-0.33705,0.92835,-0.16391,0.46185,0.51496,0.19982,-0.17279
-2.9439,3.7305,-3.0863,-1.4555,0.36373,-1.2785,0.65723,0.057719,0.66923,0.17549,1.2866,0.90769
-2.689,2.958,-2.2539,-1.6856,-0.67012,-1.4132,0.37413,1.1177,1.3063,0.047816,0.69315,-0.078547
-4.8363,2.1732,-1.3179,-0.62749,0.32049,-0.884,0.31615,0.82751,1.1626,0.87808,1.0905,0.050919
-3.0284,2.7234,-0.15808,-0.35653,0.7986,-0.10876,-0.09213,0.37165,0.38908,0.27751,0.4112,-0.24849
3.344,3.1653,-0.71173,0.032222,-0.51151,-1.1762,-0.61128,-0.32965,0.16823,0.55334,-0.11904,-0.52116
3.3359,1.29,-0.23835,-0.43715,-0.73465,-1.5323,-0.70791,-0.36157,1.0308,-0.078518,1.0241,-1.0776
4.7446,0.45274,-0.28055,-0.39732,-1.2085,-1.1477,-0.97093,0.065984,0.95532,0.25079,0.73038,-0.75074
5.0482,0.018569,0.15787,-0.74807,-1.1343,-1.3198,-1.2017,0.24973,0.64653,0.25856,0.95823,-0.58196
5.075,0.51511,0.38556,-0.87314,-1.0986,-1.6302,-1.5157,0.71486,0.93662,0.75177,0.97058,-0.62685
5.024,-0.018874,0.65512,-1.7448,-0.61974,-1.9014,-1.3328,0.60372,1.1595,1.0367,0.80502,-0.89217
5.1216,1.6245,-0.25727,-0.90927,-1.2414,-1.9126,-0.56368,0.32828,1.4187,1.0709,0.64024,-0.32747
5.5142,1.8742,-0.43587,-0.6511,-0.77879,-1.6551,-0.88245,0.24228,1.4499,0.72285,0.64774,-0.35715
5.8741,2.7059,0.21387,-0.43852,-0.9309,-1.7666,-0.67448,0.38021,1.1664,0.5538,0.79959,-0.73787
5.719,2.5166,0.1342,-0.20006,-0.69665,-1.8729,-0.4525,0.38616,1.3306,0.76396,0.76416,-0.50298
5.4449,2.4712,0.18736,-0.21046,-1.0188,-1.2696,-0.7823,0.087319,1.3101,0.56987,0.61871,-0.23577
5.7136,2.85,0.25868,-0.15146,-0.60849,-1.9756,-0.53709,-0.43119,0.98533,0.76143,0.76321,-0.39431
5.441,3.0271,-0.09805,0.14191,-0.62158,-1.4159,0.39489,-0.71925,0.76817,0.75961,0.39755,-0.60429
5.6611,1.9776,0.2486,0.35356,0.65692,-1.6604,-1.2071,-0.39103,0.68274,0.070451,0.41968,-0.97526
4.5502,2.5828,0.29778,0.74153,0.20841,-1.2308,-1.2806,-0.45744,0.15127,-0.060871,-0.64303,-0.63722
4.8475,2.2487,0.634,0.86578,0.5379,-0.85349,-1.2069,0.27548,0.68228,0.3974,-0.41957,-0.51653
3.6183,2.5589,1.2691,1.2984,-0.49,-1.3026,-1.0372,0.034398,0.5379,0.32611,0.088663,-0.20644
3.6179,2.8269,0.49537,0.66467,0.3026,-1.0178,-0.96091,0.59342,0.50273,-0.02201,-0.46943,-0.51975
2.84,2.5782,2.0824,1.4327,0.082704,-1.3158,-1.056,0.062749,0.61624,0.92795,-0.33457,-0.65952
1.8116,2.5461,1.9701,0.86326,0.66288,-0.022564,-0.32402,0.16914,0.74572,0.66609,0.43357,0.41585
2.538,2.5126,1.1301,0.61738,0.25602,-0.57074,0.24148,0.7209,0.12845,-0.11427,-0.59287,0.14525
2.3263,2.1619,1.0018,0.79305,0.60538,-0.50021,-0.10138,0.49815,0.26738,0.20299,0.073626,0.27632
1.9819,1.4983,0.74167,0.26622,0.074424,-0.46932,-0.683,-0.089857,-0.19244,-0.42977,0.098797,0.035666
1.4628,1.2139,0.16424,0.44276,0.25512,-0.30347,-0.43232,-0.20481,-0.70418,-0.073655,-0.22757,-0.40173
2.0714,1.0864,0.36068,1.2906,0.81911,0.16621,0.047597,0.12822,0.028766,-0.14095,0.029331,0.77842
0.25983,0.69,0.26238,-0.061184,-0.32372,-0.60182,-0.79336,0.011817,-0.35656,-0.069432,0.13456,0.15579
1.5711,2.1334,0.68768,1.0186,0.89908,-0.72759,0.12278,0.4742,0.8102,0.49645,0.57416,0.18695
0.77899,1.4086,0.67569,0.36725,0.39001,0.40534,0.12521,0.80599,0.53731,0.27191,-0.32557,0.057575
0.71908,1.6735,0.35607,0.61445,0.90183,0.44455,0.11867,0.67586,0.44156,-0.25064,-0.072183,0.1584
0.67433,1.2108,-0.246,0.3495,0.99443,0.21044,0.84923,0.12095,-0.34135,0.41727,0.57907,0.0050125
0.94039,1.5395,0.021523,0.14611,0.74584,0.33243,0.1718,0.32067,0.42728,0.45726,-0.088944,0.34416
0.52175,1.0188,-0.97824,-0.27283,0.21697,-0.14691,0.12745,1.0172,0.02739,0.051779,0.5551,0.51972
1.0358,1.6102,0.27574,0.58725,0.61687,-0.68381,-0.15266,0.64707,-0.10954,-0.10022,0.17439,0.62636
0.62824,0.84454,-0.79255,-0.3642,0.50347,-0.21454,0.031892,-0.37941,0.098975,0.25013,0.64874,0.65441
0.88488,0.45857,0.043878,-1.7283,0.42215,-0.088315,0.68932,0.37161,0.30212,0.098165,0.52029,0.036519
0.25399,0.95897,-1.1171,-2.3285,-0.19326,-0.63155,0.21986,0.15541,0.41909,0.034978,0.6054,-0.11302
-2.0617,2.3851,-2.0028,-2.1002,-0.086187,-1.681,0.37829,0.37862,0.22297,0.13146,0.38584,-0.16369
-1.682,2.0355,-0.74649,-2.1088,-0.92076,-1.492,0.20889,0.11988,0.75475,0.11485,0.12142,-0.34865
-2.4047,2.6967,-0.78956,-1.0259,-0.66761,-1.4061,0.67623,0.50442,1.0479,-0.1236,0.78675,0.96782
-2.8045,1.4691,-0.93078,-1.2189,-0.0087448,-0.96934,0.60563,0.57455,0.34588,0.12383,0.071528,-0.32159
-1.8671,1.4574,-0.30805,-1.1777,-0.71953,-0.52475,0.65565,-0.055827,0.98105,0.16156,0.53737,0.51087
-1.2842,1.3334,-1.1227,-0.73746,0.16309,-1.0654,0.37417,1.0698,1.1221,0.70617,1.6442,0.51958
-1.475,0.88951,-0.89672,-0.73352,-0.13401,-1.7356,-1.1096,-0.049866,0.9104,0.76961,0.43256,0.22488
-1.8525,1.4369,0.40176,-0.61888,0.1757,-0.20911,-0.19434,-0.10552,0.43614,0.87376,0.23243,0.21382
-0.23109,0.83978,0.35416,-0.4876,-0.34563,-0.13534,0.95853,1.0224,0.49005,0.30428,0.39647,0.37236
0.46823,0.27795,0.14933,0.32382,0.28815,-0.11021,0.47136,1.3241,0.6504,0.76377,0.70186,0.57975
0.99917,1.4448,-0.59367,-0.18629,0.83629,-0.2259,-0.36874,0.21057,0.61938,0.58451,0.18465,0.62302
1.4896,0.88632,-0.02981,-0.020947,0.66607,0.10869,0.2853,0.21688,0.39556,1.0585,0.6135,0.67601
0.92402,1.0104,0.4673,-0.077798,-0.21203,-1.0814,-0.011507,0.71217,1.0983,0.8297,0.37738,0.457
0.89086,0.5907,0.21178,-0.37501,-0.20169,0.11442,0.65977,0.42472,-0.27692,0.36757,0.17375,-0.16312
0.31739,1.5019,-0.056905,-0.13455,-0.03763,-0.78622,0.10555,0.43057,-0.12816,0.29441,0.14911,0.23197
0.56484,1.1528,0.092177,0.39318,0.2591,-0.4435,0.025575,0.45462,0.076507,0.27768,0.61812,0.26837
0.29513,1.0869,-0.3648,1.0235,0.85675,-0.32363,0.19606,0.15536,-0.25303,0.20309,0.37772,-0.038841
-0.13657,0.90549,-0.31164,0.23347,1.0328,0.51949,0.86001,1.2704,0.78009,0.31622,0.57442,0.66888
-0.40947,0.41113,-0.1191,-0.64743,-0.14722,0.41057,1.1518,0.57999,0.24611,0.69949,0.17737,-0.10817
0.73428,0.98367,0.38297,0.77754,0.42904,0.1625,-0.32652,0.030004,0.27112,-0.30615,0.48499,0.14489
0.37735,0.78684,0.15404,-0.091395,-0.13714,0.13798,0.75012,0.47584,0.60954,0.63317,0.36301,0.82541
0.30983,0.94948,-0.29212,0.25606,0.36847,0.1844,0.84387,1.4771,0.93607,0.50111,0.63968,0.90922
1.0743,1.6569,0.537,0.81515,-0.27696,0.066033,0.24246,0.44979,0.5301,-0.15253,0.53833,0.36965
-0.41006,0.34566,0.042235,-0.098464,0.23633,-0.13778,0.5917,0.70615,0.97146,0.37423,1.4417,0.72196
1.137,1.0483,0.44662,0.48536,0.60904,0.28993,0.11224,0.14735,-0.44239,0.12089,1.3326,0.39172
0.99064,1.0901,0.38225,0.41929,0.15957,-0.76248,-0.34917,0.1519,0.34297,0.38721,0.60512,0.60263
0.86824,0.74772,0.22523,-0.044375,-0.30028,-0.054218,0.16631,0.92842,0.61452,0.68064,0.41773,0.22613
0.35237,0.43609,-0.26204,-0.1692,0.29781,0.23366,0.23826,0.87344,0.47099,0.5947,-0.50978,-0.41216
0.11617,0.41828,0.012395,0.32408,0.76537,0.44401,0.18387,0.9764,1.0171,0.98473,0.46118,0.175
0.97564,1.6449,-0.0071173,0.10818,0.55754,0.034655,0.2385,0.57019,0.32813,1.0006,0.10967,-0.056723
1.2293,1.2775,0.12749,0.57592,1.1048,-0.06103,-0.13525,0.54714,-0.13453,0.074113,0.25027,0.59852
1.0208,1.3491,-0.10002,0.14529,0.7181,0.33897,0.18229,0.89457,1.0175,1.1144,0.32095,0.048909
0.3076,0.47797,-0.28336,-0.32942,0.12279,0.071836,-0.45694,-0.074094,-0.056919,0.46104,0.62899,0.48963
0.61885,0.39046,-0.41326,0.61979,0.50492,0.31761,0.55685,0.66121,0.15102,0.51378,0.7089,0.012147
0.66987,1.2122,0.41455,0.24414,-0.017432,-0.58753,0.68236,1.5007,0.73789,0.14081,-0.54381,0.20606
0.47764,-0.52946,-0.83452,0.25567,0.21984,0.12268,-0.14719,0.74125,0.50684,0.79133,0.66134,0.71838
0.40836,0.7361,-0.56176,0.51702,0.72574,0.022331,0.76451,0.66587,-0.3877,0.20934,0.60998,0.17855
0.85913,1.0474,-0.016448,0.24796,0.72868,0.43022,0.48856,0.94666,0.38507,0.47579,0.042827,0.35093
0.84215,1.2769,-0.040261,0.2283,0.12032,0.38041,0.56372,1.2448,0.8771,0.249,0.45288,0.46136
1.2041,1.4011,0.4644,0.12251,0.48656,0.033124,-0.0088645,0.57713,0.58536,0.41382,0.46596,0.12381
0.0051268,0.45824,-0.14844,-0.4675,0.052551,-0.15081,0.49965,0.24523,0.39154,0.71307,0.1512,-0.088044
0.80845,0.66269,0.090027,0.3416,0.057009,-0.57379,0.34865,0.36089,-0.025886,0.54169,0.29212,0.079706
1.6719,1.4957,0.095255,0.60193,0.20819,0.064168,0.18757,0.8884,-0.27939,0.53077,0.24136,0.18085
0.80849,0.85305,0.38569,0.6647,-0.10602,0.046788,0.66156,0.63125,0.32715,-0.64372,-0.34369,-0.17918
1.4107,1.1443,-0.19786,-0.056632,0.4792,-0.38338,0.21752,0.39886,-0.24284,0.04708,-0.15288,0.30992
0.83386,0.94937,-0.053685,0.93871,0.27323,0.69631,0.83871,0.6393,0.088703,0.2392,-0.027821,-0.025505
0.24951,1.3216,0.23076,-0.25416,-0.036515,-0.53888,0.36458,0.50369,-0.043002,0.62906,0.40555,-0.22597
-0.22747,-0.11129,-0.22109,-0.20406,0.0049083,-0.097526,-0.2338,0.45049,-0.223,0.71293,0.71597,0.37582
-0.11087,0.4776,0.29083,0.46521,0.19737,-0.42075,-0.30629,0.72292,-0.085799,0.29182,0.91337,-0.15521
0.64231,0.83382,0.39237,0.32822,0.13968,-0.34982,0.21733,0.85815,0.61515,0.5836,0.5914,0.34331
0.73214,1.245,0.0066988,0.050484,0.38815,-0.55085,0.015259,0.37766,0.19319,0.21781,-0.25192,-0.30206
0.25868,0.5311,0.10454,-0.048891,0.5941,0.31876,0.054095,1.1148,0.94629,0.36095,0.21365,0.64486
0.90763,1.0906,-0.53473,0.082152,0.88926,0.0099352,0.3317,0.65395,0.3003,0.48688,0.43503,0.42956
-0.18819,0.072304,0.010447,0.32239,-0.53501,-0.22205,0.072591,0.75939,0.13224,0.1426,0.07448,-0.12288
0.91979,0.75526,-0.00069068,-0.097029,-0.15457,0.20837,0.31547,0.70602,0.72045,0.62602,0.24116,0.25838
0.27143,0.42597,-1.0499,-0.51757,1.0879,0.19455,0.94886,1.173,1.1094,0.64048,1.1397,0.046866
1.3423,1.2799,-0.24821,-0.0080358,0.32937,-0.15644,0.82161,1.3071,0.2218,-0.08428,0.51952,0.64039
-0.27344,-0.19881,-0.44939,-0.21572,-0.2839,0.067765,-0.84486,-0.2855,-0.31754,-0.67095,-0.48295,-0.24243
0.86117,0.78366,-0.12578,0.27356,0.0027431,-0.098552,0.28398,0.8825,0.77443,0.36524,0.23411,-0.35749
0.35531,1.1026,-0.03613,0.20695,1.1139,0.67985,0.16426,0.61502,0.11466,0.70645,0.65879,0.43422
0.30176,0.94704,0.43445,1.0314,0.58375,0.076671,-0.20166,0.48049,-0.2404,0.44355,1.0382,0.94452
0.64211,0.88921,0.1621,0.17508,-0.084513,0.10584,0.6145,0.96393,0.8069,0.52518,0.82077,0.3424
0.49744,0.48074,-0.4333,0.18225,0.57681,0.48977,0.59747,1.1884,0.80969,0.5404,0.89806,0.54306
0.46574,0.32822,-0.50912,-0.29939,-0.34086,-0.40554,-0.060963,-0.14494,-0.70215,-0.061455,-0.11838,0.0050326
0.52869,0.92135,-0.1215,0.19674,0.16732,-0.22259,0.14124,1.0784,0.30916,0.73801,0.71999,0.83543
0.64048,0.4044,0.50489,1.6074,0.95788,-0.04368,0.041683,0.16514,-0.0095056,0.8595,0.60841,0.22297
0.65101,0.93565,-0.613,-0.16249,0.6372,0.50827,0.10354,0.34989,0.46833,0.39411,0.78356,0.51835
0.74366,0.84434,0.71773,0.43662,0.46309,0.12748,-0.2094,1.2278,0.29673,0.11239,0.2971,0.82682
-0.14585,0.59751,0.41775,0.79815,0.33956,0.10809,0.31246,1.2893,0.068341,0.63087,0.32355,-0.25181
0.99258,1.2268,0.22197,0.93657,0.54226,0.26021,0.66609,1.0328,0.13459,0.85438,0.6494,0.20351
1.1138,1.4966,0.22884,-0.60973,0.18107,0.17188,0.11288,0.92125,-0.5079,0.54749,1.0841,1.0207
0.26029,1.2477,0.27679,-0.072709,0.14573,0.17782,0.68044,0.67053,0.032312,0.35954,1.101,1.0631
0.66711,2.1107,1.4737,1.2537,0.63812,0.26298,0.22065,0.78218,-0.20507,-0.067517,0.63226,-0.19023
0.45165,0.55997,0.18375,0.5938,0.46284,0.56773,0.38917,0.30296,0.13841,0.26273,0.2698,0.02444
0.60824,0.16868,-0.45092,-0.18879,0.23622,-1.2391,0.031384,0.24599,-0.082026,0.49854,0.59071,0.41598
0.46629,0.85436,-0.39584,-0.13396,0.28704,-0.24248,0.30718,0.29083,0.28902,0.22825,0.14752,0.07914
0.96793,0.92395,0.031372,0.055649,-0.043869,-0.46142,0.009416,0.83152,0.22019,0.049593,0.22458,-0.062591
4.4879,1.602,-0.54027,-0.25087,1.3205,1.0089,-1.1699,-0.52988,-0.46719,0.7537,0.42286,-0.19168
3.9791,3.1771,-0.78041,-0.83003,1.1984,0.5582,-1.4894,0.065802,0.32977,0.64688,0.92427,-0.12778
5.3032,1.0842,-1.9616,-2.382,0.45338,0.58126,-2.3383,-0.026618,1.1326,0.25468,0.20037,-0.20632
6.3696,1.4131,-2.7047,-1.4099,0.37624,0.0097318,-0.89748,-0.16601,0.88473,1.0277,0.43961,-0.30019
6.5111,1.499,-2.773,-1.5495,0.42848,0.076677,-1.0839,-0.032049,1.4475,1.8206,0.58116,-0.075429
6.3028,0.91718,-2.4226,-1.4603,0.063119,0.34778,-1.523,0.14582,1.0111,1.0865,0.10133,0.19631
6.3136,0.20127,-1.7259,-2.4988,-0.10888,1.6004,-2.1325,0.36668,0.74928,1.2262,-0.040876,0.12669
4.2912,1.081,-1.8161,-2.5289,0.084612,1.0806,-1.9669,0.28283,0.82511,0.60771,0.28028,0.013526
5.5886,1.0938,-1.4973,-2.1844,0.36388,0.5338,-1.3031,0.17081,1.0374,1.6409,0.6303,0.33548
6.5041,1.3885,-1.9223,-2.1061,-0.5061,0.32259,-1.2065,0.034859,0.86897,1.4559,0.8487,0.56747
6.5664,1.6768,-1.8051,-1.8672,-0.40796,0.26958,-1.4172,0.29282,0.91687,0.53335,0.74396,0.4299
5.9564,2.7376,-1.1345,-1.3188,-0.559,0.3419,-0.27764,0.47083,0.050332,0.56479,0.53889,0.64079
7.8088,0.97565,-2.7769,-1.6827,0.072933,0.57101,-1.3147,-0.31875,0.74774,0.48966,-0.095087,0.31696
7.1689,0.85657,-2.0942,-1.4924,-0.55872,-0.35477,-1.1939,-0.21207,0.77543,1.2671,0.7802,0.6891
5.1637,1.4489,-1.189,0.016253,-0.042717,0.070442,-0.75109,-0.33639,0.23013,0.64599,0.31428,0.25154
5.2065,0.7453,-1.7507,-0.58272,-0.71997,-0.091915,-0.99812,-0.58908,-0.14001,0.51486,-0.074048,-0.14626
6.6365,1.7655,-2.1066,-1.5553,-0.31751,1.2106,-0.93899,-0.2734,0.65262,0.3685,0.0026596,0.30299
4.3201,1.5042,-1.2664,-0.38835,0.040106,-0.12285,-0.76016,-0.25401,0.14167,0.75305,0.37597,-0.20725
3.9996,1.3728,-1.306,0.18854,-0.31549,0.37899,0.012065,0.33763,0.38153,1.014,0.83029,0.44986
3.5597,1.2696,-1.6482,-1.3794,0.22504,0.07565,-0.35545,0.27904,0.38126,0.17202,-0.029146,0.065163
3.3009,0.85167,-1.0581,-1.1643,-0.14981,0.97927,0.26671,0.51232,-0.063312,0.10689,0.29797,0.10463
3.9463,1.0731,-0.53574,-0.46326,0.13097,0.14091,0.076342,-0.030197,-0.47798,-0.31185,0.32673,-0.31641
3.383,1.4621,-0.87391,0.15592,0.56627,0.28489,-0.071355,-0.15401,0.53225,1.3872,1.0903,0.84034
2.8338,0.82382,-1.4691,-0.63858,0.098884,0.39056,-0.099486,0.20832,0.27753,0.94768,0.39174,-0.035075
2.1682,0.70703,-0.96927,-0.2646,0.53869,-0.46655,-0.46755,0.47056,0.14207,1.8282,1.1673,0.47536
2.4087,1.3427,-0.42695,0.028661,1.0131,0.36955,-0.61962,0.034886,-0.31248,-0.06172,0.074289,0.1852
2.2612,1.8505,-0.066685,0.54389,0.38308,0.24808,-0.23681,0.29621,0.9828,0.77281,1.051,0.71603
1.6972,1.0231,0.29121,0.16651,0.43226,-0.10802,0.74634,0.65431,0.25323,0.25132,0.082024,0.14503
1.5259,1.5123,-0.1375,0.35983,1.052,0.30976,0.30767,0.30608,0.4552,0.7176,0.38673,-0.30917
0.61782,1.1536,-0.13727,0.47637,0.70193,-0.26266,0.17822,0.32268,0.32716,1.2042,0.35795,-0.27596
1.1341,1.2344,0.37202,0.31464,0.2679,0.05604,0.72405,1.6762,0.3511,0.23704,-0.02625,0.33624
0.39649,1.1819,0.50254,-0.02526,-0.20448,-0.67133,0.70213,1.6853,0.37156,0.15556,0.081841,-0.015884
0.779,1.5426,0.26903,-0.22227,-0.52485,-0.45224,-0.012083,0.50689,0.21663,0.14535,0.53771,0.76423
1.025,0.57409,-0.35086,0.63149,0.50607,0.047464,0.46481,0.76801,0.60321,0.91348,0.63158,-0.26575
0.82662,1.047,0.17604,0.37919,0.36768,0.53351,0.4787,0.081077,-1.1341,-0.26478,0.60236,0.49241
0.004615,0.92736,0.024733,-0.053081,-0.30215,0.3195,0.66187,0.6013,-0.32356,0.091009,0.4653,0.72987
0.7417,0.50125,-0.38399,0.47953,0.80953,0.31163,0.38433,0.66956,-0.06803,-0.47668,-0.010311,0.1133
0.80572,1.1057,-0.2029,0.4944,-0.10241,-0.38075,-0.034288,0.37744,0.99457,1.0458,0.55769,0.74831
0.33008,1.2073,0.10379,0.35785,0.29576,-0.08093,0.16971,1.5866,0.24216,0.10616,-0.048408,-0.15263
0.5331,0.98294,-0.11553,-0.12531,0.10138,0.32861,0.17377,0.74931,0.5422,0.18801,0.31179,-0.031595
1.0983,0.8758,0.89753,0.91111,0.31608,0.035461,-0.57799,0.27512,0.32733,0.39191,0.51282,0.27375
0.16625,0.61376,0.20389,0.46098,0.17819,-0.36667,-0.35587,0.83865,0.6215,0.7949,-0.097446,-0.21429
0.67919,1.6165,1.0312,1.6452,1.4122,0.15363,0.10284,0.67178,0.4309,0.29026,0.41918,-0.03947
0.4712,1.2757,0.046201,0.63443,0.89421,0.40615,0.52178,0.53988,0.099845,-0.38359,-0.37037,-0.049866
1.3754,1.3462,0.34759,0.030164,0.42817,-0.2012,0.062235,0.92814,1.2363,1.0027,0.10714,0.13925
0.88684,0.97488,-0.093765,0.50808,0.56593,-0.0041384,-0.41895,0.27265,0.033489,0.042942,0.28959,0.18677
1.0146,0.86951,0.094156,0.65841,0.40113,-0.034859,-0.12787,0.86696,0.96007,0.55827,-0.0038133,0.06454
