8.9209,-1.549,0.5283,0.31149,-1.6706,-1.4618,-1.3121,0.53966,0.58727,-0.52434,-0.54015,0.4121
9.0595,-3.6275,1.3316,0.085767,-2.2544,-0.88576,-1.0997,0.15811,1.3572,-0.21208,-0.49971,0.21825
8.418,-2.9851,0.27954,-0.18051,-1.8853,-1.3337,-0.65306,-0.17162,1.2026,-0.049498,-0.52252,0.20532
8.1564,-3.5744,0.59306,-0.3352,-2.4097,-0.82866,-1.0881,-0.055313,1.3844,-0.33725,-0.31588,0.10964
9.1782,-3.7317,-0.13764,-0.38994,-1.7115,-1.1754,-0.3818,0.19929,1.0403,0.23399,0.12067,-0.27903
9.2471,-3.6021,-0.71741,0.014876,-1.8013,-1.5951,0.1152,-0.13014,0.97389,0.29186,0.023725,-0.44812
9.5557,-3.5127,-0.71308,-0.15651,-1.4199,-1.7909,0.30637,-0.21595,0.80439,0.1108,0.37041,-0.7131
9.4811,-2.8872,-1.1944,0.010533,-1.4119,-1.7188,0.38763,0.083634,0.23929,0.21615,0.71081,-1.1083
9.9105,-2.5716,-1.1555,-0.50708,-1.4141,-1.0232,-0.1108,0.20226,0.16444,-0.094547,0.88514,-1.0484
9.7707,-2.6022,-0.86111,-0.61357,-1.4254,-0.81773,-0.28593,0.26043,0.1324,-0.030113,0.78949,-1.1855
9.7248,-2.3158,-0.35943,-1.1185,-1.5896,0.060115,-0.93778,0.29215,0.5484,-0.2423,0.42693,-0.81376
9.6752,-1.3341,-0.42756,-1.7819,-1.1554,0.37446,-1.4163,0.39685,0.74292,-0.12091,0.013949,-0.90477
9.8397,-1.4984,0.029474,-1.4567,-1.5195,0.47047,-1.3056,0.33898,1.0352,-0.34917,0.097528,-0.91625
9.4021,-1.0951,0.4815,-1.3226,-2.153,0.54503,-0.54265,-0.29777,0.97951,-0.15111,0.1857,-0.72986
8.7406,-0.25101,0.85236,-1.5311,-2.3585,0.59037,-0.08665,-0.5223,0.39817,0.57826,0.11658,-0.97071
8.6302,-0.36444,0.76469,-0.50492,-2.6378,0.11457,0.13301,-0.50627,0.67129,0.63537,-0.15567,-0.71935
9.0994,-0.53364,0.71719,-0.27258,-2.5369,-0.31375,0.13791,-0.63084,0.8397,0.5503,0.012107,-0.97621
9.2008,0.14007,0.7673,-0.26191,-2.353,-0.37037,0.01648,-0.9092,1.1435,0.87787,-0.08128,-1.0143
9.1621,0.93317,0.19787,0.13999,-1.8138,-0.98966,-0.42413,-0.2783,0.94893,0.88499,3.9409e-05,-1.3651
9.2239,1.8774,-0.58233,0.021266,-1.0948,-1.3183,-0.41215,0.30542,0.81918,0.90707,0.089816,-0.84184
7.3517,1.4321,-0.54157,0.015566,-0.94417,-1.0248,-0.22222,0.57822,1.0508,0.82748,-0.003851,-0.81429
6.6129,1.4873,-0.20834,0.11052,-0.65163,-0.60451,-0.63009,0.61777,0.51405,0.057901,-0.80568,-1.265
4.5822,2.3812,-0.97713,-0.36608,-1.5794,-0.71299,-0.673,-0.0084302,0.39558,0.11902,-0.38078,-0.86269
3.0357,2.0725,-1.1218,-0.33767,-1.4513,-1.5979,-0.09624,0.17636,0.26082,-0.021738,-0.71141,-0.33183
3.5866,1.9202,0.24359,0.66616,-1.014,-1.3149,-0.59501,-0.20993,-0.27801,0.35297,0.14768,-0.34297
3.4365,1.9703,0.34718,-0.087191,-0.66118,-1.2829,-1.3836,-0.44942,0.065822,0.37779,-0.025155,-1.11
3.5889,2.4569,0.43895,0.063991,-0.51141,-0.23101,-0.34835,-0.078343,0.29783,0.75127,0.082404,-0.37894
3.3269,1.8977,0.22258,0.14197,0.47832,-0.17492,-0.95265,0.5343,1.1982,0.66022,-0.26865,-0.099395
2.3146,1.7656,-0.03077,-0.19824,-0.61874,-0.35182,0.21481,0.12678,0.31352,0.58385,-0.29644,-1.468
1.2331,-0.98442,0.50605,-1.7585,0.57473,0.16403,-0.38595,0.60997,-0.43238,0.88234,0.55564,0.08699
1.7941,-0.59954,-0.71942,-2.1239,0.26216,-1.3468,-0.53768,0.18896,0.93022,1.2372,1.0128,-0.068949
-0.99113,-2.2721,-0.44681,-1.7879,0.073673,-2.2186,-1.042,-0.024452,0.78781,1.18,0.0099593,-0.028113
-0.91517,-1.8174,-0.2931,-0.71458,0.52489,-0.6731,-1.0426,-0.16286,0.33998,-0.36139,0.59388,-0.59438
-1.0598,-2.3091,-0.40444,-0.85685,1.4726,0.07944,-0.57975,0.57811,0.61668,0.45372,-0.18768,-0.15994
0.91621,-1.8028,-1.3588,-1.7916,1.9573,0.74547,-0.86422,-0.29681,-0.27761,1.6111,0.95489,-0.21447
-0.21701,-2.6925,-0.64751,-1.3216,2.4188,0.88488,-0.43762,-0.31788,0.026773,1.5886,0.51434,0.13919
-1.1326,-1.5709,-0.51242,-2.5955,2.7541,-0.18781,0.057266,-0.11484,0.07925,1.318,-0.098053,0.18834
-1.4415,-2.2574,-0.77059,-2.559,2.6568,0.29057,0.11769,0.22237,0.58103,2.3373,0.72603,0.33778
-0.51455,-1.1667,-0.64678,-2.6307,2.9747,-0.12057,0.3614,-0.41201,-0.67188,1.7313,0.69126,0.028985
-1.7153,-1.9303,-0.70717,-2.1732,2.9869,0.59271,0.31936,0.093833,0.29085,1.3713,-0.30308,0.15719
-0.16782,-2.5488,-0.30161,-2.4432,1.5188,1.7163,-1.019,-0.75605,0.53052,1.051,0.56208,-0.069118
-0.037114,-3.3524,-1.1429,-3.1195,0.79973,2.0888,-0.16542,-0.32727,0.99756,1.0478,0.55334,0.43193
2.239,-1.3171,-0.27509,-1.8766,0.32122,1.2052,0.21024,-0.29859,0.50317,-0.2276,-0.18424,-0.32675
2.09,-2.5267,-1.7949,-1.7862,0.021103,0.099711,-1.414,-0.22444,0.25319,0.03035,0.63546,-0.038462
1.8427,-0.88663,-0.97786,-1.7419,0.63917,1.3486,-0.55518,-0.094809,0.16542,0.070518,0.86895,0.090934
2.8144,-0.45243,-1.183,-1.7403,1.5415,1.7172,-0.071804,0.49761,-0.20784,-0.2325,0.29529,0.56924
2.1758,0.39894,-0.568,-1.2066,0.30192,0.8852,0.1996,0.68202,-0.22054,0.51223,0.5684,0.43973
1.6164,0.82947,-0.58314,-0.92962,0.98297,1.3885,0.79172,0.2286,0.48272,0.55989,0.24374,-0.33651
1.7606,1.2124,-0.48457,-0.46793,0.42331,0.5348,0.16498,0.64229,0.41289,0.58784,0.56232,-0.48593
1.7914,0.32602,-0.15838,-0.86777,-0.0013815,1.138,0.6954,0.44415,0.2857,1.2234,1.0652,0.73383
1.6057,0.44686,-0.89433,-0.57305,-0.56682,0.67595,0.24483,0.93023,1.2235,0.93145,0.8499,-0.23049
1.4016,-0.20156,-0.8296,-0.50013,0.02195,1.3602,0.47712,0.85712,0.40204,0.82317,0.54754,0.41966
1.0469,0.20984,-0.48521,0.3864,0.49255,0.59944,0.20976,0.28104,0.32961,0.48286,0.29214,-0.12115
1.1247,0.43676,-0.13332,0.212,-0.034634,1.2957,0.48067,1.0032,0.18268,-0.19206,0.024269,0.43979
1.7978,1.066,-0.57204,0.28238,0.064381,0.13205,0.59642,0.36641,0.45967,0.035605,0.01874,0.48746
1.3351,0.50094,0.28907,0.3989,0.099631,0.26331,0.2323,0.35586,-0.48741,-0.26182,0.38639,0.37018
0.74707,0.89531,-0.8847,-0.82527,-0.12122,0.21436,0.1213,0.23942,0.21587,0.25443,0.19427,-0.16252
1.1055,1.2379,0.16978,0.24799,-0.33765,0.13667,-0.4378,-0.1365,0.082843,0.53865,0.63169,-0.02214
0.91012,0.7121,-0.33701,-0.13505,0.090507,0.060314,0.32215,0.87624,0.85796,0.75366,0.93698,0.53566
1.1344,1.1762,-0.091816,0.12447,0.36756,0.32905,0.12741,-0.19934,-0.54999,0.11344,0.12646,0.1804
0.86931,0.88047,0.28226,0.44739,-0.23685,0.24301,0.80442,0.29342,0.32257,0.33436,0.22933,0.6654
1.5291,1.859,0.81499,0.52469,0.35735,0.74258,-0.20625,0.071298,0.6722,0.33447,0.78467,0.62639
1.5183,1.8718,0.1333,0.70098,0.44065,0.38318,-0.25508,0.12374,0.36581,-0.24703,0.22193,0.051764
1.8724,1.7061,0.46087,0.92796,0.64513,0.093226,0.47289,0.16972,0.38293,0.039532,-0.30653,-0.07164
1.119,1.357,-0.31096,0.12035,0.43849,0.14071,-0.2052,0.58241,0.42407,0.74859,0.40289,0.060221
1.0297,1.223,-0.33521,0.022773,0.79359,0.64228,0.47674,1.1555,0.6472,0.69424,0.47994,-0.12563
1.4396,1.2185,0.25752,0.35722,0.15616,1.5519,0.31411,0.039977,-0.56142,-0.20995,0.32496,0.50043
0.7684,0.96318,0.30933,0.43193,0.25114,1.3232,0.70137,0.72543,-0.045566,0.094987,0.08943,0.24629
2.1657,2.4836,0.80461,0.82694,0.75157,0.97801,0.17708,-0.18594,-0.39938,0.16795,0.38044,-0.015921
2.7147,2.3055,0.7037,1.0047,0.39449,0.27331,-0.28107,-0.45227,-0.43762,-0.5081,-0.179,-0.036671
1.2435,1.5294,0.35954,0.3692,-0.14534,0.041869,-0.35974,-0.0086564,0.24071,-0.22609,-0.64782,-0.44432
0.83583,2.182,0.99308,0.89053,0.39564,0.46212,-0.34482,-0.47318,-0.76179,-0.51917,0.016138,-0.16009
0.049489,0.64114,-0.242,-0.51581,-0.034556,0.97838,0.4863,0.65372,0.65111,0.5777,0.85401,0.33379
0.71515,1.7059,0.10498,0.642,0.44211,0.26531,0.027802,0.24251,0.50346,0.48279,0.24274,-0.0039236
1.0308,1.7964,0.4326,0.15098,-0.28025,0.33528,-0.10728,0.58751,0.50716,0.62334,0.6042,0.24312
0.86925,0.61251,0.036033,0.45147,0.42861,0.81749,-0.18327,0.64174,0.11366,-0.31862,-0.22903,0.49127
0.83232,1.8291,0.97213,1.1357,0.96207,0.76275,0.31891,0.4848,0.3237,0.15066,-0.0372,0.071654
0.70988,1.6335,0.58201,0.67278,0.38693,0.36726,0.23717,0.18982,0.21084,0.8288,1.329,0.52488
0.36928,0.93822,0.12501,0.46171,0.55399,0.72234,0.27967,-0.0015548,-0.067234,-0.23548,-0.33673,-0.43961
0.55298,0.31047,0.037242,0.69544,0.30039,0.30747,-0.21874,0.15873,0.42981,0.26969,0.22689,-0.243
0.45069,1.0317,0.74789,0.74709,0.84787,0.94679,0.47923,0.012184,0.48027,0.36971,-0.18596,-0.10227
0.61959,1.0183,0.30725,0.69002,0.10122,0.059131,0.13751,0.24473,-0.027536,0.34319,0.23747,-0.41439
1.4441,1.1009,0.3523,0.43733,-0.45762,0.57663,1.2619,0.089179,-0.18553,0.37771,0.38995,0.31424
0.56144,1.7298,0.42059,0.3111,0.57807,1.1579,0.97656,0.81538,0.48815,0.47306,0.32594,-0.17799
1.0498,1.6837,0.75456,0.89514,0.61761,0.90508,0.9446,0.85606,0.2267,0.11659,0.034882,-0.14219
1.0422,1.4871,0.57638,0.81784,0.60659,0.88691,1.2864,0.76213,0.75451,0.10215,0.59811,0.2252
0.77988,1.4625,-0.021346,1.2046,0.72571,0.84754,0.6137,0.82858,0.05857,0.69082,0.015573,0.43765
1.2058,1.5992,-0.042725,-0.086341,0.8636,0.73494,0.5398,0.93206,-0.24114,0.43452,0.13841,0.038821
5.4367,-0.36179,-0.66176,-2.547,-0.41667,0.17076,-1.636,-0.11415,0.54632,-0.6266,1.0104,-0.83261
5.1238,1.1683,-0.60964,-2.7413,-0.061157,0.34032,-1.2347,-0.0871,1.0237,-0.098184,1.476,-1.0807
6.4101,1.3737,-0.24403,-1.4586,-0.35688,0.65448,-0.91187,-0.32275,0.66656,0.53355,0.70514,-0.043733
7.0011,-0.9101,-0.61929,-2.469,-1.0883,1.229,-1.3419,-0.70701,1.0944,0.95741,1.1932,0.02408
7.5441,-1.358,-0.82116,-2.8189,-0.41732,0.3988,-0.72616,-1.2088,1.6327,0.053363,2.1623,-0.92636
7.7796,-1.1515,-1.1148,-2.4063,-0.042886,0.70578,-1.0448,-0.88759,1.5184,0.40982,1.7774,-0.47902
8.01,-0.402,-1.0028,-3.3118,-0.63688,1.6274,-2.293,-0.08459,1.1821,0.4862,1.2807,-0.31454
8.2028,-0.33505,-1.0474,-2.952,-0.70959,1.6431,-2.2243,-0.020685,1.1152,0.58662,1.4577,-0.17631
8.0605,-0.12686,-0.81187,-3.1455,-0.67155,1.5737,-2.1164,-0.2712,1.2041,0.55746,1.6238,-0.45518
7.4361,0.514,-1.2705,-2.5995,-0.69411,1.191,-1.6405,-0.59136,1.4642,0.28786,1.7086,-0.387
7.529,0.89107,-1.5305,-2.615,-0.5584,1.4058,-1.9223,-0.70937,1.7712,0.028954,1.7115,-0.18691
7.94,0.80379,-1.4808,-2.79,-0.17354,1.0548,-1.8293,-0.57524,1.4651,-0.060724,1.9508,-0.2945
7.9742,1.162,-1.7864,-2.8206,-0.21821,1.1017,-2.1333,-0.53448,1.5132,-0.27451,1.8746,-0.053414
8.1886,1.389,-1.7375,-2.9552,0.025852,1.1116,-1.8902,-0.65578,1.8718,-0.48264,1.9136,0.13656
8.0989,1.4298,-1.7187,-2.9418,-0.36569,1.5056,-1.9831,-0.804,1.8107,-0.48014,1.8428,0.072716
8.7665,1.2365,-1.6792,-2.9503,-0.39211,1.7026,-2.5243,-0.075426,1.2317,-0.22134,1.5808,0.35704
7.8704,1.7557,-1.8455,-2.5831,-0.66112,1.501,-1.9273,-0.4564,1.4956,-0.51585,1.8983,0.16811
8.5861,1.3827,-1.4577,-2.9658,-0.22196,1.0947,-1.5894,-0.62479,1.6947,-1.0502,2.4687,0.045111
8.4083,1.6659,-1.8417,-2.8118,-0.37899,1.4482,-2.0988,-0.39535,1.4951,-0.67581,1.8744,0.3772
9.108,1.3931,-1.2149,-3.0745,-0.20959,1.3988,-2.1627,-0.0069018,1.262,-0.7302,2.1516,0.37383
8.3561,1.8873,-1.6943,-2.8153,-0.63883,1.6729,-2.2336,-0.26474,1.4304,-0.77578,1.9244,0.47613
7.7852,1.7709,-1.489,-2.5721,-0.60588,1.2132,-1.687,-0.51325,1.7006,-0.99641,2.0835,0.21807
7.9178,2.3561,-1.7252,-2.5832,-0.87904,1.87,-2.2051,0.066809,0.93651,-0.54631,1.8583,0.44163
7.3355,1.9507,-1.2528,-2.811,-0.62038,1.6745,-1.9398,-0.2066,0.59529,0.08386,1.3492,0.65751
7.4826,1.4228,-1.7975,-1.7078,-0.2734,0.50453,-1.2135,-0.28262,0.30227,0.44161,1.062,0.53784
8.7572,1.1944,-1.4246,-2.0115,0.054397,0.77416,-1.6742,-0.23429,0.82053,-0.025905,1.2888,0.40531
8.2642,1.6966,-1.5869,-1.9524,-0.10899,0.62486,-1.4413,-0.35342,0.55349,0.15587,1.0114,0.36011
7.6792,2.2222,-1.6412,-1.2211,-0.45069,0.65007,-0.97287,-0.1377,0.23771,0.47231,0.76027,0.52989
9.2483,2.4141,-2.0077,-1.2583,-0.332,0.65295,-1.2369,-0.40646,0.50228,0.50089,0.44597,0.22845
9.5088,2.9733,-1.5867,-1.0184,-0.50196,0.87565,-0.81723,0.4359,0.56368,-0.13183,0.42866,0.099322
7.4725,3.0377,-0.50855,-0.8677,-0.50675,0.071671,-0.2359,-0.04844,0.48279,0.7502,0.3676,-0.26557
7.7482,2.9794,-0.44239,-0.49764,-0.027197,0.52686,-0.15261,0.2706,0.56237,0.4747,0.22468,-0.21261
8.6048,2.8666,-1.1814,0.10151,0.48442,0.37586,-0.38063,0.37747,0.68127,0.054223,0.46457,0.39273
8.0099,2.5922,-0.30937,0.37226,0.19637,-0.16581,-0.24031,0.62227,1.2002,-0.035514,0.21659,-0.092261
7.1657,2.4362,0.45196,1.1571,1.5217,0.52353,-0.98864,-0.34461,0.31169,0.45123,0.17323,0.077123
7.403,2.0993,-0.25141,0.94307,1.3873,0.3575,-0.57619,0.71153,0.85396,0.073408,-0.43202,0.11411
6.7663,1.8294,-0.35069,0.7642,1.3356,0.32967,-0.42745,0.41376,0.51226,0.94486,0.19409,-0.22935
6.3658,1.9521,-0.35927,0.085629,1.5253,0.42575,-0.11266,0.3183,0.65289,0.80658,0.10219,-0.4887
6.3215,1.3742,-0.80351,0.259,0.79854,0.628,0.33016,0.76415,0.64333,0.81172,0.053299,-0.1402
5.4645,1.756,-1.0824,-0.16835,0.91773,0.59621,0.60297,0.32413,0.11992,0.50864,0.11449,0.18946
4.7177,0.79235,-1.2652,-0.54164,0.59488,0.06459,-0.239,0.2176,0.16312,1.1272,0.020204,0.12154
5.8797,1.3033,-1.5031,-0.086026,0.33936,0.031925,-0.29105,0.12796,0.37226,0.39323,0.25343,0.53374
3.4268,-0.037534,-1.7846,0.085866,1.2493,0.22231,-0.97428,0.022776,0.72531,0.79612,1.0853,0.30542
4.7765,0.77733,-0.38419,1.1066,1.6117,1.0057,-0.45925,-0.73393,-0.24123,0.47142,0.18341,-0.1353
3.3386,0.19477,-0.85512,1.2927,1.4737,-0.1879,-0.90839,-0.79892,0.43827,0.8003,-0.32768,-0.42822
2.8221,0.70125,-0.24702,0.62989,0.74597,1.0958,0.13914,-0.062655,0.36444,0.34822,-0.19956,-0.10076
4.4831,0.85086,-0.63694,0.89904,1.3773,-0.0059036,-0.63831,-0.6744,0.4922,0.5063,0.73402,0.14888
3.0857,0.2174,-0.86478,0.33961,1.4786,0.15784,-0.4874,0.023382,0.62824,0.91095,-0.072394,-0.07284
3.0695,1.5958,-0.82016,-0.42573,0.039604,0.19361,0.29194,0.49548,0.16334,0.35889,0.45196,-0.092896
2.2263,0.70429,-0.78823,-0.19607,-0.22833,0.20961,-0.49971,0.46243,0.81235,0.60914,0.56942,-0.043633
2.0224,1.2461,-0.11792,0.17711,0.77151,0.76385,-0.50724,-0.58536,0.40453,0.73391,0.17467,0.25985
1.8936,0.70464,-0.87406,-0.043733,0.23065,0.5793,0.87874,0.42717,0.49316,1.2531,0.74771,0.18703
1.4083,0.70914,-1.3474,-0.46279,-0.23657,0.0092198,0.26786,0.044358,0.30604,0.98987,0.23117,-0.19784
0.6573,0.3144,-0.77172,-0.41188,-0.19444,-0.39041,-0.14587,0.47003,0.85477,0.85271,0.58202,0.12583
1.3308,0.89595,-0.26383,-0.096816,0.15247,0.26618,0.54869,0.15505,0.49053,0.39264,0.15694,-0.0045045
1.5118,1.3236,-0.6664,-0.042579,0.78907,0.24459,0.20831,0.1015,0.19146,0.1858,-0.14185,0.19307
0.59052,0.12979,-0.66311,0.020954,0.89362,1.1091,0.89725,0.85847,0.602,0.4461,-0.050882,-0.079226
1.7304,1.564,-1.105,-0.75735,0.68848,1.3406,1.3113,0.3642,0.09928,-0.19596,-0.52564,-0.52823
1.9813,1.1968,-0.96685,-0.12481,0.26152,1.1387,0.49679,0.48496,1.4226,0.75465,-0.16867,0.41027
1.3165,1.5317,-0.20187,-0.3214,0.18445,0.25028,-0.28431,0.88555,0.73225,0.72224,0.22787,0.077862
1.2387,0.91614,-0.28482,0.34443,0.22135,0.4375,-0.13869,0.57667,1.157,0.78533,0.30481,-0.13445
0.60252,0.98982,-0.19088,-0.13036,0.32074,0.29982,0.62254,0.28564,0.79381,0.6944,0.69905,0.4398
1.1186,1.7297,-0.31435,-0.47164,-0.18981,-0.074092,1.2016,1.0806,0.66962,0.45565,0.0090546,0.2766
1.1249,1.4299,0.017735,-0.080145,0.062882,0.10697,0.66685,1.155,0.61303,0.16856,0.35879,0.0097841
0.71794,0.16347,-0.6396,0.31897,0.043783,0.17204,0.22033,0.018302,0.24182,0.13447,0.039256,-0.33434
0.94114,0.74734,-0.99832,-0.65349,0.39209,0.27468,0.67047,0.49846,0.35334,0.73019,1.088,0.29869
1.6845,1.2022,-0.11474,-0.50764,-0.079637,0.16646,0.4089,0.13624,0.031529,0.35214,0.2508,0.017637
1.9132,1.024,-0.33474,0.053091,0.2189,0.63473,-0.047906,0.77033,0.3774,0.25286,0.39697,0.18647
0.55036,0.46527,-0.37598,0.2169,0.64357,0.36732,-0.38084,0.23646,0.17975,0.23903,-0.15367,-0.16603
1.0474,1.3393,-0.62688,0.091214,-0.73503,-0.28012,-0.2613,0.46738,1.2497,0.97656,0.22498,-0.50723
1.2062,0.9088,-0.48281,0.1213,0.37824,0.025922,0.57204,0.33761,0.42471,0.19394,0.25819,-0.15663
1.0035,0.88507,-1.0353,-0.54697,-0.32172,0.3945,0.50968,0.95569,0.64793,0.37376,0.92026,0.21519
1.2661,1.146,-0.099079,0.32316,0.54957,0.63977,-0.3493,0.038377,0.29033,0.29565,0.57737,0.226
1.4478,1.5034,0.46421,0.63994,0.2289,-0.13354,0.16169,0.39713,0.58388,1.3198,1.3284,0.018769
1.445,1.1884,-0.098424,0.81496,0.2695,0.16085,0.50397,1.0018,0.21799,0.51037,0.43046,-0.53684
-0.063537,0.24157,-1.6732,-0.50301,-0.23793,0.28725,-0.1109,0.226,0.12887,0.34123,0.23654,0.069111
1.0938,0.65692,-0.088551,0.31818,0.56516,-0.15866,-1.2809,-0.50887,0.046093,0.14908,-0.084753,0.1821
2.0651,1.5279,-0.0092456,0.25938,-0.33784,0.15933,0.14453,-0.063978,0.58682,0.91985,0.25518,-0.060942
1.3395,1.0302,-0.29933,0.51533,0.24726,0.19277,-0.21785,0.39886,0.24446,0.88301,0.74479,-0.21027
1.2166,1.1616,0.59375,0.30805,-0.34109,-0.11078,0.1885,0.70065,0.47297,1.0531,0.49448,0.32444
0.96448,1.0457,-0.070243,-0.20109,-0.54837,0.064301,0.14514,0.80052,0.49872,0.41573,0.3885,0.10497
0.91723,1.0003,0.0066965,0.71736,0.42508,0.80455,0.082342,0.26137,1.088,0.50904,0.073849,-0.08209
1.8005,1.182,-0.43294,0.65408,0.69858,1.147,1.1304,0.29383,0.6953,0.72127,0.52058,-0.24817
1.9686,1.1668,0.089319,0.40929,0.17875,0.2679,0.16176,0.86056,-0.012558,0.14184,0.18456,0.24357
1.275,1.8322,0.26704,1.0664,0.78424,0.2565,0.23374,0.12875,0.30337,0.04606,0.46081,0.26424
1.9116,2.0606,0.27379,1.1199,1.0944,0.89414,0.1063,0.082507,0.12798,-0.15229,0.39826,0.34935
1.3966,1.2485,0.10221,0.59344,0.81055,0.78,1.0327,0.99124,0.86181,0.79747,0.23446,-0.0017458
0.48453,0.8363,-0.068233,0.66982,0.88234,0.76256,0.35475,0.6744,0.65985,0.10533,-0.024604,0.25595
1.1139,0.799,0.20168,0.052884,0.86819,0.92465,0.45565,0.095742,-0.042616,0.31238,-0.075964,-0.23085
1.0674,1.7267,0.23855,0.70704,0.25074,1.5639,0.62523,0.44365,-0.053123,0.20827,0.44696,-0.38836
1.1183,1.7053,1.1261,1.5049,0.59466,0.40273,0.44916,0.89863,0.032809,0.2248,0.56616,-0.62597
4.2886,4.3165,2.2567,1.2765,0.24919,-0.55976,-0.46043,-0.032669,-0.01491,-0.20647,-0.29933,-0.79282
5.7164,4.4182,1.5073,0.83872,-0.11173,-0.24025,-0.84407,-0.69535,-0.63648,-0.75302,-0.22981,0.16897
7.0336,4.275,1.3389,0.89415,0.0050564,-0.27479,-0.95721,0.094022,-0.37226,0.27737,0.26622,-0.58377
6.3145,4.3494,1.2699,0.14006,-0.48739,-0.40727,-0.30437,0.33118,0.37623,0.30281,-0.039523,-0.5917
6.0795,4.1988,1.4786,0.28595,0.037991,0.03293,-0.097048,0.37849,-0.16557,-0.22896,0.14915,0.13771
6.5722,3.8874,0.62179,0.35498,0.21802,1.266,1.1621,-0.19411,-0.24041,-1.2867,-0.51419,0.15198
6.0908,3.8259,1.0954,0.72919,-0.19112,0.17808,-0.079263,-0.070423,-0.049438,0.096331,-0.16963,-0.38213
5.2774,3.8791,1.6671,1.2569,0.38731,0.62361,-0.24483,-0.035649,0.31128,0.13982,0.42542,0.22024
5.2346,4.1734,1.7677,1.254,0.84046,0.46941,0.17278,-0.01451,-0.73271,-0.2395,-0.29042,-0.62664
4.878,3.8915,2.2914,1.4883,-0.073166,0.25337,0.58304,0.23254,-0.41149,-0.50451,-0.19556,-0.29184
4.208,3.3758,2.1074,1.8492,1.1407,-0.19843,-0.082063,0.24785,-0.40683,-0.39486,-0.05233,-0.21799
2.9659,-2.2336,2.5279,-1.8669,-0.57462,0.84711,-0.772,0.77785,0.34121,-0.15753,0.6903,-0.30897
2.9949,-0.48747,3.4138,-2.4513,-0.12935,0.16824,-1.4698,0.85974,-0.093713,0.14155,0.85161,-0.63909
4.9698,2.1979,3.8532,-0.90633,0.23636,-0.92214,-1.6169,0.53611,0.071457,-0.32749,0.35235,-0.48174
7.2566,0.59914,2.4935,-0.35365,-1.2515,-0.59579,-2.0158,-0.35494,0.48148,0.35489,0.36044,-0.56318
7.8091,-0.077381,1.678,0.26943,-1.6828,-0.9552,-1.7728,-0.8485,0.8677,0.34187,0.2819,-0.50856
6.589,-0.29183,1.2254,0.1362,-1.8247,-0.60776,-1.5511,-1.0098,0.77992,0.30381,0.082989,-0.067632
7.6071,-1.2041,1.4928,0.50555,-2.1676,-0.42586,-1.4553,-1.0947,1.0127,0.14655,-0.09303,0.12077
6.8925,-0.96164,1.1091,0.56714,-2.1583,-0.32458,-1.6071,-1.1469,1.0465,0.15191,-0.31424,0.19274
5.9422,-0.34465,0.95089,0.42794,-1.7849,-0.61183,-1.2868,-0.95455,0.83386,0.15035,-0.41719,0.30902
7.0877,-1.0258,1.0967,0.82635,-2.1281,-0.12526,-1.4499,-0.97396,1.0586,0.096664,-0.27,0.1028
7.5557,-1.2987,0.82436,1.0971,-2.6109,0.18059,-1.3568,-1.1888,1.1648,-0.17879,-0.3083,0.086529
7.5918,-0.9987,0.55486,1.19,-2.4816,0.23355,-1.3277,-1.0412,1.2685,-0.29482,-0.052939,-0.12586
8.3166,-1.5302,0.89547,0.8108,-2.2676,0.093036,-1.224,-1.0959,1.2225,-0.28729,-0.17333,-0.084879
7.7851,-0.92383,0.80399,0.5243,-1.7735,-0.13204,-1.019,-0.89649,0.89695,0.0082099,-0.33649,-0.080844
7.3251,-0.58882,0.74364,0.28014,-1.6461,-0.33577,-1.018,-0.80423,0.71679,0.17098,-0.16366,-0.012534
8.4758,-1.232,0.97992,0.23373,-1.8318,-0.15191,-1.2134,-0.55191,0.7883,-0.08696,-0.17013,0.12162
7.8552,-0.77931,1.0717,0.31254,-1.727,-0.33512,-1.1022,-0.74359,1.1413,0.11992,-0.20945,0.39229
7.8265,-0.47204,0.53717,0.62058,-1.933,-0.16057,-1.311,-0.68174,1.0614,0.23753,-0.2746,0.23686
7.0762,0.086059,0.53755,0.57782,-1.7227,-0.34235,-1.6598,-0.71954,1.4243,0.44053,-0.052644,0.35018
7.7069,-0.44024,0.50885,0.82431,-1.8544,-0.37118,-1.4079,-0.72623,1.2502,0.52855,-0.08903,0.33181
7.2114,0.10965,0.26685,0.48685,-1.5306,-0.93983,-1.1894,-0.4231,0.83534,0.51158,0.25149,0.10992
7.7856,-0.094879,0.068368,0.78767,-2.1204,-0.22296,-1.5684,-0.52183,1.1341,0.31921,-0.017414,0.26763
7.0406,0.54457,-0.040341,-0.17437,-1.2527,-0.74416,-1.3402,-0.61968,0.85663,0.26948,-0.1451,0.34571
8.5632,-0.11244,0.13731,-0.15938,-1.2423,-0.32229,-1.3143,-0.76558,0.82189,0.0092123,0.13625,0.41461
7.6463,0.77223,-0.38703,-0.28027,-0.99028,-0.44266,-1.0419,-0.87615,0.34441,0.30487,0.034056,0.19709
9.1032,0.28856,-0.15331,-0.01466,-0.99505,-0.19199,-1.1025,-0.72733,0.54372,0.10855,-0.026797,0.25619
8.898,2.0228,-1.3009,-0.11799,-0.014005,-0.70896,-1.1413,-0.68061,0.32366,0.3495,0.19676,-0.15046
8.7441,2.2234,-1.081,-0.35611,0.028908,-0.55949,-1.1478,-0.57168,0.22508,0.36685,0.23032,0.17263
8.3214,2.4166,-0.52572,-0.18104,-0.1232,-0.36222,-1.3459,-0.87256,0.75691,0.52803,0.32538,0.18666
8.5935,2.1093,-0.37005,0.45493,-0.1593,-0.87627,-1.2704,-0.42802,1.0219,0.58632,0.15819,0.36421
7.416,3.2969,0.1803,0.098929,0.017236,-0.59919,-0.89775,-0.17702,0.91948,0.65591,0.25809,-0.23924
7.8421,2.6146,0.12188,0.44239,0.49722,-0.16576,-0.83505,0.18938,0.67691,0.14769,0.47033,-0.5153
7.2177,3.1569,0.055363,0.73533,0.82633,0.097205,-0.84204,0.075185,1.3544,0.39867,0.14179,-0.60649
7.0403,2.5363,0.015585,0.70917,1.2775,0.12073,-0.8086,0.018934,0.9012,0.76517,0.12216,-0.35452
6.5375,2.7667,-0.015778,1.4004,0.84655,0.98113,-0.33228,0.043743,0.59734,0.54199,0.29035,-0.68235
5.7652,1.4638,-0.37775,1.4021,1.7637,0.76671,0.1044,0.0091456,0.26496,0.66662,0.68221,-0.16299
6.0935,1.7916,-0.31743,1.2733,1.1629,1.3105,0.18008,-0.32002,0.010983,0.85485,0.93301,-0.14748
5.4854,1.5317,-0.38778,1.1208,1.2816,0.73471,-0.33427,-0.21141,0.88061,0.8161,0.66844,-0.065529
3.9452,1.7393,-0.70647,0.7931,0.59501,0.2785,-0.20195,0.37552,1.1238,0.5428,-0.20452,-0.036133
2.5258,1.4935,0.29595,-0.015542,0.11194,1.0572,0.17869,0.76063,0.78299,0.38535,-0.081454,-0.13765
2.9039,1.5888,0.23673,0.26135,-0.032605,-0.16998,-0.090125,0.28453,0.58227,0.20465,0.042303,-0.35032
2.1985,1.8853,0.62765,0.73508,0.36423,0.51485,0.21729,0.48802,1.1705,1.1566,0.15418,-0.52274
2.6039,1.1875,-0.5217,0.4999,-0.14024,-0.18362,-0.37766,0.21415,0.52264,0.3031,0.20332,0.15962
2.042,0.92061,-0.075497,0.51798,0.059484,0.46589,-0.32044,0.29466,0.656,0.44323,0.53094,0.41272
2.1717,1.3061,-0.78572,0.40678,0.75135,0.40162,0.032244,0.85157,0.86027,0.4424,0.65885,-0.29527
1.7168,1.3859,-0.1592,0.5674,0.69474,1.0722,0.22019,0.69359,0.64168,0.96598,0.24847,-0.40786
2.2554,1.2635,-0.10217,0.33556,0.92723,0.99181,0.49368,1.0462,0.67834,0.32656,0.079605,-0.36741
1.8719,1.2154,0.082436,0.76247,-0.02628,0.54709,-0.70401,0.43622,0.59682,0.45432,0.68731,0.21324
1.1302,1.2178,0.073362,0.59631,0.30403,0.60717,1.1474,0.89866,0.81688,0.73206,0.02959,-0.20262
0.91292,0.24584,-0.82009,0.33245,-0.0019704,0.5661,0.17227,0.4803,0.029147,-0.025436,0.15779,-0.064612
0.80855,0.67085,-0.07265,0.34506,0.4242,0.48509,-0.28891,0.25974,0.59898,1.2764,0.29018,0.016822
1.1954,1.2406,-0.30624,-0.081905,-0.41625,0.50955,-0.10879,0.58736,0.94982,0.67921,0.74659,-0.2213
1.2864,1.5919,0.18644,1.1971,0.74978,0.93183,0.12106,-0.035023,0.3868,0.84924,1.3715,0.41245
1.7592,1.0756,0.27697,0.69204,-0.027551,0.71207,0.51025,0.32838,0.85994,0.64054,-0.22293,0.30001
1.3925,1.6026,0.5604,0.8422,0.82377,0.80402,0.79285,0.75353,0.16386,0.05756,0.39866,0.05235
1.4447,1.0324,0.44484,0.75643,0.23641,0.8324,0.17483,0.31585,0.5422,0.48356,0.32197,0.10645
1.4114,0.80136,0.087499,0.88135,0.56221,0.55797,0.7869,0.88789,0.11561,-0.21721,0.66523,0.018903
0.93866,1.4566,0.71191,0.83626,0.59721,0.91157,0.24984,0.3963,0.31036,0.93945,0.67415,-0.29558
0.77335,1.0869,0.024767,0.10313,0.050818,0.39668,1.2218,1.0025,-0.28231,0.28903,0.6381,0.32686
0.91779,1.118,0.58735,0.56706,0.18492,0.7872,0.4602,0.94919,0.60282,0.41692,0.10779,0.21572
1.0705,1.1925,-0.3815,0.25823,-0.25049,0.042667,0.37771,0.50071,-0.28315,-0.07038,0.012178,-0.57485
1.4934,1.1727,0.29573,0.21823,0.23386,0.28134,-0.14629,1.0653,0.94434,0.26017,0.89239,0.019324
-0.03487,0.53118,-0.52786,-0.32545,-0.25468,0.9222,0.24286,-0.18497,-0.19068,0.23585,-0.083427,0.039165
0.66864,0.83059,-0.16961,1.2568,1.0646,0.9573,0.39711,0.83536,0.40751,0.28937,0.72885,0.21571
0.98318,0.9444,0.89329,1.4804,0.46424,0.56275,0.31777,-0.13272,0.16491,0.83983,0.49779,0.057443
1.1636,1.0658,0.13148,0.55147,-0.16425,0.64817,0.10115,0.59299,0.50951,0.26297,0.43363,0.075464
1.5247,1.6387,0.72467,0.50696,0.31588,1.1889,0.9295,0.36747,-0.34253,-0.32387,0.26987,0.19916
1.2276,1.3717,-0.094536,0.58792,0.43665,1.3706,0.84339,0.88494,0.59114,0.55283,0.8207,0.1932
0.66377,1.3807,-0.32184,-0.05856,0.34497,0.87901,1.098,1.1438,0.21152,0.051116,0.2631,0.24779
1.084,1.5039,-0.25637,0.50537,-0.2298,0.63978,0.93436,0.80666,0.069251,-0.0044189,0.37793,-0.26549
1.1561,1.2076,-0.0071606,0.5779,0.39376,0.59613,0.23778,0.44971,0.50881,0.70804,0.0096219,0.094375
0.16833,0.96715,-0.18187,-0.21058,-0.32919,-0.065989,0.38324,0.98821,0.7551,0.24341,0.45148,0.33336
0.65802,0.0092517,-1.274,-0.23519,-0.36978,0.38389,0.40996,0.25604,0.39004,0.29567,0.90169,0.56361
0.59471,0.57129,0.061422,1.0023,0.98916,-0.011507,0.17321,0.3794,0.57137,0.573,0.33373,-0.16645
0.83361,1.4517,0.51001,0.65161,0.64181,0.87646,0.81547,1.4185,0.46131,0.37226,0.23693,-0.49026
0.81378,1.4026,0.3098,0.85563,0.80648,0.93337,0.62954,0.41321,0.92889,0.47592,0.7266,-0.044596
1.103,1.3163,0.3291,0.99955,0.81657,0.59254,0.44914,-0.008905,-0.067001,-0.63847,0.79871,0.27392
1.278,1.2975,0.59694,0.73848,0.56464,0.22486,0.81919,1.1597,0.3355,0.51916,0.27202,0.37149
0.69174,0.46828,0.1659,0.92751,0.62573,0.86111,0.39036,0.35726,0.34053,-0.038922,0.34404,-0.18617
-0.046322,0.56003,-0.4463,0.8025,0.24505,0.75003,0.21502,0.42488,0.34169,0.040166,-0.31521,-0.05721
0.29409,1.7229,-0.16857,0.19414,-0.19152,7.4847e-06,-0.63613,-0.47493,-0.80264,-0.4896,0.13813,-0.20237
0.34502,0.44597,-1.064,0.35062,0.27521,0.3479,0.11977,0.22455,0.0034169,0.10575,-0.13771,0.11362
0.62091,1.2459,-0.26099,0.045442,0.19914,1.1334,0.54539,1.0638,0.6859,0.714,0.45639,-0.64479
0.74353,0.64095,-0.57165,0.62939,1.0855,1.3053,-0.031631,0.35622,0.0068477,-0.089307,-0.27233,0.24232
0.94248,1.51,0.074934,0.50901,0.12505,1.0196,0.87498,1.2221,0.49047,0.58424,0.76865,0.023345
0.67406,1.1999,0.31262,0.72826,1.0986,0.6914,0.65146,0.68571,0.4882,0.59528,0.63132,-0.060959
0.63907,0.92942,0.13741,1.1715,0.84816,1.5716,1.1677,0.79752,0.10069,0.076299,0.40131,-0.068537
0.66792,1.1458,-0.066064,0.67467,0.28177,1.1643,0.33401,1.0449,0.53575,0.28732,0.06681,-0.35139
1.0779,1.3164,-0.023587,0.72264,0.97921,0.25813,-0.093923,0.88083,0.28143,-0.38236,0.021081,-0.51492
0.91589,1.054,0.3372,0.86045,0.57042,0.98278,0.48241,0.28165,0.097314,0.68649,0.93913,0.23523
0.67972,1.6223,-0.22271,0.94464,0.47915,1.1098,0.75662,0.3725,0.18705,0.30282,0.47762,-0.11405
0.80867,1.5678,0.73504,0.32652,0.1514,0.90091,0.54178,0.78386,-0.10317,-0.16298,-0.22583,-0.13515
-0.7786,-2.8813,0.48087,-1.2304,0.10963,0.54363,-0.52631,0.19551,-1.2835,-0.22281,-0.22749,-0.85679
-1.511,-1.4104,1.239,-1.2516,-0.55315,-0.24603,-0.4971,1.2015,0.24253,0.63395,1.0927,0.72074
-2.7756,-0.15214,2.0987,-1.4282,0.21336,0.13041,-0.19858,1.0255,0.47292,-0.12798,-0.019329,0.3742
0.3281,0.14357,2.7126,-0.5872,0.56328,0.23774,-0.4687,0.67334,-0.31747,-0.84643,0.54312,0.4414
5.3883,-2.3415,2.0219,-0.10677,-1.6021,-1.6093,-1.4806,-0.036574,0.37124,-0.86439,-0.23972,0.61299
6.1345,-2.8711,1.3206,0.70876,-2.4296,-1.0117,-1.4315,0.30286,1.2106,-0.30786,-0.16883,0.89656
5.6168,-2.5343,1.4617,0.0664,-2.1042,-1.6959,-1.4445,0.6322,0.87696,0.052134,-0.33939,0.82369
4.947,-2.275,0.93727,-0.31047,-1.994,-1.4499,-1.2191,0.80194,1.1688,0.25071,0.053536,0.37884
4.3921,-2.7339,1.0029,-0.75321,-2.0388,-1.2268,-1.1963,1.1472,1.3137,0.19019,0.24406,0.16371
5.0622,-3.4937,1.1404,-0.99158,-1.8116,-0.8666,-1.6623,1.7781,0.65022,0.397,0.13679,-0.25093
5.2313,-3.4607,0.96882,-1.1828,-1.5259,-1.1027,-1.1949,1.4884,0.56929,0.1749,0.38528,-0.50984
4.7481,-2.9508,0.57511,-1.1342,-1.3641,-0.95341,-1.0667,1.2398,0.44981,-0.023128,0.60724,-1.1515
5.0716,-2.9174,0.62366,-0.87356,-1.0694,-0.92771,-0.60971,1.1283,0.28129,0.0016441,0.85915,-1.3829
4.9675,-2.3425,0.40455,-0.77323,-0.97375,-1.1776,-0.8692,1.0741,0.22624,0.05761,0.49975,-1.5067
5.4822,-2.6609,0.68407,-1.007,-0.6946,-0.69148,-0.55351,0.96903,0.18322,0.04699,0.50815,-1.7186
5.2375,-2.1888,0.43432,-1.1041,-1.0104,-1.1212,-0.75005,1.3612,0.2925,0.58371,0.4951,-1.6606
5.3347,-2.2491,0.31806,-0.46077,-0.66355,-1.5143,-0.46957,1.2091,0.41368,0.88815,0.35011,-1.6759
6.1929,-2.5577,-0.0020469,-0.76489,-1.1022,-1.1277,-0.48485,0.97025,0.035588,1.0593,0.40705,-1.5359
5.8259,-1.6729,0.29431,-0.89216,-0.90199,-1.0268,-0.34616,0.52944,0.1441,0.67722,0.12275,-1.7077
7.0055,-2.0474,-0.29441,-0.46923,-0.89786,-1.5552,0.10008,0.17721,0.19286,0.3117,0.31495,-1.5138
5.2668,-0.015134,-0.34109,0.084192,-0.23855,-1.1396,-0.2853,1.1661,1.1697,1.0024,0.053808,-1.7124
6.9484,-0.74359,-0.036105,-0.31993,-0.86058,-1.1408,-0.44857,0.37863,0.36612,0.71895,0.43039,-0.98302
8.0104,-1.7057,0.1144,-0.05136,-1.6234,-0.88574,-0.95547,0.14429,0.46697,1.6981,0.83088,-1.3703
5.7332,-1.0717,-0.40194,0.75068,-0.26872,-0.94696,-0.37471,-0.038217,0.54882,0.8554,0.040984,-0.70794
6.2846,-0.97123,-0.71464,0.35375,-0.76951,-1.6848,-1.0037,0.47669,0.43749,0.99119,0.4033,-0.36928
4.1076,-0.25719,-1.0758,0.78552,-0.14009,-2.7328,0.52662,-0.078439,1.0012,-0.63426,-0.11014,-0.010198
4.0493,2.2131,-1.7484,-0.16508,0.17709,-1.8528,1.3024,-0.66693,1.2841,-0.17749,-0.32684,0.32731
5.9704,0.46159,-1.2107,0.38356,-0.88085,-0.7715,-0.25522,-0.028581,0.84721,0.65512,-0.38713,-0.76892
5.9154,-0.07537,-1.1809,0.094766,-1.1276,-1.3322,-0.25983,0.59827,0.21294,0.41597,-0.23484,-0.56005
