0.29494,-2.165,3.1856,-2.9747,-0.01898,0.2882,-1.4075,-0.89169,0.065303,-0.51804,0.74764,-0.11194
-2.3524,-0.76628,3.4336,-2.484,-0.22141,-0.28741,-0.29291,-0.82135,0.60523,-0.27067,0.54356,0.59116
-3.6715,-1.0851,3.4933,-2.1964,-0.66761,-0.51429,0.032422,-0.67776,-0.0062715,-0.64193,0.34519,0.094937
-1.0318,0.10632,4.9017,-1.4935,-1.3189,-0.87574,0.17338,-0.32499,-0.12704,0.30591,0.029065,-0.20455
3.2728,0.13873,3.7225,-0.43348,-1.4524,-1.1443,-1.0463,0.31268,0.13714,-0.63658,-0.7128,-0.39756
5.272,-1.3771,3.3569,-0.34786,-2.4017,-1.4692,-0.64497,-0.12299,1.1205,-1.2242,0.039314,0.26494
5.1831,-1.9281,2.1665,0.054246,-2.5177,-1.3605,-1.0681,0.08046,0.95007,-1.011,-0.042153,0.33616
4.4457,-1.6406,1.8241,-0.55765,-2.6635,-1.3566,-1.1678,0.27698,0.69965,-0.86595,-0.086853,0.56031
4.322,-2.2823,1.7978,-0.86466,-2.2165,-1.1747,-1.1002,0.48322,0.61995,-0.88433,-0.33007,0.37932
4.4388,-2.0836,1.61,-0.84847,-2.254,-1.1854,-0.80784,0.51936,0.6368,-0.79954,-0.23817,0.41193
4.5725,-2.0421,1.1539,-0.77492,-1.9736,-1.0748,-0.90531,0.74565,1.0381,-0.86045,-0.15538,0.36251
4.2409,-1.7338,0.92573,-1.0333,-1.9443,-1.1211,-0.85139,0.69656,0.90196,-0.7071,0.0084415,0.16052
4.6993,-2.1763,0.91765,-1.0503,-1.7589,-1.0949,-1.0613,0.8705,1.0725,-0.66406,0.17558,0.094368
4.3893,-2.2243,0.65999,-0.97044,-1.6567,-1.4431,-0.63225,0.81706,0.89385,-0.29284,0.22447,0.08345
4.8535,-2.6528,0.71897,-1.219,-1.5541,-1.3261,-0.84731,0.82773,0.76317,-0.033687,0.17627,-0.10087
4.7575,-2.201,0.46539,-1.4489,-1.167,-1.2939,-0.94262,0.87874,0.80324,0.037022,0.15061,-0.34251
4.7371,-2.1868,0.48734,-1.2691,-1.43,-0.89744,-0.81225,0.85236,0.73044,0.21869,0.11973,-0.5172
5.0643,-2.2296,0.26926,-1.0905,-1.6848,-0.88274,-0.42169,0.49409,0.61653,0.46547,0.18394,-0.59879
5.1593,-2.1188,0.29061,-1.4414,-1.4482,-0.90559,-0.76662,0.51649,0.80729,0.28523,0.24075,-0.74739
5.3372,-1.7239,0.043871,-1.156,-1.5734,-1.0324,-0.35676,0.34038,0.3359,0.62138,0.23976,-0.90715
5.2522,-1.9103,0.42769,-1.3769,-1.3144,-0.85326,-0.63108,0.26352,0.52299,0.57047,-0.014427,-0.80082
5.5856,-1.4589,0.23716,-1.5744,-1.0079,-0.98764,-0.57865,0.036352,0.61367,0.37028,0.057123,-0.9117
5.56,-1.5278,0.30233,-1.35,-0.69402,-1.3127,-0.59867,0.024163,0.67828,0.20299,0.14124,-0.79436
6.0434,-1.1227,-0.047509,-1.0921,-0.36682,-1.1006,-0.62874,-0.21761,0.7912,0.093584,0.34868,-0.85904
6.1867,-0.47894,0.18429,-1.3939,-0.11273,-0.95936,-0.41422,-0.55627,0.69327,0.36847,0.47003,-0.89052
6.4591,0.30136,0.99295,-1.0675,0.136,-0.90304,-0.46494,-0.3677,0.50633,0.27283,0.080811,-0.48869
6.2174,-0.32772,0.55941,-0.022577,0.083359,-0.059533,-0.84507,0.11756,0.34459,-0.10761,-0.50336,-0.75622
7.5626,-0.39438,0.29704,0.43361,-0.37524,-0.6784,-0.24263,0.92772,0.61766,-0.11025,-0.075061,-0.75588
7.554,-0.021039,-0.53087,0.19896,0.3719,-0.88603,-0.045449,0.55178,0.092235,0.13403,-0.4027,-0.37309
1.2343,-0.38811,2.4116,-2.4468,1.3138,-2.2467,0.27678,0.41365,0.041644,0.70798,-0.90671,-0.7384
0.4446,0.31773,1.2899,-2.3004,1.7825,-1.9919,0.39239,-0.20965,1.2295,0.85532,0.17877,-0.49333
-2.603,0.19756,1.7694,-2.2375,1.0918,-2.9343,0.22973,-1.0307,-0.35779,0.73509,-0.024294,-1.2286
-0.19233,-1.2543,1.4301,-1.4305,1.5531,-2.232,-0.78179,-0.53979,0.56194,0.71479,0.72292,-0.76578
1.3157,-1.802,0.84887,-1.963,1.5203,-1.0826,-0.56212,-0.32886,0.60166,0.62755,-0.38178,-0.47906
1.4201,-1.5643,1.1704,-2.7502,1.577,-0.40794,0.47739,-0.33148,-0.21841,1.2375,0.13924,-0.2896
0.049118,-2.4105,0.8312,-3.4339,2.6026,-0.032841,-0.36208,-0.51262,0.42985,1.5069,-0.61961,-0.36171
-0.74001,-2.6011,1.1414,-3.8465,2.9799,0.15778,0.57695,-0.24049,-0.069266,1.6038,-0.29841,0.61763
-1.6472,-1.8535,2.0384,-3.1217,3.0655,0.46081,0.31824,-0.28448,0.65935,2.3181,0.11273,0.1942
-1.077,-1.5061,1.9026,-3.1835,3.1187,0.53978,0.38336,-0.30265,0.55977,2.0692,-0.054972,0.37009
-0.43839,-1.8564,0.91229,-3.7956,2.3806,0.56201,0.62525,0.89834,0.52186,1.6096,-0.41124,0.29593
-0.22538,-2.2668,0.55778,-2.8297,2.5835,-0.091968,-0.25163,-0.045852,-0.02682,0.94803,-0.11536,-0.017722
-1.6421,-3.6229,0.13006,-3.3236,1.0331,-0.79104,-0.28293,-0.045684,-0.21572,1.3434,0.37053,0.40192
-0.78298,-2.5845,0.54467,-2.985,1.4723,-0.45519,-0.45236,-0.47135,-0.67574,0.19265,-0.12171,-0.21298
-2.2013,-0.82275,1.1202,-1.7033,2.2089,-1.4833,0.046308,-0.17288,1.1302,1.1836,1.054,0.50338
-1.122,1.0413,1.0273,-2.3229,3.0976,-0.77719,0.54695,0.63442,0.19293,1.0734,0.72985,0.87289
1.5029,1.0715,0.3343,-0.56724,2.3327,0.66502,-0.56626,0.66591,0.043979,0.71208,0.7222,0.37786
2.4204,1.0821,0.048454,1.1771,1.9418,1.1748,0.60526,0.33975,0.26773,0.53595,0.007676,-0.2534
0.28425,0.44119,-0.38981,-0.16352,0.29909,0.22953,-0.065169,-0.24893,-0.029897,-0.054265,0.20623,-0.12223
0.76345,0.72156,0.41491,0.60747,1.2141,0.65955,0.34978,0.69062,0.41427,0.50978,0.39625,-0.035194
-0.005426,0.71885,0.28046,0.45493,0.87867,0.35651,0.1434,0.5171,0.10804,0.50479,0.33319,0.013424
0.84921,0.56715,0.84059,0.81839,0.4872,0.375,0.38227,0.23941,-0.16153,0.175,-0.040875,-0.35198
0.61265,1.0414,-0.0016797,0.48456,0.2709,0.96501,0.82102,0.65918,0.35822,0.14122,0.30559,0.16299
-0.78812,-0.67663,4.5639,-1.6159,0.86716,-1.5628,-0.25823,1.1117,-0.057066,0.20692,0.3946,0.82769
1.1069,-1.8508,2.6522,-2.3021,1.2842,-0.60054,0.69907,0.16225,0.44295,0.51279,0.98322,-0.035601
0.97788,-0.65368,2.3613,-2.4679,1.4387,0.31051,0.30843,0.90966,0.22343,1.2905,0.67667,0.21047
1.0552,0.016927,1.9797,-1.9959,0.90274,0.77869,0.040802,0.62256,-0.3897,0.67103,0.12988,-0.19362
-1.0963,-0.87803,0.73729,-1.9628,0.75967,0.83181,1.3596,1.0301,-0.20802,1.3927,0.43521,0.27949
-1.8742,0.031924,0.48387,-2.922,0.39624,0.6197,0.70753,0.78845,-0.53544,0.53303,-0.5511,0.9399
-2.7796,-0.072299,1.3802,-2.2883,0.37845,1.3403,0.063968,-0.0078723,-0.52753,1.2352,-0.17499,0.68113
-2.2332,0.18845,1.0358,-3.1428,1.0341,0.99891,1.3304,0.92923,0.37584,0.67324,-0.045953,0.27403
-1.2605,1.4777,1.6598,-3.3931,0.18435,0.21291,0.79497,-0.18671,0.43628,1.5561,-0.28706,0.77582
-2.8294,1.0901,0.37822,-3.0855,0.62675,1.1567,0.80832,0.077658,0.049514,1.4656,0.30429,0.40806
-0.28458,0.52284,0.54453,-2.7866,0.38016,1.674,0.85349,0.10949,0.5515,0.68113,0.207,0.54042
2.7424,2.3977,2.1231,-0.88803,-0.37666,-0.036752,-0.30386,-0.15159,0.29782,-0.2306,-0.21752,-0.23119
7.0108,1.7256,-0.66808,-2.4557,-1.8443,0.12425,0.107,-0.30019,-0.1767,-0.31096,0.089798,-0.053855
7.7237,0.23822,-0.86598,-2.3247,-2.6699,0.68004,0.41602,-0.63691,0.075519,-0.35744,0.56789,0.15201
6.4164,0.21329,-0.86019,-2.4181,-2.5066,0.72495,0.50829,-0.4353,-0.2741,-0.15363,0.48917,0.20634
8.1195,-2.0008,0.18344,-2.8153,-2.9743,1.6121,-0.15095,-0.56013,0.078047,-0.24647,0.96213,0.30038
6.9422,-1.5425,0.10621,-3.6842,-1.8027,0.82758,0.096324,-0.46503,-0.15766,0.29209,0.91282,0.28065
5.9346,-1.0418,-0.47422,-2.9594,-2.3156,1.0676,-0.078333,-0.5607,0.036063,0.095634,1.098,0.27969
6.4823,-1.2707,-0.72842,-2.5266,-2.4983,1.0669,0.048434,-0.71144,0.23208,0.12567,1.3049,0.21931
7.4657,-2.535,-0.16642,-3.1001,-2.1929,1.2263,-0.03993,-0.7666,0.28382,-0.11834,1.4376,0.26202
7.4248,-1.8403,-0.97101,-2.5703,-1.9347,0.95601,0.14413,-0.98026,0.61345,-0.31043,1.8769,-0.081647
6.9356,-2.3303,-0.13297,-2.5649,-2.1474,1.4582,-0.3043,-0.70053,0.59959,-0.26523,1.6446,-0.079829
7.9135,-2.1604,-0.74313,-2.2498,-1.8583,1.0834,0.029179,-1.1698,1.0356,-0.63716,2.1296,-0.32947
7.5208,-2.2351,-0.062138,-2.3552,-1.71,1.0713,-0.33952,-0.8777,1.0101,-0.44435,1.8637,-0.24241
7.1957,-1.651,-0.69718,-2.3607,-1.1579,0.30877,0.22021,-1.3778,1.3961,-0.73977,2.2367,-0.46612
7.0927,-1.9269,-0.39128,-2.3663,-1.535,0.90538,-0.27764,-1.1075,1.0284,-0.95049,2.3716,-0.59577
5.9207,-0.86898,-0.8213,-2.0927,-1.3074,0.36703,-0.14949,-0.9084,1.011,-0.60047,2.0691,-0.37
6.6057,-1.5552,-0.50393,-2.3131,-1.3126,0.71656,-0.15835,-1.1994,1.2088,-1.0441,2.5653,-0.75141
6.2692,-0.68509,-1.1531,-1.8504,-1.1038,0.10127,0.038214,-1.2889,1.3612,-0.97447,2.6546,-1.0545
6.4922,-1.4316,-0.39024,-2.2835,-1.05,0.57409,-0.11226,-1.0442,0.98989,-0.77403,2.6684,-0.90651
6.5755,-0.86496,-0.89407,-1.6586,-1.1958,0.21472,-0.086133,-1.0578,1.0996,-0.72144,2.6467,-1.357
6.5358,-1.1231,-0.87097,-1.9215,-0.84951,0.22357,-0.14011,-0.90173,0.84903,-0.48563,2.6538,-1.337
6.5938,-0.11233,-1.1919,-1.9306,-0.61391,-0.21685,0.055968,-1.2401,0.97991,-0.31218,2.2759,-1.3731
7.2112,-0.83154,-0.88181,-2.0536,-0.66042,0.25037,-0.34189,-0.92707,0.89037,-0.27873,2.3861,-1.1216
7.344,-0.17639,-1.5757,-1.4609,-0.64898,-0.29148,-0.064449,-0.99306,0.79095,-0.23507,2.2678,-1.6761
8.2276,-1.1173,-0.3703,-2.1435,-0.70777,0.51499,-0.83682,-0.45711,0.50342,-0.068802,2.1743,-1.0191
8.5221,-0.56179,-0.89956,-1.564,-0.88316,0.25422,-0.69776,-0.56565,0.35937,0.0083882,1.7504,-1.1486
8.2691,-0.62944,-0.25068,-1.6414,-1.1657,0.59906,-1.1303,-0.14294,0.37494,-0.0018772,1.8846,-0.8577
8.7167,0.059717,-0.9323,-1.6882,-0.14559,0.16774,-0.86834,-0.27488,-0.0038251,0.46537,1.2801,-0.51204
9.0128,0.23135,-0.2971,-1.5552,-0.78344,-0.17617,-0.5962,0.033408,-0.24733,0.61376,0.83347,-0.56543
8.5151,0.64212,-0.38067,-1.3904,-0.028196,-0.52378,-0.51186,-0.036915,-0.61241,0.92455,0.84448,-0.72758
8.4091,0.50215,0.68265,-2.0068,0.3684,-0.48922,-1.4159,0.47803,-0.39755,0.5406,0.80665,-0.58956
6.9247,2.0822,0.058038,-2.2369,1.0917,-0.26719,-1.5739,0.33115,-0.49584,0.43525,0.65044,-0.11633
8.1526,1.5246,0.70168,-1.9338,0.90615,-0.20015,-0.98693,0.076669,-0.12258,0.37917,0.77922,-0.4321
6.9695,1.9504,0.33137,0.28108,0.4905,-0.1464,-0.64456,-0.12528,-0.30923,0.44656,0.28174,-0.47113
7.3901,1.9377,0.17402,0.3679,0.65613,-0.11265,-0.46552,0.29091,-0.047792,0.48954,0.43386,-0.6277
5.1619,3.1821,0.42719,-0.2092,1.2433,-0.46484,-0.21484,-0.11012,-0.37338,0.72869,0.078468,-0.71255
6.7628,2.9447,0.37371,0.50583,0.71262,-0.059454,-0.51842,-0.5275,0.20283,-0.056222,0.20954,0.19137
6.3325,2.8996,0.82405,0.83845,0.57667,-0.072592,-1.1224,-0.98414,-0.11915,0.63139,0.70775,0.098174
5.8066,2.882,0.35636,0.52655,0.29802,-0.082661,-0.58712,-0.08373,0.16099,0.31841,0.15813,0.022814
5.4723,3.0906,0.63026,0.31656,-0.098184,-0.16314,-0.30182,0.15488,0.32076,0.39218,0.013851,-0.071027
4.8748,2.9295,1.0905,0.20405,-0.016784,0.5994,1.0716,0.56726,-0.25627,-0.40544,-0.46274,-0.66096
4.5675,2.7073,0.69185,0.33815,0.24132,0.062604,-0.10994,-0.40141,-0.1301,-0.17794,0.10278,-0.082588
3.5848,2.029,0.52169,0.272,0.053118,-0.086676,-0.70325,-0.29773,-0.10264,0.33822,0.096527,-0.049896
2.2476,2.2482,1.0756,0.66947,0.011126,-0.14023,-0.15629,-0.0046648,0.0074605,-0.11308,-0.11996,-0.014692
1.5723,1.1885,0.68588,0.83737,-0.012179,-0.20124,0.024914,0.37756,0.15388,0.091738,0.24519,0.26639
1.3013,0.53256,-0.03811,0.066475,0.22952,0.3777,0.16069,0.07335,-0.55454,-0.45108,0.015436,0.34868
0.71877,0.62759,0.073916,0.24243,0.17938,0.41724,0.23508,0.71886,0.12995,0.13638,0.40122,0.22826
0.494,0.13449,-0.095012,-0.18178,-0.23734,0.0042655,-0.15702,0.35086,0.46349,0.12921,0.40842,0.32267
0.8271,0.44271,-0.11712,-0.023527,0.11353,0.13919,0.27444,0.080348,0.23998,0.34714,0.68267,0.58032
1.5828,1.4467,0.41609,0.3386,-0.23632,-0.16258,-0.16442,0.31764,0.29808,0.30844,0.46011,0.057369
5.5551,1.8167,-1.0306,-1.6251,-1.2132,-0.55996,-0.10226,0.1602,0.3005,0.43446,0.50133,-0.045888
6.0161,2.1618,-1.0687,-1.2769,-0.25687,1.0311,0.73029,0.48408,0.19588,0.17033,0.047499,0.26123
4.5337,2.2686,-0.25405,-1.4549,-1.6124,-0.75239,-0.28093,-0.030387,-0.20508,-0.4075,-0.32915,-0.33855
3.8247,2.2548,0.35649,-0.37628,-0.1841,-0.11502,-0.082515,-0.31941,-0.32601,0.26511,0.51502,0.37534
-0.084334,-2.9694,1.4663,-2.0884,1.1148,1.4643,-0.81357,0.63532,0.053985,0.74973,1.2994,-0.31102
0.36355,-0.72639,0.59354,-1.3167,1.7026,1.3184,-0.1891,0.77176,0.27362,0.51048,1.5636,-0.039855
2.7757,1.209,1.2283,-1.6251,1.1747,1.7974,-0.44503,0.92765,0.33575,-0.19037,0.30335,-0.73856
-1.0208,1.0563,1.6754,-2.0461,1.3155,1.3296,0.096831,0.78441,-0.27249,0.84311,0.15059,0.79032
-2.3682,1.8358,1.5117,-2.4601,1.4137,1.5795,0.19444,0.63589,-0.54372,0.98978,-0.003296,0.017979
-1.453,2.774,0.42297,-2.5476,1.3581,1.457,-0.53485,1.1761,0.35022,0.73847,0.25882,1.3001
-0.64368,3.1843,0.84069,-2.849,1.4318,2.5599,-0.77171,0.85365,0.20085,0.13673,0.40956,0.86143
-0.084316,2.3957,0.40589,-2.0946,1.07,1.9569,-0.54589,1.594,0.7099,0.17279,0.42998,-0.079173
-1.1343,2.5721,0.5776,-2.3591,0.24955,0.76519,-0.61484,1.1876,0.65549,0.090587,-0.33831,-0.5737
2.7051,3.5992,-0.32936,-2.8091,0.12362,1.322,-0.39774,0.83355,0.39232,-0.31302,0.70097,-0.50645
2.5292,1.1498,0.43349,-1.1025,0.64887,0.79957,-0.99494,-0.049177,-0.11236,-0.34706,0.018354,-0.14597
2.7117,1.5021,0.33835,-0.63093,0.96336,1.7054,-0.20634,0.29265,0.67119,-0.32024,0.31147,-0.70425
3.638,1.4995,0.78932,-1.6283,1.0383,1.3786,0.042126,1.135,-0.34148,-0.34765,0.014171,-0.69113
8.4961,1.7767,0.0199,-3.7898,-0.46827,-0.44012,0.023329,0.26854,-0.29732,-0.56095,0.35834,-0.36282
8.1146,1.0105,-0.84054,-3.0493,-1.9067,0.31815,-0.070933,-0.21201,-0.11835,-0.11556,0.060927,-0.25421
6.8186,0.71868,-0.47735,-2.684,-2.2565,0.79664,0.2176,-0.44032,-0.010906,-0.073454,0.092609,0.15881
7.3109,-0.04261,-0.87849,-3.0191,-2.5133,0.85252,0.11937,-0.73807,-0.09419,0.052182,0.084925,0.16604
7.4481,-0.74935,0.071072,-3.5392,-2.1738,1.1988,-0.36258,-0.39306,-0.096148,0.23891,0.3665,0.010577
8.868,-1.9188,0.18588,-3.7285,-2.1668,1.2722,-0.22892,-0.32304,-0.47503,0.57927,0.10246,0.39979
7.3934,-1.3526,0.3544,-3.7329,-1.9503,1.2014,-0.4229,-0.6388,-0.26492,0.38043,0.4496,0.030246
7.8639,-1.8957,0.38941,-3.5992,-2.0919,1.5544,-0.25724,-0.56726,-0.17568,0.57891,0.47112,0.23516
6.6827,-1.0605,0.030207,-3.6234,-1.9529,1.3834,-0.38259,-0.78967,-0.38979,0.30806,0.46815,-0.16467
8.0736,-1.7562,0.40033,-3.7439,-1.8061,1.7197,-0.73524,-0.46739,-0.18053,0.67663,0.54807,-0.16459
7.2422,-1.1012,0.3503,-3.6797,-1.6304,1.377,-0.54029,-0.63406,-0.14706,0.2799,0.38557,-0.049016
6.96,-0.75881,-0.61623,-3.1261,-1.8689,1.5398,-0.45884,-0.71702,-0.0034878,0.27762,0.419,0.0086709
7.1385,-0.91953,0.57052,-3.4815,-1.6119,1.209,-0.60396,-0.59213,-0.17126,0.52001,0.23298,-0.26906
7.2784,-0.95872,-0.11618,-3.3487,-1.3503,1.5395,-0.61914,-0.71467,-0.019343,0.42999,0.49459,-0.15835
6.4932,-0.46098,-0.081409,-2.9153,-1.5682,1.208,-0.4585,-0.64051,-0.14056,0.33747,0.22475,-0.18541
8.8318,-2.1307,1.0227,-3.8338,-0.99905,1.4984,-0.8958,-0.42796,-0.13061,0.46079,0.40479,-0.35537
7.1636,-0.35687,0.3369,-3.4159,-1.1659,1.5604,-0.74401,-0.51434,-0.079857,0.47411,0.25426,-0.51697
8.1133,-1.3891,0.70783,-3.7331,-0.94408,1.7458,-1.0466,-0.48016,-0.14676,0.53528,0.33672,-0.52603
7.7157,-0.85534,0.96495,-3.5921,-1.0527,1.5797,-0.77712,-0.47805,-0.10359,0.37135,0.38309,-0.54552
8.1557,-1.5948,0.94714,-3.6337,-1.0095,1.6369,-1.0568,-0.51969,-0.14555,0.33948,0.29803,-0.57963
7.8702,-0.78895,0.78597,-3.1317,-1.016,1.4629,-0.76795,-0.73826,-0.0048696,0.41852,0.53385,-0.70758
8.3428,-1.0222,0.62747,-3.0466,-0.82519,1.1574,-0.61817,-0.54224,0.0068575,0.44912,0.0070822,-0.59935
8.7284,-0.58696,0.75591,-2.6653,-1.0001,1.2175,-0.80564,-0.6504,-0.046679,0.62125,0.33053,-0.60839
8.8708,0.10859,0.092861,-2.7805,-0.29582,0.92682,-0.87349,-0.35161,-0.037061,0.61094,0.044522,-0.54242
8.7541,0.93635,0.39438,-2.3818,-0.89715,1.0556,-0.29087,-0.96273,-0.21481,0.82099,0.55744,-0.63385
8.8509,1.1839,0.10901,-1.8637,-0.32281,0.64692,-1.099,-0.2338,0.28767,0.20962,0.52426,-0.39273
8.4879,0.66864,0.70089,-1.6598,-0.29662,1.403,-1.2109,-0.21261,0.2553,0.36953,0.42578,-1.01
8.2589,1.6863,0.45895,-1.6585,0.28988,1.4631,-1.1837,-0.43984,0.24883,0.50656,0.060512,-0.54447
7.9021,2.7783,0.070466,-0.68484,0.4932,1.0176,-0.83102,-0.24669,-0.11126,0.11244,0.30639,-0.21991
7.2865,1.9933,0.11974,0.45762,1.4162,0.99349,-0.58305,-0.46637,0.10747,0.64687,-0.060566,-0.23001
6.0924,1.6008,0.73095,0.078176,0.72201,1.0526,-0.098784,-0.054524,0.33125,1.596,0.14247,-0.6923
6.4558,1.7114,0.32598,0.5996,0.71277,0.84498,0.47023,0.70239,-0.17719,0.91651,-0.21569,-0.60569
6.6958,1.7918,-0.64262,-0.63132,1.3397,1.0725,0.067478,0.2876,0.096744,1.0503,-0.25778,-0.71622
5.9094,1.7451,0.20009,-0.5448,0.785,0.10751,-0.072914,0.18943,0.076039,0.5128,-0.49457,-0.35898
4.534,0.83568,-1.7355,-0.11394,1.4851,-0.24783,-0.095255,-1.0082,0.39369,-0.31963,0.17542,0.10523
4.61,0.2199,-1.4187,-0.24384,0.88788,0.089125,-1.0486,-0.33867,0.43834,0.40452,-0.049666,-0.21556
4.1969,0.10599,-1.6763,-0.63112,1.0251,0.16669,-0.13573,-0.037456,0.53846,-0.10525,-0.079092,0.053006
4.3211,0.31405,-1.2839,-1.563,0.38645,1.0123,0.4361,0.61287,0.51523,0.7526,0.77591,-0.51895
2.9598,0.57675,-0.94992,-0.55488,0.41741,0.98205,0.017074,0.034662,0.61105,1.1987,0.41763,0.1438
2.0168,0.88559,-0.23277,0.36398,0.28374,0.24029,-0.32134,0.1001,0.30806,0.5262,0.23363,-0.0082386
1.6433,0.29332,-0.51011,0.44075,0.86829,1.2715,0.83882,0.36469,0.75078,0.3889,0.10729,0.082627
2.8641,1.2143,-0.62067,-0.56417,0.24469,0.35193,0.10984,0.21691,0.092123,0.73291,0.49587,-0.095027
3.2339,0.32726,-0.95141,0.010497,0.43655,0.32396,-0.56161,-0.89687,0.359,1.1817,0.82625,0.13423
0.89913,0.38192,-0.30818,0.61715,1.0347,0.74999,-0.069551,0.088358,0.22186,0.98378,0.40864,0.42106
3.5832,2.2042,0.31491,-0.57691,-0.32115,-0.52607,-0.03043,-0.37807,-0.27886,-0.059195,-0.38776,-0.32414
5.5012,0.65061,-1.5253,-1.3953,-1.4218,-1.4489,-1.5378,-1.2752,0.25448,0.69582,0.39624,-0.73862
3.7984,1.8671,0.17719,-0.29902,-0.31564,-0.14446,-0.16332,-0.025174,0.228,0.091934,0.48202,0.25387
2.0768,1.5569,0.48081,0.14511,-0.10667,-0.060691,0.18293,0.35649,0.45137,0.31426,0.031683,0.077644
0.35156,0.23355,-0.22494,0.25473,0.3517,0.4802,0.18952,0.20761,0.15672,0.33862,0.23692,0.35634
0.80355,0.62369,0.34929,0.15923,-0.21565,-0.25353,-0.056518,0.040521,-0.12227,0.17313,0.48757,0.17767
-0.21367,0.55307,-0.41128,0.019918,-0.22281,-0.055064,-0.010671,0.085757,0.27693,0.15104,0.23912,-0.28316
0.31825,0.24346,-0.27899,-0.040202,-0.044633,0.29689,-0.03569,-0.19838,-0.23187,0.0051225,-0.028378,-0.2435
0.48113,0.67428,0.36002,0.30298,-0.037218,0.11911,0.18578,0.2172,0.19587,0.54252,0.27606,0.25174
-5.3454,1.3371,2.2417,-2.8131,1.7,1.4122,-0.4002,0.80727,-0.23149,0.15466,0.35236,-0.28223
-7.3927,1.0004,2.2594,-2.5625,2.5506,1.9449,-1.0398,-0.053497,-0.41374,0.91267,0.8806,-0.55831
-2.4163,1.1511,1.6137,-1.9801,1.5819,0.80393,0.05687,1.2607,0.6684,0.089358,0.3749,0.2459
-1.2867,1.0552,1.9408,-1.4962,1.2355,0.089937,-0.51621,0.75802,-0.1778,0.19051,0.27876,0.20051
-0.48645,0.44826,1.4337,-0.64459,1.0736,1.03,-0.4059,0.83474,0.26467,-0.015037,0.86586,0.078634
0.0052883,0.55996,0.35189,-0.19833,0.53068,0.71138,-0.034894,0.62992,-0.3181,-0.22497,0.15083,-0.041414
-0.3679,0.45959,0.26688,-0.063184,0.47519,0.23357,0.026172,0.36362,0.019993,0.18214,0.30602,0.11038
0.41233,0.79742,0.37746,0.49878,0.44921,0.62367,0.31867,0.6492,0.24772,0.37855,0.50463,0.021284
0.5585,0.63172,0.45359,0.24997,0.49463,0.62797,-0.14654,0.30926,0.10582,0.008684,0.46602,0.06553
2.152,-1.9203,0.66921,-2.9325,-0.015603,0.90654,-1.461,0.45053,-0.10168,0.77974,1.2688,0.014108
4.7087,-1.1635,0.41965,-3.9336,0.23334,0.37536,-1.4167,0.085882,-0.26656,1.2781,0.74411,-1.277
7.8342,0.47844,0.74709,-3.504,0.37884,0.50793,-1.3575,0.6728,-0.48888,1.4066,0.61129,-0.86087
6.6385,-1.4696,0.14735,-3.6699,-0.31497,0.99179,-1.9172,-0.21871,-0.4258,1.2143,0.84462,-0.73374
7.2587,-1.1331,0.25103,-3.2206,-0.091327,1.0599,-1.6797,-0.49456,-0.36749,1.0141,0.83664,-0.78114
6.8412,-1.5619,0.01185,-2.9732,-0.10254,0.74869,-1.449,-0.059807,-0.28228,0.95805,1.0314,-0.73197
6.7085,-0.56418,-0.089381,-3.1087,0.021015,0.61289,-1.3757,-0.34279,-0.22689,0.88691,0.8261,-0.52955
7.9599,-0.55715,-0.42061,-3.5319,0.96097,0.89259,-1.3919,-0.60535,0.010761,1.1561,0.64613,-0.6498
7.8936,-1.4048,0.48583,-3.473,0.56441,0.56106,-1.6767,-0.068701,-0.83859,1.0552,0.65706,-0.65128
8.8567,-1.2825,-0.15162,-3.0799,0.085376,0.61989,-1.7233,0.11816,-0.46687,0.97155,0.83427,-1.0687
7.5726,-0.63819,-0.29871,-2.9517,0.060323,0.71478,-1.6672,-0.20646,-0.37448,0.74079,0.79007,-0.64786
8.315,-0.47614,-0.085901,-3.8553,1.0867,0.30123,-1.7862,0.084234,-0.32835,0.8963,0.40818,-0.50789
8.7342,-1.1556,0.37361,-3.4605,0.47908,0.68673,-1.815,-0.020253,-0.55102,0.87255,0.5941,-0.69365
8.7317,-0.55989,-0.22424,-3.3543,0.67204,0.39922,-1.6229,0.087181,-0.38941,0.56275,0.6446,-0.58461
9.2571,-1.1936,0.25066,-3.0982,0.32022,0.78441,-1.9625,0.0026553,-0.39658,0.57503,0.62921,-0.53433
8.9576,-1.0163,0.33032,-3.5858,0.74249,0.36447,-1.7373,0.11138,-0.44761,0.61765,0.46186,-0.45188
9.1643,-1.3387,0.69266,-3.4539,0.59274,0.61018,-1.5638,-0.3656,-0.55462,0.92993,0.4509,-0.23098
9.1113,-0.82011,-0.48415,-2.6928,0.033542,0.72,-1.7612,-0.22056,-0.18395,0.47701,0.42196,-0.42071
9.1875,-1.1198,0.35106,-3.0355,0.26461,0.84629,-1.9277,-0.21663,-0.33711,0.60543,0.56219,-0.3614
9.026,-0.71732,-0.059666,-3.1102,0.71281,0.2413,-1.5559,0.016701,-0.21249,0.42639,0.57352,-0.55208
8.8267,-0.74718,0.12725,-2.7653,0.32249,0.5734,-1.7525,-0.23011,-0.27912,0.32971,0.74425,-0.32909
9.1315,-0.22762,-0.083063,-3.113,0.52251,0.77208,-1.8382,-0.074033,0.055167,0.0538,0.59409,-0.42657
8.878,0.56882,-0.22603,-2.363,0.0042875,0.94237,-1.7298,-0.39336,0.18508,0.061186,0.55052,-0.1338
9.4518,1.2638,-0.20953,-2.9841,0.60263,1.2212,-2.3724,0.15069,0.41806,-0.12006,0.20889,-0.23273
9.4354,1.953,-0.34599,-2.0751,1.1807,0.90846,-2.1535,0.3281,-0.16684,0.030534,0.88717,-0.040897
8.7684,1.7882,0.11966,-0.63095,0.73437,0.52049,-0.92985,-0.32383,-0.12539,0.7121,0.65747,0.053992
7.5509,2.379,-0.44755,-0.070036,0.30101,0.56899,0.067225,0.10028,0.78288,1.2138,0.30208,-0.15607
7.5918,1.2242,-0.55438,0.79582,0.44961,0.75131,0.44816,0.052033,0.10336,0.33204,0.34738,0.2408
6.7419,1.3421,-0.48235,0.71007,0.92169,0.50129,-0.082268,0.19064,0.26449,0.059593,0.27704,-0.085582
6.4901,0.56814,-0.79674,0.51925,0.14184,-0.17722,-0.53654,0.37723,0.27502,-0.44897,0.274,0.36646
5.1733,0.66952,-0.86719,-0.34861,-0.83147,-0.52347,-0.67437,-0.90589,-0.53718,-0.13999,0.43998,0.52128
3.7542,1.8573,-0.48165,-0.15012,-0.69306,-1.3776,-1.4345,-1.2525,-0.91976,-0.62339,-0.72448,-0.19515
4.7023,1.9319,-0.48532,-0.17321,0.096843,0.066489,-0.49466,-0.92545,-0.81839,-0.39908,-0.24362,-0.64115
