-0.94873,0.9013,-0.82623,0.7291,-0.61693,0.49749,-0.37862,0.26747,-0.16998,0.090344,-0.030873,-0.0080867
-0.97383,0.92642,-0.85088,0.75209,-0.63633,0.51077,-0.38288,0.25986,-0.14817,0.053011,0.021918,-0.074635
-0.96052,0.90872,-0.82709,0.72213,-0.60192,0.47531,-0.35096,0.23653,-0.13797,0.059065,-0.0012554,-0.036252
-1.0478,0.98963,-0.8978,0.77937,-0.64323,0.49917,-0.35695,0.22539,-0.11163,0.020552,0.045447,-0.086445
-0.94591,0.90829,-0.84826,0.76955,-0.67696,0.57592,-0.47208,0.37085,-0.27702,0.19442,-0.12577,0.072477
-0.90689,0.85658,-0.77734,0.67558,-0.55929,0.43727,-0.31818,0.20979,-0.1182,0.047448,0.00077824,-0.027052
-0.9781,0.92929,-0.85183,0.75116,-0.63416,0.50854,-0.38212,0.26218,-0.15488,0.064824,0.0051994,-0.054273
-1.0659,1.0081,-0.91732,0.80113,-0.66903,0.53126,-0.39778,0.27724,-0.17615,0.098389,-0.044978,0.014285
-0.85048,0.81738,-0.76434,0.69439,-0.61143,0.51998,-0.42484,0.33075,-0.24207,0.16253,-0.094991,0.041326
-1.033,0.98558,-0.91075,0.81431,-0.70348,0.58617,-0.47016,0.3623,-0.26798,0.19064,-0.13166,0.090437
-0.86665,0.83413,-0.78178,0.71227,-0.62906,0.53625,-0.43827,0.33965,-0.24469,0.15729,-0.080668,0.017198
-1.1216,1.0673,-0.98157,0.87102,-0.74387,0.60911,-0.47558,0.35108,-0.24171,0.15142,-0.08178,0.032147
-0.71711,0.69793,-0.66678,0.62483,-0.57362,0.51502,-0.45107,0.38396,-0.31585,0.24883,-0.18477,0.12533
-1.0944,1.0337,-0.93813,0.81529,-0.67475,0.52695,-0.38216,0.24945,-0.13592,0.0461,0.018243,-0.058
-1.0195,0.97644,-0.90747,0.81664,-0.70918,0.59114,-0.46894,0.34892,-0.23696,0.13804,-0.056006,-0.0066894
2.6084,1.6319,2.0761,1.2019,0.7503,0.48788,1.1885,0.43557,-0.080208,-0.23398,-0.87253,-0.34867
3.0873,1.4515,1.7905,1.5854,0.88831,0.54177,1.0492,-0.16543,0.20709,0.42902,0.69622,0.37268
3.2084,1.3283,1.8097,0.82631,0.69892,0.59799,0.41773,-0.25227,0.64587,0.3636,0.52098,0.041463
2.5473,0.93395,1.8376,1.7958,0.66578,0.84471,1.4234,0.41201,0.70879,0.9233,0.2091,-0.34122
2.4902,0.65789,1.8467,0.89198,1.2449,1.4996,1.341,-0.0049682,0.59603,0.71796,-0.29701,-0.98864
3.3007,0.85973,1.6279,0.68679,0.6766,0.6199,1.2379,-0.05658,0.31435,0.92184,-0.053682,0.17643
3.2822,0.9075,1.3562,1.0975,0.88056,1.029,0.9241,0.1713,-0.40686,0.50544,0.61136,0.74241
3.7397,0.83763,1.6218,0.93062,0.76963,0.5841,0.7583,-0.20496,0.69404,0.94346,0.2081,-0.39395
3.5751,0.78302,1.3063,0.79426,0.86411,0.71957,0.99198,-0.37152,0.43506,1.1335,0.089093,-0.33367
3.2867,0.39525,1.4638,0.62273,0.78583,0.88905,1.321,0.44684,0.1351,0.39819,-0.24054,-0.29604
4.7127,0.769,0.53185,-0.46022,0.78806,1.5606,1.8312,0.52774,0.28633,0.14368,-0.17202,-0.73419
2.9657,0.4577,1.3648,0.91339,1.0552,0.96426,1.0143,-0.15525,0.039252,0.82017,0.1674,-0.20744
2.9292,0.21613,1.7511,0.96229,1.0678,0.83658,1.2419,-0.20331,0.7989,0.77571,-0.1132,0.057603
2.216,0.93684,1.905,0.78884,1.683,1.3463,1.6783,0.42727,0.6346,0.43126,-0.68813,-0.37079
2.7359,0.29776,1.8851,0.61558,1.1187,0.76701,0.96041,0.26791,0.49068,0.98778,0.65836,0.39146
2.5061,1.2189,2.3258,0.49745,0.45761,0.83003,1.6809,0.53085,-0.36704,0.66498,0.64222,0.38286
3.2585,0.69591,1.8177,0.98299,0.36308,0.68889,0.88087,0.1788,0.021472,0.37984,-0.29795,0.43747
2.8533,0.6247,1.7363,1.1297,1.4581,0.89515,0.68475,-0.49165,0.02214,0.78082,-0.1557,-0.28448
3.4525,0.77205,1.1775,1.1484,0.66632,0.61299,0.85351,-0.0601,0.14043,0.29889,0.098372,-0.061088
2.4372,0.96523,2.0419,1.2221,1.0706,1.0925,1.178,-0.017886,0.54617,0.374,0.16685,0.033365
3.1991,0.53258,1.5346,1.1724,0.95892,0.92819,1.0648,0.14571,-0.0014216,0.33594,0.06287,-0.37121
3.0124,1.2342,1.7815,1.3465,1.6692,0.78175,0.84601,-0.66561,0.3042,0.5263,-0.7815,-0.60155
3.3876,1.037,1.6569,1.2656,0.86548,1.0603,0.65865,-0.44746,0.081481,0.73737,-0.1556,-0.20588
2.8866,1.4438,1.9232,0.89406,0.99689,0.81609,1.246,-0.0503,-0.2022,0.23589,0.1404,-0.31982
2.6236,1.0433,1.9119,1.1442,1.874,2.2658,1.7466,-0.005047,-0.38224,-0.35864,-0.4121,-1.0855
2.9231,2.2221,1.6533,0.99786,0.81724,0.43316,0.7645,0.14122,0.027165,0.61662,-0.30269,0.25808
3.1807,1.5563,1.0351,0.45688,1.0129,0.81512,1.2297,0.58416,0.2681,0.15664,0.38302,-0.57301
2.4113,1.2374,1.1423,0.87681,1.6059,1.439,0.96476,0.13362,0.44131,0.48685,0.3179,0.3171
5.4431,2.3753,0.42824,0.10758,0.57219,-0.21451,-0.38302,-0.82382,-0.62917,-0.42733,-0.3047,-0.0048071
4.431,2.4477,1.4632,0.79008,0.15523,-0.24469,0.5586,-0.72536,-0.1581,-0.030594,0.16161,-1.0872
3.5965,1.9596,1.4124,0.72083,1.4994,0.50154,-0.30619,-0.55611,0.037831,-0.29632,-0.18686,-0.044726
2.8031,1.2984,1.422,0.30967,0.63722,0.76884,0.62086,0.90691,1.0438,0.54003,0.79973,0.3605
2.9954,1.6391,1.796,0.27333,0.23745,0.85662,1.6672,0.29335,0.24898,0.79334,0.56138,0.66988
3.3883,2.0334,1.9107,0.49338,0.65205,0.7955,1.4144,0.72372,0.1012,-0.20454,0.25468,0.69978
3.0689,1.7523,0.97798,0.59146,1.6308,1.184,1.4026,0.075376,0.055972,-0.17766,0.089178,0.3068
3.4033,1.8476,1.1463,0.60164,1.2576,0.46775,0.11084,0.072895,0.56338,0.6162,0.6327,0.28886
3.0379,1.4439,1.0312,0.80021,0.93,0.70255,1.1106,-0.13391,0.49205,0.25427,0.18925,0.004052
2.5935,0.63651,1.1003,0.72883,1.1388,1.1477,1.356,0.97528,1.0247,0.86601,0.81854,0.27215
3.3882,2.2743,1.42,1.1084,0.82803,-0.09947,0.45872,-0.37098,0.38567,0.63812,-0.015808,-0.14012
3.2121,2.1914,1.3406,0.58453,1.145,0.65557,1.2582,0.23632,0.51379,0.13886,0.067984,0.36868
2.6217,1.3832,1.2616,1.0994,1.8868,1.1012,1.222,0.19642,0.15419,-0.30546,-0.11815,-0.22197
3.2064,1.747,0.88143,0.68212,1.075,0.11133,0.46689,0.31949,0.91679,0.44341,0.24343,0.28149
2.9508,1.6324,1.1883,1.3027,0.63036,0.36576,1.2283,0.24848,0.13232,0.69446,1.1369,0.7999
3.7975,1.9299,0.76968,0.41153,0.78593,1.1036,0.96243,0.53474,-0.18921,0.025252,-0.0018157,0.065541
2.7057,1.532,1.5982,0.54368,1.5879,1.3859,0.67409,-0.38017,0.20596,0.27133,0.016435,0.16336
3.2454,1.6797,0.84877,0.94059,1.2452,0.99085,1.1413,-0.32118,0.19557,-0.023056,0.32911,0.28021
3.2495,1.8053,1.7362,1.2592,0.90012,1.3337,1.1308,-0.59008,-0.56078,0.41007,0.53956,0.13162
3.3599,1.7454,1.8389,0.93145,1.3168,1.1391,0.26865,-0.061928,0.40055,0.052309,-0.35488,-0.2081
2.7778,1.7612,2.1725,0.76566,1.6345,0.86611,0.33073,0.10646,0.0715,-0.27858,-0.074136,0.7097
3.1867,1.6663,0.80392,0.55919,1.1925,0.93715,0.79661,0.024828,0.52881,-0.2402,0.20078,0.56106
2.628,1.262,1.6792,0.90434,1.3665,1.1835,1.3947,0.17281,0.031796,-0.24985,0.21763,-0.19296
2.8333,1.545,1.4741,0.45033,0.79191,0.95151,1.4157,0.39265,0.56969,0.040087,0.076609,0.40277
2.1548,1.964,1.9497,0.85593,0.88712,0.71717,0.93345,0.6285,0.10729,-0.49859,-0.075734,-0.073146
3.6833,2.1012,0.97761,0.79919,0.88731,0.95413,0.37431,0.22234,0.80142,-0.14881,-0.49959,-0.59768
3.5081,1.8966,1.3289,0.51893,1.0599,0.84431,0.70066,0.066995,0.24558,0.28064,0.29287,0.39659
2.9296,1.9151,1.542,0.52076,1.0762,0.88765,1.1118,0.74372,0.21918,0.29654,0.14644,0.12882
3.6422,1.3908,1.491,0.42709,0.58509,0.34259,0.61518,0.88231,0.85865,-0.032604,-0.24845,-0.064398
3.3202,1.8687,1.7182,0.20861,0.48582,0.0038326,1.1911,1.1269,1.1189,0.10298,0.14522,0.39437
2.9478,1.9115,1.326,0.57499,1.2936,1.2321,0.92914,0.12702,0.47579,-0.16673,0.8813,-0.41615
3.4147,1.4562,1.454,0.59529,1.2194,0.65409,0.93708,0.25831,0.36594,-0.27356,0.3268,0.0034959
3.7569,1.2022,1.2885,0.66022,0.99061,1.0657,0.57143,-0.077705,-0.34166,-0.040846,0.1471,0.16065
3.1766,1.9069,1.8682,1.6605,1.364,0.49915,0.37244,0.2943,0.015615,0.090077,0.12281,-0.017423
2.535,1.8056,0.59748,0.34321,1.8305,1.0076,1.4867,0.75389,0.80305,0.45821,0.58481,0.11514
3.0731,1.9383,1.238,0.23421,1.6652,1.7077,1.3869,-0.16192,-0.5844,-0.31512,-0.058469,0.097713
2.427,1.7204,1.3269,0.54254,1.3745,1.2849,1.8933,0.29476,0.34051,-0.1662,-0.50356,-0.27556
2.6884,2.0458,1.8177,0.22979,0.78517,0.76623,1.1781,0.15685,0.30617,0.60516,0.078492,-0.11426
3.0944,1.7754,1.2886,0.95006,1.1002,0.43917,0.87889,0.077314,0.032374,0.23492,0.24683,0.14809
3.2811,1.9326,1.7004,0.63006,1.4471,1.1002,0.75738,0.13791,0.31457,0.24924,-0.31711,-0.19289
2.9735,2.1944,1.4756,0.91259,1.0353,0.82004,0.64883,-0.26923,0.34804,0.06542,0.42732,0.33821
3.1137,1.8024,1.4774,0.76161,0.79399,0.59749,0.78655,-0.15709,0.42105,0.095442,0.19612,0.13912
3.0907,2.5381,1.3335,0.81945,1.5692,0.45703,0.57327,-0.18226,-0.12314,0.67126,0.46783,-0.12501
2.4362,1.2534,1.5036,0.77813,1.1811,1.1161,1.7565,0.41619,0.0058543,-0.030026,-0.21152,0.31318
3.9448,2.186,1.3575,0.49404,1.0272,0.5091,1.3091,0.32552,-0.038057,-0.048046,0.0061662,-0.12894
3.2771,1.5632,1.1579,0.044864,1.3947,1.1437,0.86269,-0.23922,0.10628,0.20137,0.33102,0.15816
2.3178,1.3264,1.2851,0.97244,1.4797,1.1207,0.45179,0.14239,0.86373,0.76015,0.35981,0.85489
3.1987,2.6088,1.5745,0.2583,1.1966,1.3146,1.1833,0.18964,-0.050891,0.20801,0.19392,0.30157
2.3378,1.7723,1.2216,1.3836,1.2743,0.36532,0.58156,0.10055,0.88091,0.71572,0.8734,0.47154
3.2254,1.4075,0.5362,0.61484,1.3753,1.1685,1.1261,0.25946,0.51839,0.24808,0.54091,-0.19591
3.8603,0.61521,0.88209,0.47479,0.5834,0.29379,0.64994,0.66922,1.3703,0.27077,-0.1412,-0.5227
5.2293,0.20952,-0.38349,-0.10462,1.1325,0.34162,0.032811,0.40207,1.4615,0.57866,-1.1622,-1.0261
6.7143,-0.97714,-1.0705,-0.24378,0.72838,1.071,-0.34434,0.30772,1.7747,0.16756,-0.66971,-0.47351
7.2872,-1.5348,-0.68126,-0.5093,-1.2678,0.27787,0.0056609,-0.38021,1.3426,0.44677,-1.5282,-1.1933
7.9786,-2.5187,-0.49542,-0.70467,-1.1514,0.92046,-0.24714,-0.71579,1.7755,0.57365,-1.3995,-1.0997
8.0062,-2.6224,0.10051,-0.46672,-0.704,0.76464,-0.66129,-0.71989,1.8106,0.80386,-1.1474,-1.045
6.8129,-2.4163,-1.1028,-0.87629,-1.3222,0.45586,-0.81453,-0.97608,1.206,0.35798,-1.3941,-1.4648
8.1761,-2.3205,-0.33826,-0.5172,-0.96617,0.69075,-0.44783,-0.87325,1.8868,0.32065,-0.95166,-1.1981
7.3392,-1.0185,-1.0264,-0.34209,-0.44382,0.42934,-0.58636,-0.47366,1.3523,0.53909,-1.3124,-1.1609
7.6928,-2.7408,-0.79713,-0.92866,-0.94922,0.55913,-0.80771,-0.98571,1.2235,0.1599,-1.3289,-1.1711
8.2587,-1.9856,-0.56183,-0.60501,-0.51389,0.86389,-0.30432,-0.87699,1.8904,0.27707,-1.1604,-1.0205
8.4208,-2.335,-1.1392,-0.81154,-0.64304,0.37854,-0.47108,-0.65033,1.4973,0.43947,-1.1911,-1.1325
7.6716,-1.7497,-0.92452,-0.67599,-0.95064,0.48211,-0.19733,-0.065353,1.4744,0.31842,-1.1528,-0.90147
8.4126,-2.4792,-0.69386,-1.0609,-0.96553,0.0015853,0.12185,-0.47101,1.813,0.18041,-1.2509,-1.0633
8.1661,-2.1895,-0.93878,-0.93894,-0.89762,0.395,-0.33206,-0.23901,1.4272,0.19758,-1.2836,-1.1522
8.0415,-2.4535,-0.53597,-0.74076,-0.87508,0.62374,0.00051355,-1.0253,1.5627,0.28002,-1.5655,-1.2225
6.235,-1.5068,-1.4637,-0.85217,-0.69849,0.74438,-0.48539,-0.82577,0.99087,0.31774,-1.4792,-1.1789
8.5383,-2.2729,-0.85874,-0.8428,-0.71226,1.1265,-0.55122,-0.68358,1.3624,0.47024,-1.5645,-1.1327
6.0833,-1.3703,-1.4978,-1.006,-0.80878,0.47165,-0.53925,-0.49522,1.2331,0.34421,-1.6126,-1.4421
6.9038,-1.2065,-0.91267,-0.87384,-0.74114,1.114,-0.36207,-0.61845,1.3782,0.10991,-1.7669,-1.381
6.2624,-1.9622,-1.1818,-1.0943,-1.1233,0.8227,-0.66665,-0.64417,1.3809,-0.10466,-1.913,-1.0358
5.9847,-1.1286,-0.74437,-0.91857,-0.67067,0.89651,-0.75313,-0.47137,1.6102,0.10476,-1.738,-1.1889
5.8523,-2.0312,-1.2541,-1.5443,-1.1154,0.67471,-1.301,-0.8005,1.624,0.063768,-1.8629,-1.3072
6.522,-1.8416,-0.74541,-0.82864,-1.0026,0.727,-0.57124,-0.20032,2.0161,0.42821,-1.4304,-1.1661
7.4543,-2.8086,-0.63861,-1.6391,-1.1056,0.45639,-0.29621,-0.55082,2.0527,0.37968,-0.95704,-1.0571
6.4081,-2.6212,-0.54551,-1.0729,-0.80967,0.65973,-0.90892,-0.84661,2.4051,1.0785,-0.87629,-1.048
6.5815,-2.8153,-0.39379,-0.89834,-0.65657,1.1311,-0.52482,-0.43464,2.1119,0.081438,-1.3615,-1.2687
6.7317,-0.031891,-1.0579,-1.2872,0.010584,1.0768,0.23367,0.1915,1.7365,0.50541,-0.86186,-1.7897
5.4455,-0.042285,-0.86038,-0.85611,0.38752,1.0545,0.052392,-0.40928,1.0268,0.21002,-0.53537,-0.59435
5.3779,-0.24672,-0.8122,-0.29362,0.42161,0.82093,0.56029,0.88316,1.6719,0.2207,-0.89644,-1.0449
5.6244,1.2734,-0.36353,-0.96174,0.26328,0.66504,0.94918,0.59345,1.7444,0.56502,-0.10797,-0.97963
5.124,1.1256,-0.319,-0.71327,0.92235,0.99518,0.55432,0.36096,0.92427,0.74035,-0.5872,-0.9155
4.5252,0.63186,-0.21732,-0.31002,0.92984,1.0962,0.78869,0.63118,0.84039,0.47373,-0.0030705,-1.017
3.9858,1.7802,0.7722,0.25025,1.0578,0.55817,0.64685,0.079494,0.68475,-0.15766,-0.36594,-0.91642
4.5634,1.1335,0.25486,0.085784,1.1283,0.794,-0.12063,0.28814,0.74702,1.0576,-0.15393,-0.98614
4.3936,2.0924,0.31334,0.18165,1.2601,0.20033,0.54531,0.43601,0.87448,0.13229,-0.19412,-0.98181
3.9453,1.3567,0.99519,0.77403,1.1644,0.44462,0.44667,-0.15765,0.22899,0.0014105,0.15277,0.006618
3.0246,1.5779,0.58945,0.43136,1.4577,0.88269,0.97287,0.22333,1.1338,0.53353,0.11337,-0.62461
3.2142,1.1359,0.89274,0.93592,1.5222,0.36523,1.172,0.15845,0.37447,0.05427,-0.35844,0.12443
3.7214,2.2465,1.9267,0.075329,0.81889,1.0313,0.23522,0.16729,0.24685,0.29641,0.45264,-0.44139
2.8559,2.0789,1.8478,1.2957,1.2415,0.60663,0.52997,0.25558,-0.06211,0.066734,-0.065149,-0.78879
2.7358,1.297,1.4866,0.87674,1.0649,1.0034,0.76721,0.12674,0.34625,0.067111,0.217,0.3016
3.3123,2.0441,1.3727,1.2132,1.3703,0.52932,0.68183,0.34892,-0.018603,-0.07026,0.35573,0.49364
3.0835,1.4952,1.5261,0.42507,0.98522,0.46627,0.32748,0.046581,-0.15232,0.43302,0.55727,0.11412
3.2646,2.2756,1.4579,0.7008,1.0972,0.95941,1.1992,0.11528,-0.28381,-0.19142,0.096558,0.31645
3.9844,2.0619,0.71757,0.52952,1.5031,0.67612,0.83948,-0.033133,0.20851,-0.60115,-0.38705,0.29333
2.7884,2.1656,1.9787,0.74542,0.83098,0.62838,0.74824,0.58821,0.52153,-0.24025,-0.5329,0.3124
3.0832,1.5213,1.067,0.92166,0.97867,0.64038,0.93783,0.076647,0.46596,0.38964,0.4333,-0.63035
2.4785,1.3322,1.403,1.0681,1.704,0.98842,1.4267,0.51078,0.51556,0.72941,0.39793,0.049
2.8886,1.578,0.86718,1.3133,1.6791,0.97419,0.62343,-0.14879,0.29766,0.17208,0.5255,-0.50551
3.0592,2.2052,1.8583,0.37515,0.29035,0.64741,0.37292,-0.3936,0.13362,0.16909,0.30885,0.29849
4.4483,1.4237,0.64983,0.63593,0.89761,0.54328,0.25835,0.04142,0.73809,0.072942,-0.28365,-0.21859
4.3907,1.2981,0.93974,0.75686,1.8731,1.5643,0.30479,0.11087,0.67873,0.27827,-0.2421,-0.38072
5.4376,0.50244,-0.57191,0.18416,1.1043,0.44807,0.0058398,0.21583,1.0292,0.42683,-0.93331,-0.80056
4.354,0.99601,0.79547,0.12332,1.063,0.012353,0.22069,0.43961,0.84247,0.43369,-0.37431,-0.78692
3.7084,1.1599,0.32724,1.1314,2.0172,0.67355,0.2032,0.13306,0.55362,-0.26734,0.0096716,-0.26713
3.4799,0.76658,0.67413,0.85015,1.7185,0.59908,0.56825,-0.15915,0.41686,0.10251,0.10861,0.13053
3.0963,0.97651,0.56449,1.4644,1.6481,0.94873,0.71637,0.015815,0.33564,0.22429,-0.025434,-0.40338
3.7815,1.2272,0.03996,0.69096,1.3593,0.91572,0.78107,-0.016355,0.4486,-0.24597,-0.53,-0.18159
3.0493,1.2371,0.88624,1.5758,1.9998,0.7525,1.51,0.23393,0.30053,-0.34246,-0.6472,-0.28996
2.2609,0.5116,1.8257,1.7401,1.6584,1.0211,1.1398,0.49333,0.092313,-0.30889,-0.21174,-0.042903
3.4216,0.87552,0.42716,0.99341,1.9019,1.1309,0.27777,-0.11234,-0.032466,0.15252,0.37165,0.37099
2.8293,0.78729,0.68033,1.1579,2.1126,1.0291,0.54368,-0.11006,0.57687,0.22824,-0.31136,-0.011505
3.8438,1.204,0.36881,0.36544,1.1887,0.38799,0.62954,0.33594,0.74823,0.025475,0.049435,0.28454
3.2658,1.2166,0.6539,0.82049,1.2469,0.93185,0.9092,0.27964,0.61422,0.090861,0.27261,0.11734
4.063,1.6323,0.60626,0.83074,1.5239,0.55181,0.62897,-0.08201,0.055791,-0.1924,-0.0097212,-0.19271
2.9682,1.4438,0.67193,0.55789,1.5068,0.38571,1.4193,0.47755,0.19855,-0.24905,-0.39088,0.47419
3.5469,1.2937,0.52773,0.29974,1.3884,0.98657,0.73331,-0.073003,0.1401,0.25016,0.82699,0.082898
1.9362,1.0447,1.0454,0.4774,1.9067,1.5279,1.0692,-0.034846,0.40518,0.54636,0.52149,0.42791
3.4893,2.1649,1.0179,0.67937,1.2445,0.282,0.47072,0.28793,0.040137,-0.25116,0.24054,-0.48273
3.0354,1.5922,0.13854,0.055404,1.5286,0.55563,0.40433,0.1407,0.70357,0.31923,0.31255,0.42606
3.4926,1.4668,0.80989,1.018,0.80294,0.40447,0.34761,-0.039832,0.92589,0.73125,0.10014,-0.049652
3.5577,1.4046,1.7079,0.33844,1.0579,1.1866,0.77511,-0.29477,-0.17446,0.23438,0.095448,-0.26084
3.3474,1.7609,1.0516,0.64279,0.95292,1.2338,0.51376,-0.25106,0.090263,0.29233,0.43819,-0.34758
3.3969,1.1019,0.65962,0.8638,1.4271,0.44236,0.12401,0.61822,0.6479,0.23973,0.21158,0.18552
3.2919,1.4991,0.91555,0.95443,1.5101,0.97212,0.24772,0.029219,0.68199,-0.50135,0.21115,0.19944
2.9854,1.3,0.74447,0.076791,0.77467,0.71481,1.0572,0.48731,0.61959,0.37794,0.1776,0.044464
3.0894,1.5376,1.0998,0.65926,1.0119,0.71241,0.89766,0.33184,0.76768,0.67272,0.033211,0.22947
3.263,1.866,1.0402,0.51373,1.3068,0.68998,0.79017,-0.27718,-0.092035,0.19945,0.096394,0.3293
2.9653,2.1958,1.2686,0.78534,1.4201,-0.095329,-0.11494,0.044642,0.0072308,0.55605,0.15715,0.401
3.1505,1.4415,1.419,0.79716,1.3438,0.79537,0.86291,-0.075679,-0.0043779,0.15992,0.37074,-0.014385
3.1159,1.4191,0.7655,0.58435,1.5133,0.67295,1.3681,0.66989,-0.19612,0.057701,-0.001102,-0.66539
2.6125,1.1595,0.91172,1.6069,1.4129,0.33422,0.82383,0.27751,0.52142,-0.1393,0.26538,0.59242
2.8675,1.2637,1.4496,1.1291,1.0332,0.20468,0.97038,0.56164,0.58275,0.14497,0.47357,-0.08404
2.6763,1.4481,0.99839,0.55167,1.5895,0.9309,1.4008,0.6907,0.62018,-0.095319,-0.03936,-0.53355
3.2445,1.795,1.1894,0.80219,1.1013,0.53864,1.0161,0.72669,-0.049052,-0.33888,0.38472,0.26942
2.3987,0.73425,1.1939,0.71444,1.1522,1.4194,1.1396,0.53169,0.58207,0.61483,0.82371,0.69718
2.3985,1.9347,1.5626,1.038,1.2899,0.58247,1.019,0.65806,0.73816,0.02871,-0.27348,0.22719
2.945,1.2988,0.66538,0.44172,1.3917,0.90794,0.73424,0.43286,0.7267,1.0707,0.42901,-0.020123
3.4292,1.4796,1.1827,1.0098,1.0624,0.11911,0.47469,0.078723,0.057083,-0.034895,-0.23431,0.020901
2.7901,2.1152,1.2324,1.2709,1.3238,0.81187,0.83712,-0.28579,0.25908,0.58836,0.10225,-0.021547
2.877,1.1064,1.2552,0.82904,1.4545,1.3352,0.57938,-0.0067223,0.40227,0.56718,0.25961,0.58239
2.6733,1.0889,1.2101,1.0075,1.486,1.065,1.0604,-0.33099,-0.44593,-0.36386,-0.47128,0.2398
3.3233,2.0792,1.4973,0.75568,1.592,0.93493,0.63713,0.024892,-0.65965,-0.25312,0.47215,0.2258
3.5035,1.9836,1.4011,0.52797,1.0671,1.0989,0.67715,0.020014,0.17841,-0.34493,0.24219,0.63625
2.6702,1.4838,0.73588,0.42113,1.5151,1.2333,0.98966,0.1664,-0.25382,0.34097,0.73101,0.062177
2.9047,1.7613,0.88058,0.69531,1.3222,0.26468,0.72847,0.14052,0.10521,0.40184,0.75552,0.30398
3.2071,1.3474,1.1214,0.040912,1.6161,1.3046,0.84901,0.41281,0.45774,0.36371,0.29938,0.27641
2.6626,1.2947,1.3069,1.2181,1.1848,0.87694,0.99714,0.49587,0.44716,0.88206,0.78967,0.067219
2.4594,0.78299,0.89456,1.2,1.6183,0.9924,0.67104,0.29564,0.1122,0.34771,0.33549,-0.11138
2.8117,2.049,1.3002,0.40632,0.79448,0.74606,1.195,0.26568,-0.04049,0.62461,-0.019537,-0.31554
3.4673,2.4772,1.811,0.54041,2.0897,0.74087,-0.29888,0.1082,-0.077909,-0.15725,-0.09389,-0.36852
3.1793,2.2936,1.8246,1.3166,1.5785,0.38098,0.42633,-0.51199,-0.2876,-0.19659,-0.21349,-0.051083
3.6541,1.757,1.5377,0.61043,1.183,-0.18549,0.14994,-0.2868,-0.40013,-0.59471,0.17444,0.17234
4.2634,3.0836,1.6554,1.4041,1.1371,0.60759,0.03802,-0.4983,0.051219,-0.060309,0.30541,-0.082832
3.7907,2.3318,2.0962,1.3367,1.706,0.35752,0.72385,-0.69438,-0.74675,-0.40581,0.3891,0.56065
4.2693,3.1114,1.2712,-0.31041,0.66615,0.34762,0.54378,-0.849,0.25808,-0.061988,0.44621,-0.11189
3.6145,1.9284,0.97902,0.19797,0.23475,-0.011419,-0.37735,-0.55955,-0.19859,-0.34725,-0.39143,-0.69257
4.3898,2.6626,1.556,0.72409,1.1166,0.53108,0.14433,-0.38777,0.33152,-0.28019,-0.018134,-0.079803
3.9447,2.8153,1.7502,1.3873,1.2514,0.66029,0.92564,-0.64479,-0.0025559,0.18892,-0.40276,-0.35998
4.5922,2.7059,1.6974,0.35388,0.9753,0.92051,1.0628,-0.60712,-0.30617,-0.015199,-0.21557,-0.53954
4.2271,2.9413,1.586,-0.052996,0.23856,0.70922,0.9403,-0.13874,-0.6129,-0.71615,-0.25055,-0.19336
4.1425,2.1029,1.2266,0.62057,0.78574,-0.056532,0.27975,-0.59181,-0.15154,-0.24051,-0.37531,-0.47386
4.3031,2.5895,1.596,1.0897,1.2855,0.56352,0.074567,-0.40525,0.1985,-0.30079,-0.49669,0.054674
4.2062,2.4332,1.5986,1.1193,1.1513,1.0456,0.90191,-0.10112,-0.27816,-0.50419,-0.054785,0.2346
3.7543,2.3059,1.9346,0.55518,1.4421,0.95648,0.76456,0.14177,0.54426,0.22568,-0.60448,-0.20847
3.2423,-0.55094,0.90203,-0.57276,2.2621,0.11619,0.44974,-0.46262,0.35571,0.85836,-0.97911,-0.16079
5.0843,0.83215,2.2471,0.22805,0.48046,-0.77151,-0.56709,-1.1734,-0.075128,-0.070187,-0.3664,0.74846
5.8364,1.0923,3.3612,1.1451,-0.22401,-0.82891,-1.6364,-1.2378,0.61059,-0.049985,-0.64334,0.62289
5.8556,0.89281,3.2466,0.80054,-0.89654,-0.94542,-1.569,-1.1573,0.84269,-0.2175,-0.98836,0.85909
5.2995,0.54821,2.9581,0.932,-1.6413,-1.2441,-2.1166,-1.4115,0.84618,-0.15298,-1.1255,0.53028
6.8693,-0.19619,3.1314,0.76295,-0.94412,-0.72211,-1.5653,-1.5269,0.90008,-0.1231,-0.87388,0.84472
6.5756,-0.36592,3.2219,1.2053,-1.1529,-1.0382,-1.9407,-1.1594,0.87701,0.29584,-1.0286,0.64108
6.2591,-0.12085,2.3636,1.2214,-1.6079,-1.48,-2.1354,-1.4193,1.1328,0.36583,-0.95092,0.22344
6.7459,0.33765,2.6483,1.1642,-1.2261,-1.0566,-1.7889,-1.3559,1.1761,0.76663,-0.66345,0.15546
6.7023,-0.20636,2.2307,1.1029,-1.4397,-0.99435,-1.7344,-1.5958,1.0943,0.44124,-0.57882,0.11488
6.1047,0.31345,1.5085,0.95423,-0.96121,-0.99804,-1.932,-1.4389,0.92369,0.53441,-0.91073,-0.29891
7.1542,0.025198,2.0915,1.3501,-0.42134,-0.79018,-1.7123,-1.1469,1.1196,0.27106,-0.83688,-0.12189
5.367,0.18521,1.3409,1.0042,-0.8492,-0.72931,-1.5249,-1.2972,0.62445,-0.028502,-1.533,-0.54934
6.1605,-0.087433,2.0685,1.0893,-0.56465,-0.086676,-1.3413,-1.3012,0.94938,0.24469,-1.62,-0.60172
6.2345,-0.23477,1.8742,1.4267,-0.75214,-0.20557,-1.4546,-1.4859,1.0854,0.21198,-1.113,-0.20766
5.4118,-0.42384,1.3837,0.9174,-1.2245,-0.74975,-1.9011,-1.7046,0.99784,0.34681,-1.1617,-0.29526
6.4872,-0.61016,2.3922,1.0608,-1.1386,-0.47044,-1.3216,-1.303,1.3487,0.42884,-1.0389,0.015121
5.4298,-0.78003,1.5512,0.64893,-1.136,-0.93273,-1.6293,-1.5103,1.0035,0.21438,-1.128,0.16218
5.7681,-0.079243,1.6896,1.3028,-0.93615,-0.67099,-1.3399,-1.0055,1.3152,0.34354,-0.81539,-0.073031
6.3851,-0.30894,2.1054,1.0904,-0.89156,-0.70505,-1.6045,-1.0397,1.4791,0.31049,-0.84232,-0.23524
5.2773,-0.30036,1.4663,0.74378,-1.3874,-1.0313,-1.63,-0.91412,1.1538,0.15121,-1.2817,-0.3246
6.9153,-0.57522,2.2395,1.1572,-1.1031,-0.36139,-1.3785,-1.2692,1.6904,0.53964,-0.91705,0.041355
5.9026,-0.51975,2.024,0.58909,-1.3787,-0.73017,-1.5853,-1.3571,1.6722,0.46865,-1.0078,-0.27656
5.7225,-0.46141,2.099,0.76121,-1.0775,-0.65559,-1.3786,-1.4086,1.5377,0.54633,-0.784,-0.36239
6.0209,-0.64991,1.9691,0.7285,-1.0132,-0.38582,-0.87873,-1.0693,1.5397,0.21775,-1.0497,0.032479
5.7376,-0.0084392,1.9617,0.42811,-1.5482,-1.5253,-1.8213,-1.0267,1.1433,0.078731,-0.84938,0.28006
5.6758,1.5913,1.6808,0.62198,-0.30254,-0.83809,-0.94854,-0.7441,0.60094,0.31885,-0.18137,-0.5612
6.1147,0.056992,1.8704,0.68497,-1.0291,-0.94466,-0.98117,-1.0457,0.99254,0.5204,-0.67293,0.34452
5.8897,1.1803,1.4772,0.51183,-0.58208,-1.3143,-1.4466,-0.61333,2.0183,0.76735,-0.23963,0.28388
4.2314,1.3803,1.5212,0.46599,0.14566,-0.026696,-0.041278,-0.61246,0.98718,0.29603,0.36815,0.20271
4.2056,1.9748,1.1068,-0.36385,0.62306,0.61884,0.21611,-0.16824,0.77304,1.0999,0.78628,0.0016189
4.4952,2.0864,1.9985,0.021337,0.16059,0.14611,-0.31379,-0.50701,0.31726,-0.095097,0.11379,-0.16382
4.9336,2.443,1.2464,0.062904,0.38596,0.27735,-0.18264,-0.91433,0.25032,-0.13021,-0.28952,0.54214
3.8979,2.0714,1.7337,0.7979,0.76219,0.46442,-0.25668,-0.58098,0.66882,0.2194,0.063969,-0.46354
3.7686,1.626,1.5907,1.0242,0.65352,-0.12943,-0.24832,-0.62635,0.14195,-0.16317,0.37749,0.30767
3.5938,1.7862,1.5967,0.48797,0.80399,0.18094,0.14249,0.3019,0.53355,0.2707,0.8734,0.45535
2.4599,1.4582,1.1812,0.99604,0.94253,1.1381,0.99565,0.25956,0.91165,0.48203,0.4977,0.13489
2.9975,1.5115,1.1901,0.90791,1.4934,0.99336,0.75426,-0.089513,0.20343,0.1577,0.21527,-0.31284
3.2168,1.9438,0.72044,0.16629,1.294,1.9301,1.4443,-0.13436,-0.014428,0.09234,0.46579,0.023912
2.8153,1.7463,0.78952,-0.27636,1.8407,1.5108,0.92358,0.32146,0.39471,0.2854,0.023696,0.98489
3.6186,2.201,1.4565,1.0024,1.3121,0.61225,0.35482,0.14685,0.18302,-0.15973,0.59323,0.30168
3.0737,1.5238,0.50028,0.77145,1.6679,1.1642,0.96345,-0.12815,4.8149e-05,0.32024,0.51546,0.16263
2.8322,2.0212,1.3189,1.1182,1.5689,0.88515,1.4007,0.020389,0.17074,0.71036,0.30538,-0.56189
2.3221,1.2485,1.296,1.1901,1.2266,1.1179,1.0995,0.067284,0.50843,0.42815,0.18222,0.1902
2.8367,1.8201,1.4284,0.36957,0.88099,0.4104,1.0529,0.51453,0.35229,0.48623,0.09886,0.4577
3.1767,2.1625,1.1605,0.60832,1.6564,0.95493,0.64991,-0.21641,0.23814,0.061332,-0.22948,0.15724
3.3003,1.9541,0.78403,0.56796,0.97139,1.3832,1.0296,-0.12681,0.69124,-0.26232,-0.098805,-0.23368
3.5565,1.3909,0.9969,1.1873,1.289,0.6865,0.8415,0.13677,0.43088,-0.069374,0.11709,-0.21363
3.5412,1.6882,0.72911,0.87482,0.61825,1.0053,0.99556,0.14817,0.57615,0.51127,0.80977,-0.18366
3.2811,2.2941,1.1074,0.64186,0.92682,0.81902,0.8901,0.33536,0.36202,0.27623,0.10875,-0.23472
2.2158,0.89568,0.97609,0.64567,1.3672,1.2441,1.308,0.6375,1.5371,0.77733,0.34608,0.44121
3.2325,1.8588,0.76066,0.46426,1.6297,0.90289,0.82604,0.43261,0.072237,0.27222,0.537,0.36501
2.9911,1.3139,1.338,0.17468,1.626,1.465,1.0159,0.4356,0.36799,0.14627,-0.15436,0.56562
3.2106,1.261,1.4468,0.36838,0.93899,0.93813,1.3269,0.36999,0.19804,0.15522,0.20058,0.080319
4.3254,0.68052,1.6533,1.3459,0.83978,-0.096136,-0.06523,-0.37908,0.66159,0.86249,-0.55249,-0.0071874
3.7186,1.1694,1.0999,0.6996,1.102,0.93896,0.92026,0.4653,0.7098,0.078531,-0.18076,0.33834
2.3689,1.1959,1.5378,1.0448,1.0457,1.0839,1.189,0.53386,1.1353,0.13793,-0.76177,0.021615
3.3428,2.1232,1.2707,0.20669,0.62827,0.63876,1.1228,-0.097977,0.69276,0.26048,0.22291,0.12369
3.2552,1.4998,1.8659,0.96055,0.83282,0.34943,1.2775,0.30182,-0.14143,0.17623,0.28279,0.66243
3.5809,1.0302,0.9298,0.77253,0.57353,0.36121,0.50333,-0.026306,0.45173,0.10224,0.77708,0.50174
3.0034,1.7942,1.1699,0.86402,1.3316,0.60099,0.69009,-0.10572,0.38029,0.23963,0.29954,0.42779
3.33,1.3705,0.74071,0.4176,1.4213,0.99927,0.88697,-0.048626,0.98722,0.19091,0.38671,0.86669
2.789,1.1854,1.2678,1.0951,1.2565,0.58074,1.3483,0.7156,0.56059,0.31774,-0.055659,0.40863
3.3547,1.4256,0.87384,1.0027,1.8633,1.2637,0.73861,0.28538,0.6438,0.14992,-0.35346,-0.28454
3.6134,1.6004,1.1179,0.58808,0.83669,0.58951,1.2112,0.83936,0.20702,0.44711,-0.31959,0.026185
3.0078,2.1067,1.9039,0.95707,0.43135,0.62506,1.4479,0.0048715,0.26503,-0.11346,-0.11057,-0.52175
3.1541,2.0736,1.4082,0.11296,0.40126,1.071,1.0097,0.38641,0.53769,0.2801,0.2155,0.016722
3.3977,1.6604,1.4169,1.3499,1.82,0.55942,0.34046,-0.24564,0.77053,0.43873,0.18152,0.050299
2.8512,1.4941,1.7771,1.2639,1.5022,0.68321,0.59775,0.5373,0.19645,0.068699,-0.067773,-0.11001
3.2534,1.7417,0.42661,0.23755,1.1867,0.7014,0.52671,0.64807,0.882,0.85458,0.70378,0.42612
3.1728,1.3645,1.1682,1.1096,1.4735,1.4957,1.1803,0.46955,0.72088,0.19006,-0.097527,-0.25193
3.2458,1.7318,1.5029,1.0497,0.8788,0.74043,0.55727,-0.23473,0.048141,0.62121,0.044883,-0.13387
2.9221,1.3967,1.3951,0.53803,1.4637,0.80527,0.64968,0.0029083,0.3755,0.68659,1.0928,0.14835
2.997,1.7221,1.7077,0.4315,1.2316,0.81846,1.0841,0.70975,0.51441,0.3407,0.40614,-0.40753
3.0137,1.6392,1.6033,0.7689,1.0625,0.40692,1.156,0.70154,0.52211,-0.22933,-0.048243,0.047025
2.7509,1.2164,1.474,0.60885,1.4547,1.1961,1.1716,0.57869,0.30505,-0.050475,0.0295,0.40577
3.7523,2.0622,1.1421,0.50388,0.95563,1.3044,0.25683,-0.39253,0.86934,0.60755,0.28247,-0.011693
3.3915,1.6873,0.83847,0.34984,0.94417,0.72559,0.20018,0.60626,0.65044,0.80287,0.20577,0.36706
3.5311,1.8566,1.8005,0.55274,1.3873,1.1995,0.77653,-0.23865,0.1191,-0.095972,0.33099,0.099744
2.9184,1.5283,1.1512,0.74572,0.77266,0.57986,0.98432,0.38282,0.61097,0.60924,0.65369,-0.16906
2.9901,1.4613,0.98589,1.1509,1.301,1.2234,1.0592,0.34023,0.68266,0.16624,0.25124,-0.27178
2.2711,2.125,1.7711,1.5752,1.4984,0.80896,1.4914,-0.054138,0.017861,0.051639,-0.063596,-0.30696
2.4041,2.1,2.123,1.062,0.78838,0.34979,0.78988,0.51322,0.51546,0.3746,-0.015467,-0.61744
2.8773,1.3378,1.4345,1.2235,1.5172,0.71322,1.3989,0.21852,0.81821,0.92078,0.24143,-0.4915
3.0747,1.3535,1.136,0.35878,1.0736,0.74609,1.1758,0.67819,0.67502,0.98638,0.7143,-0.11511
3.499,1.2036,1.3451,0.90754,0.88361,0.81298,1.3554,0.1368,-0.14935,0.30447,0.15907,0.055376
2.9936,1.9912,0.98811,0.41612,1.353,0.76598,1.1054,0.55413,0.56212,0.19575,0.34148,0.015655
3.5555,2.0797,1.2579,0.38849,1.3741,1.4693,1.2559,-0.19708,-0.16655,-0.27441,-0.73527,0.24899
3.7271,1.7579,0.74216,-0.063049,1.4937,0.74904,0.6919,0.48533,0.83962,0.71552,0.50661,-0.11556
3.6151,1.8022,0.82997,0.080275,1.1348,1.2111,0.79786,0.40141,0.037608,0.41998,0.45562,0.11995
3.4268,1.6382,0.99515,0.92422,1.0879,0.71292,1.2207,0.532,-0.17306,0.94249,0.95222,-0.68396
3.4366,1.4121,0.64549,-0.17094,1.1338,1.61,1.8339,0.73122,0.54648,0.78456,-0.1304,-0.21695
3.0912,1.0645,1.1047,0.31609,0.85748,0.86628,1.7986,1.4195,0.96049,0.70608,0.25376,0.13469
2.9343,1.6029,0.57988,0.51132,1.2239,0.78358,0.91578,0.66115,0.80985,0.58542,0.04659,0.46669
2.7801,1.2406,0.99377,1.2057,1.6435,0.69324,1.1549,0.35773,0.47372,0.30587,0.12149,0.039139
2.2768,1.0972,1.8092,1.2442,1.3352,0.51757,0.92293,0.067608,0.52456,0.75837,0.98656,0.17092
3.3362,1.0331,1.7742,0.0833,1.1122,0.53671,0.36601,-0.19375,0.1619,0.53553,0.34787,-0.041501
3.5203,1.1605,1.6482,-0.19348,0.72275,0.22379,0.31433,0.21087,0.31792,0.78097,0.44922,0.69156
2.465,0.87507,2.0197,0.69657,0.85359,0.40639,1.5193,0.80103,0.84445,0.31011,-0.30235,0.065896
2.6555,1.3795,2.0166,0.23152,1.6757,0.46985,0.97601,0.18267,0.18896,0.50151,-0.15105,-0.44869
1.9846,1.0771,2.2571,0.45679,1.9299,0.31926,0.80149,-0.1961,0.0781,0.99232,0.50283,0.82575
2.1303,1.1478,1.6795,0.28652,1.7533,0.92818,1.8645,0.42723,0.081992,0.45345,0.25536,0.62361
1.8232,1.8656,1.8856,-1.1131,1.5226,0.51951,1.8307,0.8649,0.072686,0.23156,-0.20112,0.33151
1.8262,1.4545,2.8635,-0.15759,1.3861,0.31091,0.7001,0.51599,0.43067,0.56756,0.15296,0.73992
1.4475,1.3729,1.8382,-0.36306,2.3924,0.8015,1.334,0.79646,-0.13039,1.1108,-0.3932,-0.32846
2.2353,1.1127,1.3118,-0.23073,1.4261,0.041928,1.3742,0.14242,0.45692,0.95684,0.061803,0.27284
2.0522,1.5853,2.1631,0.17179,1.561,0.3444,1.631,0.19173,0.049562,0.25834,-0.73012,0.36486
1.8466,1.5136,2.1099,0.039261,1.6583,0.38384,1.2211,0.16866,0.92515,0.76321,-0.76576,-0.025871
1.4303,1.1755,2.4624,0.046101,1.7239,0.19203,0.91061,0.59016,0.45278,0.93937,-0.63623,-0.06172
1.3933,0.95939,1.6708,-0.39017,1.7237,0.60729,1.3321,0.78648,1.0373,1.0177,-0.52614,0.56916
1.4443,0.65513,2.401,0.0060934,2.2215,0.69193,1.025,0.29225,0.80389,0.74914,-0.63177,-0.070649
1.8414,1.262,1.6795,-0.41795,1.7667,0.62347,1.2123,0.32626,0.51845,0.34426,-0.39324,-0.063823
1.8655,1.068,1.9224,0.63154,2.219,0.24093,1.6464,0.395,0.22283,0.22906,0.12026,0.18174
0.72027,0.45664,2.2207,0.22749,2.8106,1.003,1.4857,0.33713,0.27447,0.44298,0.050912,0.29935
0.87187,0.72014,2.2559,-0.30611,1.2991,0.35758,1.6205,0.94048,0.99267,0.53747,-0.37193,0.011738
2.0235,1.6529,1.8995,-0.62301,1.1225,-0.20283,1.7576,0.95867,1.0282,0.83077,-0.44419,0.38497
1.4743,1.1045,2.146,-0.44714,1.247,0.066466,2.2246,0.85911,0.29697,0.94203,0.23191,0.0044092
1.3228,1.2501,2.5301,-0.58505,1.6722,0.39945,1.0329,-0.34642,0.21103,0.82893,0.090231,1.1672
1.5615,1.127,2.9387,0.41004,1.4793,0.11183,0.98252,-0.34457,0.25408,0.66769,-0.38603,0.53868
1.9714,1.2852,2.079,0.14063,2.7593,0.21028,0.50932,-0.25727,0.70952,1.0155,-0.73234,0.44619
1.8694,0.97046,2.4093,-0.61799,1.2912,0.28985,1.29,0.29321,0.73205,1.2074,-0.26216,-0.1863
1.8637,1.014,2.4003,0.13251,1.001,-0.21002,0.7506,0.65714,0.60196,0.20402,0.31589,0.79943
1.737,1.1469,2.5855,-0.0087554,0.91949,0.77852,1.4506,0.57507,0.39974,0.44465,-0.096544,0.61702
1.792,0.58893,1.9076,0.45653,1.2301,0.75259,1.2259,0.83883,0.77078,0.91208,0.23284,0.2286
4.5159,2.3856,2.7908,0.37901,0.40671,0.44197,0.31814,-0.90668,-1.4197,-0.28434,0.051976,0.26985
5.0013,0.47074,3.5486,0.52064,-1.8603,-0.50956,-0.73832,-1.2116,-0.34179,0.16366,0.020319,0.43316
5.3485,0.39638,4.6802,0.75237,-1.8472,-0.062415,-0.99349,-1.4692,0.083161,-0.016643,-0.21268,-0.22688
4.7412,0.80518,4.7728,0.91975,-2.0369,-0.19574,-0.68539,-1.4173,0.2761,-0.077915,-0.050134,0.1701
4.4006,-0.092425,4.2172,0.073456,-2.4227,-0.38973,-0.78891,-1.3819,0.017248,-0.12165,-0.57291,0.049076
4.7136,0.55571,4.8165,0.42945,-1.8495,0.063657,-0.92863,-1.4662,0.15089,-0.080452,-0.14176,0.14594
4.8747,0.94133,4.4761,0.59227,-2.2242,0.47414,-0.8696,-1.3548,-0.13548,-0.41242,-0.3342,0.33596
4.5282,0.49408,4.4502,-0.18972,-2.1103,-0.090627,-1.0866,-1.9991,-0.1454,-0.26946,-0.22798,-0.2057
4.9075,0.99138,4.5186,0.42478,-1.7642,0.65106,-0.67133,-1.5369,-0.29006,-0.11544,-0.53321,0.01467
4.8004,1.0932,4.4094,0.27377,-1.8538,0.13823,-0.51035,-1.5162,-0.25011,-0.24833,-0.38176,-0.0027041
4.9985,0.87348,4.7594,-0.030851,-1.7787,0.22105,-0.54463,-2.0071,-0.51937,-0.35222,-0.40414,0.22072
4.5516,1.8068,5.0108,0.59232,-1.9308,-0.032253,-0.20333,-1.4841,-0.024889,-0.23902,-0.39074,0.031032
4.5302,1.4827,4.0194,0.87224,-1.5408,-0.19908,-0.61728,-1.5479,-0.30963,-0.33043,-0.5924,0.46458
4.8507,1.4243,4.0377,0.42882,-1.4078,0.07081,-0.72425,-2.2743,-0.33362,0.21849,-0.029014,0.12633
5.189,1.8501,4.913,1.0286,-1.4388,-0.23479,-0.35846,-1.2309,0.044688,-0.076417,-0.028541,0.14468
5.1894,2.4353,3.7671,0.24754,-1.1357,-0.13364,-0.24742,-1.2587,-0.77467,-0.12209,0.12665,0.55818
4.9055,2.5015,3.8282,0.18646,-1.179,-0.64092,-0.058549,-0.78292,-0.33024,-0.22348,0.27451,0.1939
4.5955,2.5632,2.5105,0.88045,0.81498,0.23837,-0.29259,-0.10441,-0.41871,0.24829,0.54371,0.26594
4.3768,2.5498,2.4173,0.28522,0.22904,0.45776,0.81216,-0.33291,-0.11091,0.46135,0.37441,0.37819
2.431,0.62707,1.7391,-0.38264,0.069491,-0.1172,1.0234,0.5528,0.3058,0.59982,0.004341,0.34198
2.6096,0.72973,2.3397,-0.069031,1.1663,0.79837,1.0536,0.74491,-0.010917,0.35714,0.035854,-0.072307
2.661,1.7198,2.0938,-0.13879,1.0712,0.74048,1.2749,-0.1258,-0.17128,0.35913,0.40762,0.6073
2.0893,1.3497,1.8606,-0.30971,1.1381,0.05259,1.0573,0.71803,0.47712,-0.050468,0.40656,0.99351
2.6138,1.2597,2.3222,0.49092,1.5577,-0.10034,0.30458,0.69404,0.63489,0.5445,0.14944,0.45533
2.2622,1.1856,2.03,-0.37378,1.0284,0.76089,1.1111,0.9089,0.75141,0.88238,0.45287,0.17153
1.718,1.4189,2.4781,-0.30837,1.4228,0.67938,1.0152,0.52133,0.17869,0.60824,0.22728,0.4518
2.1598,1.3838,2.3271,-0.20836,1.5646,0.4441,1.3101,0.76545,-0.096348,0.51766,-0.14215,0.38081
2.5407,1.0952,1.7412,-0.11542,1.9834,0.95975,1.0425,0.54202,0.07074,0.80541,0.49069,0.1235
1.8327,1.2585,2.0439,-0.5873,1.373,0.84689,1.3325,1.0576,0.3676,0.48672,-0.28492,-0.088462
2.7291,1.6284,1.5536,-0.078397,2.0366,0.12795,0.96165,0.40726,-0.20357,0.80802,0.79887,0.25385
2.7895,1.5881,1.8852,-0.3622,0.34193,0.48604,1.6681,0.69179,0.47846,0.5317,-0.16132,0.031012
2.6981,1.5379,1.7777,-0.26409,1.0297,0.28897,1.2157,0.45255,0.65316,0.70917,-0.16745,-0.070367
2.6409,1.4975,1.2877,-0.087808,1.9577,0.24281,1.3738,1.1775,0.4725,0.64848,-0.44014,-0.36655
2.0967,0.96099,2.1876,0.15017,1.3533,0.10824,0.93459,0.87596,-0.00070781,0.12193,0.27612,0.44772
2.0511,1.5084,2.2406,0.40925,2.1453,0.70075,0.74447,0.42139,0.087013,0.20586,-0.08149,-0.028386
2.3643,1.2335,2.3954,-0.23848,1.0511,0.43592,1.228,0.53109,0.21054,0.58884,-0.060298,0.2682
2.2295,0.61289,1.553,0.13042,1.5284,1.1043,1.5411,0.42288,0.64216,0.95028,0.28659,0.34483
2.3058,1.7044,1.6337,0.13077,1.7963,1.0137,1.3782,0.6172,0.29,0.37133,0.081819,0.13152
2.8809,0.88443,1.3901,0.42361,1.359,0.38766,1.6509,0.77496,0.59497,0.53648,0.13763,-0.089128
2.5615,1.3163,1.1808,0.047698,1.1108,1.1271,1.4242,0.31752,0.41613,0.86787,-0.036484,-0.37546
2.6043,1.319,2.0981,-0.4079,1.3388,0.55592,1.4369,0.50873,0.35322,0.58529,0.058998,-0.0044976
2.9816,2.0859,1.8249,0.1131,1.1996,0.44064,0.68054,0.28389,0.11587,0.65064,0.36622,0.29828
2.3067,1.5407,2.227,0.53036,2.0888,0.43832,0.94917,0.13218,-0.50919,0.42076,-0.022437,0.52069
3.0625,2.1252,1.643,-0.068294,1.8425,0.22174,0.69429,0.97732,0.074205,-0.15125,-0.12542,0.22092
3.2092,1.587,1.8129,-0.043039,0.73672,0.59199,0.89409,0.14516,0.0066113,0.57259,0.2219,1.1458
2.697,1.1645,2.0582,0.77077,1.5121,0.085663,0.47903,0.15176,0.31797,0.63822,0.34849,0.30336
2.4219,1.2989,1.5338,-0.13746,1.7308,0.78777,1.0055,0.65435,1.0698,0.32745,-0.2253,0.62325
2.7149,1.4077,1.9198,-0.16686,1.5578,-0.02974,0.49543,0.15297,0.22599,0.69586,0.6557,0.45442
2.1926,1.3628,1.6404,-0.054026,2.0986,0.85085,1.2072,0.52356,0.10632,0.59256,0.016069,0.22366
2.3626,0.89358,1.4807,0.11995,1.7894,1.071,0.95554,0.99873,0.23606,-0.031745,0.27718,0.20135
2.743,1.5262,1.4091,0.414,1.3423,0.37305,0.50357,1.2531,0.24719,0.36021,1.1634,0.42741
2.3925,1.211,1.9708,0.21365,1.1076,0.74246,0.95508,1.0087,0.49238,0.13678,0.56331,0.61917
2.5045,0.77968,1.499,0.28362,1.6052,1.4459,1.7608,0.68453,0.050236,0.36373,-0.32674,0.37916
2.2563,1.0317,2.0981,0.36432,1.2776,0.70867,1.441,1.0263,0.27043,0.45314,0.09096,0.87663
3.4094,1.4853,1.9057,-0.086796,0.61341,0.54529,1.1669,0.17119,0.47814,0.27608,0.14627,0.99433
3.2464,1.5086,1.9514,0.20221,0.86999,0.87581,0.71039,0.051899,0.18605,0.30352,0.21573,0.10932
2.6852,1.7289,1.822,0.60748,0.9179,-0.053146,0.88232,0.44791,0.72888,0.32232,0.052919,0.57855
3.0669,1.5474,1.786,0.58327,1.2339,0.80003,0.69991,-0.18382,0.67501,0.68638,-0.10973,0.56203
3.0076,1.6075,1.5969,0.68288,1.1646,0.53895,0.48063,0.32941,0.31032,-0.1988,0.32002,0.71651
3.4756,0.98817,1.9005,0.56422,1.4798,0.07407,0.33027,0.61485,0.3312,0.16284,0.099585,0.25221
3.3717,1.4242,1.7451,1.1767,1.0698,0.32137,0.52167,0.33471,0.60798,-0.22018,0.10364,0.20808
2.8239,1.7335,1.8321,0.92847,1.6065,0.91422,0.61167,0.20552,0.67214,0.34834,-0.25867,-0.14951
3.2992,1.5418,1.135,0.61647,0.9941,0.81565,1.0961,-0.1587,0.15061,0.31458,0.61449,0.667
3.8405,1.5546,0.5693,0.42966,1.3652,0.82835,1.0914,0.88752,0.62992,0.18968,0.05328,0.21831
3.2981,1.9321,1.3136,0.486,1.1505,0.89925,1.4129,0.47076,0.86779,0.17174,-0.22385,-0.5048
3.075,1.0913,1.0016,0.98318,1.3328,1.23,1.0409,0.31632,0.6122,0.55193,-0.034771,-0.68858
3.9329,2.3265,1.7733,0.7282,1.0201,0.73485,0.54908,0.18437,0.10659,-0.11417,0.40764,0.17361
3.6184,2.6839,1.1942,0.097579,2.1,0.61458,-0.20864,0.0013425,0.22192,0.15705,0.71555,0.46836
3.2408,1.4566,1.1623,1.111,1.0519,0.55773,0.87076,0.027434,0.41724,0.44779,0.38466,0.21929
3.1958,2.0422,0.86446,0.53296,1.6545,1.2342,1.1994,0.46674,0.90235,0.40203,-0.080853,-0.11633
3.0543,1.6355,0.74793,0.76456,1.478,1.2817,1.5771,0.72805,-0.29169,-0.26155,0.056151,0.12333
3.905,1.6579,1.2365,0.71859,1.3188,1.3609,1.0998,-0.17263,-0.30348,-0.29794,-0.27341,-0.099867
3.1662,1.5709,1.5943,1.5102,1.2699,0.76383,0.67298,-0.28067,0.32796,0.58332,0.24703,0.012117
3.0815,1.9027,1.1467,1.0519,1.05,0.48457,0.51117,0.44433,0.75034,0.4536,0.41117,-0.086809
2.7588,1.9856,1.4341,0.93707,1.1629,0.82471,0.98049,0.5569,0.29903,0.0038465,-0.11156,0.40008
3.4114,1.1897,0.64869,0.83291,1.5413,1.6147,1.4297,0.90304,0.56829,0.78568,0.0076074,-0.50262
3.1383,1.7254,1.0631,0.49676,1.2316,1.2414,1.501,0.37025,0.4337,0.54472,0.28644,0.1672
2.9323,2.3319,1.1153,0.55914,1.2908,1.0261,0.99672,0.2074,0.30311,0.016834,1.093,0.25808
3.7001,2.003,1.5926,0.72747,1.1769,0.90643,0.5845,0.17153,0.0037388,-0.038235,0.26011,0.20164
3.288,1.6279,1.134,0.81347,1.0961,1.0396,0.80084,0.0090971,0.076131,0.026321,0.34634,0.47122
2.8359,2.0788,1.4061,0.85846,1.3666,0.28666,0.84255,0.12639,-0.06714,0.37427,0.67411,-0.0091951
3.3902,2.0254,1.9974,1.1548,0.98851,1.0409,1.0975,-0.39837,0.6394,0.086317,0.27065,0.074004
3.3402,2.0848,1.6151,1.003,1.2479,0.95303,0.51137,-0.53169,0.20106,0.2669,-0.027949,-0.029125
2.9646,1.9306,1.1919,0.099927,1.2399,1.4916,1.6729,0.032159,0.0087961,0.21737,0.48864,0.44203
3.0601,1.946,1.5792,0.78254,1.4322,1.3364,1.3883,0.50059,0.35954,-0.33716,-0.25638,-0.19452
3.5013,1.6431,0.96062,0.50492,1.1169,0.82446,1.0302,0.67979,1.0174,0.47349,0.037508,0.060956
4.2039,1.524,0.92326,0.53726,1.0571,0.85959,0.77385,-0.28934,-0.21095,0.41159,0.70627,-0.020318
3.8825,2.2131,1.0008,0.9683,1.0584,0.8496,0.95874,-0.49796,0.1049,0.30713,-0.25566,-0.38063
3.2579,1.4833,1.1233,0.55982,1.5497,0.99746,1.1703,0.27301,0.22884,0.12531,-0.039628,0.20894
3.4057,1.7561,0.77737,0.51877,0.89347,0.83276,1.046,0.70558,0.72954,0.48136,0.15438,0.22159
3.2839,1.9979,1.0533,0.68879,0.98461,0.54788,1.1051,0.32554,0.52628,0.61539,0.59026,-0.10976
3.7051,2.3443,1.4511,1.4542,0.96575,0.40609,1.0525,-0.2657,-0.0050428,0.020846,-0.12843,-0.10262
2.9001,2.0317,1.6383,1.2236,1.4306,0.92908,0.54856,0.2195,0.46152,0.10865,0.13317,-0.81775
3.5335,2.3045,0.99778,0.46549,0.92523,0.39291,1.4499,0.8567,0.016213,0.063963,0.47229,0.28712
2.9445,0.65691,1.2871,1.6522,1.8044,0.93388,1.2295,0.22236,-0.075657,0.066992,0.38855,-0.12855
3.0571,1.2498,1.3644,1.0987,1.3119,1.0636,1.113,0.40061,0.48003,0.27897,-0.25559,-0.412
3.0238,1.9721,1.2145,1.3782,1.4368,0.80032,0.96189,0.11316,0.01763,0.36131,0.49854,-0.21435
2.8043,2.5537,1.4459,-0.32377,1.3571,1.3858,1.3928,0.495,0.036192,0.39395,1.1714,0.33539
2.774,1.6014,1.1003,0.4616,1.5447,0.84678,1.0712,0.33793,0.44732,0.22295,0.00689,0.14466
3.6752,1.6403,2.0083,1.0676,0.97266,0.81376,0.59979,-0.19016,0.19593,0.17363,0.069767,0.010212
3.6402,1.6112,1.2283,0.78468,1.1013,0.6267,0.81787,-0.08177,0.21531,0.28459,0.07544,0.17342
4.1366,2.2749,1.5363,0.79948,0.82808,0.39985,0.74919,-0.24042,-0.43941,0.14076,0.11295,-0.00037876
4.1603,2.2362,0.95952,0.72463,0.7902,0.23492,0.60976,-0.77797,-0.37976,-0.037023,-0.068298,-0.24185
4.768,2.4846,1.5683,0.86418,1.4343,0.32962,0.36645,-0.0097928,-0.37311,-0.40824,0.043794,-0.31956
5.5141,2.9508,2.034,0.9981,0.29907,0.068093,-0.044501,-0.23026,0.28052,-0.26695,-0.44161,-0.47434
4.1017,3.2769,2.5463,0.34205,0.18236,0.47446,0.33853,-0.2684,-0.40708,-0.1157,-0.23361,-1.1735
4.1625,2.5422,1.4394,0.55462,-0.11118,-0.45788,-0.046439,0.25741,0.088383,-0.48341,-0.35067,-0.36103
4.3366,2.6643,1.8038,0.6335,0.58863,0.21601,0.71166,-0.076717,-0.36005,-0.049498,-0.088722,-0.66232
4.7552,2.4588,1.5687,0.74926,0.96579,0.89838,1.1849,0.23692,-0.49946,-0.55908,0.035368,-0.34184
3.6546,3.0568,2.3313,1.3146,1.1397,0.17456,0.67637,0.10581,0.2332,-0.15672,-0.66035,-0.47481
4.4123,2.3957,1.0524,0.56361,1.0148,1.04,0.74547,-0.54295,-0.081329,-0.62907,-0.52892,-0.41265
4.1711,1.8131,0.50294,0.064276,0.27633,-0.057375,0.4241,-0.34505,-0.40277,-0.19273,-0.74806,-1.0905
5.0611,2.2372,1.1339,0.6965,0.96016,0.65551,0.44539,-0.18165,-0.89913,-0.80531,-0.1909,-0.44353
4.5241,2.8048,2.2756,0.50166,0.79439,0.10935,0.45691,0.11969,0.12915,-0.17382,-0.17768,-0.22599
5.183,3.3407,1.255,0.97975,0.68152,0.53503,0.85603,0.06101,0.039156,-0.27571,-0.42091,-0.42123
4.6921,2.2559,1.7648,0.96524,0.80074,0.77296,0.78903,-0.19014,-0.34562,-0.058207,-0.188,-0.59237
4.1564,2.4506,1.5521,0.83329,0.79031,0.20524,-0.17782,-0.068276,0.14238,0.22751,-0.0037482,-0.95579
3.6554,1.8708,1.457,0.0064971,0.32683,0.17924,0.62522,-0.10219,-0.71587,-0.36345,-0.089059,-0.098152
3.773,1.8678,1.0779,0.46239,0.98538,1.2067,0.89411,-0.37157,0.22253,-0.036782,-0.28337,-0.62086
3.9426,2.7696,1.5668,0.52506,1.4584,0.86374,0.56029,-0.28354,-0.0071179,0.21836,0.21511,-0.16093
4.6605,-0.50999,1.3197,0.56266,1.0473,0.53699,0.46758,0.21499,0.39711,0.74491,0.0086888,-0.18546
4.4531,1.0232,1.5488,0.73776,1.1843,-0.26952,0.060683,-0.58477,0.29364,0.37228,-0.2205,0.30322
4.6978,0.25071,2.3357,-0.25554,-0.71118,-0.95437,-2.0741,-1.498,0.58074,-0.20704,-0.7724,0.75886
5.9865,-0.51828,3.8384,0.13992,-1.0994,-1.4036,-1.7743,-1.0018,1.3223,-0.53896,-1.1224,0.92875
7.4818,-1.1691,3.3637,0.098961,-1.3848,-0.49516,-1.4601,-0.9275,1.5773,-0.42722,-0.79585,0.85285
7.17,-1.3671,2.8952,0.30785,-1.7156,-0.20882,-1.5183,-1.3335,1.9304,-0.37849,-0.94994,0.90662
6.4128,-1.8011,2.7232,0.21778,-1.8641,-0.61421,-1.7134,-1.4402,1.5528,-0.17615,-1.4293,0.5107
5.9272,-1.0528,2.5626,1.0727,-1.6961,-0.45528,-1.6903,-1.0851,1.4645,0.0096305,-1.2888,-0.013026
6.3667,-0.8145,2.9707,1.2437,-1.3988,-0.33762,-1.5121,-1.3019,1.8062,0.56547,-1.1219,0.16934
6.8503,-1.1079,2.9284,1.5221,-1.3383,-0.51546,-1.0556,-0.97555,1.4977,0.37295,-1.4878,-0.29115
6.3885,-1.368,2.1065,0.94549,-1.2129,-0.29152,-1.2386,-1.1587,1.1881,-0.16613,-1.6869,-0.24238
6.2879,-1.199,1.8329,1.0136,-1.3935,-0.97496,-1.1094,-1.3594,1.2224,0.013636,-1.57,-0.40109
6.528,-0.9291,2.7892,1.125,-0.98305,-0.47415,-1.1027,-0.77215,1.6616,0.19765,-1.3683,-0.34573
6.6625,-0.51155,2.9111,1.1252,-1.1017,-0.54524,-1.1592,-0.78982,1.5884,0.52316,-0.85701,-0.4887
6.4367,-0.27007,2.2639,1.2733,-0.74499,-0.45646,-1.0305,-0.88039,1.1641,0.48256,-1.3884,-0.11097
5.8285,-0.61388,1.7132,1.1586,-0.82759,-0.93668,-0.7656,-1.4297,0.90516,0.31711,-1.1215,-0.048105
5.2209,-0.30582,1.4944,0.54419,-1.0914,-1.438,-1.4868,-1.1378,1.0819,0.33329,-0.86465,-0.049235
6.4579,-0.13626,2.0719,0.97727,-0.79745,-0.68981,-1.1603,-1.0529,1.8463,0.3786,-0.39696,0.014257
6.487,0.084293,1.8464,1.4333,-0.17235,-0.50225,-1.0241,-0.94577,1.2782,0.40206,-1.0017,-0.044454
6.1745,0.48528,2.3027,1.295,-0.35351,-0.50864,-0.72934,-0.87708,1.0042,0.15828,-0.76552,-0.35731
5.1174,1.6181,2.7402,1.2074,-0.26218,-0.64899,-0.83404,-0.827,0.96723,0.63701,-1.1136,-0.51756
5.5715,1.8939,2.05,0.82745,0.49409,-1.2067,-1.0276,-0.83944,0.96178,0.75474,-0.68185,-0.17349
4.982,1.2629,1.1387,0.95525,-0.091689,-1.4962,-0.25008,-0.58926,0.65533,-0.016882,-0.35396,-0.047352
3.9853,1.5222,0.95408,0.25657,0.17222,-0.151,-0.70573,-0.44819,0.49465,-0.26348,-0.11718,0.099955
5.0732,1.7075,0.99669,0.34144,0.65942,0.29407,0.12119,0.243,0.24109,-0.64577,-0.6442,-0.17742
5.3206,2.2741,1.2096,0.25401,0.15901,0.55018,0.26695,-0.14382,0.38872,-0.031789,-0.25979,0.070342
4.4079,2.4938,1.238,0.60731,0.24492,0.73613,0.77175,0.20426,0.21195,-0.13791,-0.20164,-0.10514
4.1063,2.3419,1.4708,0.60676,0.85966,0.40066,-0.20221,0.036733,0.89802,0.45459,-0.12125,-0.11566
5.0284,2.1016,0.98971,0.41919,0.6188,0.043228,-0.3204,-0.19172,0.45804,0.38613,0.21011,0.17351
4.0306,2.457,1.6964,0.45443,-0.076464,0.01572,1.3876,0.70147,0.22454,0.075247,0.42909,0.32736
3.3927,1.7708,1.629,1.0582,1.3525,0.69802,0.96618,0.079302,0.14906,0.24244,0.21589,-0.12231
3.6974,2.0543,1.3699,0.7953,1.1046,0.5925,0.60826,0.22384,0.59279,-0.22295,-0.73107,-0.2637
3.4111,2.2259,1.638,0.71867,0.91243,0.26325,0.5979,0.17531,0.31439,-0.3156,0.61021,-0.13489
3.7455,1.7762,0.88787,0.31242,1.2522,1.1705,0.8885,-0.57142,0.45333,0.45374,0.017584,0.053047
3.7757,2.2315,1.3379,0.27338,1.2954,1.265,0.8606,0.097785,0.14048,0.067479,0.46815,0.71584
3.3349,2.4922,1.8301,0.69408,1.0361,0.76649,0.7652,0.26669,-0.27674,0.36063,0.99599,0.2664
3.0081,1.6781,1.8381,1.4239,1.217,0.90978,0.9744,-0.01079,-0.17654,0.31459,0.40911,0.19425
2.9268,2.1526,1.5473,0.91676,1.2572,0.6937,0.59073,0.12731,-0.12067,-0.19678,0.30472,0.10942
3.7579,1.6932,0.61399,0.75095,1.3465,0.81194,1.2,0.081117,0.87381,0.17127,-0.00058877,-0.039896
3.0995,0.93397,0.98659,0.4366,1.6161,1.375,1.2556,-0.2924,0.14877,0.71909,0.24943,0.20319
2.6481,0.6349,0.60986,1.09,1.474,1.0692,1.0013,0.65438,0.53281,0.52505,0.64499,0.22673
3.6097,1.6005,0.69514,1.0831,1.2042,0.69276,0.83498,0.22698,0.094426,0.40662,0.3648,0.23123
3.2606,2.1319,1.3169,0.3044,0.88048,0.82752,1.0335,0.37092,0.52504,0.49577,0.29243,0.39887
2.7549,1.9566,1.0598,0.98337,1.2246,0.76298,0.8187,0.72061,1.2634,0.25157,0.22453,0.11613
2.9695,1.732,1.1273,0.86017,1.8536,1.3046,0.81166,0.075754,0.73462,-0.084474,0.50416,0.18131
3.2708,2.0753,1.4493,0.7748,1.6003,1.1219,0.4077,-0.52147,-0.23128,0.57336,0.7152,0.40929
2.4752,1.6366,1.0603,1.148,1.3278,1.1231,1.2335,0.031658,-0.21419,0.56167,1.0503,-0.0039786
3.0803,2.1906,1.4982,0.26031,1.3873,0.99184,1.1272,0.60549,0.076312,0.48578,-0.24361,0.020061
2.6426,2.1146,2.1157,0.6437,1.1416,0.21638,0.74489,0.36099,0.48961,0.43831,0.030112,-0.041456
2.4382,1.1827,1.9608,1.2926,1.2062,0.64973,1.2051,0.25063,0.23583,-0.16565,0.15311,-0.1222
3.317,2.4334,1.3287,0.76354,0.56474,0.35345,0.89516,0.25888,1.2341,0.30929,0.2806,0.052073
3.1574,1.8436,1.6174,0.39903,1.3207,0.86809,1.2347,0.49506,0.83621,0.084649,0.5532,-0.037911
2.3799,1.8865,1.7223,1.0054,1.3952,0.29525,-0.15349,-0.020702,0.94076,0.71429,0.51478,0.20149
2.7465,1.8523,1.1822,0.46961,1.5103,1.167,0.95275,0.2466,0.52784,0.45771,0.40801,-0.11021
2.999,1.6906,1.6,0.4582,1.232,0.81262,0.52302,0.23881,0.3114,0.51566,1.1664,0.48915
3.3205,1.6049,1.1012,1.6638,1.2946,0.80029,0.94749,0.29365,0.33561,-0.053186,-0.0098006,0.32822
3.2459,1.2519,1.816,1.1489,1.0937,1.0761,0.07681,-0.012939,0.44703,0.67456,-0.11228,-0.28243
2.3125,2.212,1.4792,0.69526,1.5069,1.1795,0.75936,-0.074623,0.62058,0.38667,0.33628,-0.30392
3.6288,2.1009,0.89274,-0.24584,0.92913,0.96028,0.38544,0.16944,0.42538,-0.032795,0.020049,-0.035217
3.187,1.8396,1.6816,0.61012,1.6488,1.2495,0.94047,-0.47634,0.0466,0.25589,0.76396,0.036487
2.9078,2.1694,1.155,-0.076095,1.592,0.69656,1.1394,0.26576,-0.26577,0.41592,0.34888,0.011204
3.3598,1.7944,0.89612,0.56277,0.86171,0.42102,0.65652,0.31175,-0.016831,-0.15573,0.33671,0.024351
3.649,2.1156,1.4364,0.51752,1.0762,0.99864,1.0822,0.332,0.11958,0.20087,0.55046,-0.03195
3.0826,1.0701,1.6523,1.5135,1.3366,1.1664,0.79713,-0.21915,-0.044548,0.050168,0.1913,-0.38372
3.5914,2.0817,1.3119,0.62203,1.2216,0.90136,0.72249,0.039304,0.45534,0.026087,0.57854,-0.2161
3.4262,1.9018,1.427,0.52598,1.1594,0.3932,0.55075,-0.36249,0.037463,0.14103,0.29076,0.098267
