-0.94633,0.90343,-0.83551,0.74752,-0.64569,0.53686,-0.42783,0.32477,-0.2326,0.15474,-0.092883,0.047041
-1.0346,0.98125,-0.89687,0.78794,-0.66249,0.52939,-0.39745,0.27461,-0.16724,0.079722,-0.014136,-0.029627
-1.0085,0.96136,-0.88657,0.78931,-0.6762,0.5546,-0.43198,0.31529,-0.21036,0.12154,-0.051441,0.00087186
-0.96844,0.91574,-0.83255,0.72533,-0.60219,0.47211,-0.34406,0.22617,-0.12507,0.045326,0.010753,-0.043168
-0.96779,0.93101,-0.87185,0.79339,-0.69963,0.59529,-0.48547,0.37538,-0.26994,0.17359,-0.08994,0.021644
-1.0605,1.0072,-0.92229,0.81109,-0.68055,0.53862,-0.39363,0.25366,-0.12598,0.016558,0.070316,-0.1322
-0.99948,0.95587,-0.88606,0.79413,-0.68535,0.56581,-0.44196,0.32014,-0.2062,0.10509,-0.020577,-0.04491
-0.98143,0.93477,-0.86034,0.76282,-0.64827,0.52356,-0.39591,0.2723,-0.159,0.061129,0.017634,-0.075216
-0.8613,0.82542,-0.76785,0.69181,-0.60145,0.50163,-0.39757,0.29453,-0.19744,0.11061,-0.037485,-0.019569
-0.90001,0.8627,-0.80283,0.7237,-0.62962,0.52562,-0.41716,0.30973,-0.20851,0.11809,-0.042128,-0.016798
-0.90975,0.86132,-0.78487,0.68636,-0.57322,0.45361,-0.33557,0.22631,-0.13154,0.055053,0.0014838,-0.038451
3.1432,0.74681,0.96791,0.5163,0.90904,0.16821,0.43128,-0.2579,0.16384,-0.39194,-0.43716,0.18727
2.8738,2.1691,1.175,0.52485,0.79836,-0.23852,0.61438,0.60759,0.63403,0.288,0.31982,-0.13905
3.0106,2.2685,1.2681,0.71078,1.1875,0.15486,0.54411,0.7181,0.5824,1.0885,1.3137,0.15363
2.8192,1.5999,1.0592,-0.25359,1.1824,1.9791,2.0568,1.3521,0.97231,0.13799,0.087349,-0.54002
2.6368,1.2254,1.0288,0.57257,1.79,1.8217,1.2545,0.75094,0.42364,0.025347,-0.17723,-0.16327
3.3937,1.6126,0.66652,0.29667,1.9053,0.69182,0.91884,0.00083585,0.32425,0.4373,0.736,0.6309
3.0723,2.2658,0.88606,0.34476,1.3205,1.001,1.1028,-0.058408,0.025912,-0.1492,0.51618,0.96418
3.784,1.5861,0.88596,0.90728,1.0315,0.43864,0.50782,0.24568,0.61169,0.29326,0.18795,0.075916
3.2585,1.755,1.9569,1.0703,1.2665,0.58248,0.16368,-0.34752,-0.099562,0.48784,0.35447,-0.12464
3.2689,2.2357,1.3908,0.54038,0.32206,0.35307,1.1397,0.28814,-0.47291,0.24406,1.2797,0.19561
2.4735,1.9579,1.033,0.15401,1.5069,0.76118,1.2812,0.13717,0.2092,0.2675,0.85046,0.34851
2.8847,2.0206,1.5812,0.88834,0.85708,0.62718,1.3013,1.0383,0.70401,0.33348,0.43381,0.029166
2.7441,1.9885,1.0722,0.3075,1.1081,0.89807,1.0216,-0.018395,0.71904,0.61293,0.58395,-0.10944
3.0934,1.9282,1.6535,0.5961,0.68016,0.66758,0.33582,0.26822,0.9115,0.55631,-0.17202,-0.12776
3.7626,1.8106,0.50869,0.23609,1.4593,0.77116,1.001,0.74712,0.44179,0.53699,0.45332,0.13253
3.2974,1.9532,1.0209,0.88696,0.75396,0.95896,1.1613,-0.40442,-0.065002,0.24826,0.29319,0.5822
2.6626,1.6259,1.2278,1.4513,1.465,1.2607,0.91557,-0.031527,-0.11428,0.05448,0.18398,0.17776
2.7553,0.9265,0.96403,0.64007,1.4084,1.1466,1.1536,0.6054,0.58064,0.85766,0.83513,0.51619
3.129,1.222,1.4508,0.9431,0.78614,0.84075,0.72061,-0.28525,0.45345,0.5207,0.55094,0.68465
4.0128,2.012,0.86893,0.36367,0.96457,1.0344,0.60772,-0.24877,-0.037383,0.215,0.5,-0.042521
4.7497,1.8598,0.42799,-0.15063,0.90995,0.71843,1.2202,0.033749,-0.15831,-0.073538,-0.1888,-0.89362
4.2297,1.0282,-0.18097,-0.11847,1.4818,0.69588,1.1391,0.70605,0.3244,-0.05564,-0.26226,-0.19291
3.8254,1.6548,0.93515,0.16357,1.6002,1.4221,0.45793,0.81294,0.55542,0.057889,0.33871,-0.13693
2.9883,1.4877,0.62973,0.42429,1.2111,0.95106,1.498,0.85602,1.4916,-0.11176,0.092257,-0.10349
1.7187,0.59979,0.60653,0.70528,1.6193,1.0947,1.5267,1.0275,1.0129,1.081,0.7845,0.11369
3.7233,1.7251,1.5504,1.0557,1.5934,-0.05897,-0.04432,0.15008,0.58388,0.3632,0.058177,0.45909
3.3285,2.0111,1.2338,1.1108,1.1369,0.53625,0.26606,0.18876,-0.06881,0.30704,0.37834,-0.033619
3.5903,2.0785,0.98218,0.77795,1.4935,0.58007,0.98675,0.27956,0.22357,-0.2369,-0.11713,0.27244
3.2584,1.9705,1.6998,0.56713,0.77431,1.135,0.97821,-0.072771,-0.1784,0.2196,0.35204,0.13995
3.4441,1.6923,1.0983,0.83719,1.5386,0.7805,0.52212,-0.26221,-0.0636,-0.5397,-0.030313,0.58798
3.3409,2.3099,0.77263,0.19318,1.4347,1.2006,0.93757,-0.2662,0.70183,0.62784,0.12456,0.096504
2.5513,1.7349,1.2544,1.1408,1.2282,1.0686,1.3674,0.25412,-0.35621,-0.27655,0.73975,0.1221
3.7843,1.4657,1.3956,0.10971,1.0669,0.98539,1.3633,0.1012,-0.12657,-0.19406,0.36259,0.088602
3.4344,1.4944,1.7003,1.0243,1.6342,0.66773,0.2857,-0.27523,-0.20159,-0.052869,0.30086,0.51056
3.3571,1.8111,0.88023,1.0137,1.3372,-0.43608,0.72619,0.56098,0.49165,0.52389,0.27983,-0.3549
3.0134,1.3844,0.46499,0.80312,1.7039,0.60528,0.9156,0.40854,0.2232,0.45839,0.26262,0.39901
2.4743,1.8455,1.4366,1.0686,1.4472,0.88775,1.3547,0.41064,0.14665,-0.18072,0.51455,0.12673
3.5095,1.9329,0.90881,0.23245,1.1916,0.83565,0.54519,0.082443,0.43125,0.40548,0.42374,-0.37076
3.3628,1.9856,0.49818,0.60725,1.5723,1.3353,1.1323,0.1837,0.20321,0.077637,-0.047235,0.23792
2.9648,2.1798,1.4195,1.0924,1.091,1.4144,1.3509,-0.069705,0.30515,-0.131,-0.063596,0.79179
2.2754,1.5303,0.88448,0.82537,1.8382,1.762,1.0398,-0.3688,0.34459,-0.3115,0.23678,0.01521
3.2938,2.2699,1.7365,0.67354,1.4153,0.61245,0.77338,-0.67546,0.60763,0.4078,0.30899,-0.83511
2.888,1.902,1.4313,0.66761,1.6118,0.63352,0.56838,0.485,0.42641,0.19434,0.16741,-0.13387
2.1339,1.4404,1.6701,0.63889,1.1655,0.82908,0.83484,0.59504,1.4621,0.97674,0.49614,-0.34962
2.8647,1.486,1.7338,1.2991,1.1243,0.77931,0.97516,0.94335,0.37379,0.020486,0.44981,0.37893
2.969,1.2248,0.84298,0.12529,0.89351,0.69009,0.89447,0.86668,1.1441,0.31694,0.31899,0.51028
2.5839,1.6037,1.3953,1.2907,1.5588,1.388,1.2688,-0.086243,0.43334,0.40103,0.22346,0.046842
3.4116,2.2229,1.0189,0.7035,1.2301,0.91576,0.6134,-0.15118,0.10822,-0.22918,0.18066,0.32774
2.7557,1.6025,2.0188,0.88983,0.99867,0.88369,0.75352,0.058064,0.038008,0.090826,0.097095,-0.10631
2.5509,1.9756,1.5053,1.3454,0.73915,0.35044,1.2424,0.32973,0.65982,1.2096,0.67603,0.12547
3.1683,1.695,1.149,0.83327,1.1644,0.63967,0.62551,-0.19126,0.42566,0.15945,0.63266,-0.44445
3.1611,1.6885,1.4868,0.22554,0.98422,0.84167,0.88092,0.21753,0.44025,0.53602,0.13375,0.054097
2.833,2.2987,1.6555,0.57307,1.7721,1.3409,0.71176,-0.21336,0.62024,0.48509,0.42552,0.16023
3.2942,1.9032,0.91938,0.68306,1.1397,1.3743,1.1788,-0.13944,0.17994,-0.29608,-0.28595,0.20286
3.0663,1.9203,0.79936,0.63702,1.0206,1.1717,1.3218,-0.011797,-0.084189,0.43258,0.41369,0.16439
4.0297,2.962,1.6773,0.61403,0.8595,0.33879,0.57185,-0.068465,-0.33545,0.028006,0.19775,-0.11938
5.3091,2.7468,1.9228,0.98034,0.55069,-0.074076,-0.36662,-0.73532,-0.33594,-0.46701,-0.14351,-0.19187
4.8831,2.1659,1.5195,0.36073,-0.25653,-0.66714,-0.3926,-1.1241,-1.1686,-0.60591,-0.29147,-0.023917
5.3385,3.5604,2.4982,1.0486,0.50458,-0.54841,-0.48475,-1.4045,-0.49645,0.48038,0.16085,-0.3097
6.5264,3.3653,2.2884,1.0066,-0.084179,-0.22956,-0.3639,-0.51302,0.019015,-0.49909,-0.25535,-0.0050492
5.8707,3.2952,1.6251,0.9741,0.57859,-0.32871,-0.47169,-1.2899,0.019674,-0.24795,-0.34601,-0.082211
5.3603,2.9706,1.574,0.070147,-0.35575,-0.77075,-0.37615,-0.79766,-0.57683,-0.58919,-0.63427,-0.0579
5.6701,3.144,1.9734,1.0429,0.18015,-0.68612,-0.14119,-0.36825,-0.56811,-0.74306,0.13969,-0.37723
5.8657,3.368,2.3936,0.65542,0.28103,0.076603,-0.030316,-0.94211,-0.49355,-0.17153,0.13918,-0.018389
5.5923,2.8592,2.0308,0.49796,0.42485,0.20017,-0.041622,-0.71268,-0.50582,-0.53549,-0.046119,-0.036208
5.1079,2.2815,1.7626,0.82621,-0.25989,-1.894,-0.067489,-0.62214,-0.9133,-1.0279,-0.44533,-0.54253
6.2778,2.578,2.0822,0.86878,0.16257,-0.31639,0.1197,-0.92506,-0.26358,-0.54964,0.056198,-0.39604
6.1221,2.7978,2.5763,1.1451,-0.17478,-0.030095,-0.18298,-0.65014,-0.63403,-0.69516,0.35008,0.11063
5.4984,2.9592,2.4135,0.52617,-0.24716,-0.5425,0.0089993,-0.68144,-1.2583,-0.89032,0.31776,0.28882
5.8628,3.0389,2.8387,0.68519,-0.72583,-0.88573,-0.21458,-0.63987,-0.4243,-0.77811,-0.6516,-0.12701
5.8412,2.6231,2.1681,0.91498,-0.11343,0.65025,0.19387,-1.1398,-1.2675,-0.64526,-0.26932,0.41374
5.5371,1.5803,2.0898,0.20732,-1.1168,-0.0029335,0.22244,-1.3389,-0.9283,-1.09,-0.54709,-0.24526
5.525,2.8223,3.0145,0.31476,-0.46474,0.64688,-0.20496,-1.4652,-0.31423,-0.020982,-0.47351,-0.42614
5.023,2.5295,2.5247,0.38821,-1.0258,-0.38635,-0.23708,-1.4771,-0.86005,-0.44092,-0.5215,0.086569
5.7984,3.1417,3.1779,0.47047,-0.91046,-0.28672,-0.011231,-1.4415,-1.2753,-0.45548,-0.50104,0.51509
5.1774,3.0651,2.5689,0.7475,-0.87244,-0.38814,-0.72729,-1.3277,-0.98842,-0.55211,-0.40057,0.11632
5.324,2.6936,2.9389,0.59369,-1.0432,-0.10117,-0.41571,-1.5731,-0.51039,-0.088949,-0.18707,0.26141
5.4399,2.4215,3.8495,-0.56513,-1.6189,0.50297,-0.67183,-1.8214,-0.53201,-0.2391,-0.071108,0.59873
4.279,2.0957,2.7888,-0.14248,-1.2633,-0.25584,-1.7315,-1.7408,0.26988,-0.024903,-0.043707,0.84411
5.362,2.3132,3.4127,-0.45165,-1.5035,0.22578,-1.1845,-1.3032,0.48717,0.077746,0.037361,0.88702
4.8928,2.5547,3.9321,-0.41169,-1.6728,0.069336,-0.80419,-1.5465,0.054924,0.22426,0.49007,0.7958
4.6786,1.9003,4.4344,-0.38402,-2.0881,0.073492,-0.45362,-1.3024,0.58867,0.083538,0.20979,0.21604
5.1506,1.6972,3.815,-0.49317,-1.7805,-0.12445,-0.13458,-0.97293,0.15946,-0.51833,-0.075533,0.86968
5.0458,1.5577,3.406,-0.48364,-1.8238,-0.29269,-0.84196,-1.5589,0.40958,0.17148,0.11861,0.63671
5.3619,1.9319,3.6667,-0.4526,-1.1194,-0.51912,-0.77276,-0.91264,0.47145,0.20002,0.31416,0.048684
5.6595,2.2962,3.0788,-0.13333,-1.234,0.11878,-0.53494,-1.0622,0.24012,-0.30569,0.37806,0.35837
5.3479,2.3543,2.999,-0.34651,-1.057,0.044539,-0.21717,-0.99398,0.51375,0.075382,-0.31616,-0.032115
4.121,2.8886,2.3769,-0.63703,0.03646,0.085015,-0.29372,-1.0065,-0.17553,0.50167,-0.090339,0.21632
4.5306,2.2805,1.3221,0.13622,0.15488,0.18119,0.18873,-0.6352,0.05919,-0.29531,0.42686,0.93826
3.6471,2.2711,1.6395,0.88958,0.61217,0.56437,0.82752,-0.51848,-0.10393,-0.13362,-0.26525,0.2065
3.4836,1.941,1.3201,0.76353,1.2478,0.54707,0.018491,-0.15289,0.36317,0.49663,0.11209,-0.017613
2.7954,2.4085,1.5478,1.6956,1.7808,0.80704,0.87323,-0.14137,0.14466,0.043051,-0.19577,-0.47596
3.2253,1.8169,1.5534,0.74159,1.1485,0.75702,0.66601,-0.040654,-0.096444,0.55229,0.31279,-0.10853
2.8826,2.0134,1.4735,0.87698,1.7144,1.193,1.0994,-0.12802,-0.14184,-0.02539,-0.57358,-0.72916
3.2045,1.6514,1.3519,0.54088,1.0487,1.2457,0.8912,0.28076,0.31002,0.037577,0.15468,-0.24818
3.268,2.4242,1.6071,0.49917,1.155,0.79231,1.0354,-0.10391,0.69708,-0.16785,0.46604,0.0045424
3.9341,2.3644,1.3247,0.67891,0.85647,0.68743,0.5814,-0.24385,0.11045,-0.080111,0.31964,0.042591
3.0741,2.3299,2.2172,0.87608,1.0272,0.92475,0.44534,-0.25591,-0.42512,-0.41456,0.12711,0.19715
2.4414,1.954,2.0128,0.72564,1.6039,1.3646,1.2326,0.66677,0.52365,0.13955,0.30431,-0.1123
2.6103,1.9298,1.2628,-0.11494,1.2792,1.3814,1.2869,0.45732,0.042068,0.67971,1.2754,0.34352
3.1965,2.0099,0.87762,0.57518,1.3147,0.79528,0.92905,0.52262,0.3562,0.57508,0.63871,-0.21884
3.1078,1.6069,1.3804,0.51095,1.5001,1.3155,0.69134,0.23279,-0.058208,-0.25937,0.49829,0.37975
3.3699,2.0008,1.3188,0.54935,0.77145,1.25,1.4252,0.36645,0.17672,0.10347,0.45448,0.33605
3.1131,1.5154,1.1625,0.7815,1.5476,1.7662,0.94162,0.18878,0.36809,0.26159,0.14562,-0.27586
2.5087,1.5059,1.851,1.436,1.5258,1.2633,1.0783,0.17315,0.28857,-0.18769,0.11178,-0.38339
3.1946,1.2439,1.4861,0.59216,1.0308,1.1588,0.61448,0.20359,0.32443,-0.097394,0.42439,0.43314
2.9678,1.5789,1.0582,0.80364,1.2797,1.0019,0.86037,0.22609,0.95738,0.066638,0.31016,0.10457
3.4813,1.9265,1.2901,0.60109,1.1594,0.77482,0.96216,0.13299,0.51115,0.34902,0.3046,-0.19392
2.4762,1.6786,0.97019,1.0307,1.1696,0.94399,1.0288,0.12196,0.76495,0.45166,0.035089,0.1475
3.7529,1.9911,0.66632,0.84323,1.4581,0.4207,0.34156,-0.032937,0.71758,-0.026167,0.26727,0.21737
3.3395,1.4893,0.65569,0.84546,1.4707,1.1411,1.1904,-0.21446,0.15194,0.2211,-0.064024,0.43769
2.8965,2.0168,1.5905,0.61541,1.7361,0.61502,1.0649,-0.016969,0.074661,0.019405,0.24618,0.47361
3.1086,2.1296,1.3792,0.85396,1.1713,0.49486,0.2262,-0.19343,0.78879,0.35422,0.68776,0.072095
2.7714,1.807,1.0681,0.48745,1.6119,1.4457,1.0278,0.20031,-0.0028731,0.014986,0.29561,0.175
3.3002,2.1792,0.1331,0.038461,1.437,1.2661,1.6701,0.69584,0.6085,0.39634,0.59579,0.26642
3.3889,1.9956,0.98981,0.84356,1.1764,0.53595,0.56011,0.23964,0.5164,0.56259,0.57537,-0.21276
2.9884,2.0247,1.7741,1.2001,1.6519,0.72312,0.25711,-0.054358,0.095376,0.19006,0.6514,0.62921
2.173,2.4296,1.7667,1.3795,1.4898,1.1118,0.77168,0.037542,0.17631,0.64203,0.62387,0.13635
3.5889,1.782,1.507,0.67657,1.4837,0.61037,0.61953,-0.03396,0.44954,0.20801,-0.51215,-0.042514
2.9916,1.8464,1.5156,0.6879,0.8734,0.87574,1.1205,0.49595,0.29518,0.40443,0.29725,0.34032
4.1493,0.40393,0.79473,-0.56566,0.63686,-0.090639,0.74939,0.046266,1.2181,1.033,-0.064523,0.14976
4.6748,1.5782,0.98865,-0.45804,0.59098,-0.27739,0.53676,0.24182,0.51348,0.2529,-0.27361,0.89745
4.3852,1.7035,0.36957,-0.63445,0.43398,0.26831,1.0472,0.44733,1.0463,0.44495,0.30088,0.41547
4.4859,0.72837,0.70185,-0.44463,0.67686,0.64881,0.77552,0.080071,1.0613,0.57768,0.052293,0.41234
4.0836,1.7048,0.79594,0.079577,0.31294,0.62759,0.68405,0.35595,0.83718,0.47246,0.59414,-0.14966
3.9856,2.0282,1.2355,0.38993,1.0912,1.0302,0.96586,-0.63421,-0.69419,-0.056536,0.22498,0.31416
3.3638,2.2617,1.0425,0.13171,1.1888,1.0366,0.7406,0.34726,0.59472,0.21506,0.43506,-0.0037968
3.757,1.9352,1.6132,-0.070511,1.0006,0.30295,0.71501,0.28341,0.7028,0.45258,-0.26016,0.45678
2.5753,1.7876,1.5452,1.6564,1.861,0.61849,0.48279,0.037821,0.3998,0.13874,0.3673,0.27761
3.4534,1.2377,1.3214,0.65847,0.71155,0.58462,1.3913,0.94604,1.1374,-0.12657,0.23609,0.16699
3.4995,2.1194,1.2583,0.86832,1.1016,0.92788,1.295,-0.0015002,0.49006,0.69455,0.39479,-0.31877
3.278,1.6948,1.2683,0.8524,1.0559,0.53872,0.68351,-0.026008,0.60988,0.48837,0.22588,0.17041
3.3038,1.7757,0.98406,0.76044,1.0881,0.89945,1.2911,0.44577,0.21914,0.5232,0.025992,0.34572
2.3998,1.0216,1.3703,0.81336,1.3946,0.84001,1.4143,0.4766,0.28477,0.73104,0.66957,0.71796
2.8295,1.1421,1.1419,0.97637,1.9097,1.2445,0.74114,-0.18945,0.41414,0.44642,0.70963,-0.38281
3.3366,1.5885,0.46058,1.1103,1.8698,1.1461,0.80056,0.072795,0.57757,0.10515,0.56626,-0.091719
3.498,1.8131,1.2851,1.3994,1.1098,0.10529,0.43799,-0.3342,0.13099,-0.17452,-0.091327,-0.46245
3.7329,1.9716,1.7668,1.0976,0.85415,0.50653,0.45649,-0.082119,0.087211,0.22154,0.51924,-0.049825
4.3169,2.3165,1.8012,0.64399,0.51427,0.59144,0.53004,-0.52715,0.080801,0.41104,0.81313,-0.14939
3.4214,2.1501,1.2826,0.79728,1.0098,0.62438,1.192,0.081938,0.10856,-0.14523,0.33141,-0.021553
3.2295,2.0527,1.624,0.23998,0.94052,0.76416,0.85383,-0.20148,0.34962,0.55171,0.74768,0.73455
2.5487,1.9719,2.1802,1.1602,1.4375,0.99016,1.1057,0.34012,0.59385,0.17881,0.21887,-0.80691
2.7123,2.1344,1.568,0.81576,0.97502,1.0315,1.1293,0.4368,0.59754,-0.17161,-0.41767,-0.047273
3.725,2.4178,1.3005,0.2565,1.575,1.1475,0.49295,0.37952,0.41512,-0.55056,-0.15498,0.2857
3.0157,1.8803,1.2262,0.304,1.2066,1.1331,0.94455,0.59174,0.52181,-0.051905,0.43244,0.41975
2.5833,1.7651,1.423,0.45206,1.511,1.34,1.9496,0.080812,0.20998,-0.048968,-0.059599,-0.034806
3.3802,2.0599,1.3049,0.61713,1.2972,0.96331,1.4511,0.10534,-0.24052,0.0053865,0.33574,0.12397
2.978,1.4811,1.1355,0.83223,1.2418,0.9506,1.113,0.51441,0.56254,0.41474,0.5693,0.032134
3.0605,1.8432,1.8383,1.0793,1.1902,1.5226,1.7026,0.40795,-0.22072,-0.34128,-0.74299,0.14674
2.8186,1.6402,1.178,0.62083,1.4038,0.94593,0.97067,0.75468,-0.34943,-0.39768,-0.16683,-0.28988
3.3573,1.5503,1.5139,0.80069,1.1233,0.718,1.0798,0.55433,0.034937,-0.056274,0.90338,0.19485
3.7238,1.9114,1.2511,0.75394,0.85208,0.42924,0.80166,-0.09448,0.51099,0.75635,0.4331,-0.07414
3.4929,2.2004,1.2199,0.52868,1.5042,1.1634,0.94599,0.071447,-0.21735,-0.2435,0.091927,0.4836
3.8083,2.0071,1.1103,0.92038,1.3642,1.205,0.70174,-0.3563,-0.68616,-0.4418,0.51044,0.17236
3.6624,1.8089,1.5884,0.56904,0.81112,0.45962,1.0836,-0.13653,0.13815,0.55059,0.66307,0.06955
3.0967,1.5159,1.4678,0.87243,1.156,1.1103,1.2122,0.55728,0.65927,0.58701,-0.12994,0.14333
2.5141,1.2173,1.4977,0.50469,1.7063,0.88605,1.5993,0.96449,0.32356,0.41672,-0.084511,-0.063513
3.4883,1.5984,1.1509,0.019599,1.7118,0.18376,0.87542,0.52108,0.1558,0.52703,-0.083249,0.031018
2.8797,1.2693,1.2551,0.90315,1.9965,0.11025,1.3373,0.2503,0.57209,0.955,-0.10398,0.27044
2.8758,1.9133,1.8397,0.41642,1.8742,-0.19877,1.7933,0.55401,0.024672,0.087111,-0.26631,0.39821
1.7877,1.7797,2.0721,0.6052,1.6781,0.52841,1.2039,0.050036,0.30939,0.62871,-0.36928,1.0415
2.0113,1.5106,1.5182,1.5433,2.519,0.44981,1.3378,-0.066293,-0.77012,0.29611,0.23096,0.78194
2.1056,2.0585,2.0646,0.70401,1.4109,-0.072574,0.85794,-0.037652,0.11177,0.19316,-0.17135,1.0824
2.2321,2.8683,2.4939,1.2152,1.8451,-0.34714,0.49603,-0.68717,0.20585,0.33819,-0.36045,0.75325
2.1737,2.2583,1.6634,0.3174,1.9432,0.22329,1.2205,-0.13231,0.84073,1.0761,0.040053,0.020658
2.2391,2.4186,1.2587,0.23965,1.8162,0.2493,1.2173,-0.083917,0.75449,1.1765,-0.013483,0.17564
2.1451,2.7157,2.0856,0.26804,1.9674,-0.090981,0.82196,0.11294,0.42765,0.57505,-0.36717,0.39106
1.7405,2.1578,2.0103,0.33363,1.8528,0.39351,1.3346,0.17859,0.56838,0.10372,-0.41584,0.17412
2.7906,2.1988,1.4651,0.4519,1.6569,0.016488,1.2643,0.4994,0.37357,0.11994,-0.49859,-0.080326
2.2925,1.4273,1.418,0.54781,2.444,0.99942,1.1509,-0.7441,-0.65465,0.1037,0.14518,0.61266
2.2846,1.8906,1.8052,0.41261,2.5019,0.59756,0.91589,-0.60505,-0.33002,0.12583,-0.17373,0.17989
1.841,2.0962,1.5224,0.41462,2.5274,-0.24472,1.3059,0.51275,0.15794,0.26783,-0.23282,0.37278
2.009,1.2871,1.5657,0.71656,2.5827,0.6055,1.4219,-0.22934,0.16858,0.43308,-0.57752,0.40622
2.3748,1.8531,1.4673,0.72707,2.6864,0.57971,0.98472,-0.24679,-0.27372,0.23201,-0.67754,-0.39826
2.4333,2.387,1.484,-0.35833,1.1293,-0.025062,1.383,-0.44104,0.30871,0.84156,-0.023168,0.52801
1.9681,2.0645,1.5877,0.95855,2.3753,0.34343,0.65344,-0.73535,0.621,0.53208,-0.27881,0.099962
1.8084,2.8833,1.7111,-0.42103,1.6794,0.34234,1.1832,-0.0789,0.50726,0.65081,-0.090486,0.34861
1.9127,2.1869,1.0914,0.05436,2.0166,0.14139,1.8077,-0.17402,-0.074281,0.13648,-0.14873,0.57178
2.0015,2.139,1.7272,0.19201,1.9058,0.86507,1.4508,-0.13149,0.081458,0.19899,-0.52619,0.20266
1.1563,1.3709,1.7351,0.12971,1.6611,0.0037261,2.122,0.86637,0.93978,0.59802,-0.79296,0.19647
0.79952,1.6646,2.5768,1.0707,2.5216,0.35997,1.6045,0.31798,0.14663,0.17951,-0.92143,0.31909
2.7073,2.4502,1.6771,-0.18171,1.1794,-0.32926,1.1351,0.32589,0.181,1.027,-0.41007,-0.055636
1.9674,1.8249,2.5703,0.28312,1.5051,0.14104,0.57784,0.15025,0.44898,-0.19485,-0.24291,0.18661
1.9084,1.1491,2.3246,0.13542,1.0568,1.1379,1.2114,0.21818,0.57624,0.17767,0.11136,0.84715
3.3687,1.8197,2.5858,0.4481,1.2099,-0.026473,0.4581,-0.45354,-0.053176,0.16549,-0.35033,-0.078501
4.3745,1.0415,2.5737,0.53087,-1.2481,-0.71453,-0.7866,-1.0196,-0.014655,-0.037149,-0.091384,0.622
5.3144,0.26027,4.3796,0.68818,-2.2457,-0.79955,-0.86955,-0.72236,0.22893,-0.35435,-0.70768,0.28916
4.8537,-0.75819,4.3511,0.14548,-2.2957,-0.54872,-1.125,-1.3551,0.11593,-0.43947,-0.56745,0.13556
5.2719,-0.77106,5.1198,0.55797,-2.1238,-0.20646,-0.86192,-1.1171,-0.2485,-0.77043,-0.45871,0.51587
4.3998,-0.70436,5.0794,0.31646,-2.4795,-0.62396,-1.2198,-1.436,-0.4296,-0.34174,-0.4218,0.61714
4.5252,-0.60682,5.2391,0.71504,-2.8334,-0.93626,-1.2157,-1.1124,-0.097824,-0.36845,-0.27414,0.51785
4.1832,0.052605,4.2661,0.72113,-2.8151,-0.62465,-1.1006,-1.5159,-0.12111,-0.074441,0.11046,0.77246
4.2133,-0.40976,4.6643,0.22309,-3.2109,-1.2168,-1.4219,-1.3407,-0.072026,0.077516,0.29898,1.1169
4.3766,0.05102,4.3134,0.28188,-2.9849,-0.43388,-0.85821,-1.9295,-0.37698,0.18905,0.053585,0.85769
4.2005,0.43461,4.5819,0.58362,-2.4792,-0.22655,-1.0951,-1.8426,-0.31468,0.44163,0.71513,1.161
5.0444,-0.085612,4.4151,-0.45047,-2.6788,-0.41876,-0.25398,-1.3043,-0.059617,0.19273,0.20128,0.42967
4.4732,-0.28429,4.0645,0.1523,-2.3935,-0.44886,-0.64011,-1.7832,-0.10776,0.62202,0.43295,0.87404
5.1856,0.94016,3.2475,0.10738,-2.115,0.11561,-0.33023,-1.8376,-0.33952,0.25757,0.71406,0.57321
4.4472,1.7917,3.6036,0.38423,-1.2571,-0.098307,-0.86749,-1.1205,0.40474,0.37746,0.26781,0.14772
4.7619,0.55614,2.7621,0.09679,-1.6275,-0.15252,-0.31056,-0.9888,0.36787,-0.099833,-0.072352,-0.044136
4.8088,2.4583,3.7987,0.49977,-1.065,-0.15974,-0.047561,-1.1192,0.20526,-0.2406,-0.70899,0.13821
4.3656,2.2631,3.1109,0.62094,0.3259,-0.29369,-0.056757,-1.2882,-0.71807,-0.35706,0.13463,0.46452
3.3766,2.0088,3.0945,0.76171,0.68005,0.61956,0.71545,-0.63157,-0.20466,-0.28133,-0.38993,0.026054
2.9344,1.6721,2.7112,0.85569,0.060334,-0.29408,1.2166,0.0073901,0.38069,1.0095,-0.59571,0.48464
2.1701,1.163,3.2722,0.34202,0.13488,-0.027632,0.71639,0.20357,0.68762,0.65282,-0.17584,0.67507
2.0693,0.95041,2.8297,0.38472,1.1577,0.42651,0.73597,-0.051308,0.68559,0.1292,0.11775,0.95968
1.7862,1.5404,2.8419,0.046633,1.4705,0.085818,0.8709,-0.48425,-0.20336,0.020176,0.18432,0.93636
2.1161,1.3754,2.2865,-0.33953,1.6123,0.52643,1.519,0.2226,-0.17228,0.16787,-0.13875,0.71335
2.1397,1.7329,2.1854,-0.32188,1.1798,0.038312,1.1211,0.67657,0.019067,0.2373,-0.5045,-0.20073
1.1999,1.5845,2.6266,0.11131,1.621,0.68423,1.3963,0.38106,0.15839,0.24251,-0.078915,0.61909
2.4444,1.9059,2.0458,0.37019,1.3154,-0.17258,1.0724,0.56576,0.44285,0.57496,-0.39397,0.37665
1.7455,1.2039,1.7074,-0.20275,1.9224,0.13612,1.708,0.81177,0.29233,0.97293,0.099673,0.62628
1.1122,1.4741,2.0607,-0.13921,1.7853,0.38283,1.0528,0.277,0.36163,0.77854,0.42046,1.2932
2.7211,1.8817,2.3412,0.3908,1.5837,0.10585,0.72691,-0.20499,0.49275,0.46429,-0.98066,1.0133
4.0559,3.2027,3.3295,-0.28892,0.85456,-0.051802,0.22577,-0.98626,-0.43116,0.32346,-0.7731,0.5689
2.7267,1.8735,2.0415,-0.42384,2.0295,1.7233,1.6068,0.080447,-0.053977,0.87808,-0.45937,0.44068
2.2809,3.0257,3.0803,0.91144,1.7766,0.18572,1.2518,-0.11719,-0.12279,0.19054,-0.69621,0.53754
1.626,1.6317,1.9803,0.16846,2.1929,0.75478,1.5075,0.065775,0.37045,0.49446,0.2991,1.0062
1.7643,2.1329,1.8351,-0.45731,2.4833,0.46275,1.0348,0.29873,0.26587,0.70881,-0.38504,0.54397
1.9436,1.7797,1.6372,-0.26345,1.6775,0.62271,1.6082,0.45766,-0.088168,0.22152,-0.20455,0.055282
1.6024,1.7737,2.1907,0.21177,2.6424,1.029,0.71828,-0.16387,0.28477,0.75687,0.33007,0.41578
1.8695,2.2798,2.4116,0.22727,1.7532,0.67799,0.88186,-0.45785,0.11043,0.31371,0.10536,0.875
2.8059,1.9389,1.7881,0.1224,1.3196,-0.36768,1.5145,0.081261,0.056047,0.80223,-0.056451,0.32783
2.6475,1.9906,1.5327,0.19877,1.3197,0.24815,1.0111,0.40636,1.0214,0.63051,0.010522,-0.0095312
2.3217,1.4661,1.3997,0.14061,2.3214,0.21774,1.5583,-0.14989,0.45969,0.97786,0.64067,0.093603
2.6406,1.3767,1.6003,0.40494,1.7029,-0.22008,1.4635,0.11462,-0.096328,1.3916,-0.13196,0.67193
2.2293,1.8932,1.7373,0.24255,1.9534,0.12362,1.0291,0.38167,0.38058,0.23089,0.040563,1.0178
2.5103,1.4428,1.7086,0.028351,1.5988,0.30021,0.9916,0.25106,0.76813,0.59476,0.055918,0.76821
2.2276,1.6314,1.5518,0.30804,1.7439,0.30365,0.8789,0.68295,0.82694,1.1092,0.34358,0.10947
3.3323,0.89418,1.6495,0.20631,0.59428,0.9108,1.0791,0.17698,1.1963,0.37078,-0.094171,0.64665
2.8614,1.2522,1.8481,0.29835,1.2234,0.84926,1.0809,0.50437,0.66429,0.33225,-0.33262,0.33449
2.3609,1.21,1.4644,1.1326,1.3292,0.69833,0.32632,0.31323,1.1161,0.83871,0.7556,0.10951
3.4635,1.1738,1.28,0.4585,0.82475,0.58695,1.192,0.99615,0.51926,-0.44454,0.08869,0.96125
3.6473,1.7302,1.643,1.0331,0.70837,0.31404,1.0132,0.42535,0.21312,-0.31625,0.25329,0.424
3.2244,1.4891,0.99307,0.91589,1.67,0.71767,0.91107,0.40742,-0.091308,-0.021209,0.39376,0.51287
3.3903,0.86524,0.8088,0.51607,1.0536,1.2775,1.2675,0.86525,1.0781,0.23946,0.49271,0.52136
3.5445,1.5454,1.1721,0.81453,1.197,0.63058,0.87175,0.25581,0.23349,0.21121,0.54612,0.19357
3.6331,1.6502,1.261,0.2753,1.1009,0.74658,0.81253,0.38076,0.64564,-0.044665,0.13691,0.10275
3.4502,1.7192,1.592,0.83501,1.0102,0.10653,0.69466,0.32629,0.39212,0.66262,1.0858,0.28415
2.9422,1.8538,1.2006,0.76908,1.631,0.97815,0.88057,0.55686,0.62754,0.042342,0.037563,-0.061605
2.8349,1.704,1.7798,1.0762,1.4288,0.7055,0.62187,0.55158,0.75572,-0.032773,-0.26873,-0.12213
3.3818,2.1232,1.0254,0.94323,0.63329,0.57457,0.9656,0.45639,0.51978,-0.245,-0.14839,0.45587
3.5985,1.7851,0.2937,0.65139,1.3211,0.65769,1.549,1.0327,0.74003,0.39531,0.35842,-0.017734
3.3395,1.6738,0.98749,0.91599,1.7362,0.93073,0.59054,-0.24951,0.44245,0.45837,0.19877,-0.21445
3.8386,1.8753,0.92684,0.55552,1.0157,0.34783,1.3809,0.3015,0.59983,-0.015636,-0.28119,0.48856
3.1954,1.9299,1.0003,0.13133,1.2711,0.42495,0.80767,0.0040372,0.33978,0.30588,0.17801,-0.12329
3.6223,2.1869,1.5456,0.74227,1.1821,0.41388,0.98962,0.20543,0.0068878,0.0024809,-0.21972,0.033746
3.4563,2.1344,1.3136,0.65968,1.3051,0.71683,0.54405,0.016524,0.16114,0.12124,-0.051185,-0.3226
3.5561,1.7819,1.6133,1.5063,1.023,0.75162,0.56525,0.18833,0.14332,0.0045789,0.12742,0.10425
3.5174,2.0251,1.7491,1.069,0.80257,1.2687,0.75442,-0.58986,-0.2033,-0.23279,0.31244,0.66233
3.3855,1.9425,1.4013,0.48812,1.1327,1.1475,0.77375,-0.20055,0.2513,0.10946,0.13502,-0.043631
3.2988,2.0498,1.8699,0.62175,2.0797,1.1829,1.0133,-0.16808,-0.18932,-0.22974,0.51069,-0.089846
3.7114,1.7554,0.73628,0.30234,1.7748,1.0146,1.0849,0.21709,0.18581,0.13273,-0.48719,-0.3901
3.3987,2.6629,1.7042,0.12162,0.62796,0.34037,0.77911,0.47119,0.21772,0.17758,0.17025,0.3562
3.1106,1.689,0.7779,1.1856,1.6883,0.65461,1.4495,0.35464,-0.0015335,0.0037112,-0.003091,0.34513
3.1071,2.6967,1.1557,0.87893,0.29386,0.61875,2.0052,0.52641,0.036062,-0.47763,0.29058,0.027403
2.9383,2.0113,1.6122,1.0809,1.524,1.0937,0.86593,-0.75697,-0.21347,0.083351,-0.070772,0.41373
3.7339,1.4304,0.6025,0.35814,1.5383,1.5042,0.99505,0.049253,0.42804,0.34487,0.32909,0.31373
3.4512,1.2905,1.2392,1.4741,2.005,0.52028,0.64861,0.34081,0.012946,0.19934,0.14209,0.1322
2.5939,2.2094,1.6761,1.5854,1.9281,0.8706,-0.12258,-0.11717,0.84907,0.039766,0.33926,0.20623
2.8602,2.0985,1.5979,1.0377,1.4353,0.62527,0.9921,1.0843,0.50014,-0.15062,-0.19917,-0.30708
2.5529,1.9137,1.7684,0.89309,1.2771,1.262,1.2692,0.29263,0.52646,0.14361,-0.2649,0.33883
3.0993,1.8786,1.7467,0.94515,0.89214,1.0704,1.0959,0.68772,0.36343,-0.032781,0.16391,-0.66342
3.8771,1.4661,0.55936,0.72927,0.75485,0.74055,0.87613,0.27217,1.0285,0.71687,0.73001,0.15892
3.208,2.1355,1.5474,0.32483,1.4003,0.7782,0.9365,-0.028306,0.46874,0.25424,0.12069,-0.036121
2.763,1.6407,1.7659,1.038,0.6508,0.79602,0.9406,0.54535,0.28759,0.55032,0.34993,-0.074543
3.6144,1.5974,1.8004,1.1911,0.73934,0.69395,0.70754,0.68742,0.54899,0.39196,0.10008,-0.067137
3.2359,2.2741,1.9185,1.1231,1.0175,0.60459,0.8691,0.17662,-0.2655,-0.34027,0.5382,0.29529
2.7274,2.359,1.4536,0.52931,1.428,1.3407,1.1136,0.010261,0.58923,0.34277,-0.034915,0.18266
3.4354,2.1726,1.3521,0.68677,0.99404,0.5909,0.89853,0.18216,0.5599,0.50922,0.086165,0.21409
3.2097,2.1725,1.3008,0.69587,1.1651,0.6028,1.2093,0.52647,0.12373,-0.011517,0.45999,-0.48656
3.451,1.9535,1.8478,0.27635,1.0276,0.49155,0.59114,0.47363,0.26783,0.002026,-0.094408,-0.21477
3.2194,2.0501,1.0475,1.1484,2.0188,1.061,0.24037,-0.29467,-0.00044136,0.35308,0.61819,-0.10024
3.4249,1.9999,1.0955,0.78834,1.2477,0.38356,0.84073,0.41564,0.40875,0.21179,-0.28634,0.29252
3.2349,1.5104,1.145,0.81845,1.2009,0.84324,1.017,0.15873,-0.086194,0.51417,0.45585,0.16877
3.1671,2.7382,1.7704,0.44637,1.8986,0.51476,0.89288,1.0339,0.24565,-0.75959,-0.84185,-0.26734
2.8439,2.2187,1.0514,0.13189,0.90754,0.20181,0.93596,-0.019883,-0.32961,0.10088,0.38966,0.57658
4.4079,3.502,2.4584,0.39597,0.66478,-0.43612,0.64715,0.074183,-0.37986,-0.38061,-0.38073,0.74502
4.0108,3.3578,1.5544,0.45119,1.4903,-1.1062,0.29415,-0.21188,-0.46223,-0.12971,0.46044,1.1855
3.354,2.5205,0.93944,-0.087096,1.2173,-1.4012,-0.3139,-1.5648,-0.4404,-0.13159,-0.16522,1.2437
4.3216,3.0289,1.3098,0.65773,1.4962,-0.1605,0.88472,-1.2333,-1.1092,0.026408,-0.071528,0.32967
4.526,2.9634,2.4493,0.76807,1.2064,-0.74654,0.23051,-0.40571,-0.25438,0.56112,-0.56389,0.49035
4.0718,3.2138,2.3609,0.82335,1.2738,-0.84819,0.13138,-0.71042,-0.29085,0.17946,-0.2445,0.49259
3.2097,2.4699,1.2035,0.081635,1.5505,-0.65377,-0.46042,-1.6045,-0.99554,-0.32596,-0.1757,0.6371
3.8736,2.9297,2.1281,0.2301,1.1567,-1.1541,-0.15753,-0.86544,-0.27693,0.43596,-0.40133,0.30524
4.1027,3.3159,2.3009,0.32363,1.2484,-0.50528,0.092605,-0.71224,-0.20625,0.2733,-0.31978,0.18954
3.8157,3.4947,3.1773,0.66793,0.91349,-0.84674,0.52957,-0.9538,-0.39238,0.16604,-0.053804,0.77242
3.6354,2.775,3.0592,0.18342,1.3929,-1.3606,-0.38571,-0.71941,-0.21671,0.36045,-1.1221,0.56448
4.3495,2.1998,1.4485,-0.98082,0.18267,-2.0929,-0.28161,-0.61252,0.17631,-0.25078,-1.936,0.3704
5.3325,2.3385,2.0912,-0.42746,0.97103,-0.96265,-0.56298,-0.38431,0.59883,0.37859,-1.4282,0.43824
5.9991,2.2976,2.7278,0.85001,-0.077667,-1.3457,-0.72334,-0.28224,0.68131,0.27853,-1.0043,-0.24182
6.011,0.94506,2.1681,0.59014,0.014905,-1.6812,-1.5381,-0.98965,0.22206,0.25932,-0.81773,0.4885
6.2696,0.71498,1.7106,0.37484,-0.17391,-0.86746,-1.5204,-0.9822,1.2445,-0.12682,-1.462,0.60575
6.9734,-0.23186,2.1032,0.78361,-0.33769,-1.0328,-0.8005,-0.84317,1.7879,0.51671,-1.5567,0.41793
6.1791,-1.3185,1.3247,-0.26913,-1.0869,-1.0986,-1.1202,-0.50619,1.5578,-0.23819,-1.9711,-0.0020447
6.215,-1.2153,1.3203,0.10757,-0.54671,-0.50711,-1.0874,-0.24947,1.6348,0.11221,-1.8023,0.14358
6.3745,-2.2643,1.1768,-0.55226,-1.413,-1.2166,-0.99359,-0.51888,1.6246,-0.34667,-1.6156,0.23213
6.7359,-1.6734,1.6524,-0.3656,-0.96204,-0.95491,-1.0671,-0.58909,1.8153,-0.080743,-1.5735,0.2112
6.6552,-2.468,1.5568,-0.45123,-1.1505,-1.0211,-1.1987,-0.35869,1.689,-0.2262,-1.3894,0.2409
6.9459,-1.6644,0.97233,0.19547,-1.2674,-0.33192,-0.74426,-0.30517,2.0191,0.23007,-1.6308,0.14844
7.0245,-1.8002,0.81808,-0.14534,-1.1526,-0.54291,-0.77071,-0.45251,1.7709,-0.12562,-1.7921,0.18384
7.045,-1.4037,0.5404,-0.14665,-0.342,-0.32544,-0.81707,0.049646,1.5877,-0.13158,-1.6692,-0.55575
6.6135,-0.25653,-0.26461,-0.61564,-0.18952,-0.18357,-0.59439,0.18249,1.9482,0.0837,-1.5109,-0.70699
6.1571,0.74239,0.93237,0.35821,-0.37398,-0.13794,-0.17296,0.18529,1.4227,0.5803,-0.54226,-0.03032
4.7904,0.57488,-0.079378,-0.48061,-0.59308,-0.9738,-0.051475,0.58646,1.4374,0.88517,-0.17744,-0.81489
5.7191,0.62801,0.35484,-0.075565,0.3622,-0.32288,-0.2022,-0.073863,1.0566,0.92387,-0.44942,-0.80944
5.9129,0.58619,0.94058,0.37097,0.55657,-0.013631,-0.68383,-0.078905,1.451,0.0014414,-0.75234,-0.45917
5.3602,0.33101,-0.25768,-0.64335,-0.17388,-0.23602,-0.58489,-0.067364,1.9257,0.42287,-1.0563,-0.80648
5.0313,1.3661,0.62133,0.42234,1.2955,-0.10609,-0.14203,0.46929,1.2401,0.36791,-0.54933,-0.81422
4.8333,1.537,1.5123,0.32712,1.0491,-0.21049,-0.053448,0.37598,0.66499,-0.0054397,0.028592,0.39915
3.3583,0.60649,0.84787,0.084363,1.4723,1.0263,0.36206,-0.060689,-0.013003,-0.021536,-0.3416,-0.75956
5.8856,2.1538,0.8506,0.50889,0.48487,0.27402,0.046123,-0.060706,0.2502,0.05901,-0.16405,-0.70152
6.5825,1.1041,-1.6444,-1.2315,0.64646,0.10791,-0.26953,-0.13872,0.57651,0.17222,0.31593,-0.68829
6.1692,2.1776,-0.098155,-1.3321,-0.20861,0.23503,0.39848,-0.068033,0.25551,1.0376,0.70764,-0.83774
5.7603,2.8364,0.6763,-0.52201,0.48757,0.11038,0.61225,-0.11008,-0.20151,0.33989,-0.17166,-0.026079
5.8135,1.752,-0.15264,-1.4114,-0.20294,0.20644,0.55071,-0.15804,0.076863,0.14773,0.30148,-0.28295
6.501,2.3335,-0.11103,-1.2161,-0.41734,0.47721,0.53885,-0.23708,0.33752,0.29002,-0.11734,-0.45177
7.1825,1.801,-0.19385,-1.6784,-0.54264,0.56956,0.41857,-0.30959,0.47929,0.30764,-0.10307,-0.44465
7.0036,1.3082,-0.55701,-1.9536,-1.0974,0.54204,0.29313,-0.76629,0.30603,0.7654,-0.21977,-0.6199
7.5561,1.8762,-0.31296,-1.8425,-0.8481,0.8922,0.47755,-0.55132,0.75261,0.59417,-0.35469,-0.44342
6.6199,2.0634,-0.42211,-2.306,-1.1445,0.32236,0.52921,-0.19137,0.35163,0.17063,-0.089473,0.22131
7.4959,1.4867,0.14937,-2.0513,-1.1916,0.78354,0.04998,-0.15852,1.129,0.36869,-0.032954,-0.37875
7.298,1.0785,-0.35506,-2.2029,-1.2255,0.52034,0.45315,0.25918,0.5505,0.8136,-0.43346,-0.18138
6.6174,1.3307,-0.90454,-2.3553,-1.5494,0.61894,0.71962,-0.15828,0.62311,0.24326,-0.21633,0.15361
7.4891,1.4014,-0.01281,-2.2036,-1.682,1.0363,1.2269,-0.048514,0.53129,-0.23006,-0.11051,0.36312
6.5376,0.70095,-1.3623,-2.6651,-1.6995,0.55421,0.68067,-0.65712,0.41256,0.0045052,0.24937,0.35627
7.2684,1.5343,-0.34209,-1.9346,-1.1351,0.92754,0.90539,0.0053641,0.36948,0.41266,0.12229,0.31032
7.484,1.4782,-0.73141,-2.2668,-1.3077,1.1655,0.50221,-0.79504,0.79358,0.35815,0.37879,0.055628
7.0789,1.2635,-0.5003,-2.3417,-0.96601,1.2878,0.14905,-0.55146,0.76453,0.65261,0.27685,-0.011081
7.1923,1.4911,-0.86337,-1.9153,-0.81212,1.0511,0.38811,-0.21715,0.56434,1.0098,0.30886,-0.21572
6.6143,0.68117,-0.62825,-2.5363,-1.5126,0.44729,-0.022651,-0.36783,0.75713,0.92039,-0.032611,0.35824
7.3252,1.8062,-0.3417,-2.1115,-0.71068,0.71479,0.69429,-0.51897,0.59482,1.3696,0.1531,-0.13283
6.5505,1.6978,-0.44547,-1.8792,-0.45457,0.78402,0.2796,-0.33546,0.71831,0.70666,0.29692,-0.50318
6.0166,1.3885,-0.6787,-1.7896,-0.3907,0.598,-0.017364,-0.55935,0.52722,0.5699,-0.038706,-0.14987
5.7814,1.7252,-0.039389,-1.4688,0.32675,1.3728,0.98226,0.15114,0.098197,0.15722,0.23819,-0.67615
6.0798,1.5765,0.0082173,-1.6421,-0.9096,0.051935,0.20488,-0.42546,0.65985,0.3867,-0.24604,-0.3883
5.7428,1.8308,-0.34202,-2.1204,-0.98055,0.42281,0.88509,0.31324,0.561,1.5662,1.4666,0.31139
4.9145,1.9725,-0.020025,-0.94596,0.19277,-0.057582,1.0124,0.20729,0.47966,0.8374,0.69579,0.058601
4.7958,2.2054,0.5053,-0.2715,0.28831,0.041282,0.64454,0.034142,0.17161,0.39481,0.47796,0.044655
4.119,1.6868,0.62709,-0.3719,0.67854,0.55425,1.3188,0.44462,0.54801,0.34252,0.33243,0.098571
4.6253,1.8304,0.60689,-0.20512,-0.044423,0.85704,1.2967,0.29502,0.43114,0.57932,0.7482,0.7833
3.9454,2.6734,1.4357,0.54429,0.25916,-0.052661,0.56923,0.50691,0.57839,0.46203,0.42692,-0.20056
3.479,1.2533,0.43829,0.26208,1.3602,0.11545,1.0037,1.3378,0.72946,0.63372,0.65893,0.042324
3.1543,2.0891,0.76765,0.16555,1.0637,0.41244,1.0856,0.3164,0.80983,0.3386,0.25207,-0.16991
3.7685,1.7619,0.70325,0.4997,1.1957,0.39702,1.2386,0.20899,0.78691,0.89122,0.32752,-0.50065
2.8164,1.5499,1.1582,0.89188,1.2831,0.1444,0.78649,0.3107,1.0122,1.0108,0.66036,-0.47689
3.4659,1.6762,1.1527,-0.044446,0.90075,1.0008,0.68337,0.39627,0.27803,-0.10479,0.38463,-0.1032
2.6638,1.4909,0.89298,0.6818,1.3625,0.76709,1.2371,0.13506,0.51185,-0.042064,0.046276,0.42081
3.0469,1.3438,1.3848,1.198,1.9751,0.89319,0.84481,0.33561,0.92319,0.27049,0.20207,0.22224
2.757,1.7924,1.1234,0.54903,1.6388,1.2871,1.0168,-0.086134,-0.013126,0.054847,-0.22831,0.03155
3.3247,2.426,0.84231,0.64235,1.0381,0.12605,0.73587,0.29365,0.4387,0.61044,0.54044,-0.18199
3.7982,2.5678,1.5138,0.26811,0.65045,0.36685,0.72346,0.28554,0.54921,0.48922,0.17143,-0.24532
2.7377,2.3528,1.4662,0.70847,1.1048,0.5844,0.57574,0.40948,1.2369,0.33184,0.38487,-0.07234
3.3159,1.7452,1.2346,1.102,0.7998,0.037372,0.43732,-0.48359,0.40474,0.41465,0.74804,0.46615
3.3389,1.6868,0.40369,0.15386,1.031,1.0842,1.596,0.077341,0.25125,0.68837,0.4065,0.34262
2.7267,1.532,1.8633,0.42185,1.1998,1.2024,0.83613,0.38928,0.14802,0.028577,0.52466,0.15446
2.8509,1.8121,1.7481,0.81052,0.79691,1.0536,1.3944,0.55926,0.43654,0.29065,-0.35061,-0.047364
3.1639,1.9559,1.2394,1.0521,1.0655,0.72341,0.87167,-0.3768,-0.47748,-0.40054,0.60586,0.23644
2.5148,1.7229,0.97677,0.90555,1.5138,1.0037,0.68017,0.058357,-0.039716,0.62786,0.72216,0.52119
2.8671,1.6008,1.321,0.35089,1.1683,0.99793,1.2271,0.072335,0.31784,0.53765,0.69888,-0.0060624
3.0909,1.4551,1.0055,0.77145,1.5,1.5408,0.67008,0.15773,0.78373,-0.28234,-0.29181,0.1441
2.5855,1.5272,1.1626,0.85634,1.359,1.3218,1.2478,0.43768,0.27,0.24842,0.18743,0.2477
3.8134,1.4443,0.83734,0.97277,1.2477,1.0528,0.49657,-0.090661,-0.20142,-0.29675,0.58579,0.43547
3.1809,1.9315,1.3114,1.1505,0.89797,0.15437,0.64699,0.091915,0.61685,0.35823,0.14338,-0.21868
3.2892,2.0509,0.89483,0.38492,1.5798,0.66148,0.61809,-0.0063415,0.75697,0.52615,-0.040359,-0.60966
3.0884,1.6477,1.0106,0.70918,1.3928,1.1897,0.85057,-0.74048,0.42283,0.27339,0.24002,0.31543
3.1749,1.8179,0.81273,0.91017,1.5378,1.3288,0.79763,-0.44853,-0.15315,0.057492,-0.054222,-0.05456
3.1588,1.7304,1.1977,0.58371,0.87823,0.37781,1.136,0.34307,0.17131,0.48103,0.66521,0.12183
3.0557,1.7239,0.62686,0.67524,1.4274,1.011,1.0316,0.35888,0.62846,0.57276,-0.23725,-0.11152
3.291,1.7052,0.62982,0.13917,1.1758,0.84876,0.47388,-0.42703,0.67837,0.46691,0.1124,-0.1285
2.522,1.691,1.573,1.0256,1.3939,0.7784,0.88583,-0.46466,0.06629,0.14301,0.20919,0.22985
2.7486,1.9981,1.8903,1.3375,1.0176,0.83405,0.85811,0.20223,0.11536,0.1706,0.81719,-0.32895
2.4137,1.1833,1.3793,0.1937,1.1475,1.2772,1.4289,0.10211,0.41697,-0.06371,0.29898,0.025437
3.2665,1.8002,0.70473,0.57795,1.8351,1.3718,1.1092,-0.26643,-0.14479,-0.23305,0.24556,0.11525
3.5701,2.3579,0.78445,0.049607,0.87297,1.1938,1.1849,0.16343,-0.036703,0.16682,0.28476,0.2059
2.9686,1.7034,1.0191,0.23084,1.2605,1.3013,0.82143,0.44396,0.39609,0.52633,0.46217,0.17049
3.212,1.7062,1.0298,0.64653,1.6069,0.70799,0.76992,0.57806,0.1649,-0.24079,0.54117,-0.1043
2.7457,1.8147,1.4798,0.70183,0.69115,0.83179,1.3568,0.34776,0.40066,0.064195,0.59257,0.52713
3.9001,1.6578,0.78808,-0.38128,0.90132,1.2015,0.78816,0.45145,-0.052061,-0.37728,0.57499,0.19181
2.5993,1.7026,1.2124,1.0539,1.6305,1.3295,1.4666,0.53631,-0.28089,-0.56849,-0.20994,0.3261
2.6523,2.0866,1.6415,0.8682,1.6038,1.2788,1.4177,-0.14222,-0.10873,0.21048,0.3179,0.03629
2.501,1.8513,1.2966,1.0609,0.74991,-0.22384,0.40226,0.080047,0.64131,0.53922,0.54925,0.054908
3.8535,1.2519,1.13,0.63301,1.2051,0.95579,0.81,-0.11277,0.028518,0.019179,-0.17608,-0.15617
3.0799,1.5449,1.2846,0.59389,1.5194,0.82118,0.74904,-0.38967,-0.53649,0.078777,0.80904,0.73029
3.4961,1.4573,1.5077,0.91092,1.3808,0.2225,0.44208,0.18598,0.29235,0.4971,0.57427,-0.041498
3.5037,1.7629,0.74934,0.50063,1.3238,0.50104,1.0672,0.74991,0.14804,-0.25845,-0.30572,0.075255
3.1419,2.1026,0.4015,-0.31423,0.9629,0.65387,0.90393,0.84164,0.48222,0.42815,0.4651,0.31577
3.2045,2.1829,0.68349,0.67797,1.3737,1.1073,1.2373,0.63491,0.73413,0.11526,0.50554,0.36201
3.429,0.95608,0.73085,0.6516,1.0912,-0.051298,0.60128,0.81327,0.9856,0.20299,0.15117,0.19343
3.3198,1.3513,0.73035,0.63473,0.99576,0.54713,1.1022,0.040064,0.31779,-0.33981,-0.0028601,-0.2011
2.8565,1.4088,1.6163,0.52902,1.3065,1.0945,1.3069,0.25905,0.091072,0.016919,0.28764,-0.12443
3.1695,1.6902,1.563,0.79122,1.1377,0.64011,0.93128,0.44428,0.66589,0.4124,-0.11878,0.12013
3.6981,1.4145,0.56598,-0.088085,1.3441,0.10147,0.44911,0.10686,0.67159,-0.016026,0.10404,0.23681
3.9032,1.4725,1.0247,-0.16824,1.1051,0.015514,0.92062,0.60988,-0.47383,0.48866,0.22731,0.18431
2.4667,0.80745,0.97815,0.41414,0.99998,0.606,1.2649,0.2552,0.56137,0.72432,0.61867,0.8139
2.5427,1.1479,1.1242,0.85662,1.5249,0.75045,0.69969,0.025492,-0.073059,0.23812,0.34116,0.82354
2.4224,0.84965,0.4743,0.11956,1.4048,1.1928,1.5826,0.62921,0.55931,0.36222,0.42337,0.8147
3.2387,1.7834,1.5201,-0.54357,0.73133,0.40166,0.72512,0.78184,-0.034716,0.070937,-0.26958,-0.082689
3.6268,2.4227,1.0729,0.80042,0.93846,-0.009942,1.0459,-0.22277,0.43861,-0.11569,-0.71988,0.12025
3.2052,1.6605,0.86723,0.88587,1.2645,-0.20024,0.77121,0.17946,0.39883,-0.18572,-0.76795,0.059721
3.0316,1.3838,1.4381,0.14943,0.99908,-0.1904,1.9741,0.89686,0.56571,0.14679,-0.99914,-0.43719
3.5049,1.8338,1.131,-0.39194,0.77238,0.18476,1.1399,0.54276,0.55613,0.29908,0.15852,0.38149
3.0846,1.9117,0.86829,-0.57335,1.601,-0.18532,0.79091,0.33674,0.77904,0.96747,-0.41864,0.13872
2.559,1.1238,0.77871,0.32372,1.2695,-0.11821,0.75479,0.15072,0.6004,0.77456,0.44068,0.86318
2.8353,1.6101,1.2413,0.36984,1.1685,-0.97582,0.42814,-0.37719,0.88308,0.65504,-0.40454,0.25793
2.5821,1.5995,1.2287,0.37779,1.2987,-1.0027,1.1074,0.17691,0.88108,1.1356,-0.12494,0.34671
1.5316,0.57006,0.79258,-0.19281,1.5481,-0.36144,1.5522,0.56232,0.83304,1.0604,-0.31057,0.49161
1.9834,0.88718,1.0886,-0.08894,1.778,-0.33994,1.8835,0.4611,0.26868,0.074942,-0.48974,-0.045113
2.6456,1.3247,0.66916,-0.055732,1.4353,-0.4157,1.3774,0.46595,0.59972,0.85144,-0.25826,0.34913
1.8926,1.2083,1.1138,-0.017959,0.64553,-0.5373,1.6282,0.66253,0.88481,1.0275,0.054258,0.09957
1.4778,1.3161,1.5576,0.36752,1.2022,-0.24445,1.9231,0.3598,0.30222,0.97866,-0.27413,-0.23174
1.5792,1.3044,1.3637,0.45559,1.6499,0.27524,1.4299,-0.50603,0.20688,0.5948,-0.65186,0.032467
1.6428,1.4714,1.8989,0.30034,1.5675,-0.15879,1.6738,0.12043,-0.079609,0.0016784,-0.51965,0.037592
2.0072,1.4225,1.1139,-0.3405,1.1757,-0.81172,1.3955,0.13337,0.21919,1.3714,-0.2231,-0.090084
2.9957,0.81085,1.0746,-0.31617,1.3102,-0.5243,0.85657,0.3438,1.5814,0.84026,-0.45815,-0.4049
2.5274,-0.11199,0.4365,0.25415,1.1907,0.51968,1.2951,0.79308,0.67972,0.61066,-0.18123,-0.10697
4.0044,0.78925,0.5084,0.0040889,0.99746,0.33578,0.86848,0.4073,0.75332,0.21274,0.20645,-0.23666
4.4922,1.9955,1.5684,-0.5854,0.13297,0.045263,0.53995,0.34707,0.8336,0.0087889,-0.40757,0.36378
5.9038,-0.69233,0.82975,-0.28515,-0.78156,-1.0562,-0.91288,-0.24604,1.8307,0.37994,-1.2395,0.16348
6.711,-1.6312,1.0064,-0.22381,-0.8388,-0.74719,-0.43913,-0.018421,2.3613,0.37217,-1.9823,0.094334
6.2654,-1.804,0.38401,-0.29107,-1.3176,-0.75194,-0.6558,-0.37594,2.1684,0.39193,-1.811,0.41731
6.6617,-3.5056,0.30382,-0.69038,-1.7009,-0.88896,-0.74839,-0.48175,2.0506,0.27735,-1.9989,0.30962
7.3999,-2.9106,0.80414,-0.12118,-1.2423,-0.2995,-0.40993,-0.33473,2.3047,0.10239,-1.8016,0.11466
7.041,-3.0564,0.57981,-0.31083,-1.1624,-0.41038,0.024547,-0.60442,2.2901,-0.19059,-1.8522,0.24411
6.8559,-3.456,0.071109,-0.77055,-1.778,-0.60283,-0.51337,-0.9832,1.8832,-0.42945,-1.9956,-0.026466
7.9347,-3.4089,0.84863,0.057871,-1.0869,0.1227,-0.24327,-0.28103,2.0156,-0.099513,-1.8996,0.0073077
7.8525,-3.2948,0.66123,0.064084,-0.8276,0.11939,-0.27581,-0.034597,1.8513,-0.23105,-1.8215,0.20311
7.0462,-3.9373,-0.23805,-0.72974,-1.4437,-0.061418,-0.7592,-0.40186,1.4325,-1.3195,-2.0743,-0.47595
7.9851,-3.0195,0.47769,-0.22543,-1.0835,0.36934,0.044318,0.23373,1.8338,-0.9043,-2.0315,-0.28337
7.7639,-3.2257,0.63454,-0.15664,-0.66882,0.44329,0.084605,0.15134,1.9251,-0.88282,-2.0983,-0.045619
7.5539,-3.3242,0.15004,-0.37931,-0.47222,0.050078,-0.074494,-0.027669,1.5988,-0.73241,-1.9552,-0.14124
6.2467,-2.6674,-0.50289,-0.41012,-0.61215,0.44138,-0.4213,-0.14495,1.2268,-0.81773,-1.9606,-0.45677
7.0158,-2.8636,-0.0038551,0.25121,-0.15825,1.1532,-0.012481,0.11653,1.787,-0.9052,-2.2976,-0.36455
6.5294,-2.6679,0.48324,0.38794,-0.39767,0.92888,0.0025446,0.66063,1.6257,-0.56787,-2.1314,-1.0458
5.8013,-2.5475,0.07681,0.15951,-0.60014,0.58537,0.15176,0.3743,1.22,-0.99208,-2.1279,-0.7799
6.0263,-3.6959,-0.12755,-0.5501,-1.0836,-0.087239,-0.40343,-0.050617,1.2649,-1.2014,-2.1056,-1.1389
6.4492,-2.6341,-0.01952,-0.060889,-0.26906,0.043121,0.29121,0.67004,1.7133,-0.77576,-1.7975,-0.71003
6.3728,-2.0538,0.45835,0.43432,0.24419,0.33987,0.38803,0.60529,1.9023,-0.80957,-1.411,0.13597
6.462,-1.7623,-0.49957,0.1753,-0.014198,0.67484,1.0073,1.2019,1.9357,-0.82983,-1.2664,-0.3549
6.6566,-1.5673,-0.59438,0.37524,-0.18007,0.33411,0.79564,0.8091,1.8384,-0.73801,-1.4566,-0.059798
6.3385,-2.3788,-0.71387,0.063599,-0.018208,0.19853,0.13962,0.56248,1.6206,-1.1067,-1.663,-0.10402
5.602,-2.439,-0.90055,-0.23645,-0.55078,0.0056326,-0.12141,0.21893,0.89298,-1.3546,-1.7351,-0.68065
5.6813,-1.1773,-0.088268,0.16897,-0.21253,-0.19619,0.20179,0.16316,1.6724,-1.0835,-1.7435,-0.37363
6.1387,-0.27424,-0.035365,0.53381,-0.17981,-0.50272,0.16809,0.64444,1.2122,-0.65822,-1.1994,-0.54289
6.1187,0.59674,0.040621,-0.017551,-0.10845,-0.63074,0.83922,1.0991,1.6412,-0.74059,-0.9074,-0.15727
5.448,0.52573,-0.2223,-0.4297,0.32827,0.36331,0.58815,1.6594,1.245,-1.0129,-0.90098,-0.22057
5.7503,0.31593,-0.013102,0.075323,0.70783,-0.24231,1.2059,1.0304,1.0274,-0.91114,-1.2372,-0.46513
5.1603,2.1217,0.7107,0.0041346,-0.16181,-0.52485,0.93104,0.88612,0.25778,-0.30271,-0.49074,-0.41751
5.0244,1.4529,0.538,0.084114,0.15931,-0.11084,-0.22654,0.19725,1.0718,-0.4538,-0.48066,-0.34884
4.5424,1.5068,0.37062,-0.20125,0.33456,-0.24868,0.24943,0.30158,0.79251,-0.47304,-0.82722,-0.4209
4.8111,1.1098,0.08782,-0.31444,0.055981,0.44719,0.38557,0.60158,0.55928,-0.55555,-0.25401,-0.80679
3.9306,2.4878,1.1498,-0.30635,0.50653,0.56166,1.3676,0.025088,0.34991,0.38489,-0.24628,-0.2632
5.0154,2.6519,0.10672,-0.88508,-0.15523,0.25195,1.6466,0.90248,0.18322,-0.049722,-0.36898,-0.50773
3.7009,1.8607,0.66375,0.16747,1.2126,1.4136,1.5745,0.37952,0.42907,-0.17079,-0.33258,-0.26238
3.6836,1.4956,0.66268,0.14136,-0.071985,0.43945,1.3933,0.73474,0.578,-0.51838,-0.04787,-0.0083352
3.332,1.946,1.6931,0.78665,0.96685,0.47435,0.87982,0.36591,0.046903,-0.47761,-0.16293,-0.048356
3.7362,1.9238,1.3626,-0.082329,0.44584,0.58162,-0.18334,-0.17353,1.1996,0.80755,0.39318,-0.17244
4.3896,2.1816,1.1931,-0.089118,0.081321,0.59495,1.0031,0.82686,0.3449,0.013356,0.12153,-0.26839
3.6362,1.9714,1.0191,-0.27579,0.46457,0.56332,0.97367,0.50467,0.28597,0.019949,0.083809,-0.60229
3.0537,1.5419,0.75945,0.6225,0.99826,0.64179,0.87813,0.49892,-0.22534,0.013697,0.2178,-0.58271
3.6302,1.865,0.82459,0.29586,0.93212,0.73633,1.689,1.1462,0.63134,0.071307,-0.1403,-0.6046
3.4044,2.0884,1.5509,-0.035362,1.3328,0.64122,1.3265,1.0662,0.69794,0.46648,-0.23622,-0.20783
3.2063,1.7154,1.3609,0.21888,0.57699,0.46832,1.3502,0.23453,0.36541,0.42135,0.18176,-0.19799
2.8194,1.6858,0.91439,0.34289,0.54616,0.8053,1.3675,-0.029083,0.53211,0.18926,0.35476,0.49037
3.706,1.9796,1.5586,1.0094,0.96942,1.2452,1.0655,0.15738,0.11762,-0.074304,0.093055,-0.11625
3.0874,1.7484,1.6051,0.91781,1.323,0.35634,0.95062,0.6406,0.42414,-0.0099081,-0.04312,-0.49018
3.3912,1.6952,1.13,0.52194,1.8822,0.68311,0.67721,-0.45669,0.22061,-0.45579,-0.2487,-0.14982
2.9695,1.101,1.0685,1.2634,1.1673,0.88845,0.78206,0.368,0.23997,0.14682,0.26869,-0.0072008
3.9685,1.7948,1.4831,0.59042,1.2785,1.1717,0.68034,-0.088727,-0.36894,-0.34423,0.1904,0.55567
2.7512,1.5778,0.93158,0.36158,1.3612,0.43751,1.2604,0.52613,0.24275,0.66144,0.15472,-0.090213
2.5368,1.2099,0.85111,0.88987,1.2391,0.54302,0.49158,-0.30191,0.24112,0.26566,0.44303,0.070886
3.3674,2.3767,1.8185,0.70585,0.81461,0.41819,0.51246,-0.3982,0.20423,0.31526,0.088074,0.0092826
2.8431,2.1426,1.2466,0.71671,0.71257,0.50922,1.1985,-0.28101,-0.22665,0.15346,0.5564,0.24648
3.3073,1.8319,1.5004,0.83656,1.5542,0.98158,0.82401,-0.031017,-0.30211,-0.24041,-0.012507,-0.21213
2.5899,1.2414,1.1449,0.41202,1.5633,1.3394,1.0111,0.74361,-0.27682,0.067988,0.42054,0.94198
3.8301,2.5689,0.88119,-0.063126,1.0009,0.79686,0.35864,0.52372,0.30598,0.18927,0.10904,0.39242
3.8583,1.5448,0.87911,0.44805,1.0745,1.0888,0.56437,-0.09611,-0.1252,0.19604,0.71951,0.24331
3.52,1.7703,0.62931,1.0533,1.8464,1.3071,0.65615,-0.22386,0.25935,0.1901,0.41705,-0.15801
3.4985,1.6219,0.49427,0.19889,1.4662,0.55203,0.20128,0.59742,-0.15772,-0.16983,0.040946,-0.017692
2.9699,1.7427,1.6213,1.3588,1.3913,0.30856,1.0528,0.28406,0.21926,-0.099948,0.11114,-0.094231
3.5787,1.6465,1.231,-0.26425,0.90496,0.48728,0.89561,-0.041504,0.24385,-0.52187,-0.11911,0.36814
3.1192,1.0038,0.76701,0.084675,0.8251,0.80336,0.46294,0.66091,0.19668,0.36537,0.73339,0.34085
3.0193,1.9167,2.3102,0.59076,1.1046,1.0448,0.42705,0.074442,-0.14517,-0.37322,-0.59394,-0.15205
3.2696,1.7253,1.0237,0.51078,1.0674,0.66037,0.87308,0.58929,0.12691,0.29102,-0.15176,-0.43331
3.1729,1.7856,1.2142,0.5074,1.837,0.7278,0.26035,-0.11996,0.55341,0.58194,0.47233,0.67589
3.0643,0.9018,0.95675,0.99657,1.3313,0.29972,0.99891,0.33591,0.23722,0.22887,0.052179,-0.094963
2.9527,1.9432,1.6988,0.62702,1.5683,0.63617,0.25918,-0.065536,0.70812,0.49785,0.14961,-0.04959
3.3035,2.0583,1.4362,0.4588,1.293,0.47689,1.0958,0.26171,0.61613,0.54698,-0.37898,0.020305
3.3161,1.4816,1.4126,0.59977,1.4201,1.0049,0.85398,0.29621,-0.0089201,-0.019065,0.25602,0.1821
2.8314,1.813,1.2563,0.57549,1.8222,1.3526,1.5464,0.064422,0.43042,0.26593,0.33068,-0.24212
2.6757,1.6615,0.93746,0.37302,1.1765,1.0987,0.62989,0.052824,-0.40799,0.37596,1.0275,0.4141
2.2745,1.9414,1.834,0.82861,2.0309,0.93811,0.35059,-0.59215,-0.056448,0.12849,0.25436,-0.19621
2.543,1.7901,1.2929,0.38531,1.3325,1.0814,1.3101,0.38146,0.4704,0.64752,0.79793,-0.17211
2.8776,1.7896,1.1918,0.65705,1.4376,1.2911,1.0424,0.28447,0.29964,0.053309,-0.10659,-0.29156
2.6581,1.5812,0.55833,0.21124,1.841,0.47114,0.43226,0.29335,0.85996,0.36137,0.39468,-0.053131
2.4005,1.6734,1.2484,0.67925,1.1483,0.69644,0.97692,0.24292,0.4992,0.81091,0.4862,0.12477
3.2771,-0.2417,2.1257,1.0423,-0.45871,0.91075,0.99438,-0.15351,0.5274,0.89208,-0.23396,0.261
3.0345,1.1479,1.1453,0.528,0.82748,1.0138,1.2797,-0.011111,0.48584,0.51343,-0.044248,-0.17979
