-1.0468,0.97753,-0.86905,0.73088,-0.57488,0.41386,-0.26024,0.12478,-0.0155,-0.062931,0.10947,-0.12648
-1.0152,0.95519,-0.86123,0.7417,-0.60696,0.46818,-0.33618,0.22026,-0.12728,0.061116,-0.022454,0.0089805
-1.1404,1.0856,-0.99848,0.88517,-0.75329,0.61139,-0.46822,0.33192,-0.20944,0.10603,-0.024931,-0.03267
-0.92859,0.89752,-0.8475,0.78102,-0.70138,0.61244,-0.51839,0.4235,-0.33185,0.2471,-0.17227,0.10962
-1.081,1.0325,-0.95558,0.85546,-0.73896,0.61362,-0.48715,0.36671,-0.25836,0.16664,-0.094313,0.042298
-1.0622,0.99806,-0.89726,0.76821,-0.6214,0.46825,-0.3199,0.18616,-0.074566,-0.010237,0.066691,-0.096209
-1.0198,0.96427,-0.877,0.76528,-0.63815,0.50543,-0.37669,0.26025,-0.16244,0.087043,-0.03518,0.0054003
-0.91919,0.88847,-0.83916,0.77393,-0.69621,0.60994,-0.51927,0.42823,-0.34053,0.25926,-0.1868,0.1247
-0.85596,0.81163,-0.74222,0.65387,-0.55412,0.45099,-0.3521,0.26376,-0.19041,0.13415,-0.094753,0.069895
-1.0544,1.0023,-0.91989,0.8134,-0.69061,0.56013,-0.4306,0.30987,-0.20434,0.11851,-0.054699,0.013079
-0.80752,0.77435,-0.72113,0.65085,-0.56738,0.47526,-0.37937,0.28463,-0.19569,0.11663,-0.050689,0.00013138
4.7247,1.8041,0.50642,-0.28057,0.9943,0.17613,0.69031,-0.033222,0.39403,-0.34802,-0.39947,0.27747
3.2245,1.9414,1.0924,0.80798,2.1642,0.88322,0.36961,0.45763,-0.36434,-0.78232,0.42366,0.20643
3.0087,1.6405,1.4288,1.1046,1.433,0.78397,0.3889,-0.019648,0.14502,0.17046,0.3283,-0.023249
3.068,1.8623,1.4673,1.2013,1.6452,1.3134,1.2098,-0.2576,-0.37807,-0.44762,0.099929,0.021494
2.643,1.5769,1.1707,0.46687,1.2442,1.2821,1.3215,0.57424,-0.26117,0.051153,0.23377,0.2013
2.9749,1.7729,1.1885,0.28767,0.65382,1.1413,1.6623,0.68365,0.31352,0.71125,0.7197,0.29965
3.0148,2.0371,1.3248,1.3217,1.6772,0.562,0.62071,-0.061773,0.20553,0.18507,0.42682,0.31449
2.8619,1.3857,1.2767,0.85254,1.519,0.98585,1.0922,0.18185,0.13616,0.48145,0.050852,0.63611
2.1642,1.3912,2.0773,1.934,1.4755,0.68151,0.54726,0.37487,0.12604,0.088253,0.049728,0.30037
3.1945,1.8582,1.2013,1.0393,1.0373,0.92516,1.0871,-0.059881,-0.46316,0.049045,-0.030807,-0.002277
3.8373,2.2248,1.1587,0.16984,0.7278,0.58303,0.94771,0.60418,0.086544,0.25934,0.42106,9.4473e-05
3.1239,2.0605,2.0157,0.59824,0.49652,0.16324,0.39505,0.52657,0.75191,0.38037,0.11783,0.1614
3.3348,2.1935,1.9207,1.3062,0.83475,0.094776,0.63224,0.19033,0.30378,0.35471,-0.14278,-0.10105
2.1104,1.1958,1.4847,1.4478,1.5743,0.96968,0.92552,0.18148,-0.28624,-0.10109,-0.026787,0.25677
2.2765,2.0388,1.1707,0.4791,1.8626,1.4572,1.5602,0.18408,0.47586,0.30838,0.54467,0.27398
3.2441,2.0697,1.2364,-0.24821,1.1664,0.55085,1.4091,0.51109,0.55771,0.23077,0.33203,0.47596
3.1765,1.0497,1.0507,0.47198,1.3187,0.96453,0.69155,0.31519,0.49606,0.46631,0.40234,-0.63067
3.3075,1.9995,2.0188,0.68087,1.0122,0.76142,0.74433,-0.054169,0.22748,0.52461,0.37463,0.063718
3.1977,1.7638,1.6052,0.69935,0.84086,0.60022,0.6968,-0.078877,0.16812,0.76515,0.48783,0.25626
2.9195,1.1857,1.5319,1.0816,1.2951,0.65318,0.56705,-0.17968,0.13778,0.35358,1.1208,0.14627
2.716,1.5035,1.3071,0.85572,1.0665,0.80823,0.97251,0.88172,0.83011,0.57649,0.32347,-0.063847
2.8595,1.0735,0.95414,1.5162,2.0987,1.6531,1.2054,0.44641,-0.38058,-0.14995,0.19316,0.08543
3.4298,1.8361,1.1648,0.47594,0.71582,1.2741,1.2949,0.48805,0.36222,0.03183,0.17892,0.043845
2.6663,2.3067,1.94,0.86645,0.6116,-0.24142,0.88743,0.79275,0.27235,-0.14694,-0.12279,0.44238
3.459,1.6903,1.0419,0.16855,1.0897,0.85072,0.69599,0.32106,0.48951,-0.30301,-0.17231,0.34218
3.0605,1.8045,1.1962,0.26853,1.6491,0.83372,1.2775,0.3304,0.18969,-0.012701,0.26562,0.13758
2.3912,1.9092,1.8677,0.76055,1.1458,1.0806,0.86133,-0.35379,-0.139,0.1853,0.72046,0.027597
3.4952,1.7748,1.4138,0.35698,1.191,0.71355,0.68706,-0.036598,0.34771,0.37735,0.41352,0.6318
3.7472,1.8943,1.5422,0.88979,0.43961,0.050756,0.79414,0.44762,0.71153,0.6319,0.22436,0.25976
3.2987,1.9881,1.8849,0.80777,1.0878,0.84347,0.55967,-0.40144,-0.10395,0.088827,0.37428,-0.11629
3.2733,2.0383,1.0852,0.46792,1.6458,1.457,0.66492,0.0050776,0.17278,-0.50222,-0.1032,-0.56908
3.4841,1.9946,1.1685,0.64091,1.1656,1.0258,0.36506,-0.32454,0.14191,0.68365,0.091458,-0.49666
2.7049,1.3272,1.1107,0.66112,1.3502,1.4321,1.3994,0.59593,0.21729,0.81929,0.75403,0.28635
2.7949,1.2532,1.3696,1.2715,2.1119,0.95404,0.77769,-0.33018,-0.30485,0.031036,0.86478,0.89522
3.3195,1.6921,0.33968,0.54496,1.9108,0.97442,0.78862,0.0039229,0.46494,0.47474,0.042988,-0.035045
2.5841,1.5994,1.437,0.76451,1.5633,0.59318,0.16636,-0.12274,0.43005,0.64363,0.15284,-0.12973
3.4941,2.0415,0.84422,0.50891,1.1045,0.29381,1.073,-0.24511,-0.22346,0.14821,-0.23988,0.29671
2.5103,1.5753,1.259,0.80339,1.4025,0.92645,1.2867,0.045028,-0.39903,-0.41508,-0.1578,-0.019653
1.7835,1.688,1.5506,1.4938,1.0483,0.49788,0.98432,0.30283,0.49873,0.26894,-0.055469,-0.096265
2.1383,1.3919,1.1519,1.1288,1.8792,0.957,0.99336,0.39198,0.45168,0.56092,0.35479,0.43489
2.6033,1.2808,1.6011,1.0874,1.418,0.89789,0.54682,0.76287,0.037167,0.51299,-0.015484,-0.008082
3.1083,1.5366,0.82097,0.46977,1.3261,1.3364,1.4858,0.28664,0.068235,0.17332,0.50211,-0.21212
2.9823,2.0075,1.5482,0.38057,1.1169,0.5278,1.2559,0.25011,-0.21081,0.079747,0.13203,0.32287
2.8058,1.6854,1.3189,0.80649,1.2113,0.48496,1.7345,0.0039747,0.1795,0.27309,0.083555,0.5848
1.7866,2.1287,1.5876,0.39892,1.0215,1.1771,1.4151,0.75518,0.83602,0.47541,0.2165,0.40513
3.0649,2.0599,1.3325,1.4574,1.3051,1.2206,1.0763,0.021067,0.23818,-0.047291,-0.01212,0.14017
2.415,0.93123,1.6024,1.1494,0.5321,0.94765,1.0627,0.76141,0.49518,-0.0074892,0.14512,-0.45116
2.6516,1.5657,1.3738,0.54398,1.2673,0.75687,0.87092,0.42342,0.76324,0.3673,0.050724,0.16934
2.8113,0.86608,1.6042,0.23762,1.2543,-0.19351,0.16375,0.0069524,0.49164,0.22296,0.44708,1.0518
2.2678,1.1357,0.95003,-0.067967,1.9587,0.39731,1.0503,0.42032,0.61543,1.0119,0.023441,1.2828
1.718,1.237,1.8779,0.14704,2.1572,0.066732,0.98233,0.33138,0.52501,0.96454,0.34126,0.49764
1.6024,1.6769,1.8906,0.37122,1.6837,-0.0033829,1.0015,-0.36665,0.36445,0.54071,0.20095,0.73006
1.5104,1.6381,2.3881,0.32518,1.939,0.14815,0.65123,0.18539,0.35304,0.72167,-0.018232,0.084403
2.0668,1.178,1.6019,0.55134,1.5072,-0.31912,0.98879,0.14089,0.41872,0.28714,-0.38862,0.45431
1.9711,2.069,1.1691,-0.52086,1.7541,-0.1256,1.7463,-0.027216,0.35858,0.71334,-0.019855,0.64318
1.0217,2.0646,2.0412,0.022529,1.7123,-0.1957,2.1183,0.23815,0.55567,0.06326,-0.51334,0.75979
1.0589,1.7322,1.3919,0.0472,2.3892,0.19188,1.9332,0.34157,-0.22586,-0.08158,-0.29465,1.2564
0.86549,1.6158,1.7057,0.2469,2.2636,0.27163,1.9941,0.13544,0.24201,-0.27951,-0.82942,0.45612
0.55062,1.8888,1.6785,-0.47783,2.5264,0.5306,2.4083,-0.21518,0.098197,0.63542,-0.72592,0.09943
1.1169,1.9422,0.95923,-0.46014,2.0038,0.32812,1.7072,-0.1791,0.5524,0.66884,-0.32117,-0.051394
1.1465,1.5264,1.66,-0.082338,2.0979,-0.21432,0.94629,0.0081289,0.37887,0.233,-0.16093,0.7268
1.5779,2.4661,1.2869,-0.4771,1.7554,0.19428,1.0828,-0.29877,0.28061,0.49427,0.23609,0.89583
1.4821,2.3151,2.0393,0.37791,1.5725,-0.55837,0.81014,-0.04103,1.1152,0.40728,0.051673,1.0854
0.97769,2.124,1.2597,0.016354,2.2126,0.71849,1.355,-0.22604,1.254,0.69381,-0.27631,0.89986
0.62793,1.7103,1.4605,-0.30138,2.2144,0.14677,1.154,-0.55077,0.24718,0.22751,-0.433,0.46843
1.7028,1.0155,1.8179,-0.42604,2.0672,0.21989,1.3157,0.042883,0.84736,0.09752,-0.35901,0.61619
2.1362,1.067,1.3268,-0.24142,1.6919,0.78653,1.3761,-0.26814,0.68911,0.39597,-0.3803,0.77859
2.7838,0.84703,0.79583,-0.14334,1.6304,0.15346,1.1533,0.34399,0.97588,0.40695,-0.49646,0.54993
4.2636,1.7701,0.99036,0.2061,0.75256,-0.51768,0.97739,0.14709,0.62597,-0.53543,-0.17282,0.12705
6.0312,0.96999,0.88771,-0.13363,-0.95556,-1.8347,-0.9477,-0.13265,1.4997,0.45508,-1.0645,-0.37261
7.6084,-0.9504,0.98463,-0.11461,-0.70442,-0.56342,-0.42818,-0.35079,2.029,0.27603,-1.743,-0.094505
6.1851,-0.59661,-0.091898,-0.13711,-1.3222,-0.70612,-0.54414,0.044222,1.6721,0.03296,-1.9369,-0.58791
6.5003,-1.0427,0.094117,-0.12497,-1.6338,-0.32988,-0.30092,0.25419,2.056,0.39099,-1.7936,-0.26331
7.5983,-2.0019,0.24721,-0.57007,-1.726,-0.69494,-0.0097494,-0.15551,2.3834,0.014094,-1.5754,-0.15596
6.7712,-1.9991,-0.56116,-0.73597,-1.6863,-0.61214,-0.12467,0.01554,2.1485,0.037589,-1.8636,-0.13365
5.9959,-0.74058,-0.50823,-0.35241,-1.2922,-0.21043,0.14286,0.8671,1.885,0.034311,-1.725,-0.25863
6.0867,-1.7127,-0.93675,-0.92028,-1.4467,-0.65601,-0.25524,0.5939,1.6838,-0.15196,-2.0022,-0.3821
6.5026,-1.0981,-0.29812,-0.48429,-1.0476,-0.4309,-0.040988,0.8438,1.7821,0.069265,-1.7658,-0.74238
5.997,-1.6615,-0.67666,-0.49699,-1.4972,-0.25219,-0.22528,0.20914,1.974,-0.032788,-1.8428,-0.31137
7.0929,-1.7196,-0.32383,-0.53736,-0.98419,-0.22129,-0.036389,0.27308,2.1571,0.08088,-1.8542,-0.053222
6.8306,-2.1108,-0.67063,-1.1471,-1.1842,-0.57564,-0.41812,0.29596,1.6988,-0.23847,-1.8891,-0.2117
5.6313,-1.0766,-0.73377,-0.57603,-1.2144,-0.17771,-0.14751,0.53403,1.6807,-0.044544,-1.624,-0.44354
7.4044,-2.3628,0.045402,-1.0089,-1.1695,-0.21112,0.05571,0.3698,1.9719,-0.56176,-1.722,-0.66141
5.3881,-1.0673,-0.98067,-0.82335,-1.2106,-0.3565,-0.3986,0.53113,1.5012,-0.3898,-1.9887,-0.58038
6.5583,-1.3113,-0.55255,-0.54474,-0.82273,-0.0432,-0.35306,0.53624,1.8501,-0.40755,-2.0384,-0.39171
5.9378,-1.4789,-0.77103,-0.71929,-1.1156,-0.0099052,-0.48314,0.55227,1.7766,-0.43073,-1.8731,-0.66276
6.6347,-1.7076,-0.36987,-0.61523,-1.1796,0.080167,-0.26989,0.56331,1.8036,-0.48917,-2.0783,-0.6316
5.4891,-1.7578,-1.0562,-0.96077,-1.6477,-0.33742,-0.49933,0.34438,1.5759,-0.66092,-2.0878,-0.66663
7.8203,-2.5905,0.44144,-0.65799,-1.2145,0.032102,-0.081298,0.68963,1.8717,-0.53603,-1.6631,-0.57019
5.4133,-2.1081,-0.78789,-0.88321,-1.9621,-0.52495,-0.57574,0.30772,1.5093,-0.48701,-1.7634,-0.56357
6.4862,-2.2158,0.041685,-0.47033,-1.4241,0.11966,-0.21643,0.55628,1.8598,-0.38527,-1.5058,-0.37077
5.9082,-2.3619,-0.73685,-0.91986,-1.8823,-0.11212,-0.33637,0.41979,1.7016,-0.21805,-1.5444,-0.38904
5.3894,-1.5126,-0.46744,-0.74977,-1.6006,0.05765,-0.12832,0.47801,1.6498,-0.19478,-1.6753,-0.53889
6.6678,-2.3295,0.050133,-1.0064,-1.5603,0.28194,-0.040198,0.48994,1.7564,-0.37581,-1.6938,-0.49529
5.7274,-1.2023,0.029414,-0.72528,-1.5712,0.2376,-0.040664,0.35598,1.6333,-0.20465,-1.5629,-0.53078
6.346,-2.3554,0.14282,-0.94998,-1.7437,0.20749,-0.30626,0.11473,1.6839,-0.31191,-1.5418,-0.5268
5.9135,-1.9565,0.055503,-0.68488,-1.8276,0.32212,-0.30093,0.33871,1.7921,-0.32897,-1.5984,-0.49237
6.1301,-2.0456,0.27483,-0.6627,-1.6126,0.37414,-0.13318,0.35994,1.8442,-0.31123,-1.62,-0.45327
5.9562,-2.1911,0.33861,-0.9089,-1.6576,0.20192,-0.17402,0.48096,1.7041,-0.24693,-1.5992,-0.27855
6.3893,-1.87,0.97324,-0.74915,-1.6216,0.27507,-0.065679,0.56909,1.7049,-0.31931,-1.5216,-0.39056
6.1232,-2.55,1.004,-1.4309,-1.883,-0.094019,-0.42324,0.088166,1.4918,-0.39939,-1.2654,-0.53278
5.8002,-1.7035,1.5448,-1.0481,-1.7465,0.17176,-0.27222,0.32232,1.419,-0.43528,-1.4763,-0.55373
5.6289,-2.088,1.0982,-1.5343,-1.8575,-0.16148,-0.20676,-0.24712,1.5898,-0.45235,-1.2769,-0.40522
5.9445,-0.33202,1.3133,-0.53325,-1.5728,0.26723,0.032273,0.49541,1.3669,-0.20506,-1.0902,-0.53822
5.3495,-0.93507,0.94117,-0.98109,-1.7724,0.045477,-0.15975,0.032165,0.79111,-0.26692,-1.2075,-0.62474
5.9193,0.20417,1.0982,-0.071706,-1.3009,-0.34949,0.32085,-0.11563,0.70649,-0.35743,-1.2829,-0.6762
5.9753,0.73029,0.77163,-0.33619,-0.88578,-0.49158,0.086236,0.34487,0.48684,-0.35409,-1.0911,-0.10144
5.7509,0.65956,1.9591,-0.29188,-1.2841,-0.37819,-0.38863,0.30871,0.63001,-0.42153,-0.56304,-0.68689
5.7136,1.0877,1.6164,-0.26914,-1.3547,-0.2562,0.40511,0.06326,0.11259,-0.4218,-0.63482,-0.33568
5.286,1.014,0.95176,-0.11425,-0.46287,-0.26637,0.41669,0.087676,0.04715,-0.4733,0.11098,-0.30286
4.2584,1.6818,1.0503,-0.28735,0.22858,0.1568,0.83773,1.2544,0.77996,0.26067,-0.0084937,-0.86862
4.9047,1.9936,0.80799,-0.64033,-0.3902,0.17254,0.64363,0.19809,-0.20158,0.11922,-0.338,-0.38285
4.0361,1.6778,0.63417,-0.024013,0.25383,0.1376,0.50317,0.71994,0.67096,0.22404,0.23066,0.033533
4.5073,2.0756,0.51766,0.1058,-0.064328,0.70483,0.94769,0.26878,0.3134,0.0097349,0.25276,-0.097885
4.2173,2.1553,0.77236,0.019141,0.34898,0.83864,0.65648,0.27432,0.6937,0.26166,0.14011,-0.45376
3.6072,1.5078,0.81363,-0.015709,0.70595,0.61332,0.95326,0.90518,0.89363,0.21322,0.34835,0.49097
3.7943,1.8772,0.77326,0.13831,0.2753,0.55724,1.1037,0.01478,0.31754,0.20238,0.91458,0.49445
2.9125,2.2242,1.7817,-0.10957,0.75533,0.4329,0.86126,-0.21864,0.43069,0.88484,0.38752,0.013235
3.0714,1.7196,1.3055,0.28879,1.316,1.1418,0.74331,0.34173,0.94306,0.32741,0.97752,0.087572
3.2787,2.4641,0.8552,0.22447,1.8073,0.68935,1.0055,0.83894,0.43315,-0.22443,-0.47875,-0.23396
3.0096,1.7905,0.84569,0.15351,0.73275,1.6702,1.8229,-0.15004,-0.14041,0.12231,-0.13891,-0.13021
2.8771,2.0129,1.784,-0.16659,0.98099,0.5573,1.1383,0.3714,0.2885,0.66853,0.78123,0.57232
2.9286,1.5868,0.69927,0.68597,0.89782,0.49055,1.4297,0.5589,0.81489,-0.016702,0.058629,0.20844
2.5427,1.6252,1.4542,1.0659,1.1158,0.91718,0.68948,0.61966,0.075369,-0.3249,0.33698,0.48508
3.26,1.8672,0.81748,0.37129,1.2251,1.3007,0.56053,0.291,0.5026,0.5924,0.78783,0.19333
2.3904,1.0814,1.0252,1.2044,1.5689,0.83132,0.88332,-0.12304,-0.12422,-0.054519,0.17652,0.58618
3.2549,1.8494,0.94654,0.28618,0.76654,0.38739,1.2097,0.37157,0.11727,0.4054,0.5371,-0.013733
2.7133,1.5493,1.1686,0.95185,1.3783,1.2399,1.5086,0.3091,0.56193,0.45472,0.85244,-0.061554
2.4092,0.84642,1.9745,1.1449,0.59826,0.51688,1.1933,0.18475,0.40073,0.064834,0.23338,-0.046592
2.979,-0.86802,1.8298,0.84166,0.17305,0.34377,0.84033,0.062162,0.46606,0.27446,-0.16609,-0.88398
2.7948,1.0558,1.9984,0.95743,1.0513,0.62401,1.0304,0.5952,0.66443,0.76006,0.72599,-0.33893
2.1498,-1.0481,2.6851,0.80065,0.18285,0.77028,0.70149,0.32845,1.2173,1.2897,0.54924,-0.3068
3.2723,-1.7866,1.2566,-0.18794,-0.49036,0.73304,0.81858,-0.026479,1.4686,1.3039,0.39844,-0.20532
2.6015,0.4157,2.1994,0.7293,0.38919,0.74601,1.6508,0.127,0.25261,0.59052,0.86483,0.37298
2.3352,0.48667,2.1369,0.91206,1.1366,0.99387,1.6145,0.34002,0.10374,-0.3661,-0.1195,0.26349
2.6829,0.77692,1.3229,-0.25013,0.18933,0.26624,0.69843,-0.61753,-0.31105,0.80266,0.36748,0.81779
3.2577,0.61319,1.3315,0.37267,0.5812,1.3373,1.167,-0.11688,0.42261,0.39019,-0.26143,0.50542
3.4753,1.2109,0.94004,1.1467,0.95679,0.2229,0.59459,-0.046605,0.78354,0.6963,0.17336,0.41699
2.8831,0.98834,0.95883,0.52542,0.50741,0.23301,0.21826,-0.21963,0.33472,0.44978,0.11547,0.34132
3.5657,0.77756,1.0015,0.68334,1.1346,0.54244,1.1776,0.81714,0.76887,0.27178,0.042163,0.23938
2.819,1.2241,1.3873,1.1934,1.067,0.52093,0.9353,0.34723,0.52086,0.48143,0.090559,-0.070666
2.7211,1.1117,1.2178,0.47848,0.53161,0.73124,1.1613,0.099535,0.70243,0.87755,0.48159,-0.38734
3.5966,2.0734,1.3016,0.44056,0.90049,0.31287,0.43624,0.31932,0.077757,0.21572,0.92479,0.33188
2.9467,1.535,1.4745,1.1455,1.5024,0.68487,0.8148,0.33999,0.34716,0.39004,-0.10687,-0.17839
2.7143,1.0805,0.52057,-0.48492,0.48238,0.9917,1.4221,0.32343,-0.18667,-0.0795,0.26784,0.44466
2.5868,1.1767,0.9012,1.2411,1.617,1.3695,1.392,0.64309,1.3898,0.10286,-0.41138,0.4043
3.7309,2.1696,1.2528,0.67009,0.63102,0.16834,1.0017,-0.14406,0.73668,-0.090565,0.31737,0.14743
3.0075,1.1134,0.95313,1.0045,0.75264,-0.028452,0.43284,-0.2879,-0.10866,0.066094,-0.0074265,-0.61804
3.6002,1.6816,1.7421,0.36882,0.90337,0.78591,0.90713,0.84704,0.031223,-0.25904,-0.16537,0.15195
2.9705,1.6371,1.9422,0.54935,1.1541,1.3747,1.3006,0.86988,0.31952,0.38071,-0.37495,-0.094222
2.7758,1.6006,1.0935,0.11804,0.21107,0.40169,0.23917,-0.071552,0.25675,0.21424,-0.2921,-1.0398
2.5719,1.4129,1.076,1.0745,1.6257,0.82417,1.0994,0.50045,0.36382,0.25404,0.45194,0.10384
2.3521,1.5925,1.7665,0.91039,1.2425,0.67073,1.3701,0.6717,0.40297,-0.25281,-0.12665,0.28878
2.3531,1.1649,0.79894,0.41926,0.82911,0.40102,1.2757,-0.32819,-0.0029359,-0.10192,-0.18615,-0.10128
3.0381,1.7682,1.2938,0.31653,0.9255,0.29022,1.1644,0.56287,0.27301,-0.16253,0.57423,0.51766
3.0098,1.9612,1.5629,0.35736,1.4821,0.45083,0.86981,0.3633,0.77457,0.19106,0.38592,-0.21569
2.0051,1.4628,1.1081,0.91546,1.1019,0.37657,1.1964,0.84738,0.27837,0.11386,0.07959,-0.048736
2.8948,0.90119,1.2147,0.84428,1.4676,0.81201,1.9874,0.55974,0.29999,0.19279,-0.054717,-0.049477
2.9878,1.5226,0.9738,0.46227,1.576,0.69155,1.0188,0.60607,0.18114,0.46506,-0.24386,0.2161
3.1448,1.7365,0.95525,0.53238,1.1096,-0.026278,0.32579,-0.0067824,0.21107,-0.355,-0.22349,-0.33997
3.0359,1.6692,2.002,0.94232,0.80251,1.0415,1.0172,-0.1015,-0.58306,-0.26249,0.25061,0.46488
3.0066,1.4668,1.7714,0.66845,1.1464,1.0392,1.1706,0.57188,0.74866,-0.07319,0.035241,-0.018433
2.2884,1.638,1.4389,0.15009,0.44692,0.0062694,1.0252,0.57125,0.15441,-0.22155,-0.28149,-0.25407
3.2001,2.0799,1.296,0.15754,0.96441,0.73097,1.2739,0.20443,0.026721,0.39637,0.36676,0.22006
3.3446,1.8522,1.3808,1.1105,1.4773,1.4595,1.0197,0.12522,-0.068232,0.3467,0.38387,-0.21507
2.3654,0.78612,0.60121,0.60143,1.1992,0.31445,0.57295,-0.11445,0.02018,0.33708,0.29615,0.46214
3.1887,1.5276,1.41,0.23901,0.92904,1.3698,0.83041,-0.12177,-0.077845,1.1131,0.72437,-0.39933
3.512,2.1247,1.6298,1.3413,0.94062,0.30315,0.76627,-0.58508,-0.035833,-0.014255,0.33843,0.11497
3.2046,2.1332,1.3373,0.66218,1.6386,0.50657,0.70249,-0.22594,-0.40923,-0.99193,0.34183,0.28614
3.1009,1.147,1.6109,1.6317,0.83659,0.47806,0.92493,0.54086,0.2475,0.23327,0.56276,0.023188
3.2551,2.2403,2.0051,0.70247,0.99046,0.75891,0.7977,0.31798,0.47074,0.52674,-0.024997,-0.39689
2.9316,1.9535,1.5887,0.40774,0.77609,0.75955,0.53979,0.65345,0.30523,0.02799,0.20174,-0.74505
2.8643,1.3359,0.86605,0.38346,1.29,1.4618,1.1383,0.10918,0.3669,0.014568,0.34752,0.3059
2.8663,2.1594,1.4682,0.13674,1.0977,1.0538,1.221,-0.3627,-0.26755,0.42171,0.87862,0.15943
2.7871,0.67304,1.1894,1.3406,1.5092,0.69666,0.66719,-0.24232,-0.36738,-0.18684,0.1112,0.000775
3.1052,1.7199,1.4991,0.51091,1.3652,0.70761,0.51651,-0.097483,0.52838,0.83947,0.64837,-0.078579
2.2018,1.1549,2.099,0.34542,0.46002,0.0062709,1.0223,0.23665,0.9518,0.87451,0.14142,0.71282
2.9054,-0.92533,1.2264,-0.96134,0.8033,-0.54847,0.59824,0.82778,0.81611,0.49185,-0.88302,0.55356
4.2525,0.032189,0.13307,-0.48651,1.0628,-0.74778,-0.017615,0.29542,1.7574,0.90078,-0.97256,-0.32317
3.9506,0.71167,0.76477,0.70345,1.0504,-0.2648,0.39526,0.25159,1.313,1.4033,-0.28044,0.046845
3.1653,0.95574,1.0016,0.67841,0.8657,0.4054,0.021163,0.046239,1.0758,0.57549,0.32401,0.010629
3.3336,0.20382,0.72887,0.65498,1.2486,0.77675,0.26909,0.099899,1.3937,1.3117,0.30997,-0.12421
3.4294,0.37,1.2545,0.83142,2.1241,1.4173,-0.18173,-1.4863,0.91878,1.1411,-0.40074,-0.1272
4.5717,0.71794,-0.71266,-0.052829,1.1553,1.1484,0.65791,-0.71833,0.31863,-0.47386,-0.6478,0.113
5.0321,1.2031,0.37711,-0.69382,0.43086,0.90193,-0.15864,-0.37728,1.5957,0.97845,-0.25072,-0.68899
4.5019,-0.063935,0.092054,-0.97309,0.99819,1.7149,0.50629,0.19771,1.4652,0.46477,-0.42338,-0.40918
5.0733,1.367,0.25835,-0.83001,0.62774,1.3892,0.5957,-0.78957,0.52474,0.86906,0.2349,-0.047908
4.1322,1.2869,0.34565,-0.37846,1.0783,1.0948,0.63722,0.020531,1.2378,1.3329,0.3238,-0.21547
4.7704,1.5105,-0.31721,-2.2215,-0.19406,1.1388,1.7907,0.84623,1.2006,0.25208,0.011522,-0.071758
4.3066,1.8927,-0.1484,-0.89606,0.4775,1.0792,0.78319,0.0023642,0.2762,-0.33738,-0.43917,-0.56259
4.9908,2.6371,-0.97979,-2.2878,0.27414,1.3851,1.4089,1.0224,0.93125,-0.11169,-0.088655,-0.94458
3.9035,1.6122,0.52574,-0.79881,0.15498,0.7234,1.2136,1.0463,0.91798,0.33811,0.15852,-0.27095
4.3205,1.6457,0.38779,-0.37733,0.79167,0.70622,1.2155,0.18007,0.22589,0.014103,-0.51367,-0.64919
5.0394,2.935,0.76209,-1.0761,-0.43858,-0.20204,0.50692,-0.0077253,0.46604,0.68315,0.13606,-0.23811
6.4853,3.3202,0.98195,-0.88745,-1.0501,-0.83513,0.19087,0.34465,0.33001,-0.10465,0.23599,-0.25643
7.1558,2.8164,0.73234,-1.5728,-0.75266,-0.45689,0.024193,-0.29061,0.58607,0.57638,-0.058128,-0.42191
7.4797,3.2738,0.66903,-1.3039,-1.1737,-1.0185,0.49853,-0.31016,0.39942,0.2248,-0.3215,-0.50457
7.4656,2.7279,0.072449,-1.9825,-1.6932,-1.1116,-0.0053502,-0.45126,0.10705,-0.06399,-0.23306,-0.5525
7.9233,2.9994,0.93261,-1.3338,-1.3857,-0.51229,0.28175,-0.19679,0.93161,0.18848,-0.39246,-0.28596
8.2985,2.7884,0.75615,-2.0105,-1.3742,0.026942,-0.15817,-0.57764,0.94378,0.62451,-0.36429,-0.90162
7.6281,2.246,0.38507,-2.4205,-1.993,-0.26858,-0.56332,-1.0795,1.0273,0.40979,-0.58193,-0.95811
7.6477,2.4648,0.17666,-1.8178,-1.9631,-0.21559,-0.141,-0.43292,0.98695,0.3771,-0.7089,-0.32931
8.2919,2.3679,0.23019,-2.3301,-1.7887,0.43755,0.30657,-0.6046,0.71775,0.6806,-0.62193,-0.048007
7.0958,1.785,-0.32017,-2.2805,-1.9929,0.48663,0.082932,-0.63483,0.4328,0.44624,-0.26021,-0.068438
6.8907,1.3568,-0.71932,-2.1898,-1.6122,0.63436,0.12881,-0.58181,0.30112,0.56331,-0.21398,-0.23037
8.0655,0.42567,-0.7364,-1.8407,-1.5686,1.2034,0.085556,-0.94573,0.99965,0.77639,-0.47457,-0.47116
8.3313,-0.25081,-0.60892,-2.5,-1.4523,1.4266,-0.0080634,-1.1911,1.1658,1.0908,-0.41518,-0.65921
7.0769,-0.1482,-1.2072,-2.0056,-1.6065,1.2368,0.13786,-0.88366,0.92414,1.0354,-0.35685,-0.59598
7.0074,-0.17971,-1.2352,-1.942,-1.1879,1.5703,0.34564,-0.92482,1.0125,1.3181,-0.46864,-0.633
8.3283,-1.6815,-1.2958,-2.4372,-1.432,1.8319,-0.040511,-1.4185,1.0436,1.1686,-0.51522,-0.88084
6.6484,-0.89274,-1.8709,-1.7536,-0.90888,1.706,0.41036,-1.0262,1.0044,1.2875,-0.55571,-0.6998
6.752,-0.99696,-1.9002,-1.6963,-0.69034,1.748,0.39173,-0.88218,0.90507,1.21,-0.58696,-0.97442
7.9804,-2.7209,-1.3891,-2.0616,-0.98364,1.7608,0.032791,-1.3387,1.0595,0.91495,-0.72282,-1.2402
8.0361,-2.5027,-0.92905,-1.6294,-0.58253,1.8838,0.17127,-1.1309,1.2198,1.1047,-1.0411,-0.96383
8.0547,-2.9859,-0.17929,-1.6425,-0.61656,1.7935,0.11007,-1.265,1.2538,0.85667,-0.91304,-1.1542
7.0127,-2.6732,-1.0091,-1.5943,-0.8682,1.4114,-0.37603,-1.2344,1.0627,0.77915,-0.88757,-1.0645
8.1177,-1.9594,-0.81856,-1.2706,-0.2387,1.4696,-0.13369,-1.0433,1.4763,1.0045,-0.87278,-0.88796
7.921,-1.9065,-1.0075,-1.1974,-0.44268,1.3965,-0.27088,-0.88033,1.4397,0.90252,-0.81843,-0.88884
7.0799,-0.57408,-2.4499,-1.9645,-0.42515,0.98556,0.40727,-0.78189,0.00073467,0.51701,-0.90878,-1.2923
7.2639,-2.3747,-0.6418,-1.6781,-0.85529,1.6859,0.26415,-0.801,1.8633,1.0561,-1.0856,-0.97376
6.3317,-0.34222,-1.6749,-1.1934,-0.086825,1.224,0.90464,0.28499,0.79136,0.82467,-0.6869,-0.96602
6.4669,0.18765,-1.4615,-1.7505,0.20935,0.75853,0.95662,0.18677,1.5621,0.96964,-0.17398,-0.89697
6.5855,0.67292,-1.7624,-1.8779,0.64373,1.1156,1.1838,0.31875,0.82902,0.89971,0.064814,-1.3912
5.3656,0.4375,-1.4233,-1.279,0.26186,0.74693,1.0697,0.2882,1.0161,1.315,0.13438,-0.49118
5.7483,1.1308,-1.2957,-0.98083,0.57482,0.85192,1.2601,-0.053281,1.2281,1.3215,0.00046397,-0.91554
5.1351,0.80921,-1.691,-1.2553,0.64022,1.4651,2.0437,0.27472,1.0139,0.93432,0.11451,-0.36824
3.8819,1.1967,-0.52827,-0.93978,0.54493,1.0157,2.0572,1.4328,1.1023,0.59412,-0.01214,-0.28505
3.6684,1.1803,-0.0073209,-0.18388,1.3181,1.3567,1.1452,0.77426,0.96353,0.8344,-0.056285,-0.64129
5.0532,0.95118,-0.77083,-0.71564,0.90126,1.4068,1.0237,0.59552,0.98459,0.69019,-0.22729,-0.54733
3.883,1.7077,0.056047,-0.4245,1.0967,1.2714,1.5704,1.2516,0.4664,0.22219,-0.27349,-1.2885
2.5919,1.4029,1.3048,0.57849,1.0699,1.2003,1.7757,0.37994,0.8387,0.7528,-0.10498,-0.73138
3.5428,2.0084,0.31597,-0.099447,1.0647,0.29854,1.2049,0.86131,0.91222,0.42869,0.14419,-0.10735
3.6699,1.9096,0.77362,0.59605,1.58,0.20958,0.45772,-0.13956,0.30859,0.77194,0.40266,-0.36248
3.765,1.9155,0.8206,0.51008,1.2812,0.93646,0.26692,0.21777,0.4088,0.72625,-0.1682,0.1291
3.2884,1.4387,0.78766,-0.049809,1.3406,1.0439,0.9798,0.076581,0.25798,0.45658,0.065288,0.086909
2.6388,2.1572,1.1069,0.87006,1.5242,0.8998,1.1959,0.67282,0.0062035,-0.00077902,0.025928,-0.35656
2.5012,2.3448,1.9882,0.72621,0.66876,0.76856,1.2324,0.13249,-0.0035544,-0.0077759,0.060658,-0.36442
3.1776,1.5025,1.3849,0.83654,1.4857,1.2896,0.056114,-0.30099,0.40939,0.67033,0.26234,-0.32835
2.5439,1.8739,2.2,0.82196,0.5954,0.3011,0.73358,0.16925,0.17834,0.43365,0.42702,0.4238
2.6935,1.4444,1.4477,0.78135,1.7338,1.188,0.8555,0.31063,0.29192,0.077102,-0.18501,-0.12396
2.6688,1.5845,1.3644,0.37625,1.2777,0.90708,0.91012,0.18091,0.73924,-0.4737,0.31925,-0.072053
4.1559,1.3885,0.53878,0.68528,0.8435,0.73692,0.88389,0.45351,0.74163,0.63742,-0.025564,-0.22976
3.6883,0.90631,0.45631,0.35828,1.8527,1.2917,1.2381,0.42518,0.7661,0.63057,-0.67612,-1.1582
4.5704,0.088186,-0.475,0.40469,1.8273,0.38301,0.27161,0.22379,1.214,0.92083,-0.44917,-0.15966
4.0061,0.0359,0.55981,1.3184,1.8016,0.06592,-0.19313,0.92545,1.4357,0.1432,-0.42755,-0.59215
3.9085,0.69664,0.20455,1.2497,2.1444,0.79301,0.04731,-0.30298,1.1038,0.48105,-0.50876,-0.48246
3.9021,1.0451,0.71224,0.46945,1.7511,0.76443,0.35681,0.52124,0.51317,-0.2495,-1.0557,-0.51892
3.8248,1.0273,0.5939,0.98209,1.7861,0.53882,0.62756,0.16196,0.64586,0.45567,-0.81434,-0.48943
3.6165,1.0771,0.97122,1.1001,1.7218,0.66765,0.15715,0.45325,0.84693,0.58244,-0.30961,-0.85141
3.1358,0.58319,1.0789,1.3035,1.8765,0.24262,0.21383,0.094622,0.69739,0.58981,-0.022724,-0.74967
4.1065,1.2747,0.36768,0.7227,2.1562,0.95236,0.5334,0.10778,0.94645,0.17788,-0.29671,-0.8403
3.7357,1.1427,0.60643,0.46395,1.7979,1.0724,1.0413,0.50523,0.92837,0.37296,-0.50133,-0.3838
3.4934,0.99133,-0.071663,0.6895,2.0255,1.1155,0.24377,0.08639,0.35189,0.17858,-0.11496,-0.16977
3.4974,1.5483,0.7782,0.99826,2.1275,1.3318,0.37265,-0.43472,0.50558,0.43668,-0.12674,-0.45058
3.638,2.0124,1.072,1.0521,1.7823,0.53065,0.51871,0.25533,0.72823,0.213,-0.16975,-0.43665
3.0971,1.6375,0.90409,0.65886,1.6644,1.2445,0.58093,-0.27105,-0.023363,-0.21796,-0.065695,-0.28712
3.973,0.88716,0.75998,1.3014,1.9583,1.6945,0.63595,0.17747,0.38416,0.12708,-0.41851,-0.55822
3.3314,1.8089,1.3356,1.0093,1.8252,0.81567,1.0681,-0.088895,0.52857,0.47916,-0.0069739,0.072056
2.8542,1.2135,0.72793,0.48739,1.1419,0.80693,0.41912,-0.81073,0.072841,0.41716,0.30921,0.4595
3.81,2.2589,1.3339,0.43838,1.7924,0.20561,0.47432,-0.0058783,0.98368,0.42175,0.96127,0.87627
3.434,2.0476,1.0625,0.82757,1.268,0.50669,0.88038,0.30609,0.51891,0.01153,0.98278,0.4408
3.4333,1.6617,0.84764,0.37641,0.93385,0.37762,0.67893,-0.52378,0.15361,0.29739,0.21153,0.17815
3.6186,1.8935,0.8446,1.4725,2.3001,0.36105,0.034822,0.024639,0.74008,-0.040506,0.40254,0.41623
3.4066,1.9036,0.9177,0.53055,1.2203,0.63474,1.0607,0.19546,0.66986,0.40812,0.14664,-0.052258
3.552,1.2901,0.55764,0.67363,1.1968,0.54188,0.095767,0.49147,0.88049,0.20615,-0.32149,-0.034967
3.7169,1.8986,0.9846,0.95754,1.8359,0.84222,0.30373,-0.1709,0.31964,-0.15423,0.40368,-0.057358
4.4644,1.2666,0.94991,0.70021,1.8735,0.76284,0.25059,0.18218,0.76846,0.19634,-0.63996,-0.017937
3.5354,1.1886,-0.026125,0.25353,1.5237,0.8724,0.28476,0.40925,0.80615,-0.054562,-0.53577,-0.25726
2.5649,1.2433,1.31,1.3655,2.3749,0.95845,1.3414,0.50611,0.69694,-0.50158,-0.21878,0.20222
3.5982,1.5302,1.2705,0.66725,1.5232,1.3591,0.44769,0.71317,0.47811,-0.0080662,-0.36482,-0.47638
3.5113,1.8516,0.78095,0.52781,1.4666,0.90648,-0.37468,-0.15491,0.71854,-0.15328,0.38258,0.22144
3.5416,2.3171,0.95048,1.0415,2.1222,1.1152,0.31497,-0.39958,0.48539,-0.21968,-0.032141,0.14271
3.0777,1.6586,1.5534,1.195,1.8787,0.86763,0.56208,-0.25292,0.56517,0.69446,0.31304,0.34156
2.9127,1.3235,0.96122,0.81101,1.3731,0.29341,0.6519,0.3496,-0.056924,-0.1646,0.34125,-0.46348
3.5845,1.4513,0.61245,0.62983,1.8492,0.69931,0.77472,0.33214,0.27736,-0.066965,-0.12189,0.14553
4.3398,1.6215,1.3296,0.32783,0.9604,1.0618,0.99138,0.35813,0.24194,0.27729,0.16568,-0.013922
2.942,1.2728,0.6733,0.86296,1.2299,0.89928,0.99861,0.23122,0.29695,-0.71554,-0.50916,0.21938
2.5919,2.1918,0.87122,0.44622,1.951,1.1828,1.6218,0.79404,0.20593,-0.22259,0.41013,0.013271
3.1526,1.1224,1.0495,1.1844,1.3025,0.67056,1.27,1.041,1.124,0.48658,0.45997,-0.25711
3.2094,0.97547,0.93855,1.1433,1.2687,0.56294,0.21904,-0.12155,0.17229,0.90893,0.40003,1.122
2.917,1.8803,2.4357,1.4042,0.4102,1.0353,1.6541,0.054513,-0.028807,0.15275,0.033146,0.027179
2.5976,1.6283,1.8962,0.18851,1.2276,0.83743,0.96235,0.70181,0.092512,0.034551,0.2195,-0.04503
1.9452,1.0625,2.3564,0.036358,1.6427,1.3922,0.79172,0.15652,-0.11137,-0.35396,0.084853,-0.28061
2.9274,2.1785,2.9113,0.84767,1.8404,0.51864,0.038569,0.35653,-0.61208,-0.42436,0.52549,0.46933
2.4795,1.4488,2.8282,0.63461,1.4764,0.094417,0.37399,-0.1706,-0.64827,-0.17919,-0.071533,0.27353
2.5342,2.0088,2.862,0.036994,1.3996,-0.17985,0.48331,0.3918,-0.80679,-0.55919,0.17018,-0.35501
2.6818,2.6057,2.9899,-0.48131,1.8781,0.87757,0.51939,0.18299,0.30621,-0.43556,-0.32631,-0.71974
1.9597,2.0837,4.05,-0.14665,1.4981,-0.39852,0.38435,0.018202,-0.094089,-0.28303,-0.11687,-0.092492
2.1594,2.1327,2.5313,-0.83408,1.6695,0.2877,0.31379,0.28139,-0.31732,-0.94323,-0.13571,0.31298
1.9617,2.1359,3.6277,-0.33151,2.413,0.81371,-0.11116,-0.11037,-0.27904,-0.15331,-0.22451,0.21757
1.4036,2.0666,3.7248,0.25017,2.985,0.99992,0.30835,-0.16564,0.10219,-0.40894,-0.41053,-0.48865
0.93555,1.6961,2.2558,-0.7441,0.88456,-0.68609,-0.33831,-0.34602,-0.96945,-1.092,-0.079983,0.2367
1.5323,1.2675,2.4014,-1.2406,1.6232,-0.81869,0.36424,0.18615,-0.29762,-1.0279,-1.0731,0.2166
1.2994,1.7005,3.1733,-0.089607,2.4632,0.2247,0.93639,-0.024132,0.15168,-0.054879,-0.053194,0.24274
1.1621,1.924,3.4422,0.03388,2.3193,-0.2519,0.51077,0.47186,0.24938,-0.56096,-0.36154,0.42897
1.4347,1.9923,3.6552,-0.354,2.2868,0.069182,0.2314,0.34239,0.029634,-0.59889,-0.17854,0.56803
1.3457,1.9911,2.7001,-0.74239,1.4657,-0.5165,-0.04509,-0.097897,0.074981,-0.43968,0.025685,0.015839
1.604,2.4221,3.3668,-1.0117,1.9187,-0.5569,-0.50356,0.028141,-0.28317,-0.64539,0.073672,0.10228
2.6215,2.4121,3.2565,0.18225,1.5262,-0.38741,-0.5133,-0.12534,0.09721,-0.82985,-0.30862,0.78875
3.2481,2.5931,4.0396,-0.50739,1.4488,-0.81886,-0.61245,0.23573,0.34055,-0.14928,-0.27854,-0.15804
3.5375,2.0313,2.2619,-0.54939,0.97619,-1.5417,-0.66192,-0.41934,0.49449,-0.39515,-0.71542,0.26136
4.727,1.3085,1.5177,-0.50051,0.4128,-1.8378,-1.6301,-0.33488,0.74559,-0.94909,-0.63424,-0.38604
5.8565,1.5029,2.4818,0.53935,0.16637,-1.3724,-1.5262,0.016141,1.4053,-0.028386,-0.69347,0.45529
6.7189,0.60455,2.5014,0.55063,-0.61082,-1.7119,-1.4923,-0.030987,1.3194,-0.20456,-0.54236,0.071998
6.4371,-0.58288,2.1968,-0.18003,-1.0807,-1.6915,-2.0908,-0.26237,1.3735,-0.4348,-0.70507,0.079335
5.9784,0.089454,1.8722,0.64994,-1.3781,-0.93087,-1.1784,0.020128,1.5535,-0.19475,-0.7248,0.37274
6.6995,-0.344,1.5085,0.4166,-1.283,-1.1498,-1.2948,-0.029167,1.9062,0.0383,-0.76839,0.021851
6.3402,-0.94662,0.90021,-0.017402,-1.574,-1.4585,-1.41,-0.23551,1.4364,0.03786,-0.77065,-0.033571
7.3083,-0.99956,1.8431,0.013639,-0.97579,-0.9199,-1.2652,0.080388,2.3665,0.11278,-0.70131,0.42818
7.5276,-0.65714,1.165,-0.28456,-0.98674,-1.2198,-1.2277,0.26303,1.8626,0.10836,-0.56127,0.084586
6.8386,-0.26734,0.55302,-0.88347,-0.79964,-1.893,-1.7249,-0.034889,1.8134,-0.17546,-0.96149,0.12147
7.9087,0.81602,0.94167,0.071817,-0.41786,-1.5625,-0.87877,0.40543,2.4547,-0.18334,-0.4818,0.16528
7.4275,1.6129,0.44663,-0.73226,-0.46179,-0.96322,-0.38388,0.61789,0.77363,-0.46796,-0.067486,-0.046719
6.1416,1.0291,0.74893,-0.068505,0.072771,-0.6643,-0.92955,0.41623,1.5367,-0.51285,-1.043,-0.10346
6.2654,1.8844,0.77223,0.33187,0.13123,-0.30246,-0.087875,0.56093,1.6493,0.1027,-0.45749,0.41309
6.1241,1.416,0.47954,0.91331,0.50912,0.023557,-0.30157,0.31791,1.5307,0.53234,-0.030397,-0.3748
5.301,0.77126,0.3683,0.25814,0.39877,0.62155,0.15886,0.43826,1.4395,0.13787,0.094805,-0.28575
4.5629,-0.4941,0.14331,-0.74058,0.44617,0.52413,-0.39663,0.37489,2.0145,0.77261,-0.26347,-0.50705
4.459,0.71416,-0.13382,-0.3379,1.0042,0.10472,-0.34497,0.48964,1.397,0.81391,0.4166,-0.46681
4.5855,1.4562,0.17403,-0.31255,1.1429,0.86415,0.66313,-0.079213,0.69581,1.3067,0.69254,-0.69122
4.3078,1.637,0.91564,0.2838,1.1376,1.1345,-0.00237,0.44913,1.3267,1.0864,0.4503,-0.53139
4.4555,0.87138,0.35742,-0.39773,1.6391,1.2574,-0.26977,0.35627,0.78963,1.1259,0.07707,-0.29284
4.2735,1.1858,0.2745,0.00077537,1.2919,1.0527,0.51254,-0.53469,0.69075,1.0074,1.1828,-0.042921
4.0272,0.45892,-0.12677,0.17102,0.97837,1.346,0.85992,0.58824,0.92234,1.4145,0.90063,0.15186
4.8035,1.3302,0.64324,0.88189,1.437,0.4196,0.77868,-0.11846,0.28673,0.59642,0.05097,-0.2332
6.0121,2.3115,0.69613,-0.42281,0.16231,0.54715,0.10621,-0.50623,0.62268,0.96151,-0.18422,-0.94136
6.7439,1.852,-0.69387,-1.9578,-0.076727,0.74402,0.18125,-0.73688,0.39054,0.69301,0.024292,-0.11872
6.5065,1.9527,0.31635,-1.1227,-0.50734,0.045883,0.17007,0.046918,0.26227,0.31003,0.25299,-0.35157
7.3446,1.9938,-0.39805,-1.2552,-0.48797,0.98786,0.55496,-0.45162,0.83251,0.45571,-0.095129,-0.14042
6.9931,1.6932,-0.03878,-1.2924,-0.97413,0.86546,0.62412,-0.19836,0.51914,0.88093,0.14999,-0.26503
7.5846,1.0069,-0.55661,-2.2198,-1.1844,0.94091,0.40304,-1.0688,0.91669,0.095376,-0.21144,-0.14497
6.6439,1.2956,-0.80781,-2.3226,-1.5342,0.47979,0.23663,-0.61971,0.37142,0.094761,-0.48779,-0.30228
7.6212,1.3611,0.18327,-2.0833,-0.98408,1.4248,0.70159,-0.70097,0.89355,0.53664,-0.22481,-0.518
7.2245,1.5887,0.12461,-1.791,-0.95017,1.2203,0.68241,-0.4529,0.62918,0.039937,-0.24062,-0.0525
7.6115,1.3297,0.35272,-2.4053,-1.3211,1.731,0.26302,-0.98022,0.72975,0.2586,-0.30453,-0.47396
6.7747,1.1141,-0.22616,-2.2435,-1.5793,0.95696,0.23048,-0.78227,0.48893,0.00038845,-0.52911,-0.016014
6.9106,1.792,0.36843,-2.6001,-1.4117,1.4046,0.26658,-0.77619,0.43526,0.26622,-0.24181,-0.059096
7.1719,2.1013,0.23062,-1.6009,-0.95137,1.2317,0.39394,-0.31488,0.78131,0.20776,-0.47045,0.22719
7.7746,2.5765,0.1403,-2.0584,-0.88543,1.1218,-0.01919,-0.69835,0.76916,0.44162,0.18936,-0.41136
6.6859,1.5477,-0.42264,-2.381,-1.6368,-0.46166,-0.4889,-0.85395,-0.21441,0.23093,-0.76954,-0.52818
6.7001,2.8572,-0.402,-1.657,-0.74877,0.14291,0.51138,-0.14525,0.022381,-0.27764,-0.28752,-0.15469
7.3012,2.9976,0.021374,-1.249,-0.49448,0.11199,1.0348,0.12686,-0.032802,-0.37291,0.28016,-0.22781
6.177,2.5911,-0.19427,-0.93301,0.15961,-0.11717,0.3701,0.56896,0.88947,0.52168,0.54693,-0.24571
6.8962,1.5867,0.067106,-2.1465,-0.54755,0.85221,0.28582,-0.78348,0.23839,0.4519,-0.35082,0.13009
5.7892,1.9323,0.053863,-0.37949,-0.085019,0.1863,1.0074,0.34841,0.50123,0.56753,0.126,-0.13804
4.5349,2.1945,0.039167,-0.79688,0.011412,1.0796,1.0103,0.62613,0.73148,0.4506,0.44194,-0.17879
5.2007,2.1546,0.33029,-0.56004,-0.54505,0.54005,1.4235,0.63209,1.1638,1.0569,0.91604,0.14313
4.9844,1.5819,0.5404,-0.018594,0.16801,0.21358,0.68553,0.74692,0.5797,0.41181,0.52934,0.3496
3.6989,1.2889,0.65761,0.15211,0.75709,0.78432,0.99844,0.01713,0.34213,0.58577,1.3837,0.68389
4.3458,2.0102,0.35516,0.020474,0.78604,0.35118,0.86252,0.33502,0.61987,0.75123,0.63015,0.18213
3.2937,2.4184,0.86659,0.16699,1.3581,0.38036,0.94492,0.72539,0.30521,0.17594,0.49308,-0.019855
3.6716,1.91,0.5669,0.43207,0.74365,1.1778,1.5347,0.60146,0.64672,-0.2874,-0.13235,-0.35877
3.3407,1.8989,1.4289,0.67255,1.1194,-0.12391,0.90754,0.37479,0.33495,0.81235,0.9352,-0.23883
3.5251,2.4055,1.5022,0.4619,1.0252,0.75892,0.80087,0.15844,0.54104,1.1035,1.0832,0.34469
1.7787,1.1941,1.1194,0.27196,1.4623,1.0612,1.4536,0.031444,-0.0075567,0.42891,-0.0015033,-0.37077
3.2045,1.4158,1.3229,0.28067,1.7558,1.5167,0.59861,0.74763,0.56086,0.3904,0.18524,0.5997
3.2125,1.5988,1.1871,0.75485,0.94556,0.82247,1.1043,0.34784,-0.0957,0.60365,0.73425,0.12253
2.8497,1.9563,1.3302,0.74331,1.4053,0.74007,0.40036,0.054115,1.0331,0.7254,-0.045353,0.076715
3.398,2.169,1.9923,1.6473,1.7414,0.56587,0.66906,-0.64112,-0.37205,0.093323,0.6413,-0.014266
3.1956,2.3886,1.626,0.53046,1.8346,1.0777,0.60252,-0.0060764,-0.26491,-0.44999,0.46725,0.32564
2.8226,2.2703,1.7437,1.0877,1.7955,0.57486,0.33231,-0.39703,0.12522,0.27416,0.35976,0.14223
3.4678,2.2597,1.441,1.1131,1.467,0.92899,1.028,0.089623,0.22516,-0.92371,0.33137,0.68455
3.054,2.3219,1.3611,0.36295,0.71943,0.94275,1.2219,0.20006,0.12621,-0.094235,0.24194,-0.1397
2.8688,1.1977,1.2509,1.1633,1.5555,1.1023,1.0082,0.79095,0.76787,0.23968,0.30782,0.18224
2.7795,2.3205,1.6001,0.49842,1.2825,0.93862,1.2299,0.17131,0.34141,-0.35371,-0.057941,-0.097973
3.1418,2.167,1.6518,0.68118,1.5241,0.72863,0.74673,0.25747,-0.28847,-0.14979,0.25499,0.61396
2.4674,1.3877,0.77594,0.74813,1.6019,1.2511,1.1138,0.22443,0.41235,-0.013558,0.47249,0.42826
3.3616,1.7413,1.1154,0.50704,1.6196,1.3258,1.0365,0.64191,0.67613,0.29275,0.099992,-0.04882
2.9816,2.2505,1.2865,0.82029,0.94332,0.50973,0.40819,0.27702,0.6606,0.065233,0.30146,0.086935
3.4789,1.8634,1.424,0.081407,1.4459,0.87732,0.64212,0.29506,-0.030905,0.031509,0.26811,-0.48525
3.0092,1.6789,1.218,0.68436,0.85641,0.96951,1.439,0.51747,0.68011,0.50503,0.42421,0.26707
3.9761,0.62709,0.97021,-0.097673,0.83982,0.9475,0.13868,0.66918,1.5363,0.63242,-0.20942,-0.38633
4.4412,0.7645,0.55017,-0.34938,0.48058,0.98955,0.30688,-0.092508,1.9966,1.6532,-0.018829,-0.75097
3.619,1.9904,0.82028,0.51233,0.82616,1.1863,1.1285,0.21533,0.20789,0.12085,0.96145,-0.04638
3.546,1.598,0.95112,1.0187,1.3554,1.5167,1.1811,0.20993,0.54426,0.16976,0.058686,-0.15893
3.0087,1.3624,0.35802,0.55053,1.0336,0.60092,1.1911,1.0785,0.96133,0.34295,-0.33092,-0.30423
3.535,2.256,1.7478,0.72256,1.0224,1.0376,1.5461,0.98065,0.45478,-0.10074,-0.28755,0.076485
2.9434,1.482,1.0342,0.17182,0.89875,0.84674,0.80405,0.22376,-0.48066,0.067206,0.9592,0.16411
4.0862,2.2349,0.82722,0.58594,1.3752,1.3062,0.90024,-0.26193,-0.012809,0.016941,0.010798,0.57718
2.8956,1.7744,1.7936,0.87912,1.4283,0.91549,0.34773,0.14083,0.37968,0.43114,0.38359,-0.30004
2.7089,1.4515,1.3683,0.83931,1.4742,0.81397,1.0817,0.26795,0.2605,-0.1048,-0.084109,0.35002
3.6733,1.8045,1.5504,0.33565,1.0823,0.82329,1.2434,0.34948,0.1534,-0.22238,0.39266,-0.020173
3.2028,1.3231,0.51822,0.64391,1.682,1.3453,1.0478,0.56606,0.61046,0.72604,-0.0094201,-0.3746
3.1023,1.121,1.1836,1.0166,1.8278,0.85345,0.64353,-0.22189,0.47422,0.53539,0.049635,-0.45482
3.4324,2.1251,0.98979,1.055,1.21,0.65929,0.96725,0.37907,0.48709,0.1977,0.074237,0.029617
3.509,2.1458,1.4128,1.6521,1.4887,0.5315,-0.02361,-0.346,0.41711,0.504,-0.35088,-0.084972
3.3317,1.8645,1.4892,1.0207,1.0297,0.80492,0.46411,-0.0047096,0.32299,-0.27007,-0.31807,0.8288
2.8534,1.4927,0.96178,0.77463,1.9283,1.0739,0.79538,0.56857,0.17316,0.15087,0.64999,0.6253
3.5877,1.7082,1.0352,0.92489,1.8484,0.9085,0.64874,0.32861,0.021546,0.13323,-0.15382,0.14753
3.0284,2.2347,0.91096,0.97586,1.5893,0.84294,1.0067,-0.47147,-0.67899,0.31533,-0.11975,-0.080929
3.6929,2.0921,0.83773,0.70279,0.81962,0.4404,0.51586,0.15037,-0.11315,0.16091,0.24445,0.0086038
3.0249,1.8324,1.3425,0.98177,1.1955,0.53015,0.17455,0.50675,0.72829,0.3783,0.53151,0.44306
3.2739,2.0126,1.0869,0.91354,1.0256,0.35576,1.0613,0.28812,0.84314,0.3624,0.18461,-0.13097
2.9428,0.94894,1.1852,0.50508,1.2787,1.5113,1.3149,0.047388,0.35737,0.81974,0.15927,0.17455
3.1202,2.234,1.9154,1.3829,1.7028,0.79799,0.644,-0.28716,0.03344,0.18669,0.20746,0.18254
2.6917,1.3134,1.2521,0.78246,0.87494,1.1426,1.4132,0.13148,-0.065761,0.37746,0.33922,-0.011595
3.0538,2.4936,2.1995,0.43826,0.3101,0.51761,1.0125,0.79991,-0.32397,-0.081217,0.78365,0.65484
3.0496,2.3255,1.223,1.0433,0.8855,1.0126,1.3167,0.61092,0.68975,0.43416,-0.39958,-0.10355
3.4844,1.4273,1.0024,0.61983,1.2984,0.68149,0.84653,-0.12559,0.0078059,0.42669,0.4607,0.35543
3.6091,2.6799,1.4507,0.37679,1.7165,1.1027,0.56977,-0.7359,-0.3089,0.38264,0.52373,0.27599
2.9475,1.8295,1.0403,0.144,0.55694,0.95657,1.2615,0.99004,1.1148,0.71348,-0.0090995,-0.3211
3.4179,2.4802,2.1847,0.57722,0.021994,0.28947,0.8079,0.24934,0.31916,0.010648,0.45793,-0.39423
2.7743,1.6879,0.69585,0.60658,1.5089,1.965,2.0249,0.64379,0.28742,0.47575,0.77741,0.24532
2.7611,1.8824,0.73567,1.1358,1.4173,1.0851,1.4862,-0.13281,0.12606,0.28582,0.0076906,-0.057013
3.3379,2.1163,1.147,-0.32676,0.53532,0.9166,1.0984,0.41529,0.36573,0.47065,0.39793,0.18479
3.6702,1.3243,0.82369,0.70441,1.4069,1.2135,1.5197,0.538,0.26792,0.012642,-0.024761,-0.062543
2.7027,1.197,1.3178,0.62805,1.9074,1.3591,1.3309,0.15276,-0.19342,-0.0088216,0.054883,-0.37518
3.706,1.7677,1.559,0.89072,1.61,1.5765,1.3264,0.011096,-0.50965,-0.31976,-0.34625,-0.22195
4.1155,2.2499,1.9792,0.9523,1.0338,0.14311,0.037018,-1.1544,-0.80384,0.47237,0.22259,0.19392
4.4519,3.3963,2.6239,0.76985,0.47863,-0.031482,0.43625,-0.8418,-0.29871,0.18794,0.26279,0.026475
5.0732,3.585,2.2231,1.1086,0.2831,-0.37273,-0.1468,-1.0772,-0.6505,0.19323,0.2779,-0.036058
5.0644,2.9423,1.6623,-0.40429,-0.16407,-0.11163,-0.13551,-1.3376,-1.0606,-0.52217,-0.07329,0.28217
5.3336,2.5126,2.0956,0.7592,0.1844,0.43469,-0.21137,-0.49674,-0.59337,-0.068792,0.30088,-0.6248
5.0634,3.0228,2.0891,0.79308,0.58817,-0.45886,0.062055,-0.044819,0.032282,-0.23051,-0.074982,-0.12123
5.1077,2.7722,2.1802,0.76851,0.40215,0.40511,0.30677,-0.4385,-0.36443,-0.72444,-0.031331,0.36835
4.5475,2.1236,1.4644,0.79141,-0.086259,-0.39005,-0.19451,-1.0579,-0.63229,-0.6268,0.21578,0.54225
4.3604,2.0878,1.9189,0.19005,-0.4212,-0.97864,-0.015938,-1.1134,-1.5157,-0.73518,0.25779,0.79105
5.5052,3.0123,1.7545,0.25498,0.067176,-0.063201,0.19537,-0.72081,-0.53706,-0.17389,0.15163,0.23791
5.7193,3.3701,1.9483,0.62532,0.10456,-0.82351,0.050608,-0.15887,0.063264,0.46518,0.39349,-0.26684
5.8656,2.55,1.5106,1.0922,0.21026,-0.36309,-0.38988,-0.91355,-0.68202,0.0089494,0.7487,0.46205
5.4231,2.8073,1.731,0.72212,-0.26881,-0.57186,-0.44093,-0.46378,-0.5988,-0.39323,-0.13785,0.22118
4.9774,2.5089,1.9272,0.29409,-0.12359,-1.541,-0.86983,-0.3331,-0.58769,-0.045829,-0.19767,-0.060149
5.8859,3.474,1.871,0.38158,0.1531,-0.63299,-0.04145,-0.92874,-0.36531,0.066997,0.082766,-0.049368
6.3443,2.6387,1.5891,1.0252,0.46836,-1.0096,-0.29002,-0.17606,0.18861,-0.58876,0.13766,0.12661
6.0916,1.9217,2.1357,1.4956,-0.071888,-1.3194,-0.13953,-1.0392,-0.12965,-0.020587,-0.22907,0.10328
5.1394,1.304,2.2936,1.0153,-1.4621,-1.7869,-1.0351,-1.3815,-0.595,-0.12761,-0.49434,-0.86223
6.1461,0.84303,3.397,1.0992,-1.2817,-0.81651,-0.028503,-0.72391,-0.51258,-0.19231,-0.21249,0.055227
5.9432,0.98517,3.7148,1.938,-1.9974,-0.92209,0.37566,-0.99277,-0.36518,0.24949,-0.31829,-0.37413
5.9773,0.32436,3.9238,1.6688,-2.2854,-0.64318,-0.11563,-1.4681,-0.18771,-0.12359,-0.11763,-0.39678
5.3417,-0.23846,3.3456,0.37066,-2.6401,-0.64713,-0.60364,-2.1266,-0.72799,-0.17055,-0.62292,-0.73855
6.3774,0.26392,4.1072,0.60743,-2.1141,0.35987,0.41457,-1.8963,-0.39298,-0.029785,-0.20666,-0.067002
6.0989,1.0435,4.1745,0.91782,-1.8206,0.32925,-0.055829,-1.5768,-0.27923,0.4096,-0.27465,-0.18596
5.4336,1.0895,3.8376,0.52845,-2.0154,-0.20666,-0.017094,-1.7448,0.11627,-0.021234,-0.79386,-0.055082
4.6917,1.2646,3.6652,-0.30417,-2.2793,-0.3722,-0.81013,-2.373,-0.43415,0.090546,-0.61231,-0.72731
5.386,2.8164,2.9412,0.057843,-0.78283,0.071065,-0.25311,-1.1249,0.07852,0.0050291,-0.24266,-0.095966
4.9692,3.1593,3.7399,-0.027267,-0.52139,0.44701,-0.30176,-1.7197,-0.4159,0.058177,0.75117,0.63546
4.5653,3.0317,2.7489,0.46449,-0.46756,-0.11472,-0.3365,-1.2275,0.11876,0.22173,0.18582,0.66766
4.5322,1.8462,2.0138,-0.50723,-0.26768,-0.11465,-0.028591,-1.3121,-0.14546,0.71752,0.98882,0.53196
4.1598,1.5344,1.9277,-0.27186,-0.14611,-0.3383,-0.66519,-0.89917,-0.73048,-0.25027,0.075761,0.47274
3.4994,2.6551,2.5045,0.98489,0.99462,0.16134,0.30351,-0.32572,-0.53613,-0.33541,-0.18286,-0.0054774
3.7097,1.8815,1.5251,0.71671,1.3028,1.4191,1.0786,0.23575,-0.325,-0.093058,0.41628,0.049284
3.5383,2.2509,1.2941,0.64536,0.79394,0.26688,1.1037,-0.15008,0.11094,0.2694,0.44633,0.26093
3.0893,2.0505,1.353,0.88168,1.1268,0.020749,1.1914,0.3896,-0.081128,-0.33062,0.18875,0.26906
3.8482,2.1571,1.3977,0.83318,1.0455,0.50482,1.1369,0.050161,-0.36707,-0.17376,0.33796,0.048637
3.1181,1.669,1.3558,1.0745,1.301,1.1815,1.155,0.69932,-0.051797,-0.21782,0.32002,0.012291
3.1637,2.0699,1.1017,0.46632,0.95411,0.62985,0.42864,0.23514,0.89432,1.0912,0.81291,0.051904
3.0244,2.1363,1.3723,0.87911,0.89259,0.47122,1.2407,0.3035,0.10771,-0.045904,0.5845,0.23916
2.9047,1.7352,1.4162,1.2913,1.25,0.95537,0.81187,0.033237,0.48932,0.0015586,0.61704,-0.17597
2.8374,1.4359,1.3277,1.096,1.2256,0.98799,1.9174,0.32642,0.28463,0.26866,0.067755,-0.2052
3.5598,1.6682,1.3324,0.30492,1.1864,0.74583,1.0302,0.58805,0.21237,0.29099,-0.034096,0.51531
2.9476,1.6188,1.4763,0.93787,1.1983,0.76337,1.0374,0.24085,-0.103,0.74803,0.98164,-0.090903
3.581,2.0129,0.27177,0.10736,1.4529,1.4533,0.70743,-0.17536,0.4116,0.46577,0.99898,0.33921
2.9808,1.7878,1.1821,0.6545,1.2912,1.019,1.3054,0.31075,0.61041,0.55642,0.15216,0.10807
2.8861,1.919,1.3634,0.13054,1.3858,1.0287,1.1902,0.07684,0.37083,0.36143,0.74659,0.63145
3.3694,1.9641,1.1989,1.0514,1.5802,1.6233,0.8767,-0.15953,-0.16984,-0.5097,-0.44418,0.01891
3.3854,1.8016,1.5758,1.0942,1.2655,0.20064,1.2499,1.0623,0.82116,0.47998,-0.065006,-0.63915
3.6422,2.0789,1.6024,0.74198,0.83294,-0.051835,0.34809,0.3949,0.53975,0.02501,0.013838,-0.3087
3.4008,1.1597,0.62606,0.53487,1.3002,0.70627,0.91965,0.58584,0.45758,0.19279,0.56532,0.26308
2.7982,1.6902,1.2217,1.4068,1.1235,0.64839,1.2488,0.12664,0.21711,0.42268,0.11387,-0.17205
3.3857,2.1369,1.1455,0.62086,1.0668,1.151,0.76521,0.051653,0.12386,0.19223,0.12315,0.037552
3.1624,1.5538,1.0414,0.81958,1.0394,0.65555,1.1219,0.092811,0.25916,-0.03931,0.064208,-0.12697
2.8355,1.8017,1.1678,0.36041,2.018,1.9167,1.9124,0.32221,0.26136,0.19959,0.13382,-0.40148
3.0321,1.5946,1.3688,0.57087,1.6696,1.6651,1.3278,-0.30212,-0.60791,-0.27317,0.07524,-0.61087
3.0209,1.9186,1.6216,0.17045,0.74281,1.0058,1.5359,0.42535,0.12207,1.0425,0.66351,0.47425
2.922,1.7,0.98821,0.52489,1.3637,1.0066,1.2536,-0.10186,0.35581,0.60357,0.464,0.33834
2.9111,1.6149,0.82346,0.89326,1.6916,1.0329,1.3917,0.28485,0.3833,0.42617,0.38119,-0.61576
4.0655,1.6036,0.49721,-0.075208,1.0005,1.0149,0.89063,-0.27881,0.3186,0.41677,0.20662,0.53645
3.7988,2.3504,1.5046,0.39915,0.53224,0.66288,0.96275,0.2885,0.018873,0.51847,0.74521,-0.15997
2.5245,1.5033,1.3334,0.47641,1.0026,0.2147,1.668,0.72414,0.34699,0.24728,0.16083,-0.10206
2.8205,0.82334,0.76428,0.27689,1.2649,0.59735,0.97938,0.40155,0.98429,0.64526,0.57008,0.71743
2.8854,0.82922,1.4291,1.233,1.5538,0.16522,0.86923,0.35681,0.83385,0.36445,-0.39533,-0.035272
3.6599,0.80347,1.1898,-0.18425,0.89104,-0.075737,0.5036,-0.1635,0.7727,0.62827,0.0064283,0.24083
3.6409,1.7962,1.1484,0.097432,1.2323,0.74046,0.78549,0.14502,0.71876,-0.0535,0.33494,0.75211
2.9981,1.499,1.4134,0.14599,1.2293,0.30504,0.6277,0.55717,0.63739,0.375,0.37986,0.18651
2.8652,1.6509,0.98844,-0.29152,0.90468,0.80669,1.297,0.32605,0.41602,0.48202,0.28401,0.76111
2.1985,1.8207,1.8893,0.050691,1.4195,0.52941,0.69306,0.32552,0.6405,0.23892,-0.065327,0.072063
3.2995,1.6881,1.5139,0.27386,1.1562,0.462,0.66702,-0.26964,0.66858,0.26908,0.48501,0.57956
3.4803,2.0729,2.2289,-0.24697,0.27123,0.51525,0.50106,-0.16406,0.29253,-0.056015,-0.06409,0.95729
2.0607,0.81295,2.3369,0.94463,1.0691,0.91724,0.83203,0.34978,0.75576,0.53276,-0.0093939,-0.10359
3.3891,2.5959,1.7555,-0.13734,0.35612,0.83748,1.4842,0.66402,-0.15433,-0.20015,0.19329,0.20477
3.7065,1.7117,1.2958,0.17968,1.0321,0.66918,0.84694,-0.018806,0.43419,0.52247,0.051432,0.38748
3.2561,1.4087,1.1078,0.89061,0.99539,0.3978,0.99239,0.91478,0.46551,0.43166,0.24156,0.09362
3.4166,1.4373,1.2829,0.53819,0.45394,0.83555,1.2733,0.42733,0.32304,0.096448,0.18981,0.067289
1.7521,1.3203,1.9213,0.96814,1.6746,1.141,1.469,0.99832,1.2025,0.74916,1.0471,0.0039092
3.1381,2.1968,1.6733,0.5301,0.72857,0.58587,0.63915,-0.11004,0.029704,0.071411,0.78701,0.10151
3.9124,2.1538,1.0776,0.99879,1.1587,0.63551,0.76252,-0.028488,0.51675,-0.11268,0.4046,0.0096067
2.5674,1.8749,1.0752,0.62363,1.4797,1.2802,1.4689,0.079577,0.42037,-0.40474,-0.16248,-0.29092
3.4835,1.1628,1.3134,0.55419,1.056,0.7491,0.85,0.79478,0.46677,-0.12331,0.30851,-0.16515
3.7783,1.5687,0.7145,0.062803,0.45943,1.696,1.4524,0.036282,0.24769,0.36405,0.51793,0.33
2.8112,1.5007,1.0618,0.59674,0.88573,0.69454,0.83221,0.36709,1.0069,0.53892,0.12466,0.31623
2.2431,2.195,1.3671,0.12567,1.182,0.64249,1.1962,0.19394,0.57787,-0.16294,-0.062704,0.46459
2.4214,2.3615,1.4624,0.28025,1.1106,0.87088,1.9947,0.44506,0.40817,0.073913,0.062216,0.16097
2.7818,1.2929,0.55467,-0.051408,1.0605,0.8433,1.2882,0.85028,0.23624,-0.034604,0.56091,0.30909
3.4402,2.0125,1.6296,0.75711,0.78255,0.33864,0.85416,0.091878,0.37946,-0.21822,0.31051,0.76775
3.5795,1.7298,0.88569,0.52381,0.94319,0.77775,1.4115,0.53066,-0.26832,0.24328,0.311,0.42124
2.8103,0.95126,0.6659,0.62814,1.1097,0.74816,0.86185,0.59493,0.97424,0.57693,0.99026,-0.093933
3.0999,2.178,1.6592,0.61878,1.2145,0.71953,0.72517,0.15169,-0.076035,0.66925,0.50175,-0.68253
3.5404,2.1133,1.2652,1.345,1.169,0.54909,1.215,0.36004,0.10409,-0.2603,-0.088322,0.42513
3.3461,1.756,0.95058,0.5995,0.88922,1.2929,0.80659,-0.081298,-0.12093,-0.46804,0.14942,-0.26443
2.9657,1.8943,1.0267,0.3497,1.6353,0.83595,1.169,0.56053,-0.50265,-0.052164,0.21291,0.22212
3.0658,1.2578,0.83897,0.57445,1.34,1.0138,1.4861,-0.18697,0.13382,0.33274,-0.14936,-0.41524
2.6147,1.8564,1.3598,0.14253,0.68417,0.81417,1.2312,0.97015,0.46426,0.19386,0.83619,0.48656
3.2076,1.8976,1.0942,0.65108,1.2716,1.3211,0.59363,-0.11133,-0.36921,-0.084974,0.22252,0.4757
3.1482,1.7878,0.51244,0.053104,1.0886,1.2125,1.4324,-0.16966,-0.016095,0.75597,0.35243,-0.23182
3.2195,1.4785,1.0686,0.35798,1.2197,0.59154,0.87893,0.44547,0.9472,0.42538,0.32074,0.33937
3.1262,1.4909,1.3604,0.97142,1.487,0.38385,0.66178,-0.16903,0.01866,-0.50806,0.07496,0.066943
2.8499,1.5323,1.2609,0.51612,1.1893,1.0113,1.0402,0.37741,0.46091,-0.11285,0.31284,0.43152
3.2981,2.0223,0.7184,-0.68236,0.79416,1.4566,1.1093,0.077619,0.30112,0.058321,0.95799,0.76716
3.4272,1.7472,0.99154,0.49234,1.5185,1.4089,1.3188,0.27804,-0.0074012,-0.22369,0.085897,0.3106
2.8985,2.1515,1.6565,0.011832,1.2372,1.4501,1.3194,0.58113,-0.010376,-0.63689,0.46516,0.27465
3.2727,2.4213,1.586,0.74676,1.2091,0.35906,0.39205,0.16414,0.27993,0.22277,0.70142,0.65517
2.8964,2.1886,1.9068,0.83665,1.1029,0.95729,0.41447,-0.14126,0.11131,-0.31586,0.34658,0.19343
2.5558,1.6159,1.3067,0.87956,1.39,0.66142,0.94502,0.582,0.61183,0.92268,0.51968,-0.038647
3.1307,2.1897,1.5291,1.0971,1.3183,0.96873,1.3816,0.071726,-0.21762,-0.46531,0.096327,0.17207
3.4215,1.5571,0.82062,0.93463,1.3619,0.42391,0.90756,0.064989,0.056385,-0.052438,0.20479,0.16298
3.1546,1.7405,0.88954,0.90198,1.2805,0.4088,0.30555,0.39782,0.56268,0.47283,0.38967,0.3698
2.7074,1.414,0.75093,0.74121,2.2787,1.5051,1.3696,0.22909,-0.11443,-0.59535,-0.26791,-0.11894
2.7435,1.7379,1.1433,0.2339,1.0824,1.5523,1.2509,0.0083018,0.27979,0.61557,0.23113,0.015535
