-1.7632,1.617,-1.3931,1.118,-0.82266,0.53793,-0.29018,0.097839,0.03039,-0.095677,0.10752,-0.080999
-1.8376,1.7025,-1.4923,1.227,-0.93151,0.63198,-0.35319,0.11569,0.066241,-0.18569,0.24322,-0.24605
-1.6438,1.5196,-1.3278,1.089,-0.8273,0.56738,-0.33091,0.13404,0.014065,-0.11155,0.16293,-0.17728
-1.6528,1.5419,-1.3694,1.152,-0.9101,0.66464,-0.43485,0.23608,-0.078344,-0.034178,0.10277,-0.13312
-1.6088,1.5057,-1.3456,1.1445,-0.92163,0.69674,-0.48793,0.30937,-0.16997,0.07283,-0.015636,-0.0082863
-1.6088,1.501,-1.3329,1.1207,-0.88395,0.64326,-0.41805,0.22422,-0.072658,-0.031647,0.089581,-0.10717
-1.6455,1.5321,-1.3545,1.1287,-0.87435,0.61261,-0.36412,0.14661,0.026691,-0.14823,0.21649,-0.2356
-1.746,1.6215,-1.4302,1.1932,-0.93568,0.68239,-0.45448,0.26676,-0.12633,0.032689,0.020939,-0.045265
-1.5037,1.4064,-1.2539,1.0595,-0.83992,0.61301,-0.39618,0.20448,-0.049151,-0.063272,0.13131,-0.15822
-1.5669,1.4479,-1.2632,1.0317,-0.77603,0.51999,-0.28557,0.09045,0.053779,-0.14244,0.17762,-0.16716
-1.7558,1.6166,-1.4027,1.138,-0.85107,0.57041,-0.32089,0.12054,0.021223,-0.10377,0.13415,-0.12475
-1.6344,1.4752,-1.2332,0.93925,-0.62931,0.33864,-0.09659,-0.077396,0.17586,-0.2032,0.17353,-0.10712
-1.5867,1.4809,-1.3152,1.1037,-0.86436,0.61661,-0.37927,0.16877,0.0024816,-0.12708,0.20301,-0.23337
-1.6529,1.5043,-1.2774,0.9999,-0.70423,0.42231,-0.18104,-0.0012474,0.11668,-0.16772,0.16545,-0.12642
-1.5213,1.4216,-1.2659,1.0689,-0.84823,0.62307,-0.41157,0.22902,-0.086228,-0.011404,0.064102,-0.077238
3.3963,1.2952,0.5242,0.24754,1.3045,0.77287,0.1182,-0.20305,0.026992,-0.60196,-0.18227,0.021871
3.3422,1.433,1.2592,0.9831,1.4663,1.2562,0.89301,0.24723,0.31972,0.11862,0.00033976,-0.32652
2.0446,1.2101,1.004,1.3407,2.1546,1.6944,1.8328,0.11454,-0.28534,-0.26402,-0.4874,-0.52838
3.5696,1.5318,1.2556,0.45503,1.3549,1.0042,1.1254,0.2503,0.19926,0.15329,0.37887,0.66159
2.939,2.172,1.3609,0.32624,1.1567,1.7542,0.93054,-0.082992,0.27753,-0.018845,0.32176,0.035367
2.9914,2.1551,1.3814,1.3816,1.3774,0.82242,1.0369,0.37091,0.90924,0.5061,0.70023,-0.34683
3.0097,1.3932,1.0831,1.0717,1.5488,0.85077,1.0212,0.5116,0.65061,0.56538,0.34512,0.26109
3.3573,1.6403,0.7921,0.61211,1.5222,1.777,0.97547,-0.10877,0.33056,0.19818,0.5614,-0.097845
3.7595,1.9509,1.2093,1.0552,1.5565,0.39738,0.28799,-0.49835,0.010858,-0.031267,0.42959,0.40799
3.1426,1.7263,1.3291,0.70521,1.2958,1.1813,0.77605,-0.38407,-0.43544,-0.32726,0.35639,-0.0022998
2.9925,1.6346,1.1488,0.45679,1.6406,1.1222,1.1779,0.5289,0.59957,0.46295,0.4765,0.23406
3.434,2.0574,1.0327,0.69325,1.8152,0.75432,0.44881,-0.082617,-0.14276,0.89143,0.77961,-0.1555
2.5464,2.1025,1.2468,0.34795,1.1005,1.0235,0.99661,0.44067,0.59824,0.85512,1.058,0.17967
2.384,1.3481,1.7955,1.2315,1.6161,1.0385,1.1061,0.37899,0.23548,-0.042082,0.1522,0.63188
2.7976,2.2388,1.7929,1.1948,1.6046,1.2062,0.63832,0.14463,0.49906,0.20821,-0.34005,0.21622
2.7364,2.3927,1.5379,0.89267,1.289,0.42344,0.66064,0.58858,0.75316,0.20834,-0.53159,-0.46915
2.8543,1.4512,1.6924,1.3221,1.1624,0.62416,0.49717,0.64134,0.77958,0.02673,0.51976,0.0064195
3.3087,2.1165,2.3147,0.81044,0.77935,0.74134,0.60586,0.13712,0.095649,-0.38602,0.24967,0.1781
3.5804,1.947,1.312,0.57856,1.3739,1.109,1.1499,-0.61529,-0.21345,-0.43432,0.61048,0.31874
3.3822,2.3251,1.6073,0.9451,1.3921,0.91381,0.65911,0.19735,0.14605,0.23864,0.063992,-0.15284
2.8974,1.9211,1.1784,1.2441,1.5677,0.85179,0.90753,0.29153,0.1518,-0.1012,0.53424,0.57888
2.8398,1.6135,0.94143,0.8004,1.5678,0.81973,1.4458,0.80098,0.070909,-0.022857,0.15455,0.1254
3.3525,1.9676,1.3778,0.39287,1.5607,1.5389,1.2751,-0.19103,0.028433,-0.15837,0.72413,0.080545
4.2372,1.8534,0.95001,0.89742,1.0245,1.0888,0.87893,0.12042,0.50668,-0.24429,-0.27384,0.001219
3.264,1.479,0.96307,0.78391,1.846,0.95554,0.94574,0.23464,-0.15733,0.32958,0.60242,0.25782
3.1153,1.5622,1.1273,1.301,1.0226,0.35839,0.65145,0.11948,0.41729,0.51548,0.7119,0.2853
2.7906,2.2626,1.1037,1.0495,1.5987,1.3166,1.3995,0.32531,0.60768,0.67062,0.58904,0.022484
3.0466,1.6589,0.69683,0.66101,1.3611,0.47717,0.23662,-0.32418,0.41974,0.28554,0.52406,0.13225
2.7558,1.8745,1.8031,0.87872,1.4343,1.5399,0.93131,0.7158,0.68956,1.0137,0.081812,-0.45786
3.6543,2.0953,1.2809,0.71395,0.716,1.3426,0.83912,0.14379,0.26715,0.31024,0.60392,0.39878
3.4205,1.3258,1.4682,0.88124,1.2358,1.4115,0.89169,0.41494,0.42251,-0.26932,-0.2954,-0.50435
3.8374,1.9533,1.1131,1.1139,0.83654,-0.24897,0.90291,1.3074,0.7503,0.23652,0.30547,0.35217
3.7921,1.4903,1.3734,1.0421,1.4489,1.0042,0.36256,0.15083,0.047661,0.15689,0.56354,0.2625
3.3061,2.3667,1.1412,0.54849,1.4354,0.39912,0.62643,0.48816,0.58758,0.12411,0.24308,-0.13633
2.7097,1.5585,0.9923,1.0877,1.5564,1.0518,1.67,0.32805,0.31717,0.065022,0.19931,-0.022809
3.1472,1.8772,1.5001,0.56286,1.1233,0.87945,1.2742,0.57277,0.14681,0.25507,0.35027,0.21291
3.4707,1.4886,1.4104,0.25963,0.63385,1.1938,1.5828,0.38436,0.54524,0.27996,0.59031,0.36668
3.3568,1.8712,1.2337,0.013794,1.0892,0.93713,0.92536,0.44903,0.52709,0.45066,-0.1722,-0.1649
3.5006,1.74,1.8117,1.1356,1.7883,1.0134,0.97281,0.048992,-0.16638,0.02111,0.097532,0.0069342
3.2701,1.5512,1.7077,1.3225,1.4294,0.62836,0.50953,-0.030238,0.35391,-0.13532,-0.45942,0.10328
3.405,0.77319,1.2686,0.33994,1.5038,1.2955,1.274,0.21523,0.60203,0.38881,-0.26412,-0.31368
3.2093,1.8275,1.2894,0.55923,1.4459,0.69185,0.58532,0.73773,0.48203,0.16943,0.3506,0.14454
2.1862,1.0377,1.7324,0.51194,1.7391,1.1734,1.8253,0.73924,0.41981,0.54769,0.23245,0.21964
3.3533,1.5306,1.4489,0.071758,0.91386,0.22072,0.52826,0.626,0.33175,0.54368,0.047353,-0.1741
2.9272,1.306,1.8901,0.55102,1.6328,0.14984,0.79626,-0.065601,0.34147,0.60652,0.50806,0.43754
2.256,1.4008,2.0514,-0.41713,1.1789,0.37329,1.7613,0.46579,-0.10849,0.76986,0.27902,0.55512
2.1463,0.89244,1.7962,0.46924,1.5108,0.47453,1.1064,0.65878,0.16333,-0.018331,0.0017834,0.28245
2.2076,1.6861,2.9319,0.99352,1.421,0.14048,0.75233,0.63694,-0.54559,0.21946,0.38468,0.82452
2.3545,1.2324,2.3921,0.62262,1.0424,-0.43464,0.7856,0.74482,0.47942,0.94964,-0.39612,0.11157
2.3121,1.6443,1.3429,0.30953,1.4744,-0.46408,1.3857,0.8838,0.40571,0.8089,-0.29694,0.42133
2.2007,1.5533,2.2979,0.27651,1.5296,-0.2224,1.1737,0.4108,-0.25514,0.73038,0.28365,0.19049
1.7282,1.7387,1.9887,-0.15617,1.5682,0.12354,1.8014,0.58561,-0.22785,0.61369,-0.28104,0.12104
1.3307,0.90133,1.9739,0.16099,1.6631,0.183,1.6076,0.94548,0.27809,0.38825,-0.053049,0.78102
1.8729,1.7538,1.4276,-0.26882,1.5943,0.15535,1.7258,0.72835,0.19176,0.58238,-0.058096,0.25571
2.0398,1.5593,1.5518,-0.20456,1.2951,0.047886,1.2887,1.1722,0.5349,0.48921,0.20451,0.27774
1.6487,1.9687,2.4511,0.57639,1.3422,0.46817,1.5233,0.52142,-0.14731,-0.31126,-0.066858,0.19074
2.1183,2.2682,1.7547,-0.5347,1.2985,0.25436,1.4615,0.31643,0.13305,0.090135,-0.0063213,0.7356
1.5673,1.7372,2.2747,0.45606,1.5955,-0.17893,0.88054,-0.15274,0.29859,0.8171,0.46152,0.4856
1.6729,1.0192,2.0756,0.33154,1.9018,0.058322,1.6722,0.26203,0.58846,0.34757,-0.44167,-0.20077
1.9796,1.8452,2.09,-0.78464,1.6216,0.48165,0.81719,-0.50008,0.4073,0.83806,-0.68791,0.29553
2.1204,1.9661,1.4153,-0.20995,1.7921,-0.21434,0.6077,0.35788,0.52006,0.45148,0.31481,0.91602
0.90442,2.1237,1.9032,-0.016245,1.8957,0.037627,1.6486,0.19497,0.75441,1.2443,-0.36904,0.05467
1.5545,1.3378,1.5595,0.45345,1.9588,0.0058231,1.616,0.0041014,0.41747,0.54132,-0.83202,-0.50603
1.2388,1.7921,2.5526,0.78226,1.4266,0.52137,1.4415,0.021332,0.13359,0.13831,-0.31109,0.39724
1.3707,1.4423,1.7651,-0.25326,1.3776,0.57549,1.7803,0.26848,0.14573,0.75723,-0.22095,0.093599
1.9976,2.19,2.0976,-0.64602,1.8749,0.46594,1.146,0.35604,0.4106,0.30171,-0.57743,0.55614
1.9704,1.0972,1.4745,0.29392,2.0011,0.071032,0.77862,0.22883,0.25433,0.27626,-0.23073,0.55908
2.0642,1.661,2.0069,0.51053,1.6776,-0.17669,0.89116,0.019757,0.9874,0.11968,-0.36972,0.059224
2.1436,1.4425,1.795,-0.4649,1.2053,-0.052974,1.3363,0.54052,0.70544,0.62278,-0.20516,-0.097261
2.036,1.7057,1.7334,-0.41165,1.7502,0.31348,1.0403,0.3292,0.39471,0.92164,-0.53086,-0.18602
0.95581,1.7666,2.373,0.76519,1.7101,-0.68589,0.99389,0.5488,0.87108,1.0973,0.053219,-0.30355
1.4224,1.6032,2.2614,0.35464,1.4807,0.068203,1.5776,1.0114,0.65155,0.92175,-0.059512,0.045842
2.0004,1.6594,2.1246,-0.060112,1.398,-0.064391,0.84875,0.072614,0.90517,0.41748,0.010654,0.37126
1.0952,1.0109,2.1195,-0.18101,1.6657,0.7221,1.591,0.80754,-0.040859,0.61123,-0.23367,0.40219
1.3412,0.88881,2.3434,-0.12371,1.7574,0.97495,1.7228,-0.10917,0.0069485,0.4444,-0.7283,0.095363
1.6917,0.45952,2.2092,0.67074,2.019,0.65909,0.82596,0.24493,0.87721,0.92997,0.54601,1.0178
1.8209,0.45084,2.0115,0.98737,1.6678,0.37562,0.43786,0.28845,0.88653,0.76769,0.54516,1.0134
4.532,2.2804,1.9571,0.70478,0.72849,-0.55195,-0.025634,0.28754,0.65847,-0.05156,-0.18994,0.28981
6.3671,1.1072,2.3942,0.54894,-0.67035,-0.88438,-0.51491,-0.35523,1.1994,0.26485,-0.34603,0.25042
6.1395,-0.28385,1.892,-0.083194,-1.7461,-0.60459,-0.8045,-0.18139,0.92574,-0.71894,-1.1889,0.41466
7.0933,0.34027,1.6954,0.81485,-1.1393,-0.022778,-0.30175,0.066142,1.1363,-0.2585,-1.515,-0.37257
6.5101,-1.0759,0.83352,-0.14467,-1.5311,-0.62,-0.48113,-0.44255,1.3497,-0.38746,-1.3844,-0.069666
6.145,0.055263,1.069,0.2407,-1.5863,-0.18209,-0.20563,-0.15394,1.2309,-0.0011044,-1.3358,-0.27326
6.6611,-0.66935,0.92571,-0.25501,-1.724,-0.20366,-0.1944,-0.029178,1.1132,-0.13043,-1.3119,-0.14568
6.1374,-0.25481,1.3389,-0.12946,-1.6211,-0.041112,-0.20215,0.12177,1.3442,-0.17334,-1.3441,-0.19986
5.9019,-0.61135,1.1123,-0.21081,-2.126,-0.19002,-0.19642,0.084136,1.2804,-0.28593,-1.3359,-0.29004
6.3338,-0.77566,1.4444,-0.43466,-1.7101,0.0369,-0.46611,0.11996,1.4052,-0.38472,-1.3658,-0.4617
6.7382,-1.2299,1.8598,-0.39189,-1.9158,0.24052,-0.051079,0.18215,1.2876,-0.71373,-1.6495,-0.05888
5.9976,-0.74054,1.79,-0.0086841,-2.0307,-0.21108,-0.13597,0.41921,1.2526,-0.86731,-1.6847,-0.09221
6.601,-1.1015,2.1984,0.019554,-1.9221,-0.30155,-0.10038,0.25546,1.033,-0.62362,-1.3279,-0.16559
6.1849,-0.79968,2.0442,0.2028,-1.8222,-0.35837,-0.20543,0.067443,1.298,-0.60635,-1.1518,-0.13651
6.5285,-1.1452,2.0369,-0.1567,-1.7481,-0.31969,-0.38254,-0.048865,1.0687,-0.89526,-0.9778,0.18035
6.8664,-1.1593,2.036,0.084213,-1.6431,-0.018925,-0.15605,-0.26791,0.90704,-0.64986,-0.90179,0.13218
6.665,-0.61914,1.8772,0.038794,-1.5731,-0.31654,0.02132,-0.58339,0.73507,-0.43254,-1.0584,0.16126
7.0816,-0.54409,1.6013,0.076938,-1.7759,-0.48905,0.1757,-0.59245,0.43389,-0.19697,-0.85637,0.15158
7.5525,0.28434,1.167,0.45756,-1.6489,-0.52546,0.13786,-0.60683,0.60645,-0.021284,-0.81091,0.26225
6.6376,0.85233,1.7997,-0.2105,-1.4903,-0.99977,-0.17484,-0.518,1.3029,-0.33287,-0.96263,0.33846
6.9235,1.6655,1.534,0.5727,-1.0303,-1.8986,-0.49814,0.20626,0.97885,0.44029,-0.76607,-0.18086
5.5359,1.6651,0.81022,0.031814,-0.25915,-1.0877,-0.27805,-0.18841,0.75483,0.29934,-0.22766,0.46615
5.2726,2.3056,1.6036,-0.10063,-0.13374,-0.17941,0.03039,0.16284,0.57682,0.46099,0.32669,0.37218
5.0089,2.5552,1.3742,0.10111,0.35607,-0.017182,-0.10535,-0.41136,0.51162,0.19396,-0.12793,0.29064
4.8053,1.8008,1.4232,0.44757,0.39681,-0.44109,0.1847,0.1315,0.31794,0.45806,0.30646,0.49581
4.0958,1.6671,1.2166,0.30273,0.2449,0.47604,1.0198,0.2808,0.059515,0.39544,0.62762,0.70995
4.644,2.2698,1.0224,0.27293,0.89427,0.50592,0.18908,-0.3632,0.17727,0.087892,0.077879,0.11094
3.1031,1.1752,1.2466,1.0292,0.70119,0.3947,1.3885,0.27397,0.6599,0.47036,0.21449,0.80383
4.6212,2.0332,0.91287,0.35653,1.1061,0.73453,0.77777,-0.35913,-0.19281,0.45693,0.69541,-0.17892
3.606,2.1967,1.6684,0.47864,0.77212,0.18821,0.72985,0.045257,0.20863,0.41731,0.27011,0.1729
2.7865,1.6932,1.5299,1.0357,1.0959,0.58242,1.3537,0.84362,0.49462,-0.45384,0.37879,0.22867
2.8083,2.2122,1.9334,0.98927,1.0271,1.1204,1.145,0.26379,0.27194,0.26022,-0.20116,0.21396
3.0585,1.7207,0.97676,0.93145,1.5087,1.3862,1.1933,-0.21624,0.35594,0.55743,0.25541,0.71422
3.072,2.04,2.2013,0.79093,1.1397,0.41855,0.89028,0.1705,0.22103,0.83843,0.17863,-0.051286
3.515,2.6911,2.0542,0.47673,1.7595,0.91334,1.0028,0.15137,-0.045797,-0.090382,-0.17927,-0.54686
3.421,2.403,1.1698,0.35448,1.4025,0.8895,0.51949,-0.726,-0.24433,0.2856,0.37133,-0.46801
3.304,1.6065,1.395,1.1813,1.5308,1.3045,0.94756,-0.41209,0.0084628,0.39316,0.21522,0.60667
3.43,2.0974,1.6123,0.4901,1.3104,1.162,0.59129,-0.038667,-0.054788,0.49418,0.44383,0.14414
3.4536,2.262,1.3578,0.88284,1.1949,0.34567,0.25245,-0.32935,0.57189,0.9536,-0.19711,-0.3724
2.9664,0.71096,0.77667,1.2943,2.3618,1.933,1.3686,0.034283,0.23938,-0.093733,0.38883,0.19589
3.1939,2.2059,1.5914,1.1549,2.0665,1.316,0.75448,0.042726,0.16284,-0.20293,0.18656,0.33839
3.0053,2.1783,1.1777,0.50569,1.3258,0.93131,0.67324,-0.22101,0.074196,0.30892,0.31922,0.42055
2.7874,1.9397,1.041,0.38391,1.2643,1.19,1.8923,0.68934,-0.055287,-0.13613,0.28035,0.25343
3.6748,2.2377,1.4876,0.66509,1.6765,0.6242,1.0062,-0.14489,0.60862,0.48956,0.25522,0.51922
2.9603,1.5343,0.92466,0.53024,1.6337,1.421,1.589,0.265,0.28669,0.46696,0.31709,-0.23311
2.7402,1.9059,0.88776,1.0373,1.9168,1.5699,1.3058,-0.21642,-0.0404,0.35554,0.6374,0.08081
3.2177,2.2979,1.7485,0.68166,1.4179,1.1481,0.60287,-0.42341,0.25473,-0.31762,0.17901,0.49971
3.3193,1.4681,1.3059,1.0089,1.4589,1.1708,0.60897,0.16049,0.43511,0.00014497,0.18602,-0.031818
3.6624,1.9826,0.82626,0.39108,1.1294,0.86712,0.56748,0.62506,0.025531,0.34172,0.58843,-0.23313
3.326,2.1628,1.4348,0.28859,1.7217,1.7645,1.0011,-0.09167,0.14454,0.30727,0.12582,-0.03445
3.0725,1.5844,1.2267,0.50814,1.1529,0.68727,1.2522,0.92478,-0.052359,0.24767,0.5685,-0.088835
2.3082,1.7241,1.2235,1.1284,1.6942,1.3809,2.0038,1.3474,0.65452,-0.20404,0.13017,0.14992
2.5855,1.9632,2.124,1.4877,1.1078,0.21346,1.6221,0.49663,0.17869,-0.098641,0.091334,0.41333
3.0949,1.1981,1.408,0.99832,1.3507,0.25791,0.60262,0.36907,1.2635,0.73119,-0.40083,0.22489
4.8076,-0.63276,0.5228,0.29914,0.46609,-0.32082,0.62104,-0.012925,0.81557,0.38057,-0.26976,0.17242
3.9967,0.89287,1.2068,-0.048625,0.94867,0.082933,0.90141,0.10585,0.61439,0.93657,0.46235,0.57664
2.8731,0.63082,1.9097,0.25604,0.78582,0.21305,1.0899,0.21093,0.97943,0.94351,-0.022823,0.59721
2.3196,0.86946,1.2294,-0.91484,1.2228,0.51783,1.6742,0.85606,0.8337,1.3594,0.327,0.96766
3.1605,1.6029,1.9258,-0.64999,0.58349,1.1371,1.0975,-0.035044,0.58207,0.71725,-0.15094,0.38942
2.2955,1.5688,2.1332,-0.45677,1.0006,0.51482,0.54758,-0.58179,0.10323,1.0272,0.70776,0.98273
3.0213,1.4314,2.1636,-0.056051,1.2403,1.1571,1.083,-0.019252,-0.047521,0.031146,-0.010506,1.0108
3.5327,1.005,1.7324,-0.20651,0.5446,0.45026,1.6298,0.9234,1.1833,0.42344,-0.36494,0.11577
3.1379,0.17453,1.6721,0.35076,0.56562,0.057023,0.96277,0.68217,0.99701,0.6576,-0.20437,0.065544
3.6505,0.041519,1.0297,0.53473,1.2993,0.76452,1.3018,0.65361,1.0415,0.34064,-0.29955,-0.15028
3.2756,0.88311,0.72674,0.70092,1.3415,0.8823,1.4911,0.85639,1.0291,0.36291,0.58251,0.37757
3.599,1.2294,0.91193,0.60674,1.5138,0.9751,0.82836,0.34555,0.90105,-0.78466,-0.50884,0.30653
3.8955,1.5654,1.3264,0.70198,1.3015,0.93949,0.32754,0.28895,0.51075,-0.41989,0.38644,0.64507
3.3415,1.3215,2.0667,0.73031,0.42061,0.42849,1.685,0.82273,0.55885,-0.44665,0.4368,0.33882
3.2924,1.4523,1.5239,0.45014,0.43481,0.15138,0.72002,0.42875,0.69354,0.20981,0.30671,0.37543
3.4272,1.085,1.4227,0.81367,0.48651,0.70406,1.8475,0.87904,0.64814,0.37454,-0.053509,0.30475
3.2631,1.6391,1.1795,0.87248,0.92073,0.48977,0.98348,1.3137,1.4544,0.46496,-0.20063,0.15635
3.515,1.6932,1.3079,0.40357,0.58872,0.7931,0.78978,0.040801,0.61595,0.43667,0.020613,0.32663
3.2427,1.1801,1.2174,0.54562,0.8044,1.0702,1.7743,0.6792,0.98457,-0.357,-0.16391,0.28622
2.9469,1.8793,1.4253,0.44717,0.50939,0.8143,1.6032,1.366,1.4264,-0.44028,-0.21308,0.678
3.9725,1.811,1.2946,0.083514,0.8768,1.1973,0.94571,0.73058,0.92969,0.62353,-0.68097,-0.27384
3.2856,1.2366,0.94388,0.82812,1.0757,1.1864,1.1531,0.97708,1.1852,-0.61275,-0.64911,0.14599
3.7531,2.1396,1.072,0.94626,1.255,1.2889,0.71277,-0.18355,0.1809,0.29511,0.25365,0.309
3.1802,1.8167,1.3203,0.21291,0.5429,0.71195,1.5119,0.76727,1.0012,-0.019079,-0.12098,0.52837
2.6095,1.6188,1.7223,1.1896,0.69339,0.86344,1.2305,0.62828,0.91855,0.82839,0.45827,0.3862
3.9458,1.5915,1.2484,0.55683,1.0372,1.0693,0.79487,-0.26078,0.24307,0.98525,0.60227,0.44449
3.365,1.5181,0.93761,0.77486,1.4285,1.0946,0.79938,0.03508,0.1661,0.1698,0.31634,-0.21895
3.0826,1.8833,2.5295,1.9371,1.3293,1.3259,0.86982,-0.34104,0.18305,0.67714,0.87475,0.19059
2.519,1.6897,1.4734,1.1989,1.6272,1.5272,1.3424,-0.10194,-0.31995,-0.087926,0.55245,0.3407
2.196,1.975,1.8505,1.1559,2.2176,1.6194,1.2642,0.025207,-0.057109,0.41979,0.56518,0.30655
2.5409,1.9554,1.4463,0.86718,1.5515,1.3821,1.0669,-0.2649,-0.097716,0.27066,0.4012,-0.28502
3.2442,2.3072,0.81417,-0.18434,1.268,1.3011,0.9347,0.3283,0.34205,-0.0047678,0.44119,0.21487
3.0291,1.3077,0.97254,1.0475,1.8982,1.6578,1.6845,1.2321,0.42865,0.31614,-0.52404,-0.42968
2.9004,1.8558,1.1655,0.67135,1.5584,1.8643,1.5208,0.23362,0.50293,0.67239,0.49207,0.34999
2.8318,1.8825,1.2082,0.38559,1.515,1.4419,1.8565,0.957,0.76181,0.33348,0.57485,0.19075
3.0809,2.0614,1.1953,0.60362,1.0334,0.53073,1.3949,0.33132,-0.0076937,0.074832,1.0164,0.19629
3.2992,1.8031,1.6715,0.70522,1.5789,1.2173,1.1196,-0.011825,0.1529,0.18358,0.03447,0.01194
3.5996,1.4614,0.72799,0.55595,0.79612,0.47137,0.8009,0.30137,0.1575,0.38054,0.67406,0.18767
3.0011,1.752,1.1182,0.79657,1.8283,1.6809,1.1623,0.29756,0.11301,0.32082,0.45936,0.11741
2.82,1.7132,1.0755,1.1295,1.451,1.1986,1.1763,0.21389,0.44912,0.0028604,0.30734,0.49271
3.3427,1.2095,1.1481,1.0805,1.2013,0.76336,0.53527,0.7847,1.0312,0.53292,-0.0090136,-0.28916
2.6907,1.9903,1.4286,1.182,1.7243,0.95998,0.80014,-0.30071,-0.56198,0.60855,0.76647,0.16982
2.8724,2.1959,1.3687,0.85959,1.8282,1.0188,0.80409,0.047859,0.27098,0.38326,0.18096,0.22967
3.5427,2.2475,1.0543,0.29273,1.0559,0.97677,1.6678,0.50143,0.32993,0.078637,0.23498,-0.0033868
2.5131,1.3259,1.8496,1.044,1.4156,1.0212,1.2797,0.78801,0.49931,0.027727,-0.024927,0.023421
3.1067,2.6396,2.0459,1.268,1.2336,0.73339,1.2856,0.11326,-0.073543,0.059714,0.62512,0.43955
2.5833,1.4101,1.2979,0.96681,1.5978,1.2541,1.4386,-0.050275,0.18465,0.88385,0.19974,0.34607
2.9665,1.9886,1.0241,0.4448,1.2349,1.0835,1.039,0.36652,0.52044,-0.0082885,0.020583,0.52758
3.0717,1.6173,2.3268,1.2435,0.93395,0.48428,0.71034,0.45343,0.53238,0.67172,0.26185,-0.042354
3.2872,1.676,1.4144,1.0336,1.417,1.072,0.71584,-0.21263,0.69055,-0.19178,-0.41179,0.27209
3.733,2.1417,1.0961,-0.2141,1.449,0.63523,0.21277,0.21313,0.75328,0.027771,0.32436,0.27266
3.7947,1.5855,0.64871,0.49398,0.74325,0.94044,0.98077,0.94618,0.47244,0.74508,1.0859,1.04
3.2878,1.9699,1.423,1.4491,1.4418,0.50047,0.31901,0.66256,0.18163,0.018929,0.0588,0.46083
2.7626,1.858,1.1956,1.4364,1.2958,0.78423,1.1865,0.24146,0.14067,-0.026072,-0.11684,0.64096
2.8187,2.2243,1.3372,0.83563,1.364,0.67424,1.0534,0.275,0.58347,0.93906,0.96496,0.82329
3.8106,1.7887,1.0532,0.91806,1.0605,1.0829,1.1065,-0.3935,-0.047939,0.089857,0.042763,0.58676
3.4377,1.5548,0.91229,0.68442,1.3861,0.97917,0.70972,-0.22332,-0.15888,0.43749,0.32674,-0.12909
2.7405,2.5075,1.6924,1.0799,0.85948,1.2289,1.7001,0.31874,0.13211,0.016154,0.51172,0.17411
2.7143,1.6623,1.2362,1.0824,1.0054,1.2972,1.3693,-0.091211,-0.45201,0.091508,0.76078,0.51147
3.1372,2.018,1.8101,1.2509,2.0409,0.03589,-0.21472,-0.1976,0.10599,-0.13453,0.70971,0.27993
3.3519,2.4145,1.7133,0.99135,1.3531,0.48077,0.58153,0.25274,-0.075994,0.30736,0.68301,0.43261
3.2198,1.6989,1.8981,0.69864,1.2219,0.49005,0.73391,-0.072213,0.65876,0.56126,-0.21934,0.54494
3.3895,2.1901,1.266,-0.017928,0.63861,0.63195,0.74311,-0.086437,0.52841,0.96229,0.2399,0.45482
3.2087,1.8109,1.6018,0.83702,1.5517,1.4538,1.0855,-0.017781,0.38259,0.23348,0.23296,-0.28617
2.4081,1.4025,0.87883,0.65393,1.884,1.8095,1.5488,0.55758,1.0643,0.55312,0.25348,-0.065167
3.3334,1.4718,0.97903,0.82719,1.0575,0.65656,0.99446,-0.031239,0.23035,0.54237,-0.27323,-0.17681
6.7822,0.26098,0.76235,0.15098,0.081129,0.27053,-0.46519,-0.19213,1.1329,-0.027401,-0.70037,-0.65615
7.5105,-2.9018,0.056922,-0.23659,-1.1078,0.34558,-0.55983,-0.94779,1.4271,-0.41492,-1.4439,-0.94259
8.1472,-1.9638,0.16395,-0.036093,-0.59382,0.43603,-0.77972,-0.42631,1.7111,-0.16625,-1.5104,-0.70479
7.9007,-1.279,-0.056024,0.12224,-0.20071,0.20881,-0.69111,-0.27452,1.7001,-0.23775,-1.1413,-0.33029
7.7654,-1.8524,-0.13844,-0.12646,-0.48527,-0.33808,-1.2361,-1.0835,1.2179,-0.091152,-1.3693,-0.86333
8.3097,-1.6957,0.49315,0.26963,0.0055348,0.27305,-1.0994,-1.1292,1.49,-0.22082,-1.1472,-0.81186
7.1481,-0.40737,-0.27098,0.60542,0.19909,0.12591,-1.0334,-0.46461,1.1756,0.2372,-1.0055,-0.76016
7.9396,-1.3599,-0.32925,0.010273,-0.11205,-0.36801,-1.0739,-0.58127,0.76785,0.34603,-1.2465,-1.1214
8.3389,-1.2541,0.2526,0.1818,-0.33683,0.45333,-0.95567,-0.64407,1.4443,0.15999,-1.2449,-0.78472
8.4954,-1.3167,-0.32891,0.085628,-0.24389,0.45309,-0.91413,-0.51044,1.4648,0.13597,-1.2903,-0.39623
8.3533,-1.3613,-1.1169,-0.83293,0.12729,0.17585,-1.0347,-0.65156,1.5505,-0.086433,-1.5365,-0.74866
7.9819,-0.60356,-0.87372,-0.60382,0.10584,0.73053,-0.89426,-0.19254,1.4889,0.031931,-1.1634,-0.99452
8.3573,-1.2624,-0.6701,-0.55696,-0.26493,0.56125,-0.8537,-0.52582,1.783,-0.26231,-1.2297,-0.84248
8.2825,-1.1431,-0.31891,-0.75342,0.10194,0.36421,-0.71215,-0.58359,1.7654,-0.13773,-1.4171,-0.57456
8.2933,-0.90431,-0.36817,-0.45875,-0.13665,0.22972,-0.56673,-0.64498,1.244,0.30475,-1.4636,-0.66892
7.7891,-1.4785,-0.54321,-0.94144,-0.36565,0.065099,-0.95951,-0.80729,1.4266,0.14627,-1.3746,-0.71177
7.8064,-0.58451,-0.55365,-0.27096,-0.33968,0.33506,-0.74476,-0.2474,1.6455,0.32796,-1.1871,-0.92141
7.6455,-1.3632,-0.96021,-0.84197,-0.57602,0.24911,-0.96326,-0.92308,1.5601,0.065347,-1.207,-1.1269
7.891,-0.68361,-0.85345,-0.61621,-0.03107,0.3856,-0.78924,-0.60893,1.7936,0.22611,-1.2093,-1.1231
7.5406,-0.221,-1.136,-0.58519,-0.064079,0.70023,-0.78151,-0.4492,1.8154,0.28251,-1.3386,-0.96431
7.4268,-1.1182,-1.4925,-1.2317,-0.52762,0.23491,-0.96001,-0.79839,1.5209,0.1503,-1.1979,-0.92118
7.7634,-0.075965,-0.98992,-0.41583,0.15384,0.33787,-0.48827,-0.33244,1.583,0.24452,-1.2186,-0.79489
7.9697,-0.48652,-0.80164,-1.1807,-0.0056795,-0.055358,-0.85193,-0.39655,1.1389,0.083495,-0.97897,-0.94733
7.1776,0.28181,-1.5135,-0.72609,0.04594,-0.19492,-0.74059,-0.17453,1.2058,0.29895,-0.96504,-0.8463
7.7436,-0.9017,-0.19016,-0.11959,-0.35351,0.52115,-0.54899,-0.40093,2.0333,0.39421,-1.1668,-0.36071
5.8277,-0.78283,-0.67941,-0.95628,-0.28583,0.11459,-1.2017,-0.45673,1.544,0.40682,-0.83636,-0.53626
6.9987,-1.21,-0.24137,-0.5743,-0.1416,0.30049,-0.72732,-0.70105,1.9641,-0.04957,-0.97958,-0.69232
7.1631,0.47123,0.33167,-0.39986,0.49638,0.28114,-0.25244,0.052132,1.7337,0.88441,-0.94425,-0.8638
6.357,1.1824,-0.18421,-0.6732,0.30833,-0.35643,-0.15546,0.15683,1.582,0.75869,-0.97984,-1.0455
5.3643,1.2763,-0.44922,-1.1399,0.29951,0.47106,-0.10781,-0.09485,1.6567,0.57335,-1.0373,-0.53135
5.9244,0.51197,-1.1983,-1.3627,0.82276,0.74834,0.28568,0.96458,2.672,0.93632,-0.84124,-0.80511
4.496,1.0671,-0.23361,-0.18762,1.13,0.75222,0.2562,0.26377,0.75812,1.021,0.11346,-0.77385
4.4553,1.3586,0.3457,-0.38132,0.56193,0.1942,0.83262,0.42687,0.91506,0.66545,-0.56588,-0.66936
4.3345,1.1913,0.55495,-0.055167,0.58633,0.49377,1.7611,0.77283,1.5787,0.79644,-0.20374,-0.79204
3.6603,1.4853,0.11936,-0.28009,1.2121,1.5121,1.3953,0.9514,0.66535,0.84171,0.38241,-0.45721
2.9438,1.1696,-0.017243,0.31592,1.0515,0.29685,0.82301,1.4494,2.1112,0.62168,0.29436,0.26321
3.3024,1.5771,0.40458,0.31896,1.578,1.3577,1.0081,1.0512,0.70018,0.77212,-0.34669,-0.65463
3.9213,1.6265,0.61299,0.022558,0.79839,1.1794,0.80819,-0.087178,0.11107,0.72043,0.57975,0.229
3.4086,2.0387,1.4171,0.248,1.0659,0.45997,1.0594,-0.19387,0.64257,0.58407,0.54743,-0.20538
3.2806,1.5975,0.54396,0.686,1.3755,0.85152,0.96342,0.19543,0.66663,0.80345,0.64664,-0.21407
3.1574,1.8779,1.3193,0.015361,0.94996,1.3104,1.0758,-0.062418,0.26041,0.58773,0.26719,-0.19505
3.2832,1.6017,1.1078,0.46951,1.3008,1.0698,0.78515,0.26364,0.45646,0.32957,-0.40604,-0.21258
3.0906,1.6812,0.95133,0.44028,1.2667,1.1326,1.0605,0.1029,-0.12187,0.41793,0.5119,0.12479
3.4265,1.6639,1.0386,1.4716,1.149,1.0868,1.1756,-0.043063,-0.062804,-0.77716,0.16515,0.42185
3.7793,1.6854,0.65515,0.032878,1.4881,1.7407,1.1907,0.26063,0.29444,0.52801,0.51376,-0.03715
2.8453,0.93694,0.82818,1.1892,1.9384,2.0795,1.4489,0.32681,0.35501,0.091647,-0.059819,-0.0011684
2.8458,1.7954,0.94443,0.31166,1.5285,0.67325,0.87303,0.55789,0.26865,0.092066,0.22937,0.056478
3.9254,2.2133,1.695,0.70814,1.0598,1.6693,0.2098,-0.65113,-0.39298,-0.11057,0.67818,0.1325
3.21,1.274,0.54117,0.50598,1.8678,1.7598,0.73252,0.46786,0.79559,0.10009,-0.43713,0.15792
3.6117,1.0995,0.169,0.51297,1.5878,0.33544,0.50334,0.30275,1.1556,-0.24575,-0.47112,0.12197
3.4126,1.4811,0.75263,1.505,2.3939,0.9566,0.66228,-0.23691,0.74437,-0.036121,-0.74517,-0.13174
3.6037,0.48067,0.8223,0.71366,1.4232,0.70502,0.092575,0.52169,1.5553,1.1334,-0.82008,-0.73202
4.2714,0.78035,-0.09192,0.74412,1.8276,0.84795,0.5736,-0.22541,0.70167,0.74272,-0.35632,-0.72001
3.4611,0.62493,0.74571,0.83853,1.8407,0.36426,0.35168,1.1349,1.5549,0.00082322,-0.3648,-0.41781
3.8078,0.99979,0.73284,0.85292,1.3236,-0.2476,-0.26433,0.42202,1.8236,1.2763,0.11997,-0.40714
3.2015,0.32768,0.60199,1.3127,1.7103,0.39336,1.0648,0.87193,0.53611,0.16255,-0.18284,-0.49288
3.4221,1.085,0.78822,1.0299,1.6347,1.0411,0.29566,0.32134,0.41346,0.3439,0.48282,0.21157
3.2246,1.3671,1.3795,1.4253,1.6042,0.75646,0.44545,0.27582,0.099763,-0.020699,-0.37125,0.028836
3.5292,1.6713,0.98864,1.3414,1.4211,0.14475,0.71097,0.85139,0.59155,0.11029,-0.34016,-0.14188
3.0793,1.2137,0.94337,0.82676,1.082,1.0902,0.68044,0.47772,1.1517,0.41783,0.75787,0.42465
2.2753,0.60287,0.70913,1.3846,2.3291,1.13,0.43743,0.2731,0.68682,0.6203,0.70658,0.2594
3.3455,1.353,0.89039,1.1417,1.8817,1.0502,0.68954,0.26943,1.386,0.28496,-0.31233,-0.45708
2.6591,1.0916,1.1158,0.67295,2.0848,2.0773,1.284,-0.10918,0.16084,0.56658,0.10953,0.26454
2.8792,1.7342,1.3375,0.44908,2.0494,1.2634,0.90823,0.47234,0.34648,0.2168,0.095299,-0.23939
3.2188,2.2551,1.8546,0.79825,1.0508,0.57041,0.19604,-0.14633,-0.22012,0.14518,-0.10058,-0.061758
3.2266,2.1221,1.4715,0.68384,1.9271,1.5093,0.58375,-0.41168,0.27864,0.67864,0.61819,0.12528
2.6019,1.4359,1.0621,1.0731,1.8569,1.5051,1.1124,0.2675,0.41495,0.28247,-0.50492,-0.55713
2.2637,0.36686,0.36362,0.37733,1.4476,0.98587,0.98059,0.67906,1.1977,0.62829,0.26799,0.18058
3.5929,1.888,1.1336,0.67789,0.97265,0.8065,1.4081,0.59557,0.30154,-0.15833,0.32479,0.16157
2.8429,1.6655,1.2959,0.72769,1.4084,0.68538,0.71017,-0.35808,-0.19411,-0.36278,0.29504,-0.079764
2.9067,2.348,1.7999,0.63426,1.0739,1.1419,1.1018,0.25102,-0.1847,-0.2655,-0.059454,-0.32216
3.9113,1.9346,0.82885,0.87646,1.0642,0.59301,0.9368,0.78082,0.31761,0.40556,0.33318,-0.042505
2.9345,1.8892,1.045,0.21218,1.4477,0.78801,0.0025229,-0.67503,0.67612,0.38397,0.0053493,0.13688
3.7429,1.4947,0.78689,0.83031,1.4034,1.0047,1.0526,-0.055841,0.40887,0.30815,0.33654,-0.28776
2.8869,1.0588,0.76793,0.56325,0.91843,0.4606,0.21126,-0.13166,0.48629,0.55192,0.25635,0.12818
3.4369,2.1214,1.922,0.92162,0.99616,0.70887,0.91142,0.41518,0.10288,0.47892,0.018655,-0.18261
2.7005,1.6057,1.0679,0.3406,1.0769,0.93631,0.22824,-0.18622,-0.3349,0.053289,-0.021898,-0.18726
3.6236,2.0813,1.901,1.3905,1.5978,-0.18214,0.823,0.8615,0.39181,0.27212,0.28316,-0.009477
2.4681,1.3259,1.4256,0.63549,1.4753,1.3029,1.0601,0.92385,0.81604,0.48142,-0.21217,-0.082315
2.4732,1.2038,1.0054,0.5345,1.3531,0.89927,1.2529,0.22342,0.35534,0.5307,0.17098,-0.25127
3.7686,1.4538,0.47503,0.88727,1.2849,1.2055,0.99265,0.21318,1.1076,0.28029,-0.018456,-0.14021
2.2652,1.8723,1.3313,0.91017,1.1476,-0.081655,0.3086,-0.027147,0.0013869,-0.44729,-0.30461,-0.11013
3.2303,2.0188,1.7447,1.1727,2.1713,0.71899,0.13296,-0.085504,0.055674,0.11643,0.030242,-0.58624
3.144,1.728,1.3683,0.89724,1.6225,1.3629,1.4451,0.0050675,0.17571,-0.65511,-0.30039,0.24705
3.3911,1.9077,1.0988,0.93322,1.4779,0.61079,0.48897,0.47942,0.96036,0.42858,0.18761,0.3265
2.9244,1.5615,0.91749,0.63236,1.2107,0.644,1.1948,0.52939,0.65595,0.33413,-0.13646,0.056262
3.0745,2.5142,1.8469,0.69184,1.6896,1.5739,0.72285,0.47585,0.44435,-0.22302,0.033174,-0.79964
2.7487,1.2235,1.0112,1.0223,1.1791,0.91834,0.84766,0.12349,0.16008,0.19175,-0.014221,0.25366
2.9627,1.4822,1.1001,0.85786,1.5445,1.4314,1.1689,0.50762,0.77661,0.77199,0.68188,-0.044976
3.2914,1.8695,1.2731,0.43669,0.60467,0.60431,1.271,0.57463,0.41061,0.9618,0.84965,-0.082328
2.8317,1.206,1.2235,0.64029,1.5793,1.3576,1.1332,0.0598,-0.17982,0.089152,0.23914,-0.33001
3.4072,1.9037,1.4618,0.93334,0.88131,0.5446,0.66555,0.16614,0.94438,0.22512,-0.097932,-0.04336
2.4999,1.3063,1.1138,0.41557,1.326,0.89846,1.0271,0.69155,1.0422,0.99294,0.56671,-0.095389
3.6282,1.2388,0.8973,0.6246,1.3429,0.90423,1.1167,0.85392,0.3457,0.050664,0.093029,-0.17213
2.7489,1.1991,1.1311,0.8699,1.1088,0.82808,1.268,0.76504,0.82974,0.11171,0.25688,-0.41324
3.0184,1.131,1.5883,0.91201,1.6428,0.74474,1.2602,1.0915,0.73636,0.18359,0.41487,0.46495
3.8403,1.3385,1.2556,5.9525e-06,1.1014,0.26331,0.61746,1.0524,0.077431,0.0043432,-0.19394,0.61618
2.9121,0.2998,1.162,0.43182,1.3973,0.30869,0.91181,0.43563,0.36837,-0.097176,-0.38016,0.48601
3.0092,0.63784,1.6979,-0.33001,1.3816,0.57408,1.0121,1.1313,0.61796,-0.28087,-0.032076,0.22461
2.8037,0.44814,1.2062,-0.57729,0.35852,0.17945,0.82673,1.146,0.52402,0.37762,0.84962,0.54513
2.6138,0.30243,1.1832,0.049833,1.6023,0.006624,1.0413,1.4711,0.64454,0.24249,-0.20455,-0.0037209
2.7976,0.84175,1.1936,-0.16718,1.631,0.35515,1.6066,1.1328,0.3031,0.18067,0.16239,0.24965
2.915,0.91523,1.1426,-0.65071,1.5614,0.1563,0.70603,0.94671,0.071694,0.020655,0.1826,0.06513
1.9807,0.17106,1.8106,-0.18805,1.1399,0.47562,1.7655,0.83509,-0.057052,0.82754,0.05994,0.34666
2.24,0.69241,2.2441,0.021086,1.5301,0.12796,0.88207,0.76528,-0.17032,0.13146,0.17004,-0.089483
1.7574,0.16848,2.3512,-0.52382,1.4991,0.30914,1.1073,0.59302,0.30547,0.23531,0.23372,0.42745
1.4452,0.24487,2.3217,-0.21581,1.6546,0.17065,0.60975,0.42596,0.3033,0.57392,0.33646,0.46478
2.5231,0.2718,1.6246,-0.41816,1.1344,-0.27308,0.86274,1.0685,0.67631,0.6335,0.43043,-0.29728
2.4788,0.39899,1.7723,-0.69787,1.3571,-0.21679,0.80442,1.1805,0.16624,0.54413,0.99627,0.3132
2.3492,0.58341,1.6753,-0.89157,1.3372,0.31039,1.4865,0.49373,0.20047,0.57375,-0.10203,-0.22052
1.987,-0.35296,1.614,-1.0465,1.2749,0.10986,1.5325,1.0818,0.81352,0.7569,-0.078775,0.38868
2.0283,0.3684,2.3102,-1.0389,1.0413,0.21772,0.87481,0.04224,0.31599,1.5739,0.14451,0.058211
1.8827,-0.26632,1.8535,-1.1882,1.1833,0.27945,1.1821,0.88513,0.76864,1.2282,0.39873,0.36797
1.699,0.13786,2.7395,-1.1011,0.85898,0.21879,0.86802,0.60782,0.52396,0.7874,0.18396,1.0256
0.74479,0.16654,2.3498,-0.51831,1.4303,1.0328,1.5438,-0.071482,0.52593,1.2233,-0.019484,0.75837
1.375,0.37354,2.2969,-0.94785,1.5607,1.2148,1.4972,0.54574,0.27426,0.28004,-0.51886,0.10805
1.7494,0.074117,1.9095,-0.10218,1.3817,0.7475,1.2073,0.62871,-0.0083828,0.56099,0.11431,0.23265
1.4685,0.010813,2.622,-0.59303,0.45939,0.97909,0.89423,0.16048,0.33018,1.149,0.34493,0.69102
2.4396,0.36593,2.4447,-0.22661,0.19894,1.0679,1.5195,0.24941,0.46544,0.39569,0.23584,0.83956
2.3317,0.30024,2.0729,0.49435,1.233,1.0474,0.98324,0.30858,0.1187,-0.087887,-0.30625,0.14901
2.0864,1.0645,2.1206,0.2366,1.6009,1.3045,0.30988,-0.61461,-0.37879,0.1589,0.060034,0.53471
4.9493,1.9792,3.269,0.48824,-0.23589,-0.45304,-0.045092,-0.52164,-0.075659,0.0082661,-0.11069,-0.18967
4.3074,1.3609,3.9746,0.3752,-1.6553,-1.0994,-0.69357,-1.6299,0.15723,-0.16128,-0.32333,0.085217
5.1074,1.0324,4.4775,0.87565,-1.7973,-0.34251,-0.67346,-1.4867,-0.26272,-0.066729,0.33166,0.46873
5.4417,0.91171,4.6791,0.67992,-1.4621,-0.28592,-0.90387,-1.7039,-0.073333,0.25325,0.62753,0.22821
4.4963,0.92546,3.8948,0.24893,-2.5244,-0.41304,-1.0588,-1.9167,-0.6687,-0.52159,0.041204,0.30947
5.3898,0.9235,4.3577,0.76323,-2.0653,-0.22334,-0.66004,-1.4979,0.12373,-0.469,-0.24936,0.30772
5.6411,0.80251,4.8197,0.19363,-2.1863,0.27825,-0.33519,-1.1639,-0.10165,-0.6334,-0.27133,0.39302
4.8201,0.41793,3.0574,-0.10853,-2.3092,-0.045187,-1.1433,-2.2067,0.095216,-0.32809,-0.51998,-0.18789
4.9165,1.2115,4.6762,0.12519,-1.9418,0.14111,-0.35584,-1.5734,0.052707,-0.27697,-0.030298,0.04507
4.7733,1.0278,3.9319,0.27989,-2.1524,0.55363,-0.40787,-1.4494,-0.071276,-0.37248,-0.27872,0.24336
4.8444,1.0965,3.9064,-0.15146,-2.2167,0.52902,-0.26394,-1.9269,-0.057589,-0.34824,-0.25235,0.048402
4.9924,1.2744,4.0327,0.2618,-1.7926,0.16334,-0.40828,-1.4483,0.088322,-0.20076,-0.63406,0.079855
4.9585,0.93745,3.9855,-0.71021,-2.1133,0.19746,-0.66005,-1.4565,-0.18993,-0.148,-0.21162,0.055466
4.7978,1.0576,3.8454,0.8223,-1.4907,-0.33704,-0.41507,-1.7741,0.51531,0.29413,-0.50612,-0.40459
4.7509,1.1655,3.7698,0.73679,-2.0846,-0.56416,-0.28724,-1.1962,0.48702,-0.09691,-0.55239,-0.0079622
5.0722,0.96248,3.6047,0.55442,-1.4246,-0.09864,-0.59721,-1.4597,0.22627,0.17144,-0.089845,-0.2671
4.7001,1.7048,3.2996,0.029329,-1.5174,0.53065,-0.31354,-1.492,0.30205,-0.056827,-0.24681,0.54013
5.3243,1.3555,2.6947,-0.86262,-1.6983,-0.29905,0.31387,-1.8785,-0.62857,0.50762,0.22118,-0.20406
5.25,2.6129,2.6588,0.26772,-1.0004,-0.2835,0.054643,-0.80211,-0.43856,0.013096,0.18062,0.24793
5.5842,2.2915,2.9881,0.49887,-0.79076,-0.73689,-0.31626,-0.64453,-0.26637,0.00097514,0.079864,0.1235
3.7533,2.1371,2.3563,-0.38436,-1.7641,-1.607,-1.2605,-1.85,-0.56321,-0.3573,-0.48884,-0.14632
5.4851,2.994,1.8367,0.089072,-0.0083632,-0.40946,-0.21949,-0.33774,0.095054,0.15341,0.19914,0.17932
3.7906,2.6826,3.2519,0.040106,0.49003,0.28211,0.37725,-0.56779,0.034045,0.40708,0.33892,0.83023
3.2618,0.70891,2.2819,0.32544,0.37603,0.093837,0.70245,-0.086066,-0.40314,-0.33687,0.88248,0.68452
2.2003,0.53306,2.7694,-0.036825,1.3007,0.88571,0.92051,0.17494,-0.0020294,0.47983,0.10441,0.19073
2.7956,1.0272,2.3693,0.47672,0.74301,-0.13284,1.0314,0.61359,-0.94318,-0.18726,0.62078,0.25318
2.4547,1.5338,2.1603,-0.43227,0.40122,-0.093335,1.3464,0.70041,-0.16215,-0.20721,0.10027,0.34187
1.3024,0.78594,2.7675,0.11917,0.69386,0.7766,2.0623,0.9149,0.64771,0.28777,-0.28112,0.44126
1.2406,0.82856,2.6154,0.10213,1.1531,0.36927,0.96856,1.0078,1.1367,0.63064,-0.13577,1.0748
1.9589,0.33186,2.3255,0.16157,1.5581,0.96476,1.068,0.82186,0.055048,0.11316,-0.042229,-0.20474
2.1846,0.57564,2.6635,-0.65124,0.61895,0.47333,0.46601,-0.12144,-0.2123,0.9573,0.71645,0.69184
2.262,0.95919,2.5622,0.04247,0.74341,0.47035,0.76697,1.1889,0.37561,0.33995,-0.22415,-0.026262
1.4945,0.47948,1.4642,-0.66541,1.8623,0.60529,0.94308,0.94024,0.41332,0.27432,-0.53339,-0.078336
2.2867,1.0467,2.1567,0.29922,1.5662,0.39432,1.0438,0.41583,0.28281,0.32401,0.10231,0.86686
2.0657,1.125,1.7254,-0.15629,1.1682,0.8172,1.1573,0.84768,0.76389,0.52556,-0.68443,0.063441
2.2006,1.6943,2.2511,-0.44014,1.6049,1.1716,0.4502,-0.34096,0.0011323,-0.0086652,0.44104,0.39279
2.4103,1.8012,2.6564,-0.36582,1.4211,0.45049,0.53672,-0.033604,1.012,0.31485,-0.5281,0.52602
2.2706,1.1179,1.859,-1.2559,0.97775,1.2056,1.1345,0.55812,0.085423,-0.39775,-0.44917,0.37203
2.3278,1.2008,2.4409,-0.55058,1.0321,0.13418,1.0381,1.0136,0.30218,0.62316,0.23048,0.37182
1.5529,0.63895,2.1603,-0.31317,0.91058,0.46997,1.7645,1.4621,0.98255,0.1303,-0.20624,0.50106
1.5626,1.2604,2.8393,0.13754,0.9872,0.69963,1.3503,0.67702,0.59801,0.37517,-0.48986,0.30081
2.2695,0.86241,2.9448,0.66218,1.3258,0.41757,0.40918,0.21933,0.43111,0.12233,0.11366,0.48477
2.7379,1.0793,2.1011,-0.38414,0.7749,-0.19427,0.86265,0.11181,-0.2904,0.52051,-0.13111,0.56985
2.5356,1.5369,2.4463,0.017037,1.3439,0.22475,0.44989,0.20801,0.61649,0.36611,-0.19549,0.54862
1.6008,0.68638,2.2531,0.27434,1.8047,0.63457,0.93146,-0.12066,0.38252,0.46966,-0.4382,0.28258
2.6753,1.5031,1.8856,-0.023899,1.4371,0.58759,0.67017,0.42456,-0.29935,0.22549,-0.18566,0.095237
2.7458,1.3368,2.0382,-0.10551,0.87992,-0.11702,0.58946,0.33145,0.18248,0.107,-0.21608,0.074275
2.6476,1.0009,1.6078,-0.32284,1.4333,0.30903,0.73356,-0.025512,0.13036,0.37233,-0.42596,0.47438
1.819,0.54757,1.9263,-0.2449,1.4812,1.3262,1.2388,0.063983,0.67678,0.53181,-0.029125,0.34957
2.4206,1.259,1.7861,-0.28896,1.3383,0.97517,1.2258,0.88269,0.078942,-0.040145,-0.004374,0.091703
2.5836,1.2697,2.0646,-0.035582,1.211,0.11973,0.9949,0.2932,-0.011409,0.24987,0.15264,-0.18953
2.9729,1.3365,2.6628,0.12303,0.82481,0.37576,1.0529,-0.090529,-0.29167,0.050212,-0.32363,0.39061
2.4387,1.1212,2.4533,0.58833,1.5002,0.35473,-0.089071,0.51387,0.6632,0.29113,-0.40988,0.80398
2.8176,1.476,1.7762,-0.31969,0.83612,0.57538,1.1515,0.82409,0.025836,-0.23436,0.029156,0.35507
3.0445,0.79235,1.7929,0.3295,0.69177,0.11229,0.97317,0.3398,0.39506,0.43619,0.30604,0.65639
2.3163,0.76748,1.4293,0.28761,1.8249,0.453,0.93322,0.274,1.0403,0.18528,-0.01815,0.84505
2.966,1.3988,1.4043,-0.0061783,1.1122,0.68029,0.81526,0.93438,0.7065,-0.1914,-0.23346,0.44006
2.2932,1.0426,2.3089,0.43917,0.61027,0.091335,0.91045,0.99018,1.2101,0.29125,-0.38132,0.4537
3.2694,0.92042,1.4072,0.49097,1.102,0.68044,0.89056,0.16546,1.0197,0.18597,0.82954,0.62314
3.2912,1.2724,1.1499,0.66818,0.74435,0.82482,1.4342,0.2329,-0.40202,-0.68023,0.38208,0.72887
3.3227,1.7871,0.91134,0.11871,1.3206,0.92127,1.2673,0.46751,-0.046967,-0.38339,0.0019775,0.93413
2.8629,1.593,1.1238,0.28264,0.81613,0.86777,1.3224,0.89725,0.95585,0.428,0.10531,0.27528
3.1501,1.0214,0.68073,0.41003,0.843,0.74879,0.6475,0.64241,1.035,0.082421,-0.16221,0.21709
3.7821,2.1081,1.3131,0.29133,0.34366,0.3784,0.59032,0.15442,0.072376,0.46083,0.28477,0.068159
3.369,1.6594,1.1686,0.52502,1.3705,0.74136,0.80302,-0.12158,0.10513,0.45151,0.17311,-0.18387
3.4014,1.4655,0.91047,0.62182,1.207,0.86259,0.8628,0.61068,0.44658,-0.17259,-0.08433,0.017859
3.0357,1.5518,1.9406,0.70019,0.92686,0.81602,1.1697,0.27728,0.32898,0.284,0.905,0.11485
3.3229,1.0343,1.175,0.93109,1.1113,0.53322,0.38779,0.024334,0.76954,0.6819,0.65468,-0.0086421
3.5519,1.9186,0.95555,0.76737,1.5117,0.55529,0.54689,0.31048,0.73997,0.12663,-0.47232,0.010724
3.1123,1.7897,1.0277,0.57308,0.65461,1.2493,0.93963,0.32414,0.715,0.30207,1.0659,0.34051
3.5596,2.0222,0.73128,0.14031,0.80051,1.1037,1.5053,0.4328,0.15868,0.082857,0.33902,0.57568
3.054,1.6872,1.5407,0.22344,1.2074,1.0037,0.80407,0.31633,0.18698,-0.10728,-0.11274,0.22352
3.6074,2.413,0.89452,0.29161,1.4999,0.74877,0.9213,0.11109,0.06319,0.49748,0.25783,0.1167
3.813,1.6059,0.72531,0.41001,0.81162,0.34832,0.9798,0.17919,0.42389,-0.073419,-0.23553,0.64151
3.3899,1.1888,1.7092,0.97873,0.52301,0.8095,1.061,0.36057,0.1197,0.070482,-0.067337,0.3123
3.4231,2.2471,1.4377,-0.11067,1.7172,0.9385,0.98458,0.18663,0.30379,-0.1139,0.19978,-0.15626
3.109,1.6214,0.78737,0.50725,1.4026,1.1925,1.2191,0.32646,0.57645,0.027253,0.12798,-0.29905
2.62,1.5221,1.3834,0.83613,1.8016,1.8524,1.2642,-0.097851,0.16145,-0.052135,-0.21596,-0.032115
3.0873,1.8257,1.1356,0.53259,1.0322,0.97196,1.0733,-0.095069,-0.34693,0.15238,0.44209,0.67616
3.0125,1.8779,1.8103,0.83668,0.89314,1.0935,0.95756,-0.42007,0.013847,0.09198,0.61397,0.21553
2.7739,2.0933,1.845,1.0076,1.6209,0.86052,1.2653,0.38353,0.27677,-0.53866,-0.51751,-0.74824
3.6449,1.9917,1.1692,0.14211,0.37694,0.86392,1.3149,-0.10482,-0.021992,0.26685,-0.052128,0.29958
2.6922,1.8232,2.0179,1.0004,1.168,0.49832,1.2294,0.4313,0.28058,-0.071467,-0.045755,-0.16357
2.8603,1.9528,1.6511,0.66517,0.90639,0.62007,0.2801,-0.10651,0.34654,0.49722,0.33012,0.15944
3.2964,1.9452,1.7403,0.9802,0.95578,0.90073,0.5931,-0.4405,0.28323,-0.043209,0.39904,0.32603
3.3027,1.3806,0.80887,1.4188,1.4287,-0.019991,0.68032,0.25034,0.2204,0.8191,0.40683,0.24669
3.2245,2.1487,1.1713,0.86864,1.1305,0.60146,0.6933,0.043352,0.12982,0.43243,0.54405,0.3245
3.5837,1.439,1.2461,0.448,0.45958,0.75526,0.93386,-0.015724,0.57138,0.19316,0.29898,0.45454
3.2112,1.6176,0.85709,1.5395,1.6543,1.6626,0.38198,-0.22971,0.18181,-0.086824,0.54065,0.0050091
3.2453,1.2869,0.61132,0.54939,0.96146,0.84523,1.7899,0.6019,0.21009,0.020433,0.44137,-0.01494
2.946,1.4255,1.0102,0.35525,1.4192,1.3236,1.3718,0.47215,0.07914,0.038065,0.20456,-0.018435
3.8189,2.1664,0.80233,0.58844,1.5157,1.3033,0.62068,-0.31873,0.27365,0.34454,0.39898,0.085488
2.7611,1.8775,1.8527,0.94367,1.6031,1.1623,0.61056,-0.49551,0.088237,0.74487,0.35704,-0.0083274
3.0169,1.7164,1.5471,0.90797,0.74925,0.79387,1.3888,0.086373,0.27699,-0.10561,0.50376,-0.3579
2.9102,1.7417,0.81294,1.3063,1.2701,0.90001,0.99628,0.61099,0.28253,0.11868,0.22242,0.25747
2.8684,1.4693,1.7371,1.5264,2.1798,0.93958,0.64142,-0.55559,-0.37592,-0.19807,0.29455,0.45807
2.9465,1.4265,0.92603,0.59665,1.1899,0.73206,0.63185,0.38222,0.29678,0.37278,0.66977,0.41735
3.358,2.6212,1.6275,0.83263,1.2959,0.69518,-0.036542,-0.27268,0.20689,0.089156,0.69878,-0.062964
3.9045,1.9946,1.2965,0.6709,0.85474,0.70844,0.6809,-0.44018,0.16462,0.57647,0.62066,0.029823
3.0615,2.0493,0.41004,0.25123,1.482,0.90887,0.95013,-0.27876,0.019929,0.23474,0.53341,0.3301
3.0865,2.1169,1.8193,0.98909,2.0382,1.4947,0.76545,-0.033673,-0.6075,-0.29331,-0.13551,-0.65867
2.7868,1.963,1.2484,0.52215,1.0856,1.2918,1.9637,-0.15839,-0.020198,-0.30559,-0.34728,0.39629
3.1396,2.1504,1.7936,0.66793,0.45882,0.34939,0.98165,0.56642,0.24903,-0.50418,-0.16123,0.35038
2.8297,0.38568,0.86781,0.62923,1.9972,2.1299,1.9213,0.65535,0.50086,0.15854,-0.20676,-0.25292
2.9171,1.4026,1.3776,1.1746,1.74,0.7676,0.94388,0.03266,0.35878,0.77117,0.67419,0.4357
2.9863,1.7009,0.94333,0.31816,1.2266,0.91387,1.3879,0.73852,0.43652,-0.079182,0.18234,0.46042
3.2913,1.8086,1.1039,0.63687,0.84357,0.97426,1.3711,0.40318,0.31569,0.13963,0.026871,-0.35348
3.5171,2.0542,0.92224,0.37444,1.1145,1.0425,0.95636,0.24849,0.003704,-0.27169,-0.1777,-0.012314
2.8713,1.716,1.2034,0.85147,1.2343,0.38643,0.90734,0.50448,0.49073,0.26593,0.34807,0.020546
3.5883,2.4955,2.0586,-0.27311,0.60039,0.95735,1.1178,-0.33559,-0.19789,0.085468,0.3317,0.057034
3.2728,2.0246,1.5458,0.58951,0.68611,0.6809,0.82735,-0.53722,-0.05798,-0.53028,-0.27531,-0.49572
5.0665,3.4669,2.0228,0.026967,0.45695,0.36457,0.5199,-0.37665,-0.23434,-0.46973,-0.071497,0.52073
5.0473,2.9947,1.6453,0.46883,1.0597,0.43146,-0.22028,-0.54266,-0.81457,-0.25905,0.33002,0.33391
5.163,2.7687,1.3277,0.17612,0.25605,-0.43418,-0.061757,-0.67023,-0.40342,-0.29727,-0.75679,-0.11863
4.5479,2.3442,1.8895,0.94286,0.19954,-0.46384,-0.35486,-1.0089,-0.65733,-0.26799,0.36625,-0.17457
5.3102,3.4458,1.7671,0.89772,0.69886,-0.79006,-0.87356,-0.16137,0.11929,-0.016599,-0.033102,-0.2596
5.0047,2.6474,2.1583,1.5993,0.15,-0.35621,-0.25185,-0.58577,0.26111,0.034042,-0.085436,-0.081692
4.8704,2.4598,2.1632,1.6147,0.011203,-0.6094,-0.17524,-0.64407,0.032309,-0.23305,-0.14437,0.0066848
4.9796,2.4129,1.8505,0.58366,0.29105,-0.24357,-0.44975,-0.46208,-0.17381,-0.3075,-0.58828,-0.059498
4.7617,1.5801,1.7384,0.50331,-0.17735,-0.9277,-0.30682,-1.2379,-0.99641,-0.76013,-0.38195,0.069051
5.0193,2.2493,2.3369,1.524,0.36812,-1.0527,-0.59778,-0.63371,0.27799,-0.16106,-0.69806,-0.16089
5.3913,1.9219,2.2303,1.7438,0.22886,-0.58333,-0.46238,0.013132,-0.071193,-0.48542,0.010202,0.42131
5.6296,1.9781,2.2867,1.5146,-0.13324,-0.70274,-0.22484,-0.55048,0.19484,-0.35126,-0.26236,0.54056
5.4966,1.8939,2.0976,1.2456,-0.32334,-1.0747,-0.53329,-0.55323,-0.25124,-0.30836,-0.24757,0.74655
5.3343,0.81295,2.0138,0.69324,-0.87183,-1.3372,-1.0377,-1.3951,-0.75924,-0.68733,-0.08224,0.286
6.0216,1.2808,2.6958,1.3184,-0.56756,-0.94485,-0.39483,-0.35839,-0.63755,-0.40284,-0.25544,0.53876
6.0599,1.4494,3.6623,1.8152,-1.7488,-1.4882,0.060511,-0.23467,-0.028219,-0.1567,-0.4373,0.25215
5.9457,0.61398,3.766,1.481,-2.2892,-1.3419,-0.30784,-1.0868,-0.26529,-0.19861,-0.14447,0.28834
5.6902,0.41624,3.454,1.5681,-2.5353,-1.2033,-0.023129,-1.1243,-0.54083,-0.068718,-0.087788,0.10394
5.1633,0.72342,4.3845,1.8463,-2.4492,-0.72042,-0.059143,-1.2439,-0.42535,0.29798,-0.029061,0.00479
4.9522,0.34073,4.8201,1.2642,-2.9051,-0.62344,-0.29306,-1.8081,0.1399,0.0069314,-0.39826,-0.15416
4.7782,0.21969,5.0762,0.95042,-2.9885,0.19361,0.11321,-1.546,0.16071,0.0012694,-0.82672,-0.35514
4.8178,0.00054342,4.9991,0.94222,-2.8346,0.76161,0.34919,-1.5807,-0.025082,-0.33918,-0.77749,0.028599
4.3235,-0.56055,5.1534,0.003381,-3.5373,-0.14867,-0.25335,-1.5727,0.42121,-0.60148,-1.0161,-0.2528
4.9796,-0.15365,5.6203,0.46292,-2.737,0.19208,-0.28177,-1.4744,1.0801,0.23834,-0.57565,0.069268
4.6746,-0.26971,4.5602,-0.20713,-2.7267,0.47453,-0.60236,-1.5545,0.578,-0.14122,-0.34302,-0.05688
4.3989,0.52079,4.6113,-0.34601,-2.6562,0.37603,-0.92039,-1.4077,0.66407,0.0024119,-0.3208,0.45128
4.6582,1.3625,4.9129,0.33217,-2.5904,0.30632,-0.88596,-1.5412,0.3226,0.086932,-0.049683,0.31084
5.4064,1.1255,5.0164,-0.054188,-2.9889,0.17266,-0.97657,-1.6626,-0.10462,-0.24422,-0.092858,0.20855
5.1913,1.2511,4.53,-0.37184,-2.582,0.11965,-0.82709,-1.4709,-0.17265,-0.54515,-0.11448,0.59977
5.4375,1.3575,4.6162,-0.03801,-1.7367,0.76334,-0.72187,-1.4537,0.21374,0.23984,0.20865,0.66836
4.6252,1.665,4.8367,0.62096,-1.6571,0.51768,-0.60879,-1.8201,0.27903,-0.16406,0.24014,0.76016
4.5085,1.5135,4.1326,-0.22635,-1.3137,0.67992,-0.37361,-1.9632,-0.32218,-0.10073,0.42463,0.25921
4.6249,1.8836,2.1442,-0.55021,-1.0609,-0.18727,-0.75652,-1.4682,-0.36751,-0.7176,-0.16972,0.32517
4.0049,2.005,2.3787,-0.5137,-0.36817,0.12654,-0.50002,-1.3421,-0.44234,-0.46322,0.072047,-0.0033991
3.9555,2.0429,2.4863,0.27149,0.0082356,-0.21967,0.74266,-0.085602,-0.41947,0.088621,0.47999,0.31737
2.9237,1.2875,2.0199,0.99576,1.2968,0.90584,0.97752,0.075405,0.38668,0.68883,0.31753,0.25657
2.7894,1.8013,2.5016,1.4932,0.97672,0.81705,0.75316,0.26502,0.45619,-0.046579,-0.49697,-0.37207
2.8679,1.3938,2.1052,1.0442,1.6901,0.51458,0.1314,-0.29721,0.11619,0.66075,0.11153,0.31414
2.8581,2.5251,2.0496,0.8239,1.3876,0.8177,0.72102,0.3497,0.34811,0.10859,0.33795,-0.084641
3.3451,1.8562,1.295,0.091286,0.82562,1.1325,1.1181,-0.19219,-0.18066,0.17954,0.31759,0.2879
2.9776,2.148,2.0635,1.4065,0.98164,0.52854,0.66776,-0.35569,-0.22049,-0.080846,0.63803,0.31182
3.5767,2.1263,2.1032,0.60498,0.93177,0.90874,0.68151,0.00393,-0.020545,-0.12216,0.3909,0.062308
2.9255,1.1056,1.1186,1.4505,1.1421,1.2169,0.77244,0.48343,0.34813,0.28486,0.72107,0.97188
3.7829,1.8831,1.4052,0.40441,1.4307,1.1703,0.49881,0.23742,0.080537,0.091033,0.17016,0.12693
3.0543,1.0384,0.73374,0.32872,0.92558,1.4421,1.8991,0.54825,0.24128,0.62229,0.61573,0.051038
2.9694,1.2768,0.86593,1.2984,1.2834,1.2989,2.0839,0.88649,0.57171,-0.076331,-0.02233,-0.40342
2.7079,1.7044,1.4616,1.0653,1.4708,1.1467,1.1651,0.52189,0.50059,0.38091,0.35313,0.23182
3.3651,1.9393,1.2353,0.54645,1.3836,1.4248,1.2574,0.11085,0.3649,0.18633,-0.35875,0.48685
2.8479,1.5198,1.2448,0.71507,1.209,1.5337,1.6485,0.75753,0.54918,0.20274,-0.18487,-0.43879
3.145,2.2823,1.5489,0.65494,1.0765,1.0908,1.1667,0.13396,-0.21728,-0.18642,0.48924,0.46806
3.4607,2.0317,2.0555,0.87433,0.91665,0.32757,0.52887,0.18196,0.13023,0.39583,0.37093,0.020209
3.1124,2.2237,1.216,1.0697,1.8493,1.1377,0.89465,-0.14659,-0.052826,-0.1206,0.038579,0.068503
3.4763,2.1019,1.0898,0.34528,1.1959,0.19843,1.3165,0.60432,-0.064696,-0.10034,0.36739,0.61959
2.7813,2.6755,1.9329,0.88099,1.2253,0.032065,0.3934,0.24234,0.70569,1.1844,0.85193,-0.083368
3.5023,2.4775,2.0064,0.51554,1.2767,1.0859,0.65275,-0.34179,-0.14497,-0.20302,0.43487,-0.1839
2.7288,1.6391,1.5352,1.3263,2.0461,1.2458,0.91512,-0.28781,-0.35573,-0.26778,0.29915,-0.11749
2.7055,2.3463,1.9705,1.3076,0.85581,0.81355,0.44551,-0.08005,-0.063212,0.13673,0.60126,0.51654
2.5382,2.0751,1.656,0.97116,1.2397,0.69562,1.1918,0.025617,0.31775,0.27202,0.46367,0.22362
2.9554,1.6656,1.6235,1.2544,1.6386,0.29111,0.30985,0.39476,0.0090609,0.20035,0.65209,0.43388
3.4341,1.8025,1.1995,0.97768,1.696,0.99492,0.74923,0.37075,-0.083931,-0.42521,-0.087508,-0.14337
2.2997,1.6984,2.2093,1.0531,1.5021,0.72155,0.88752,0.59277,0.65815,0.44284,-0.15008,0.13068
2.594,1.7829,1.0522,0.16495,1.4033,1.081,1.6794,0.7803,0.7528,0.60241,0.047768,-0.16926
2.7835,1.7178,1.6533,0.3331,1.1856,0.90585,0.90286,0.84695,0.98578,0.32379,0.76022,0.6576
3.0174,1.9268,1.3179,0.86193,1.238,1.4342,1.6347,0.45355,-0.22909,0.126,0.27262,-0.47465
3.0651,1.3273,1.1288,0.68099,1.6449,1.2318,1.1152,-0.022588,0.51506,0.51485,0.92816,0.47538
3.4111,1.5138,1.6257,0.52654,1.0219,1.2525,1.5148,0.61445,0.61061,0.13268,0.30709,0.078401
2.8952,1.2605,1.2435,1.0511,1.4961,0.89982,0.84711,0.44253,0.27915,-0.034157,0.84327,1.0025
3.174,1.6948,1.3898,0.97831,1.125,0.84812,1.3894,0.31902,0.064411,0.40614,0.47708,0.59296
3.4938,2.5895,1.1924,0.90279,1.1499,0.45899,1.2396,0.50105,0.48989,-0.11428,-0.11334,0.0057093
3.3571,0.013634,1.1502,0.066402,1.1979,0.55538,0.5105,-0.30036,0.71924,1.4643,-0.27032,0.39763
3.6553,0.73218,0.38722,-0.17431,1.2255,0.22801,0.83273,0.87982,0.65806,1.2579,0.87015,0.44354
3.3362,1.9837,1.0991,0.12463,1.5462,1.0157,0.98713,0.22249,0.4459,0.60557,0.53394,0.11508
3.2354,1.7151,1.696,0.69717,1.605,0.6596,0.984,-0.23747,-0.2775,-0.34652,0.22238,0.22599
3.211,1.8316,1.9841,0.4731,1.0219,0.39616,1.4465,0.73358,-0.66856,-0.48531,-0.051258,0.12595
3.103,2.0994,1.9318,0.3375,0.83727,0.47028,1.2206,0.7774,0.17605,-0.12989,0.40531,0.099236
3.1994,1.1884,0.79872,0.34526,1.02,0.78992,1.1331,0.19372,0.41423,0.12719,0.59373,0.9827
3.461,2.3418,1.7311,0.60351,0.61047,0.56887,0.66311,0.51665,0.32558,-0.25414,0.59345,0.052113
3.4388,1.6874,1.5839,1.0284,1.2294,0.65302,0.75167,-0.13802,-0.072978,0.30528,0.21541,-0.41986
2.8568,1.9743,1.9844,1.2387,1.01,0.50115,0.93379,0.13055,-0.31157,-0.11896,0.83347,0.76716
3.7127,1.9523,1.0528,1.119,0.80198,1.0691,0.83798,0.20651,0.42514,-0.044016,0.43649,0.38644
3.5505,1.9506,0.96561,0.53429,0.602,0.41194,0.80828,-0.11995,0.19764,0.69995,0.91786,0.51585
3.1112,1.1123,0.97215,1.0454,1.6822,1.0377,1.2043,0.33937,0.32544,-0.22767,0.37943,0.23126
3.3238,1.7834,1.394,0.793,1.6714,0.89488,0.55642,0.24786,0.51159,0.31466,0.25583,0.29778
3.1873,1.6282,1.3013,0.81295,1.3391,0.69635,0.64947,0.045375,0.49727,0.23192,0.072852,0.43038
3.2606,1.6441,1.6137,1.0204,1.2143,0.75353,0.78504,0.31245,0.15904,0.071215,0.19944,0.18552
2.8978,1.8823,1.1029,0.9547,1.6196,0.83068,1.8064,0.59498,-0.022053,-0.087732,-0.57261,-0.45307
3.4941,2.335,1.5047,0.73735,0.70714,0.71181,1.0354,0.12323,0.89291,0.065493,-0.040793,0.14698
3.3131,2.1375,1.7972,0.85202,0.95931,0.76026,0.71652,-0.32222,0.30013,0.73715,1.0109,-0.026482
3.1771,1.9337,1.1113,1.0987,1.7014,0.88744,0.68147,0.094408,0.35696,-0.10193,0.06722,0.024285
2.7378,1.8134,1.3798,0.17141,0.60951,0.91698,1.4028,0.91622,0.82993,0.57668,0.3093,0.72087
3.8186,1.8443,0.70975,0.53746,1.0449,0.955,1.1814,0.38506,0.48339,0.19873,0.4253,0.49763
3.0481,1.6987,1.0096,0.94011,1.3344,1.0951,0.75458,0.23039,0.67966,0.36378,0.32761,0.18188
3.5044,1.6356,1.3845,1.1939,1.2689,1.0545,1.127,-0.047601,-0.18778,-0.044409,0.032039,0.077965
3.3225,2.1928,1.5894,0.52795,0.98202,0.7842,1.1364,-0.24358,0.11091,-0.46636,0.45698,0.9452
2.8117,1.9111,1.7643,0.27815,1.2748,1.2613,1.39,-0.084354,0.15802,0.1233,0.522,0.35507
3.296,2.0434,1.3758,0.65399,0.2932,0.14708,0.63413,-0.14382,0.12732,0.48628,0.54711,0.37288
3.6397,2.5455,1.712,0.58464,0.66699,0.80869,1.0108,0.37611,0.36477,0.23525,0.68189,0.10804
3.58,2.6558,1.6397,1.3334,1.5297,1.4016,0.5121,-0.014743,0.29613,0.23728,0.18531,-0.098915
2.6249,0.86136,0.74509,0.83198,1.2825,0.55301,1.1538,-0.031295,0.020037,-0.057535,-0.47015,-0.28317
3.7,2.0214,1.6035,1.293,1.5722,1.1618,0.86942,-0.77004,-0.13849,-0.026688,0.27957,0.39628
3.3506,2.0464,0.98801,0.3286,1.7724,0.61465,1.1394,-0.052355,-0.1425,0.40636,0.48007,0.18341
2.7737,2.0604,1.5048,1.0191,1.5921,1.5429,1.389,0.016019,0.12741,-0.70811,0.017513,-0.28681
3.041,1.7119,0.81792,0.33905,1.3777,1.855,2.0795,0.97433,0.46521,-0.16459,0.045135,-0.26565
2.9436,2.7831,0.65096,0.39431,1.2621,1.0704,1.0325,0.89046,0.79198,0.46269,0.0086498,0.0092511
3.5488,2.566,1.2352,0.62347,1.5695,0.99729,0.87728,0.17779,0.64338,0.43532,0.083041,0.40721
2.8945,1.5933,0.90332,0.75453,1.7038,1.3162,1.4228,0.98788,0.94562,0.02996,-0.31837,0.42414
