-0.65928,0.63691,-0.60081,0.55268,-0.49477,0.4297,-0.36035,0.28968,-0.22054,0.15554,-0.096888,0.046297
-0.50041,0.48465,-0.45938,0.42602,-0.38635,0.34237,-0.29609,0.24942,-0.20397,0.16102,-0.12142,0.085626
-0.58863,0.56665,-0.53124,0.4841,-0.42753,0.36419,-0.297,0.22892,-0.16285,0.10137,-0.046667,0.0004169
-0.58536,0.57045,-0.54615,0.51329,-0.47294,0.42642,-0.37519,0.32084,-0.26495,0.20912,-0.15481,0.10337
-0.67424,0.6524,-0.6171,0.56992,-0.51295,0.44867,-0.37977,0.30904,-0.23921,0.17277,-0.1119,0.058306
-0.78834,0.75122,-0.69182,0.61365,-0.52127,0.41997,-0.3154,0.21315,-0.11844,0.035712,0.031578,-0.081193
-0.65465,0.63581,-0.60527,0.56428,-0.51448,0.45784,-0.39651,0.33276,-0.2688,0.20673,-0.14841,0.095394
-0.59596,0.57201,-0.53355,0.48264,-0.422,0.35479,-0.28444,0.21442,-0.14803,0.088159,-0.037185,-0.0032166
-0.58591,0.56502,-0.53148,0.48714,-0.43441,0.3761,-0.31523,0.25486,-0.19787,0.14678,-0.10362,0.069783
-0.708,0.68386,-0.64494,0.59309,-0.53078,0.46087,-0.38653,0.31097,-0.2373,0.16834,-0.10647,0.053516
-0.52754,0.50742,-0.47512,0.43239,-0.38151,0.32518,-0.26628,0.20774,-0.15232,0.10247,-0.060154,0.026751
-0.66983,0.64458,-0.604,0.55023,-0.48609,0.41488,-0.34016,0.26554,-0.19445,0.12994,-0.074479,0.029848
-0.73814,0.70585,-0.65402,0.5855,-0.504,0.41387,-0.31981,0.22658,-0.13866,0.06002,0.0061276,-0.057527
-0.71004,0.68284,-0.63908,0.58101,-0.51156,0.43418,-0.35264,0.27072,-0.19209,0.11998,-0.05711,0.0054437
-0.51864,0.50227,-0.47582,0.4405,-0.39792,0.34995,-0.29865,0.24613,-0.19445,0.14548,-0.10085,0.061798
2.5925,0.64407,1.2031,0.39573,0.44209,0.45636,0.61561,-0.53439,-0.37675,-0.13664,-0.39668,-0.57632
2.5666,0.92582,1.3184,1.3431,1.2253,1.0356,0.94476,0.094481,-0.18114,-0.01194,0.7279,0.27089
3.2476,1.5295,1.4401,0.62422,1.2767,1.5612,1.8102,0.097199,0.31508,-0.092463,0.27275,-0.061
2.4422,1.6626,1.0903,0.34015,1.4574,1.6883,1.165,0.4663,0.50339,-0.13516,0.060145,-0.031336
3.0106,1.8607,1.5635,0.6521,0.75518,0.84533,0.94137,-0.034693,0.48993,-0.071564,-0.028924,0.11273
3.4932,2.0251,1.577,0.7493,0.77003,0.61618,0.68558,-0.33113,-0.45493,0.44557,0.60871,0.34226
2.8852,1.5352,1.5272,1.1957,0.475,1.0653,1.684,0.644,0.15391,0.28663,0.35463,-0.27569
3.0284,1.4502,0.68804,1.2421,1.4258,0.8744,0.52132,-0.11321,0.28349,0.44351,0.62088,0.5688
3.098,1.8599,0.96024,0.53618,1.0374,1.2881,1.6251,0.57501,-0.0091266,0.14964,0.32863,-0.012001
3.1563,1.6846,1.0473,0.80003,1.1507,0.43867,0.15326,0.33932,0.22285,0.10328,0.7166,0.47552
3.1046,2.2345,1.4147,1.2381,1.0708,0.11185,0.5839,-0.36688,0.76601,0.49853,0.69702,0.047904
2.4221,1.5993,1.076,0.89729,1.7441,1,1.3868,0.54147,1.1276,1.1367,0.12216,-0.71028
2.6583,1.0811,0.73513,0.71663,1.3202,0.69541,1.1759,0.38645,0.26166,0.41219,0.58141,0.50642
2.3144,1.2744,1.1058,1.611,1.9867,0.86208,1.0095,0.51094,0.62334,0.15157,-0.1111,-0.17871
2.8597,2.0418,1.201,0.47971,1.0788,0.42332,0.58825,0.11587,0.33556,0.74377,0.49198,-0.22304
2.53,2.0459,1.9891,1.2385,1.1344,0.75703,0.56247,-0.59878,0.50309,0.81396,0.55226,-0.074802
3.5717,1.9876,1.0196,0.9919,1.5287,1.0141,0.5395,-0.23183,-0.7542,-0.29885,0.83035,0.65374
2.9524,1.7077,1.0682,0.31932,1.5199,0.48732,0.74447,0.64531,0.23146,0.10744,0.92317,0.8755
2.9682,1.927,0.91854,0.65402,2.0897,0.56229,0.79773,0.11882,-0.17352,0.14542,0.71601,0.18885
3.1887,1.7565,1.9564,1.1489,0.94081,0.24082,0.50577,0.44433,0.12681,0.3285,-0.036711,-0.034103
3.0578,1.6574,0.99687,0.76712,1.4422,1.2716,0.89902,-0.52352,-0.21657,-0.083569,0.62267,-0.016885
3.0365,1.7505,1.2198,0.82565,0.93703,0.6077,1.0659,0.042663,0.23852,0.31194,0.24052,0.097979
3.2659,1.4011,1.3251,0.30505,1.2089,0.39876,0.94285,0.15781,0.13185,0.2112,-0.021092,0.37713
3.2024,1.6771,1.5159,0.87921,0.80579,0.98538,1.1347,0.54028,0.29963,-0.39174,0.14546,-0.28152
2.8487,1.8299,1.6535,0.5563,1.7222,1.3817,1.2654,-0.044184,0.24142,-0.26061,-0.20514,-0.53547
4.2621,1.6668,0.9282,0.76524,0.79604,0.38213,0.58949,-0.21708,-0.21264,0.26688,0.26536,-0.21378
3.0431,1.3471,0.80948,0.62796,1.3493,0.26838,0.70591,0.55132,0.3762,0.70651,0.70405,0.10759
3.7103,1.5371,1.0093,0.73367,1.5506,0.74777,0.57265,0.072235,0.14048,-0.24589,0.016971,0.43916
2.9315,1.3497,0.79795,0.40177,0.8408,0.81382,1.0041,0.33027,0.37487,0.5791,0.7141,0.415
3.6297,1.9496,1.3246,0.76287,0.8384,0.68714,0.50864,0.20964,-0.032389,-0.47666,0.22931,0.15496
2.3634,1.4868,1.6855,1.1511,0.25326,0.14901,1.0883,0.88033,1.0323,0.26319,0.40892,-0.15045
2.8055,1.286,1.1932,0.88779,1.3231,1.0886,1.1329,0.4699,-0.1265,0.25895,0.4529,-0.12732
3.0714,1.7607,1.2983,0.44088,1.0434,1.1925,0.92391,0.23935,0.1469,0.37775,0.60146,0.071789
2.1195,1.2829,1.4175,0.82422,0.88311,1.1622,1.6811,0.011674,0.32705,0.49017,1.0405,0.5969
3.7635,1.7572,0.86284,0.37689,1.1899,1.1989,1.2369,0.21203,-0.34146,0.055148,0.85212,0.007984
3.3174,1.6942,1.3246,0.97448,1.1506,-0.425,1.086,0.07809,-0.29861,0.34948,0.3708,-0.0065309
3.188,2.0083,0.63933,0.29024,1.0534,0.89803,0.64625,0.24931,0.38818,0.14225,0.64353,-0.03504
2.6841,1.6486,0.86634,1.0364,1.542,1.0167,0.56239,0.081743,0.46191,0.37762,0.094321,0.059745
3.3345,1.8612,1.2688,0.53658,1.258,0.61598,0.62596,0.46885,0.38631,0.19506,-0.066402,-0.3293
2.9046,1.3414,0.93086,0.62695,1.5022,0.59945,0.50357,0.45926,0.46829,-0.035456,0.35024,0.28013
3.073,2.2567,1.6678,1.204,1.7218,1.0802,0.72274,-0.48789,-0.065782,0.28559,0.84821,0.1697
2.6228,1.5247,0.86358,-0.14653,1.3829,0.88052,0.6512,0.0029717,-0.38943,-0.86406,0.007773,0.325
3.0621,1.6397,1.3925,0.46178,1.354,1.5511,1.0116,-0.033003,-0.41378,0.54848,0.13303,0.1852
3.4408,1.3423,0.69022,0.91868,1.3767,0.4788,1.0107,0.14269,0.45883,0.21246,-0.22988,-0.70275
2.9352,1.367,1.5675,0.25213,1.2043,0.92762,0.91424,0.34877,-0.028264,0.22771,0.018161,-0.07527
2.342,1.3121,1.1314,1.471,2.4777,1.3648,1.1493,0.012578,-0.32543,-0.047336,0.4752,0.13647
2.3,1.2994,1.5917,0.86635,1.7532,1.267,1.424,0.75861,0.48927,0.37512,0.39755,-0.35902
3.4497,1.9283,0.84988,0.10115,1.0962,0.156,0.96695,-0.19042,0.15609,0.71885,-0.022131,0.3694
3.2199,1.5266,1.6134,0.76926,0.57538,0.92026,1.2067,-0.43916,0.18529,0.63833,0.52873,0.7542
3.1741,1.6525,1.169,0.86487,1.5082,0.44044,0.84597,0.20981,-0.14193,-0.2986,-0.13656,0.17136
2.6663,1.8252,1.4124,0.9101,1.4218,0.82721,1.1947,0.46022,0.021669,0.016337,0.028555,0.12621
2.4843,1.3798,0.74066,0.53173,1.5321,1.1264,1.5341,0.69776,0.45296,0.42246,0.11485,-0.031402
2.7342,1.9201,1.0413,0.47611,1.4633,1.1919,0.87035,0.30933,0.13351,0.019871,0.72403,0.71555
3.2012,1.4202,0.97101,0.28518,0.62944,1.0986,1.6485,0.31377,0.087436,0.6814,0.47364,0.070084
2.8074,2.1257,1.8761,1.0646,1.4508,0.66454,0.29533,-0.44422,0.042098,0.15344,0.18523,0.399
2.8991,1.5751,0.7247,1.0225,1.8107,0.44394,1.0988,0.97253,0.35569,-0.23952,-0.24422,-0.1914
3.4469,2.4762,0.8963,1.4494,1.5121,-0.40317,0.60782,-0.083222,0.1169,0.35897,0.40346,-0.15232
2.6559,1.7643,1.3397,1.3423,1.4847,0.92603,0.94647,-0.20338,-0.19376,-0.067573,0.19441,-0.056819
2.5116,1.7519,1.6848,0.72823,1.1294,1.3637,1.2093,0.33836,0.24198,-0.071437,0.31285,0.28693
3.6192,0.80997,1.0116,0.12133,0.77647,0.80095,0.68003,0.06129,1.3423,0.71355,-0.28367,0.10179
3.7584,-0.18723,-0.069023,0.15514,-0.45896,0.26622,0.13591,0.63067,2.1158,1.1228,-0.90249,-0.47071
7.6504,-1.1192,-0.8913,-0.7398,-0.43837,0.34902,-0.76223,0.25605,2.1633,0.49542,-1.2023,-0.60492
7.5562,-1.4163,-0.86059,-0.95647,-0.81804,0.094208,-0.84126,-0.28748,1.9749,1.0008,-1.3923,-0.88244
6.5197,-0.7353,-1.1549,-0.82994,-0.9614,-0.18351,-0.77283,-0.019334,1.9569,0.8219,-1.4723,-0.80617
8.5918,-1.473,0.0362,-0.91493,-0.63171,0.0054309,-0.71793,-0.14291,2.2066,0.54831,-1.2778,-0.9091
7.2794,-0.90093,-0.69984,-0.47799,-0.72686,-0.10082,-0.9344,-0.28368,1.7285,0.58068,-1.1928,-0.95339
7.5725,-1.1196,-0.61525,-0.40388,-0.88379,-0.12378,-1.0049,-0.43986,1.9358,0.52702,-1.2521,-0.8431
7.6684,-0.69036,-0.74912,-0.64064,-0.66163,0.032623,-0.7473,-0.2481,2.0827,0.76567,-1.4239,-0.92229
7.1394,-1.2696,-0.64113,-1.0034,-0.97298,0.25357,-1.0689,-0.36712,1.9073,0.39381,-1.3874,-1.1059
8.177,-1.7779,-0.63286,-1.2006,-0.53771,0.37396,-0.66357,-0.59405,2.4749,0.079064,-1.1527,-1.0738
8.7218,-2.0564,-0.41444,-1.0471,-0.39558,0.69739,-0.2351,-0.20088,2.5816,0.47697,-1.7625,-0.90778
7.683,-2.5817,-1.0431,-1.9766,-0.7211,0.13089,-0.87149,-0.87277,2.2786,0.026916,-1.4788,-1.0896
7.0277,-1.3862,-0.93478,-0.78918,-0.65644,0.37526,-0.67818,-0.036634,2.2922,0.8018,-1.3762,-0.80642
7.2255,-1.9009,-0.95566,-1.4955,-1.0003,0.35311,-0.62334,-0.12439,2.601,0.48808,-1.3343,-0.86736
6.8059,-1.5329,-0.76571,-1.349,-1.0117,0.44839,-0.42516,0.13243,2.3429,0.63735,-1.4924,-0.99792
6.7147,-1.6701,-0.45942,-1.4188,-1.2214,0.54151,-0.27538,0.24125,2.029,0.49523,-1.2372,-0.86651
6.8773,-2.1985,-0.59049,-1.6393,-1.4111,0.43885,-0.71489,-0.075444,1.9995,0.27606,-1.3551,-0.86747
6.2753,-1.6718,-0.69092,-1.0958,-1.0332,0.6537,-0.48994,0.083755,2.0642,0.58369,-1.3922,-0.95841
7.4472,-3.1356,-0.55774,-1.56,-1.4039,0.38512,-0.75111,-0.43832,2.3333,-0.12443,-1.3987,-1.1022
6.4709,-2.0361,-0.57885,-1.0657,-1.3041,0.7049,-0.7071,-0.011974,2.2469,0.45079,-1.4931,-1.0706
6.0012,-2.3731,-1.2869,-1.447,-1.4821,0.27157,-0.85647,-0.13335,2.0315,0.48255,-1.5173,-1.1924
6.8039,-2.3361,-0.44239,-1.1273,-1.444,0.35324,-0.95943,-0.0031512,2.5552,0.78999,-1.2536,-1.179
7.4053,-3.1616,-0.5353,-1.1875,-1.4012,0.75195,-0.75084,-0.18564,2.6811,0.98817,-0.81425,-1.0067
6.313,-1.0607,-1.7469,-1.5292,-1.2028,-0.095103,-1.017,-0.29735,1.8161,0.74284,-1.1021,-1.0688
7.0921,-0.74285,-0.66529,-1.2684,-0.3238,-0.10102,-0.67967,-0.0085832,1.8998,0.22942,-0.89347,-0.81429
7.5563,-1.1403,-0.86785,-1.8993,-0.72342,0.65633,-1.1412,-0.087912,2.6033,0.94982,-0.98918,-1.2488
6.5731,-0.37719,-2.3625,-1.7974,0.10271,0.21941,0.44245,0.96876,2.6105,1.4478,-0.91964,-1.0335
6.3094,0.67657,-1.2692,-0.54661,0.23553,0.58695,0.37481,0.32434,1.4846,0.85857,-0.71419,-0.84236
5.8434,-0.06081,-0.2618,-1.4134,-0.46849,0.18545,0.070312,0.35095,2.4721,0.68223,-0.51369,-0.37478
5.287,0.2232,-0.5785,-1.0406,-0.038868,0.36546,0.86011,1.6553,2.2111,1.4166,-0.35179,-1.4696
4.5884,0.94263,-0.17151,-0.40546,0.45274,-0.22781,0.35961,0.55152,1.2829,1.0856,-0.23684,-1.198
4.359,1.5642,0.62561,-0.71436,0.43983,0.7226,0.78448,0.61853,0.81985,0.48512,-0.54999,-0.39237
3.6397,1.2887,-0.020778,-0.76376,0.052144,0.19259,1.591,1.5468,1.6812,1.4339,0.70249,-0.70247
3.6988,1.8049,-0.41509,-0.64793,0.16895,0.74659,1.2787,1.5519,1.4503,1.0583,-0.026749,-0.71598
3.9951,1.7029,-0.014111,-0.27747,0.75822,0.23024,0.28417,1.0306,0.97315,0.32144,-0.21121,-0.91345
2.9645,1.5025,0.9446,-0.066085,1.3482,0.98869,1.0669,0.99849,0.80232,0.46095,0.30658,-0.45508
2.9056,1.3733,0.20136,-0.63062,0.65361,0.57199,1.5002,1.7019,1.3916,1.0587,0.60094,-0.09532
3.5321,1.6007,0.74704,-0.48971,0.30601,0.70249,1.278,0.19762,0.78606,0.58173,0.50984,-0.20103
3.3479,2.0786,0.96127,0.20984,0.33898,0.14112,1.3095,0.69749,0.5935,0.18564,0.061114,-0.28834
2.9738,1.6553,1.8418,0.83443,0.71859,0.14826,-0.25916,-0.060092,1.0311,0.84946,0.63821,-0.048942
2.585,1.0478,1.1323,1.5047,1.6729,1.0495,1.5764,0.18221,0.85631,0.53223,0.0028005,-0.36104
2.6444,1.5489,0.80431,0.24425,1.685,0.80626,1.5806,0.70391,0.54503,-0.45904,-0.057289,-0.34621
3.1321,1.5442,1.2534,0.86291,1.1607,0.74208,1.508,0.42166,-0.44547,0.049798,-0.09363,-0.32707
2.7998,1.5561,1.6225,0.81216,1.5526,0.44468,0.72048,0.21914,0.028446,-0.045285,-0.18383,0.10999
2.686,1.7414,1.2632,0.521,0.71917,0.78438,1.1944,0.47158,0.13665,-0.014153,0.58313,0.21644
2.8678,1.3412,1.5663,0.62845,1.2637,0.98049,1.5052,0.016185,-0.50237,-0.28029,0.52663,0.11942
2.4149,1.0392,1.2091,1.0854,0.96137,0.63941,1.0896,0.0674,0.63975,0.68381,0.48275,-0.084315
2.3122,1.5109,1.6247,1.4587,1.7559,0.6722,0.80658,0.54752,0.68511,0.14139,0.67507,0.15306
2.117,1.5799,1.6368,1.4678,1.4515,1.0668,0.45511,-0.58125,0.4655,0.089407,0.4938,0.46877
3.0963,1.7979,1.3216,0.96004,1.056,0.54047,1.1576,0.1866,0.44429,-0.057521,0.16904,0.27532
2.349,1.8445,1.7153,0.86187,1.5756,0.63916,1.0303,-0.45276,-0.02242,0.4726,0.42723,0.56995
2.6518,1.3954,1.2655,0.65199,1.3602,1.1154,0.88645,0.32561,0.0028761,-0.089109,0.33516,0.18499
3.6425,1.8672,1.4535,0.3305,1.2513,0.87032,0.23741,0.02005,-0.8285,-0.14093,0.17813,0.13503
2.9131,1.5615,1.2182,0.86842,2.1532,1.221,0.52054,0.12413,-0.98043,-0.727,-0.0083284,0.36526
3.1633,1.6812,0.90932,0.69468,1.2053,0.67753,1.0091,0.22507,-0.031666,0.31923,0.085987,-0.19235
3.626,1.4916,0.17289,0.6098,1.3139,0.84357,1.0151,0.36632,0.2475,0.45159,0.29651,0.041967
3.0372,1.9651,0.76246,0.074163,1.4973,1.1935,0.74252,-0.34099,0.053466,-0.205,0.021303,-0.10504
2.51,0.92708,0.87368,0.33102,1.4912,1.165,0.94248,1.0801,0.66266,0.67284,0.78101,0.81888
2.68,1.2948,1.0121,0.4785,1.06,1.2366,1.0147,0.6709,0.71723,0.76218,-0.11262,-0.30836
3.524,1.0754,0.22165,-0.18103,1.1685,1.591,1.3074,0.57674,-0.064485,-0.76772,-0.01957,0.54967
3.8932,1.5383,0.44101,-0.40774,1.4005,1.0688,0.60568,0.074712,-0.43046,-0.2316,-0.15074,-0.17864
3.3404,1.3311,1.4042,0.65768,1.1654,0.72891,0.90857,-0.55694,-0.35889,0.46678,0.23634,0.50544
2.5025,1.3791,1.313,0.75266,1.0169,0.91686,0.9167,0.52062,0.90303,0.79393,0.1798,-0.19242
3.6935,1.7178,0.52669,0.34111,1.1256,0.69321,0.87332,0.13515,-0.0054433,0.39508,0.87151,-0.41915
3.3964,1.3502,0.7122,0.5725,1.4168,0.82542,0.97071,-0.14328,-0.020645,-0.44738,-0.10549,0.69465
4.0334,1.8246,0.10854,-0.048164,1.5043,1.2088,1.1792,0.2945,0.071343,-0.49872,-0.11742,-0.12749
3.4208,1.3976,0.66897,0.91453,1.7099,1.1386,0.40151,-0.18838,-0.81851,-0.60167,0.21129,0.00045566
3.0381,1.5089,1.5111,0.47583,1.1952,1.1956,1.0245,-0.0016028,-0.20067,-0.074559,0.11761,-0.4687
2.9055,1.5892,1.1931,0.5128,1.6778,0.82159,0.59439,0.202,0.43758,0.11052,0.13254,0.10225
2.5332,1.5464,1.0592,0.4444,1.0442,1.0812,1.0096,0.76709,0.66344,0.13681,-0.011303,0.18962
3.7599,1.4809,0.94564,0.084735,1.0674,0.95192,0.65622,0.29255,0.021164,0.57874,0.28094,0.27512
2.1017,0.85804,1.0463,0.70295,0.86252,1.5529,2.2214,0.99857,0.21318,0.2532,-0.05804,0.23821
3.6854,1.6553,0.4466,-0.013107,1.4465,0.40952,0.31376,0.34103,0.58915,0.23818,0.54251,-0.25476
2.9895,1.3583,0.93943,0.82193,1.3729,0.48149,0.58748,0.73408,0.29298,0.33632,0.54673,-0.1541
2.9761,1.4129,1.1158,1.702,1.8756,0.89427,1.1106,0.19718,0.061174,-0.37138,-0.015896,-0.28974
3.0295,1.7584,1.55,0.50769,1.0034,0.65313,0.97959,0.21159,0.22202,0.37454,0.20265,0.1783
2.5052,1.2817,1.2215,0.65322,0.69127,0.67695,0.96831,0.38769,0.68831,0.24667,0.46845,0.97428
3.189,1.9195,1.2343,-0.032313,1.3944,1.4463,1.0047,-0.048462,0.21946,-0.18955,-0.14673,0.077637
2.3771,1.1403,1.5172,1.2489,1.4132,0.63219,1.2352,1.0417,0.60806,-0.22964,-0.84268,-0.7319
2.925,1.5128,1.0716,0.18191,1.4947,1.051,0.91863,0.77116,0.22338,0.37336,0.11444,-0.14827
2.8966,1.5027,1.2291,0.92414,0.75852,0.48117,1.264,-0.27692,-0.089305,-0.26159,0.2246,-0.18206
3.2488,1.8519,0.8545,0.7425,1.3144,0.22291,0.57748,0.7879,-0.62014,-0.36722,0.84797,0.56833
3.6154,1.7152,0.20236,0.51834,0.69231,0.70657,0.70038,-0.32912,0.24325,0.66951,0.61592,0.2535
2.4249,2.0025,1.8633,0.30518,1.5559,1.1857,0.66622,-0.088393,0.78673,0.42706,0.0055637,-0.003169
2.6356,1.3133,1.2391,0.6392,0.92231,0.6684,0.89714,0.15598,0.59711,0.77425,0.55941,0.091861
2.9453,1.8959,1.1721,0.31701,0.73236,0.46652,0.76782,0.25373,0.19447,0.78939,1.126,0.54067
2.7084,1.1427,0.95305,-0.12353,1.1468,0.92921,1.2722,0.21688,-0.01639,0.11379,-0.14232,-0.034868
2.6034,1.4144,1.2641,0.14003,1.4138,0.89802,1.7245,1.0303,0.3899,0.30981,0.88713,-0.38313
3.3156,1.434,1.0767,0.51386,0.92528,1.2383,1.2558,0.10672,-0.048222,-0.015645,-0.061435,0.15898
2.951,1.438,0.16253,0.19165,1.4473,0.56786,1.5821,0.96107,0.15847,0.73097,1.0216,0.59593
2.9286,1.463,0.68922,0.71451,1.2495,0.38631,0.75758,0.15407,0.398,0.58845,0.19366,-0.14724
2.6791,2.0216,1.6294,1.21,1.8065,0.90666,0.25836,-0.0090435,0.24915,0.060825,0.38449,0.31586
2.3186,1.568,1.4499,0.83631,1.6846,1.2338,1.1168,0.056179,-0.16364,-0.20003,-0.056738,0.43103
3.1908,1.6891,1.9482,1.1921,1.2172,0.48477,0.31466,-0.14438,0.36922,-0.073054,-0.16485,-0.058092
2.7954,1.3692,1.2303,0.50658,0.83125,0.58535,0.74942,0.49101,0.10197,0.19045,0.43967,0.37488
2.7078,1.8682,1.2389,0.63162,1.0549,0.51704,0.90863,0.74061,0.56063,0.081411,0.1769,-0.055321
2.0016,1.543,1.8138,1.2139,1.0172,1.1073,1.19,-0.21535,0.008363,0.63621,0.30029,-0.13772
3.111,1.617,0.99189,0.56041,1.3441,1.3491,1.2455,0.33633,0.73434,0.79445,0.24586,-0.28188
2.6208,1.3841,1.1253,0.64645,0.63529,0.81305,1.4942,0.65095,0.3851,0.11313,0.5595,0.59468
2.1686,1.3566,1.8424,1.0489,0.95292,1.2327,1.4013,0.52867,0.26322,0.22179,0.39792,-0.065773
3.0194,1.4323,1.494,0.70244,1.1697,1.2112,1.3934,0.070996,0.19531,0.59188,0.59069,-0.044275
2.2465,1.283,0.66898,0.51798,1.2849,1.056,0.81717,0.39294,0.27193,0.51276,0.77019,0.59681
3.3164,2.2227,1.2477,0.97145,1.0628,0.39627,0.4088,-0.23226,0.26311,0.22401,0.73935,-0.011267
3.0428,1.405,1.4863,0.93469,0.90939,0.78832,0.95349,0.10192,-0.17046,0.034327,-0.066628,0.46242
2.7553,1.829,0.13472,0.45087,1.2823,1.0381,0.8874,0.32559,1.2577,0.23749,0.23538,-0.014489
2.5259,1.5354,0.79454,1.0046,1.7453,1.0751,1.4161,0.057549,-0.062087,0.32764,0.30678,-0.024507
3.46,1.4821,1.2625,0.48032,0.64132,1.223,0.95013,0.043995,-0.22316,0.31465,0.2765,0.11699
2.6851,1.8919,1.4877,0.37155,0.56057,0.48828,1.4612,0.53939,0.13729,-0.31083,0.57582,0.47424
3.3104,2.2832,1.3187,0.37432,0.75978,0.91895,0.84065,-0.037896,0.055962,-0.25975,0.29485,0.46187
2.9138,1.8542,1.9047,0.42325,0.51073,1.2654,0.9312,0.49254,0.29678,-0.027708,0.12662,0.15905
2.6666,1.4483,0.75443,0.56014,1.4775,1.4736,1.3736,0.47065,0.25651,-0.45607,0.53715,0.13279
3.1112,2.1746,1.2061,0.31654,1.2464,0.6662,0.65573,0.62651,0.76675,-0.085945,0.11926,0.25728
3.3153,1.9873,1.2554,0.50701,1.0052,0.5153,0.39495,-0.001365,-0.11496,0.32445,-0.051745,-0.15445
3.6212,2.4873,0.99937,0.2403,0.57498,0.48103,1.2612,0.42064,-0.019036,0.11415,0.85168,0.33192
2.7049,1.6273,1.4637,0.67276,1.0008,0.92559,1.0258,-0.2647,-0.48836,-0.49912,0.44644,0.74167
1.7102,-2.4403,3.0376,0.79534,0.61111,0.79331,0.6719,0.45771,1.2983,0.77005,0.064304,0.12216
1.8513,-1.1034,3.3009,0.63576,0.54447,1.3242,0.1024,-0.62299,0.91039,0.74441,-0.57326,0.10482
2.2886,-0.43809,2.3797,-0.10038,0.28457,1.6034,0.72708,-0.46981,0.14471,0.70021,-0.21903,0.79112
2.3069,0.46188,2.7673,-0.038959,-0.044275,1.4925,1.0164,-0.47882,0.47431,0.14274,-0.4068,0.40267
5.326,0.30696,3.0869,0.19954,-2.0251,-1.024,0.099678,-0.16546,0.29808,0.087797,-0.55381,-0.081269
5.1217,-1.0979,2.8493,0.016769,-2.5114,-0.92187,-0.75888,0.043891,0.79603,0.29326,-0.048697,-0.16914
7.6355,-1.2763,1.1182,-0.034822,-1.4875,-1.3641,1.0592,0.31973,0.97003,0.34135,-0.8143,-0.35671
6.7328,-1.8804,0.25851,-0.19049,-1.7448,-1.5462,0.19421,0.50836,1.0398,0.30558,-0.59583,-0.10445
6.9366,-2.0906,-0.017526,-0.64583,-1.3311,-0.90658,0.23275,0.85627,1.5682,-0.018186,-0.94713,-0.44741
6.4729,-1.3839,-0.32389,-0.081447,-1.2012,-0.92098,0.18719,1.1012,1.5124,0.0093762,-1.0601,-0.22543
7.4063,-3.0979,-0.15252,-0.41325,-1.2498,-0.91853,0.078023,0.45466,1.3668,0.00034054,-1.4863,-0.2777
6.2497,-1.9791,-0.82025,0.064034,-1.0322,-0.46108,0.040754,0.38488,1.3715,0.064309,-1.3069,-0.32545
7.2079,-2.6538,-0.58722,0.29411,-0.99848,-0.17978,0.27834,0.27114,1.5696,0.15627,-1.4212,-0.25461
7.3364,-4.2006,-0.25901,-0.65626,-1.3353,-0.60593,-0.021028,-0.42633,1.4217,-0.16703,-1.69,-0.73438
7.8135,-3.668,0.39318,-0.084845,-1.0766,0.002473,0.3345,-0.032903,1.8991,0.27622,-1.3635,-0.6292
7.3058,-3.2699,0.12953,0.15927,-1.3515,0.1776,0.043616,-0.0037885,1.6975,0.248,-1.4704,-0.554
7.0717,-4.0947,-0.1067,-0.48819,-1.6161,-0.32294,-0.3991,-0.69282,1.6617,-0.09438,-1.5675,-0.74183
7.5071,-3.5378,0.46325,-0.24907,-1.1961,0.15495,-0.08072,-0.44173,1.8324,0.17128,-1.306,-0.62529
6.9467,-2.9416,0.047098,-0.12489,-1.1812,0.41607,-0.10894,-0.24664,1.7377,0.46977,-1.5568,-0.3523
6.8131,-3.609,-0.023785,-0.78349,-1.4112,-0.25301,-0.25269,-0.70832,1.6583,0.29648,-1.929,-0.33869
7.4381,-3.1072,0.36656,-0.14314,-1.0817,0.31287,-0.14915,-0.14242,2.2803,0.53002,-1.6293,-0.29996
5.8299,-1.5087,-0.67664,-0.26711,-0.89329,-0.23192,-0.53728,0.17705,2.052,0.38928,-1.4827,-0.26776
7.2253,-1.0891,-0.5966,-0.52674,-0.5402,-1.0139,-0.3756,-0.0013598,2.2197,0.41235,-1.3854,-0.47238
6.7286,0.76677,-0.10259,-0.1192,-0.52511,-0.86275,-0.42492,0.46318,1.2399,0.535,-0.55952,-0.46657
6.6239,0.64787,-0.28052,-1.1399,-0.46125,-0.40484,0.36595,0.16738,0.86829,0.11036,-0.75088,0.0014382
5.8976,0.45835,-0.58008,-0.88818,-0.090069,-0.19768,0.60513,0.72589,1.263,0.18677,-0.88015,-0.15336
5.9757,0.75638,-0.037391,-0.4319,-0.029436,0.055588,0.81387,1.1151,1.2265,0.43824,-0.35509,-0.11925
5.2015,0.91878,-0.051803,-0.43883,0.066694,0.12622,1.0329,1.0929,1.039,0.73333,0.026151,-0.11559
4.4982,0.43438,0.1083,-0.17297,-0.011615,0.45186,0.95496,0.93365,1.1123,0.4034,-0.18796,-0.42873
3.8415,1.0393,-0.027491,0.16772,0.56868,-0.45896,0.97613,0.65336,1.3653,0.59397,-0.29477,0.27236
4.2989,1.3048,0.43752,0.41654,0.68175,-0.5385,0.56999,0.81401,1.0622,0.89362,0.28088,-0.12396
3.8452,1.626,0.7916,-0.035196,0.25001,0.50928,0.69477,0.16246,1.1256,0.7215,0.072894,0.024165
4.0831,1.8256,0.85832,0.033303,0.9757,0.5297,0.49972,0.37899,0.72739,0.16528,0.83894,-0.23223
3.601,1.5205,1.3328,0.55064,0.82269,0.74153,0.34122,0.24882,1.1454,0.8692,0.87708,-0.093733
3.743,1.7873,0.88928,0.028052,0.45499,0.62972,0.83086,0.081487,0.033729,0.11694,0.078598,0.03662
3.3528,1.291,0.91405,0.10899,1.2728,0.95064,1.5642,0.35072,0.17978,0.44902,0.35125,-0.56132
2.8886,1.4955,0.65132,-0.27041,0.99221,1.0659,1.3309,0.58738,1.0769,0.47345,0.29036,0.15791
3.1476,2.2733,1.0046,0.48749,1.1541,1.3656,0.8377,0.26722,0.38866,0.70752,0.30616,0.079721
2.9298,2.2482,1.6661,1.2729,1.0023,0.79558,0.94495,0.48667,0.39134,0.54667,0.075003,-0.39863
2.3084,1.7876,2.0734,1.2018,1.153,0.7508,0.87835,0.18957,0.36732,0.20542,-0.17038,-0.36169
2.8788,1.9235,1.405,0.30574,1.2218,0.67645,0.72047,0.50221,0.5882,0.6168,0.33863,-0.29018
3.5927,0.65852,1.4871,0.27709,1.0879,0.78441,0.66236,0.76321,0.091241,-0.43914,-0.48776,-0.27478
2.8874,1.7165,1.0992,1.2917,1.7928,0.74488,0.90476,-0.10917,-0.19489,0.33565,0.51796,0.74167
3.4237,1.8647,0.77247,0.005857,0.91822,0.87522,1.0394,-0.03184,0.087019,0.46537,0.4993,0.041982
3.2006,-1.7181,0.73387,-0.47966,0.84605,0.18339,1.0663,0.45952,1.5097,1.3397,-0.16071,0.38198
3.0361,-0.2701,0.13708,-0.69454,1.3281,0.81195,0.34008,0.058984,1.7151,0.76581,0.032899,0.6841
3.1674,0.095936,0.86606,0.23189,1.2606,-0.29363,0.31095,0.93583,1.6894,0.69632,0.129,0.64454
3.4304,0.95322,0.70254,0.052522,1.2553,0.17205,-0.056324,0.19598,1.0937,1.1346,0.64097,0.76094
3.5478,1.0265,0.74108,0.78036,1.446,-0.15667,0.07672,0.2734,1.6141,0.33724,0.044245,-0.45426
2.8361,0.39245,1.4988,1.0449,1.4,0.37096,0.28073,0.95926,0.94366,0.56208,0.091796,0.49858
3.0402,0.23455,1.6359,1.5217,1.2658,-0.20125,0.7307,1.1916,0.45532,-0.41593,-0.27676,0.12435
3.5445,0.48565,0.61935,0.27286,1.8439,0.45568,0.20617,0.21666,0.51477,0.061014,-0.65953,-0.21628
2.9108,1.1393,0.75852,0.95024,1.51,0.12853,-0.19487,0.57713,0.95065,0.36069,0.3274,0.56378
3.4791,1.3995,1.5929,0.85169,1.2134,0.54661,0.16172,0.18198,0.76751,0.16414,-0.35781,0.33854
2.2809,1.0895,1.2559,0.41292,1.2639,0.56117,0.022673,0.23951,1.1095,0.26235,-0.16496,0.44843
2.3067,0.87015,1.4588,1.2612,1.7751,0.10538,-0.30904,0.031359,0.38423,-0.27061,-0.38352,0.84422
2.5902,0.23491,1.6123,1.4663,1.9964,0.36226,0.61283,0.085633,0.79665,0.39001,-0.11097,0.15669
2.6632,0.58546,1.5382,1.7995,1.2378,0.093619,0.31567,0.24851,0.39866,-0.62983,-0.73916,-0.044589
1.8871,-0.39792,0.43527,0.78918,1.4999,0.69694,1.5497,1.569,1.6891,0.067416,0.24205,0.17651
2.8282,0.049534,1.1007,0.96527,1.9308,-0.21827,0.067778,0.83586,1.8819,-0.22004,-0.47437,0.81461
3.3502,1.0922,1.8391,0.99397,1.2612,0.42255,0.4678,0.62197,0.68355,-0.49843,-0.26076,-0.23261
2.9956,1.1287,1.7114,0.96132,1.2754,0.060098,-0.075482,0.45025,0.63616,0.1412,-0.37206,0.45564
2.6568,0.10829,1.4507,1.1816,1.7645,1.0279,0.7906,0.52323,1.3821,-0.26021,-0.38302,0.94177
2.4152,0.3332,1.6649,0.48185,0.64308,0.1061,0.54826,1.13,1.408,0.40112,0.15217,0.9377
3.2935,0.91399,0.78772,1.0594,1.2349,-0.033378,0.61091,0.98524,0.75412,-0.35145,-0.69612,-0.20031
3.3351,0.29071,1.4118,0.81656,1.5592,0.91501,0.31822,0.21464,0.3463,0.22049,0.1171,0.54028
3.3482,0.43258,1.0093,0.85637,1.0736,0.75915,0.97485,0.65385,0.51871,0.058094,-0.42368,0.33712
3.7202,0.88339,1.2661,1.2826,1.4861,0.31622,0.14165,0.18873,0.63265,-0.34988,-0.28959,0.11531
3.3009,1.5264,1.2229,0.77947,0.79586,-0.03667,1.1222,0.75352,1.0785,-0.0098516,-0.62669,-0.060646
3.3313,0.53066,0.98686,0.9527,0.92923,-0.0076386,0.45895,1.1154,1.3437,0.21044,0.69226,0.52957
2.3086,0.85918,1.167,1.1306,1.5572,0.58323,1.4979,0.83002,1.1948,0.554,0.094312,0.37426
2.9919,0.86523,1.0133,1.237,1.6199,0.69156,0.9702,1.2779,1.1383,-0.039114,0.001628,0.57661
3.2302,1.2513,1.0702,0.49997,0.89024,0.74276,0.52239,0.7566,0.66598,-0.19469,0.13849,0.1941
4.0316,1.3921,0.60612,0.70089,1.0528,0.52644,0.6606,0.36132,0.41294,-0.49697,0.022735,0.096274
2.5147,0.98718,1.3093,1.324,1.4646,0.77599,0.79959,0.69446,0.95505,0.1344,0.011523,0.32932
2.7621,0.94353,0.66448,0.82765,1.3312,1.1303,1.2156,0.53702,0.95038,0.41274,0.35334,-0.0001522
3.767,1.5009,1.2662,0.699,1.4036,0.92604,0.21386,0.25501,0.24749,0.1317,0.098087,0.24825
3.7802,0.84483,0.71362,0.84081,1.2989,0.40583,1.1554,0.64189,-0.058042,0.5905,0.36815,0.1169
3.7978,1.4547,1.5389,0.80795,0.97359,0.29778,1.0731,0.29675,-0.046031,0.57716,0.38022,-0.25101
2.757,1.0417,0.87998,0.94621,0.96234,0.68798,1.1796,1.2055,0.91359,0.58527,0.4402,0.088053
2.5595,1.8684,1.1829,1.1,1.1489,0.30202,0.58156,0.62679,0.76271,0.31605,0.07867,-0.2155
3.0716,1.789,0.77535,0.60301,1.5912,1.0633,0.76166,0.34272,0.47733,0.070855,0.091265,0.29419
3.055,2.0302,1.159,0.12032,0.88585,0.30908,0.81181,0.78031,0.23978,-0.39415,0.45891,0.49505
3.2211,2.3146,0.77474,0.57604,1.3206,0.78063,0.95989,0.028041,-0.36127,0.49755,0.38448,0.18282
3.3045,1.8398,1.213,-0.086627,0.96386,0.84751,1.2904,0.24867,1.1349,0.44518,0.39499,0.45908
3.2335,1.6879,0.73634,0.18251,0.98352,0.75376,1.1536,0.32002,0.2021,0.35586,0.45882,0.86417
3.0654,1.4451,1.0651,0.52056,1.2556,1.0454,0.80329,0.29297,0.72918,0.41485,0.36159,0.44376
3.113,1.6321,1.3029,0.17309,0.96413,1.436,1.2367,0.49702,0.36294,0.27218,0.26267,0.41446
3.4391,1.5538,1.0654,0.4464,0.98269,0.43378,0.88911,0.35073,0.31523,0.26538,-0.36112,-0.031722
3.3322,1.617,1.1429,1.0959,1.9427,0.96757,0.47036,0.52834,0.22618,0.07218,0.22789,0.090341
2.3359,2.1487,1.8269,1.1856,1.2961,0.33727,0.34775,0.47715,1.0518,0.36943,0.5032,0.69284
2.1366,1.41,2.0567,1.1846,0.97771,0.64856,1.4694,0.38314,0.77915,0.49725,0.69509,0.24377
3.1767,1.6564,1.1682,1.0626,1.647,0.76404,1.3433,0.23695,0.0069839,0.41487,0.14187,0.25094
3.7898,1.865,1.3185,0.9495,1.2942,0.60565,1.514,-0.036335,0.25605,0.41973,-0.77318,-0.84494
3.9989,1.7922,1.2665,0.97936,0.64713,0.72834,0.37987,0.67266,1.0832,0.070623,-0.65511,-0.12205
3.3568,1.2875,0.22626,0.12825,1.4002,0.79016,0.37777,1.0802,0.87625,0.4084,0.53915,0.1575
3.3553,2.3265,1.4503,0.014128,0.75861,0.58988,0.82035,0.56585,0.72843,-0.24269,0.11799,0.40481
3.4599,1.4443,0.98686,0.47542,1.0315,0.32062,0.76867,0.7841,1.122,0.67596,0.87701,0.54073
2.5634,1.7725,1.5961,0.39311,1.0706,1.0875,1.5461,0.1939,-0.041592,0.16372,0.90528,0.56952
2.5419,1.4739,1.6081,0.84817,1.0237,1.1201,1.692,0.82177,0.3416,-0.57302,-0.45282,0.2591
2.9537,1.0881,1.2277,0.79451,1.8572,0.54834,1.0533,0.61306,0.57321,-0.67234,0.2639,0.70077
2.182,0.49853,1.4584,0.73083,2.0186,1.2451,1.6958,0.722,0.072839,0.15079,-0.092902,0.22041
2.6912,0.96076,1.7948,0.51371,1.472,0.15094,1.4827,0.49176,-0.28537,-0.69455,-0.36968,0.083917
2.3878,0.49963,2.4587,0.65261,1.4375,0.6242,0.7655,-0.55827,0.087733,0.62256,-0.50958,0.31326
1.7476,0.70897,1.4756,0.96431,1.7805,1.038,0.94167,0.56067,0.30251,0.82646,-0.30472,-0.50497
1.4957,0.60313,2.2979,0.21266,2.329,0.73671,1.2327,0.14548,0.35402,1.1263,0.092857,0.27743
1.6057,0.83681,1.7528,0.71168,1.5097,0.26033,0.90289,0.80404,0.90563,0.64956,0.13263,0.76578
1.5653,1.404,1.9803,0.45312,1.1659,-1.0632,0.79768,0.40586,0.26413,1.4442,0.42111,0.043102
1.0266,2.1045,2.114,0.88648,1.856,-0.2079,1.0659,1.0208,0.9473,0.41714,-0.70616,0.40472
1.7497,2.348,1.4019,-0.36109,1.7123,-0.29249,1.1499,0.533,0.48562,0.85911,-0.060702,0.36309
1.4958,2.1603,1.7206,-0.23652,1.6566,-0.46891,1.5557,0.46364,0.16025,0.8493,-0.25715,0.1285
1.4688,1.3908,1.2368,-0.081868,2.1048,0.72569,1.0824,-0.13483,0.11285,0.29338,-0.46885,0.094086
1.5865,1.7144,0.96641,-0.34147,2.5754,1.2618,1.7694,0.2273,0.64578,0.39245,-0.41161,-0.039468
1.2864,2.1779,1.2226,0.23599,1.679,0.38852,2.047,0.80755,0.9146,0.54569,0.024346,-0.25853
0.8856,1.4612,1.9865,0.70943,1.4827,0.62309,2.0328,0.62203,1.3481,1.0998,0.10039,0.056099
2.0209,2.5005,1.4719,0.75114,2.0743,-0.36842,0.81773,-0.28322,0.47714,0.65007,-0.20152,0.259
1.1046,2.0683,2.0776,-0.076048,1.6911,-0.21545,1.1858,-0.26496,0.38981,0.54458,0.19535,0.84973
1.9069,1.8219,1.6787,0.44507,1.9521,-0.16687,1.2155,0.47312,0.98054,0.70351,0.011593,-0.393
0.96538,1.7505,1.795,-0.13467,2.4302,0.49894,1.5687,0.52933,0.43411,0.14361,0.014445,0.30944
1.4727,1.7898,1.691,0.70933,1.7121,-0.0072043,1.7757,0.035598,0.19758,0.37299,0.19765,0.75336
1.0692,0.9841,1.2039,0.18005,2.0683,0.1558,1.2324,0.2558,0.45398,0.1217,0.35949,1.0124
1.6495,1.1091,1.3771,-0.07407,2.4582,0.85615,1.4027,0.21259,0.78009,0.79015,-0.027716,0.82316
1.0176,1.3598,1.5319,-0.085743,2.1322,1.1359,2.1086,1.2492,1.2341,0.11244,-1.0279,0.13802
1.6416,1.264,1.332,0.016996,1.7847,1.0732,1.8638,1.2629,1.4016,0.73304,-0.29361,0.38172
2.6012,1.2258,1.2045,-0.023148,1.4255,0.87132,1.5025,0.36198,0.69331,0.41664,-0.033575,0.45043
3.9017,1.2034,1.2023,0.077278,0.74197,0.25745,0.64087,0.35158,0.61123,0.08908,0.29794,0.4206
6.1987,0.5215,1.6725,-0.087979,-0.33202,-0.94004,-0.76763,-0.14684,1.7257,0.18118,-0.8944,-0.010382
7.1469,-1.0472,0.63498,-0.64435,-1.0105,-1.3875,-0.77714,-0.19876,1.5775,-0.213,-1.877,-0.073621
7.3263,-0.555,0.56101,-0.005591,-1.0386,-1.0544,-0.81849,0.21241,1.9508,0.40128,-1.112,-0.064829
7.0551,-0.45693,0.40861,-0.15165,-1.3136,-0.63325,-0.5984,0.30184,1.9657,0.27407,-1.1548,0.13755
7.5108,-1.3516,0.16784,-0.65236,-1.403,-1.4568,-0.62861,-0.092334,1.7149,0.073045,-1.4868,-0.091955
7.6837,-0.50048,0.29037,-0.24048,-0.92788,-0.87802,-0.66652,0.33166,1.8178,-0.035549,-1.4981,0.20012
7.8694,-0.80544,0.59554,-0.23315,-0.98985,-0.82433,-0.23973,0.3243,2.0516,-0.21097,-1.3823,0.39515
7.379,-1.7309,0.30049,-0.50169,-1.4515,-0.90573,-0.9162,0.33332,1.592,-0.35371,-1.6057,-0.20763
7.8054,-2.2115,1.1555,-0.23262,-1.1737,-0.73296,-0.51298,0.39102,2.0125,-0.4345,-1.478,-0.046081
8.1004,-0.98155,0.59688,-0.073265,-0.68061,-0.73405,-0.52564,0.74045,2.2599,-0.16649,-1.6128,0.30283
7.0353,-1.1806,0.088755,-0.060078,-1.1786,-0.83911,-0.35437,0.40592,1.9879,-0.27335,-1.6646,0.14594
7.4202,-2.5345,0.54674,-0.27341,-1.5243,-0.5972,-0.61343,0.14289,1.9904,-0.53335,-1.7349,0.079249
7.7928,-1.4731,0.41528,0.30901,-1.0778,-0.60523,-0.096184,0.56798,1.944,-0.21072,-1.5427,0.083391
7.9452,-1.7117,0.38508,-0.013662,-0.72322,-0.72031,-0.2419,0.44765,2.0692,-0.3287,-1.6088,0.078983
7.0159,-1.7847,-0.42406,-0.32122,-1.3428,-1.2929,-0.40437,0.10735,1.6811,-0.41952,-1.9735,-0.062468
7.7475,-1.3934,0.57041,0.20562,-1.0305,-0.72021,-0.31039,0.73743,2.2734,-0.30583,-1.3196,-0.077113
7.724,-1.3915,0.32893,0.22991,-1.1224,-0.83294,-0.03514,0.70407,2.0814,-0.15563,-1.5695,0.055721
6.5869,-1.1847,-0.17529,-0.21749,-1.5657,-1.226,-0.52191,0.51086,1.6386,-0.17173,-1.6671,-0.36666
7.4875,-1.3751,0.50562,-0.13704,-1.2517,-0.75515,-0.20599,0.69314,2.0207,-0.037598,-1.4808,-0.13254
7.6545,-1.4917,0.61072,-0.11746,-1.3346,-0.39788,0.0047473,0.38386,2.3878,-0.156,-1.1005,-0.029697
7.6358,-1.9278,0.31532,-0.33547,-1.4538,-0.6583,-0.13677,0.44937,1.9685,0.040325,-1.5344,0.18108
7.5598,-2.0656,0.22758,-0.41309,-1.5524,-0.9524,-0.0059674,0.048417,2.1651,-0.46632,-1.1679,-0.24038
7.63,-1.5438,0.76921,0.050874,-1.2494,-0.5371,-0.05472,0.43788,2.5185,-0.0039528,-1.3245,0.10174
7.3324,-1.8296,0.73922,-0.12882,-1.476,-0.30283,-0.17579,0.6229,2.1916,0.16181,-1.4284,-0.076455
6.6734,-2.3099,0.26391,-0.65519,-2.1184,-1.1059,-0.39332,0.29266,2.0856,-0.46507,-1.6447,-0.21443
7.345,-1.4707,0.76947,-0.11251,-1.3414,-0.63647,-0.01266,0.63835,2.2635,-0.013963,-1.4036,0.21288
7.6137,-1.6942,0.81611,0.20448,-1.2997,-0.33714,-0.078924,0.43087,2.2954,0.23726,-1.0943,-0.0014952
7.0602,-1.8218,0.39133,-0.18836,-1.5691,-0.80767,-0.44695,0.40868,2.1539,0.057572,-1.2068,-0.10217
6.9029,-1.5819,0.40629,-0.43514,-1.299,-0.81825,-0.35887,0.43554,1.7237,0.11681,-1.3019,0.030767
7.1148,-0.98802,0.76429,-0.0036146,-1.0168,-0.71433,0.18675,0.30415,2.1679,0.22826,-1.2052,0.3776
7.2164,-0.92026,0.35191,0.026126,-1.1278,-0.56919,-0.093775,0.42562,2.011,0.11664,-1.0012,0.33605
6.2834,-1.4609,0.02908,-0.71962,-1.5691,-1.1103,-0.56333,0.16502,1.5318,-0.31108,-1.2436,0.094609
6.6806,-0.47059,1.0315,-0.090504,-1.1071,-1.1203,-0.34404,0.81899,2.1597,0.20037,-1.0429,0.18376
6.988,-0.30901,1.2863,0.14344,-1.308,-1.4124,0.08395,0.97269,1.9844,0.51412,-1.3954,0.0037455
6.8152,-0.30143,0.78679,-0.11019,-1.5909,-1.5107,0.13501,0.77498,1.8306,0.12596,-1.1907,-0.35958
7.041,0.33169,0.55604,-0.36765,-1.4863,-1.4388,0.2264,0.75623,1.2794,0.24337,-0.8786,-0.019625
7.0636,1.4854,1.14,-0.57412,-0.99208,-0.8067,0.19552,1.2557,1.1913,-0.089298,-0.31954,-0.025303
6.5253,1.9075,1.4148,-1.4222,-0.87554,-0.53035,-0.16456,0.87614,0.95112,-0.18851,-0.27185,0.24542
5.6826,1.0768,1.6537,-1.3882,-1.447,-0.25706,-0.55164,0.0063787,1.0524,-0.15344,-0.63892,0.090293
5.8304,2.2435,2.3975,-0.60662,-1.0472,0.17169,0.059829,0.076636,0.81873,0.42883,-0.42595,0.24294
5.5676,2.4572,2.64,0.14916,-0.8588,-0.47745,0.11652,-0.32373,0.95281,0.58839,-0.52235,0.095728
4.5818,1.991,2.0983,-0.010022,-1.1729,-0.51054,0.24673,-0.13845,-0.060545,-0.55023,0.39311,0.079293
4.8274,2.2069,1.5834,-0.04242,0.62985,0.98076,0.31412,-0.24443,0.30361,-0.1624,-0.45045,-0.12914
4.3133,2.3789,1.1679,0.81304,0.86466,0.94701,1.3687,0.15164,0.097959,0.011358,0.12291,-0.523
3.5358,2.2668,1.1277,0.17989,1.3013,0.79348,0.88529,-0.16548,0.089158,0.48971,0.46914,0.087481
3.9918,1.7139,1.0459,0.79768,1.0542,0.3743,0.75299,-0.039137,-0.11671,0.09321,0.43323,-0.13987
3.5482,2.1991,1.3257,0.7401,1.3424,1.1323,0.97252,0.4428,0.1627,-0.32477,-0.061815,-0.65247
3.4882,2.0013,1.3456,-0.031017,0.96267,1.1083,0.87896,0.24566,0.28006,-0.099186,-0.1271,0.38808
3.3683,2.1061,1.3472,-0.0053627,0.92628,0.65849,0.75004,-0.11033,-0.018935,0.54198,0.50262,0.24101
3.5363,2.2429,0.36453,0.53158,1.4067,0.57398,1.2527,0.26495,0.93001,1.2937,0.60262,-0.21502
3.1868,1.2045,0.82704,0.31849,1.9668,1.1532,0.67463,0.45929,0.6862,0.42275,0.39293,0.63114
3.0555,1.9368,0.84148,1.2183,0.80728,0.27651,1.0565,0.65594,1.3192,0.27027,0.29633,-0.069374
3.3739,1.7291,1.6349,0.72523,1.1739,0.52101,0.40923,0.54068,0.57493,0.15936,0.26471,0.57479
3.8668,1.7654,1.3479,0.1628,0.84631,0.9763,0.32995,-0.096375,0.48471,0.32199,0.66838,0.086879
3.142,2.1366,1.0508,0.30316,1.0484,0.76329,0.46229,0.15664,-0.023498,0.072787,0.66901,0.91126
3.2487,1.7748,1.2438,1.1184,1.5461,0.53796,0.89265,0.033225,-0.35509,0.27233,0.77807,0.35594
2.7425,2.0609,0.059258,0.25841,2.2736,1.4939,1.3634,0.48071,0.83498,0.58055,0.25571,-0.45156
2.9763,2.2155,1.1545,0.24794,1.2832,1.2857,1.1681,1.307,0.54764,0.05502,0.24826,0.12952
3.253,1.4153,0.98652,1.0048,0.86953,0.58937,0.93136,0.34586,0.59392,0.79512,0.79317,-0.00091615
3.1121,2.2581,1.3658,0.7448,1.445,1.4192,0.80509,-0.44148,-0.16775,-0.29178,0.1613,-0.072735
2.791,-0.92167,3.345,0.66499,-0.41188,0.28377,0.99121,0.37566,0.56742,0.58918,0.07323,-0.19974
3.8399,1.4165,1.45,0.59482,0.15451,0.047687,1.3772,0.41036,0.55454,0.95484,0.72401,0.10054
3.0633,1.6988,2.2109,0.85646,0.69824,0.7284,0.87182,0.090382,-0.40547,-0.26295,0.21439,0.17654
2.923,2.0138,1.7411,0.47611,1.3213,0.6524,0.40419,-0.44016,0.13921,-0.22706,-0.10881,0.94956
3.1884,1.5436,1.889,0.12937,0.5697,1.4425,1.1168,-0.3264,0.17078,0.39241,0.31442,0.22282
2.6139,0.8006,2.0933,0.39468,1.1113,0.91421,0.54392,-0.22653,0.67904,1.1016,0.86093,0.71299
3.634,1.083,1.1567,0.019573,1.4625,1.4028,0.91699,-0.30319,0.56184,0.8089,-0.29267,0.094144
1.7244,1.0989,2.2064,1.1958,1.5725,1.6101,1.1263,0.060419,0.34414,0.81747,-0.48511,0.17108
2.9817,1.5246,1.1762,0.59851,1.1423,0.87291,0.94049,-0.039008,0.8413,0.50459,-0.016762,0.26027
3.3066,2.0705,1.7621,0.59295,0.7645,1.5455,0.93174,-0.21565,-0.011535,0.18992,-0.20402,0.022822
3.2999,1.794,1.7564,-0.00271,0.40676,1.0086,1.3105,0.51967,0.12188,-0.48139,-0.35586,0.64733
3.6374,1.9443,1.3132,0.58845,0.82788,1.1777,1.0066,0.14738,0.065956,-0.0024561,0.46372,0.19069
3.1047,1.6195,1.3691,1.0293,0.86367,1.2876,1.6701,0.82239,0.19185,0.036198,0.44444,0.4088
3.2658,1.638,0.68175,0.30333,0.82716,0.98812,1.4736,0.31029,0.35555,0.26743,0.28384,-0.2776
2.9624,1.7521,0.98608,0.96226,1.4458,0.88191,1.5766,0.43019,0.72927,0.475,0.045409,-0.41773
2.7571,1.1071,1.0636,0.93335,1.4292,1.2087,1.485,0.8191,0.37838,0.10528,0.044265,-0.30018
2.8508,2.4541,1.0545,0.19309,1.4421,1.3812,1.3097,0.39567,0.63967,0.10013,0.077286,0.30193
2.9609,2.09,1.712,0.88591,1.3653,0.62602,0.48491,0.27503,0.13665,0.71545,1.2586,0.45568
2.996,1.6226,0.89982,1.0037,1.1955,1.1904,1.3506,0.44604,0.73904,1.1625,0.29479,-0.45524
2.4692,1.3979,1.267,0.63861,1.5616,1.1802,1.526,1.0452,0.43951,0.061352,0.18569,-0.081912
2.5757,1.8472,1.6229,0.84792,1.8389,1.1125,1.2237,0.59424,0.84428,-0.059516,-0.17208,0.41579
3.454,1.9798,1.0472,0.53204,1.217,0.34351,1.0269,0.45925,0.41222,0.041603,0.574,0.41275
2.4564,1.7026,1.2871,1.1916,1.8018,0.45833,0.89672,0.31534,0.027509,0.10588,0.60531,0.43146
2.8707,1.8114,1.2461,0.64961,0.91293,1.0364,1.5369,0.33426,0.2399,0.6444,0.37626,0.069576
3.2634,2.1586,1.3378,1.0592,0.85199,0.15943,0.76688,0.12024,0.32035,0.47928,0.12769,0.40304
2.3967,1.7143,1.51,1.0667,1.2409,1.0536,0.58869,0.23616,0.2397,0.76473,0.50946,-0.14693
2.9576,1.2907,0.93856,0.53801,1.6716,1.0689,1.0294,0.98379,1.1139,0.14484,0.23845,-0.0063596
2.9802,1.6832,1.2024,0.68797,1.4157,1.1168,1.1506,0.17453,0.22858,0.23157,0.47936,-0.16607
3.1767,1.133,0.8776,1.1082,0.8764,1.0157,1.4482,0.78255,0.47414,0.45386,0.41852,-0.32821
3.6245,1.939,1.695,0.50175,0.90574,0.61885,0.50861,0.23401,0.88612,0.83546,0.27882,-0.0202
3.3516,1.8055,1.1017,0.090164,1.3905,0.93863,1.3146,0.28407,0.53308,0.42118,0.2929,-0.20699
3.3386,1.8779,1.2736,1.2874,1.6422,0.94845,1.0502,-0.54182,0.28804,0.24441,-0.028251,0.19032
3.1281,1.2123,1.602,0.83399,0.79663,0.85437,1.4389,0.22256,0.82171,0.54403,0.56919,0.17681
3.4688,2.0423,0.68076,0.68657,0.90981,0.76834,0.74445,0.57701,0.38398,0.31619,0.81089,0.039992
3.0121,1.6052,1.0734,0.22873,1.0498,0.82339,0.94773,0.69786,0.56031,0.9576,1.1139,-0.06695
2.1799,1.4841,0.96812,0.52243,1.07,1.2788,1.6273,0.6724,0.74527,0.793,0.78273,0.79609
3.0665,1.9606,1.0789,1.2254,1.1074,1.4056,1.1651,-0.27093,-0.25503,0.83561,0.064379,-0.42053
2.6206,1.7765,1.1936,0.49573,1.1924,1.2278,0.57922,-0.016231,0.49004,0.54738,0.092917,0.11854
3.673,1.7576,1.4902,0.68904,1.2784,0.8531,0.8155,0.25165,0.41971,0.62451,0.26583,0.14593
2.7325,1.4131,0.81104,0.54791,1.2452,1.1339,1.4962,0.011897,0.90335,0.93239,0.65618,-0.19865
2.9308,1.7942,1.2978,0.48885,1.3532,0.67784,1.0039,0.11048,0.64515,0.52251,0.63854,0.31431
2.4406,1.8221,1.8952,1.4093,1.3676,0.41218,0.92192,0.024207,0.56884,0.32045,0.38245,-0.0074681
3.4133,2.0985,1.4186,0.83722,1.1087,0.36389,0.83191,0.24529,-0.10585,-0.012991,0.67656,0.57494
3.2063,1.709,1.4134,1.0509,1.372,0.54242,0.84979,-0.08,0.21715,0.29978,0.1241,-0.044544
2.9645,1.7913,1.0007,0.45263,1.1979,0.50171,1.2023,0.60945,0.50876,0.26039,0.24535,-0.038451
3.17,1.3431,1.5174,0.70531,0.47911,1.1478,1.9383,0.85414,0.18707,-0.17025,-0.019687,0.31171
2.9387,1.3973,2.3163,0.8797,0.78606,0.62383,0.9917,0.78818,-0.17731,0.71191,0.3463,0.36513
2.9545,1.4719,1.8802,1.2738,1.3885,0.74619,0.94951,-0.033463,-0.068659,-0.35043,-0.16457,0.60202
3.1354,1.3241,1.5613,0.055476,1.3125,0.48747,1.2387,0.66533,-0.13159,-0.3004,0.17402,0.85554
2.1546,1.0355,1.2604,0.54331,2.222,1.2237,1.6579,0.72496,0.28293,0.028901,-0.48647,0.11762
2.0361,1.1847,1.6989,1.0829,1.9927,0.34268,1.3062,0.21974,-0.042645,-0.27998,-0.60837,-0.11692
2.4527,1.7152,1.8344,-0.025944,1.3626,0.11634,1.3284,-0.25016,0.33952,0.21946,-0.57727,0.068585
2.3744,1.0807,1.0336,0.25281,1.7514,0.12004,1.5385,0.34945,0.74492,0.74653,-0.21706,0.31398
1.6252,1.9037,1.281,-0.49904,1.4646,0.10889,1.7245,0.32993,0.93067,1.1419,0.16045,0.46397
1.8982,1.594,1.5854,-0.55523,1.9602,0.39131,1.4204,0.1307,-0.22189,0.73871,0.29167,0.45564
1.6058,2.0257,1.2798,0.48067,2.1765,-0.48328,1.1207,-0.045362,0.25856,0.33099,-0.7834,-0.22417
1.2717,2.454,1.8277,0.27675,2.4322,0.1235,0.81807,-0.20818,0.13246,-0.045108,-0.83148,0.27334
1.1896,1.9438,1.4552,0.736,2.1639,-0.30301,1.4594,0.09101,0.75287,0.25724,-0.65457,0.27846
1.78,1.7548,0.91673,0.16928,2.8943,0.38366,0.97982,-0.118,0.55687,0.58495,-0.038171,0.16883
1.0911,1.4328,1.2854,-0.042855,2.2889,0.62614,1.853,0.52955,0.89933,0.70398,-0.095871,0.46136
0.93703,1.4156,1.969,0.89928,1.9493,-0.26567,1.3679,0.1363,0.64088,0.0010167,-0.63189,0.36977
0.65467,1.6192,2.0329,0.019572,2.2194,0.69742,1.8684,0.27312,0.51982,-0.21715,-0.54672,0.4076
0.6752,1.1922,1.1077,0.22325,2.2713,0.064704,1.8674,0.070173,0.61617,-0.23727,0.21134,0.77174
1.5675,1.3003,1.4913,-0.37217,1.5006,-0.35799,1.3072,0.069802,1.3078,0.75109,-0.17096,0.9327
1.6245,1.332,1.5788,-0.66937,1.8636,-0.10491,1.155,-0.061343,0.47546,0.79945,-0.72009,0.090817
1.1765,0.72622,2.711,0.14866,2.0665,0.52355,1.4336,0.30929,0.5423,0.34964,-0.039703,-0.008288
2.1731,0.71888,1.564,0.61003,1.9378,-0.43662,1.1425,1.1714,1.118,0.27431,-0.10018,0.014823
2.9021,1.0476,1.6128,1.3941,1.1643,-0.57178,1.2899,1.0128,0.34064,0.26279,-0.38633,0.38886
5.5159,0.48522,1.5198,-0.34586,-1.182,-1.1168,-0.15984,-0.12238,1.0091,0.11486,-1.0727,0.047205
6.6473,-1.3153,1.4536,-0.30754,-0.84567,-0.56752,-0.66902,0.06952,2.0937,0.32601,-1.2052,0.20749
6.788,-1.4016,0.49607,0.017332,-1.7233,-0.5091,-0.54059,0.34873,2.0975,0.33027,-1.1107,-0.00097758
6.9643,-2.4415,0.12958,-1.1,-1.8943,-1.1793,-0.70624,0.12469,1.6555,-0.15181,-1.6384,0.018651
7.3191,-1.8399,0.72544,-0.60767,-1.1782,-0.31822,-0.029236,0.22218,2.3768,0.11019,-1.3072,0.021138
6.7855,-1.6875,0.31999,-0.23084,-1.2111,0.31521,0.15741,0.78024,2.2439,0.13439,-1.4188,0.10603
5.4416,-1.4235,-0.29744,-0.22196,-1.4568,-0.57282,-0.3006,0.75725,2.235,0.26652,-1.2688,-0.033676
6.5879,-2.646,-0.45485,-0.42451,-1.4277,-0.40949,-0.32845,0.47437,1.934,-0.29735,-1.7645,-0.20366
5.5273,-1.487,-0.43972,0.06976,-0.99737,-0.022675,0.33637,1.2496,2.1968,-0.055165,-1.6891,-0.27904
6.7239,-1.8562,0.27901,-0.34775,-1.0006,0.42286,0.083525,1.0018,2.3624,0.043402,-1.4786,-0.093814
6.8678,-2.0062,0.17435,-0.35036,-0.80467,-0.15956,0.13506,0.40219,2.7079,-0.16816,-1.5882,0.040612
6.8787,-2.2832,-0.34023,-0.32569,-1.2036,-0.48338,0.00032537,-0.25937,1.9291,0.1522,-1.481,-0.25188
6.6828,-2.058,-0.81297,-0.24916,-1.1668,-0.62905,-0.10815,0.061847,1.7217,-0.26457,-1.5401,-0.54474
6.8702,-1.9684,0.65955,-0.062367,-0.95903,-0.012083,0.33054,0.49854,2.0639,-0.13678,-1.2728,-0.21939
7.3237,-1.1464,0.8027,-0.098635,-0.76693,-0.072978,0.50936,0.65559,2.0288,-0.039315,-1.2988,-0.058092
7.194,-0.80542,0.11386,0.088744,-0.91994,-0.037517,0.30594,0.73341,2.3195,0.11698,-1.2453,-0.0021977
6.8408,-0.78124,-0.37307,-0.79006,-0.92954,-0.18184,0.13227,0.61631,1.9724,0.12783,-1.4363,-0.24063
6.157,-1.3691,-0.90603,-0.99449,-1.4012,-0.914,-0.50086,0.4751,1.5398,0.23207,-1.5847,-0.3655
6.2072,-1.4017,0.069108,-0.8661,-0.48468,0.060839,-0.52481,0.25188,2.2209,0.12424,-1.3039,-0.055863
5.8795,-0.50687,0.58036,0.56897,-0.089139,0.31574,-0.75515,-0.045047,1.9843,0.10305,-1.0701,0.56529
6.1231,-0.42503,0.91224,0.26352,0.075626,0.30845,-0.016122,0.23401,1.9375,-0.40886,-1.4135,0.024016
5.8173,0.10661,0.37433,0.60558,0.20958,0.2233,0.51694,0.442,1.4808,-0.13943,-1.2134,-0.1387
5.5964,0.40443,0.73603,0.21204,-0.48336,-0.46803,0.30641,1.2177,1.7534,0.42198,-0.86944,-0.14471
5.3779,0.78011,0.14447,0.37272,-0.42576,-0.21283,0.53285,1.2874,2.4273,0.12436,-1.1243,-0.54155
4.3983,0.55211,0.30713,-0.37724,-0.087722,0.28274,0.94604,1.1052,1.2866,-0.35802,-1.2798,-0.43147
3.8907,0.83196,0.51546,-0.15866,0.22492,-0.47892,0.55762,0.73861,1.4764,0.67124,-0.82838,-0.053639
4.5325,1.8224,0.24264,-0.19343,0.54896,-0.074676,0.69411,0.26919,0.87441,0.22443,-0.64578,0.077152
3.8953,1.4177,0.53378,0.083788,0.68839,0.36637,1.5851,1.3791,1.4531,0.18633,-0.40729,-0.1477
4.1156,1.4202,1.1061,0.0046917,0.47577,0.75136,1.0913,0.89967,0.71893,0.034094,-0.172,-0.044618
4.6742,3.1762,0.98947,-0.18213,-0.13907,0.10745,1.0861,0.47174,0.56902,-0.11053,0.31101,0.19268
3.6648,1.1791,0.54607,0.65347,1.2613,0.15303,0.66679,1.0998,1.1363,-0.036925,-0.45567,-0.24818
2.994,1.4631,0.94085,0.71062,0.94369,0.37055,1.2363,0.63813,0.84091,0.48355,0.0055937,-0.17946
2.901,1.3691,0.92596,1.2942,1.5758,0.52966,0.90405,0.49711,0.6879,0.48206,0.12851,0.088989
2.657,1.5428,1.44,0.59255,1.029,0.53425,1.2488,0.58968,0.73904,0.50596,0.27695,0.11926
3.5111,1.7357,0.77695,0.38439,1.016,0.2169,0.96672,1.8775,1.1155,0.63604,0.49415,-0.31401
3.6131,2.3433,1.0683,0.39537,0.51269,0.46298,0.59492,-0.079065,0.046925,0.3504,0.38753,-0.23018
3.1469,1.7079,1.3671,1.3242,1.5092,0.92475,0.82453,-0.4432,-0.21558,-0.462,-0.16765,-0.083956
3.2698,2.2477,1.6196,0.22069,1.6105,1.4182,1.1527,-0.55478,0.25921,-0.033405,0.1459,0.37663
2.086,1.5579,1.7214,1.1611,1.9509,0.84754,0.78768,0.19042,0.42055,0.28823,-0.1808,-0.18466
3.3218,1.5695,1.0399,0.19104,0.82139,1.2559,0.66162,0.85912,1.1206,0.14759,-0.066343,0.01072
2.9454,1.5478,1.3929,1.1834,1.1253,1.1504,1.0652,-0.31955,0.5554,0.16321,-0.38727,-0.7151
2.8709,1.3671,1.3502,1.217,1.3899,1.1889,0.89703,-0.25147,-0.2376,0.039071,-0.31457,-0.37852
3.3609,1.3915,0.97755,0.49691,0.777,0.87631,1.0405,-0.22732,0.36973,0.56587,-0.53136,-0.57986
3.2521,1.3313,1.465,1.1822,1.647,0.85896,1.0489,0.24655,0.26103,-0.18338,-0.30283,-0.46783
2.8284,1.775,2.0566,0.85675,0.72738,0.71123,0.1998,0.18851,0.3931,0.72472,0.50311,0.17365
2.4522,1.7184,1.9691,0.95341,1.5762,0.41358,0.57118,0.30812,0.72798,0.82788,0.78652,0.18472
3.0263,1.7122,1.4869,0.86335,1.3362,0.68659,0.94553,0.53054,0.35439,0.14729,0.14886,0.0099534
2.6697,2.2153,1.6851,0.22963,1.6111,1.0137,0.41221,0.74145,-0.19293,-0.2916,0.53909,0.51422
3.5901,2.2137,1.3952,0.33535,0.94912,0.64368,0.95791,0.23087,0.11157,0.080412,-0.093848,-0.43778
3.5309,1.6185,0.74302,-0.32726,1.0176,1.0632,1.4019,0.731,0.68716,0.56464,0.21244,0.53441
3.1869,1.8668,0.71941,0.33571,1.3508,0.88521,1.0055,0.027519,0.033297,0.078704,0.43656,-0.28211
2.9966,2.197,0.94095,0.3181,1.1572,1.3126,1.527,0.4136,-0.15908,-0.17252,-0.17367,-0.27184
3.3477,1.6367,1.0627,0.19509,1.0981,1.0109,1.5421,0.34904,-0.2853,0.19125,0.25165,0.10504
3.6763,1.7132,1.4151,1.0581,1.0698,0.75755,0.59155,-0.11569,0.11439,0.39862,0.19019,-0.026415
3.3562,1.8213,1.4462,1.2784,1.394,0.6698,0.99095,-0.41379,-0.33459,-0.11957,-0.039751,0.054304
2.7571,1.7089,1.452,1.5289,1.0157,0.85866,1.1422,-0.045419,-0.12896,-0.51566,0.1644,0.028667
2.9735,1.3487,0.85555,0.63549,1.2139,0.44009,1.1729,0.34832,0.011421,0.76634,0.1014,-0.055128
3.5686,1.7875,0.98413,0.27505,1.509,0.7761,0.78634,0.21419,0.41202,0.16274,-0.23416,-0.085806
2.9045,1.4311,1.0696,0.58645,1.4025,1.246,1.4644,0.47974,0.48126,0.096402,0.082891,-0.27096
3.0728,2.0838,0.97954,0.33289,0.97831,0.82761,1.2856,0.074948,0.12761,-0.31367,0.39023,0.50819
2.9419,2.0332,0.66971,-0.1076,0.87121,1.3926,1.7389,0.51266,0.28881,-0.037917,0.43365,0.2902
2.9986,2.0194,2.1748,1.2332,1.0259,0.1946,0.26359,-0.00029487,0.18918,0.43658,0.48853,0.70037
3.4011,1.9306,1.492,0.50562,1.2191,0.95009,1.092,0.51941,0.16288,-0.57525,0.63229,0.15503
3.5289,2.1653,1.0747,0.32717,1.0732,0.042466,0.52111,0.22671,0.26073,-0.27694,-0.076168,-0.051544
2.8316,-0.0165,3.1179,0.97282,0.43837,0.69357,1.1978,-0.10548,0.33477,0.35658,-0.39448,-0.49055
3.0109,-0.44774,1.8581,0.044042,-0.51897,0.81475,1.208,0.2202,0.43128,0.98306,0.13875,-0.14339
2.9638,1.2882,1.6818,0.76412,1.2175,0.81475,1.423,0.22868,0.3303,-0.053552,-0.58901,-0.20586
2.4208,0.99341,1.5221,0.70438,0.99758,1.0683,1.0293,-0.03906,0.2378,0.030366,0.56552,0.7684
3.0655,1.543,1.4944,-0.30234,1.0781,1.2877,0.70451,-0.46881,0.53875,0.3822,0.50152,-0.076874
3.0451,1.5541,1.2864,0.6727,0.96716,0.85336,1.4322,0.22168,-0.069218,-0.27921,-0.13034,0.12279
3.1525,1.6994,1.8229,-0.043115,1.1827,1.1788,0.6993,0.037486,-0.0081015,0.42927,0.47342,-0.27166
2.829,1.6111,1.4568,0.81515,0.79083,0.48789,1.2624,0.55585,0.82326,0.12853,-0.46325,-0.14666
2.4891,1.9032,1.5886,0.80432,0.94393,0.060672,1.0144,0.89078,0.73558,0.86509,0.76013,-0.14857
2.5668,1.9116,2.4746,1.5618,1.046,0.41451,0.23186,-0.54214,0.068671,0.26934,1.0866,-0.05596
3.0012,1.6789,1.031,0.64985,1.96,0.59498,0.8829,0.99271,0.49407,-0.37497,0.070217,0.26517
3.3132,1.2753,1.5618,0.86007,1.5298,1.0264,1.133,-0.14216,0.02448,-0.065389,0.018505,0.034651
3.5452,2.0702,1.5907,0.4991,0.55314,-0.084331,0.74341,0.59242,0.90218,0.077477,0.11642,0.36921
2.6498,1.7706,1.1324,0.50758,1.656,1.3949,1.191,0.39174,0.35409,0.050318,-0.0056266,0.10229
2.7431,2.2141,1.3816,1.1129,0.97072,0.15148,0.28992,0.18749,0.32955,0.082674,0.31543,0.19628
3.1081,1.575,1.2096,0.50074,0.79262,0.7222,1.1381,0.51319,0.1266,0.14509,0.76576,-0.48854
3.6391,1.9238,1.592,0.40983,0.59208,0.31394,0.6408,0.37247,0.47715,-0.010285,0.047255,0.18132
2.797,1.849,0.96703,0.014553,0.63981,0.51729,1.5014,0.75482,1.464,0.30682,-0.038082,-0.35785
3.2777,2.2611,1.2477,0.25245,1.3137,0.13245,0.70731,-0.14349,-0.10348,0.27693,0.52933,-0.13094
2.5573,1.4589,1.9107,0.71494,1.4843,1.619,1.3941,0.059704,0.56635,0.049478,-0.24665,-1.0127
3.3528,0.9616,0.70985,0.4752,0.58403,0.9251,1.3768,0.55704,0.34434,-0.05682,0.072398,-0.33824
3.3813,1.1356,1.1333,1.0216,1.5731,1.3915,0.69118,0.13311,-0.19178,0.048277,0.29004,0.4557
4.2825,2.2445,0.58195,0.091554,1.0342,0.23266,0.46036,0.15933,0.73931,0.099583,0.41914,0.31046
3.0379,1.7474,1.382,0.80283,1.3189,1.0286,0.80762,-0.12837,-0.083799,-0.30167,0.29407,0.35259
3.3465,1.4917,1.1963,0.37805,1.489,0.8067,1.04,0.45711,-0.41391,-0.49595,-0.3589,-0.21762
3.1043,1.8648,0.93437,0.68506,1.5601,0.87074,1.0547,0.37961,-0.054594,-0.33204,0.20261,-0.46916
2.7576,1.9568,1.4981,0.83747,1.7164,0.43866,0.68085,0.161,0.077565,0.21585,0.37297,-0.20354
2.5072,1.3651,1.3964,-0.071249,0.073739,-0.062117,0.74714,0.11846,-0.0076867,0.18512,0.41388,0.30305
2.8662,1.0543,0.67592,0.56933,0.81755,0.84901,1.7138,0.72495,0.70758,0.39473,0.44419,0.61433
2.8747,1.8369,1.0377,0.91431,1.0635,0.18749,0.39056,0.52456,-0.24168,-0.17986,0.3943,-0.33634
3.3353,1.7784,0.89822,0.94971,1.6702,0.32819,0.63583,0.0079661,-0.27355,0.35997,0.22317,-0.27232
3.5297,1.9861,1.1348,0.38858,0.92423,1.1646,0.50874,0.28728,0.15747,-0.28703,-0.20328,0.2082
2.4816,2.0136,0.67667,0.32077,1.4048,0.95369,1.3747,-0.22632,0.48925,0.2166,-0.37514,-0.021523
