-0.79766,0.74437,-0.66128,0.55623,-0.43891,0.31965,-0.20833,0.11324,-0.04023,-0.0077736,0.030927,-0.032203
-0.8297,0.79714,-0.74528,0.67753,-0.59819,0.51208,-0.42413,0.33894,-0.26045,0.19165,-0.13445,0.089616
-0.86736,0.83196,-0.77522,0.70037,-0.61155,0.51351,-0.41126,0.30973,-0.21338,0.12602,-0.050502,-0.01131
-0.76886,0.74373,-0.7032,0.64919,-0.58423,0.5113,-0.43366,0.35462,-0.2774,0.20492,-0.13965,0.083484
-0.72532,0.69974,-0.65865,0.60427,-0.53943,0.46746,-0.39186,0.31616,-0.24361,0.17704,-0.11867,0.070032
-0.72562,0.69632,-0.64954,0.58817,-0.51586,0.43675,-0.35509,0.27492,-0.19975,0.13234,-0.074592,0.027473
-0.68033,0.65554,-0.61578,0.56321,-0.50065,0.43124,-0.3583,0.28501,-0.21421,0.14826,-0.088903,0.03725
-0.87532,0.83299,-0.76628,0.68049,-0.58222,0.47867,-0.37689,0.28311,-0.20213,0.137,-0.088831,0.056915
-0.89923,0.86514,-0.81021,0.73714,-0.64947,0.55136,-0.44736,0.3421,-0.24006,0.14528,-0.061155,-0.0097346
-0.87018,0.82902,-0.76325,0.67686,-0.57498,0.4635,-0.34862,0.23636,-0.13222,0.040737,0.034724,-0.092126
-0.86133,0.82699,-0.77177,0.69859,-0.61123,0.51416,-0.4122,0.31024,-0.21294,0.12445,-0.048185,-0.013405
-0.52361,0.51129,-0.49132,0.46452,-0.43194,0.39476,-0.35425,0.31167,-0.26816,0.22477,-0.18235,0.14159
-0.78208,0.74596,-0.68911,0.61613,-0.5327,0.44498,-0.3589,0.27957,-0.21078,0.15475,-0.11195,0.081353
-0.90703,0.86244,-0.79148,0.69887,-0.59062,0.47353,-0.35459,0.24044,-0.13688,0.048439,0.021869,-0.072628
-0.77445,0.74593,-0.70005,0.63918,-0.56641,0.48538,-0.40004,0.31438,-0.23223,0.157,-0.091481,0.037734
2.6307,1.2362,1.1868,1.2447,1.469,-0.00077412,0.46257,-0.0070837,0.75574,0.40725,0.19157,-0.78502
3.639,1.4012,0.94524,0.76681,1.1163,0.84432,0.66506,0.29233,0.84907,0.35609,0.72747,0.17766
2.2925,1.2597,0.99636,1.3675,1.5912,1.2876,1.6673,0.26269,0.30741,-0.2132,-0.4982,0.082017
2.8579,1.3611,0.49305,0.38923,1.5182,1.1053,1.6705,1.1072,1.1965,0.010018,0.18101,0.11993
3.2924,1.5009,1.3154,0.64475,1.3911,0.99599,1.3377,0.37225,0.73619,0.70832,0.17399,-0.29465
3.2804,1.4653,1.1373,0.82811,1.5425,1.3199,0.53749,-0.0028653,0.61067,0.2356,0.27676,0.02887
3.127,1.6501,1.9476,0.66521,1.3283,1.0816,1.1248,0.10939,-0.18014,-0.048891,0.037945,-0.20857
3.3889,1.5344,1.2624,0.61495,1.0062,0.66625,1.3425,0.94346,0.23611,-0.052387,0.28053,0.10718
2.4103,1.84,0.73105,0.49694,1.4797,1.5155,1.5456,0.6726,0.66522,0.76044,0.82164,0.35006
2.4389,1.7739,2.1945,1.516,1.1152,0.65027,0.61956,-0.20099,0.68219,0.44284,0.46829,0.12655
3.57,2.0229,0.85508,0.62087,1.0226,0.66357,0.67469,0.21503,0.45973,0.056077,-0.032161,-0.036372
3.6712,2.4245,1.1807,0.58018,1.529,0.70477,0.68864,0.32488,-0.63733,-0.32765,0.29044,0.21129
3.2464,2.5444,1.9849,0.58317,1.3152,0.68617,0.67597,-0.26993,-0.20155,-0.089964,0.15436,0.32366
3.5352,2.5009,1.6025,0.47259,1.1602,0.36815,0.63473,0.041972,0.97914,0.32311,0.26936,-0.21517
2.9485,1.5426,0.93276,1.0739,1.7246,1.2659,0.97025,-0.29399,-0.095039,0.36555,0.40388,-0.072135
2.6675,2.4584,1.4823,1.3332,1.4829,1.5725,0.9105,-0.24744,0.038069,0.46262,0.20146,0.19387
1.914,1.2216,0.94612,0.6626,1.4716,2.0275,1.7935,0.66681,0.47204,0.93952,0.81071,0.047749
3.0134,1.5714,0.91522,0.76198,1.6003,1.5206,1.4828,0.76774,1.1034,0.39702,-0.030086,-0.22734
2.5898,2.0085,1.1497,0.5969,1.2516,1.0543,1.094,0.5073,0.67992,0.29222,0.065175,-0.016342
3.0598,1.89,1.679,1.1988,0.51867,0.60779,0.93569,0.014551,0.66069,0.49687,0.88039,0.53057
3.2417,1.1908,1.0716,0.99403,1.6225,1.4273,1.3235,0.45343,0.6918,0.5482,-0.054435,-0.23196
3.0341,1.281,1.5961,1.0437,1.2154,0.79832,0.75475,0.35207,0.53279,0.13358,0.49286,0.56958
3.3143,2.1501,1.3514,0.10047,0.66859,0.43281,1.0167,0.32005,0.26258,0.57074,0.74461,0.15105
2.5042,1.4309,0.99555,0.55911,1.7492,0.30271,0.56889,0.29828,0.70999,0.47084,0.8574,0.74569
2.589,0.7088,1.3986,0.86016,1.331,0.86961,0.83706,0.60159,0.51361,0.052148,0.8778,0.7802
3.2035,1.9501,1.5998,0.83358,0.68243,-0.1836,0.69229,0.40224,0.35022,-0.19556,-0.12215,0.51352
2.4682,0.85186,2.3789,0.70572,1.168,0.12551,1.2254,-0.34694,0.3812,0.059783,-0.44168,0.63847
2.6801,0.040629,1.5538,1.3758,1.7041,0.54686,1.1782,-0.20442,0.70302,-0.12119,-0.16581,0.75963
2.3353,1.2932,1.6977,0.83625,1.7099,-0.47526,0.66815,0.6398,0.46507,0.11146,0.0098872,0.95943
1.8818,1.5464,2.1565,0.32428,1.5642,0.92271,1.4047,-0.5648,0.24275,0.30325,-0.24388,0.59665
2.5436,1.9056,1.8285,-0.42529,1.0629,0.97209,1.5747,-0.12816,0.25178,0.3706,-0.28328,0.66664
2.564,1.9979,2.1542,0.1004,0.96812,-0.60263,1.4248,0.48304,0.8735,0.055958,0.01287,0.9001
2.1579,1.7826,1.9158,0.53407,0.99758,-0.68422,1.3738,0.52923,0.68982,0.46271,-0.15482,0.2707
2.2104,1.1887,1.5207,-0.30062,1.7106,-0.29023,1.5836,0.13572,0.98698,0.70018,-0.14022,0.50265
1.7572,1.8612,1.8503,0.20954,1.2863,-0.41325,1.4808,0.47733,0.39759,-0.17943,0.40175,0.76111
1.7897,1.7161,1.3724,0.13013,1.6511,0.28176,1.6408,0.073051,0.57728,-0.66292,0.095356,1.2031
1.1445,1.2675,1.4476,0.49705,1.9721,0.21398,1.0732,0.18706,1.0726,0.0063218,-0.22978,0.77103
1.5427,1.4252,1.3895,-0.62778,1.8063,-0.22484,2.0397,-0.017599,1.3305,0.83161,-0.22684,0.64816
2.0069,1.081,1.4423,0.5668,1.124,-0.61836,1.6001,0.37196,1.6626,-0.19753,-0.34773,0.38659
1.0284,0.93499,0.95656,-0.08478,1.7401,-0.093762,2.0867,0.58179,1.2775,-0.33205,-0.54558,0.75654
1.4147,0.98412,1.4081,0.38153,1.9138,-0.35518,1.8471,0.56739,1.162,0.054457,-0.5048,0.2962
1.0548,0.89053,1.8985,-0.29128,1.6579,0.0183,1.6809,0.39913,1.577,0.020859,-0.79809,1.1011
0.24239,0.47269,1.7124,0.44289,2.1537,0.68488,1.7271,-0.39922,1.4505,0.16158,-0.52453,1.2764
0.99943,0.62843,1.8768,0.055226,1.0495,0.023753,1.7515,-0.017278,1.4405,0.19356,-0.68642,1.5547
0.37259,1.1778,2.2788,0.59759,1.999,-0.29789,1.2803,0.12822,1.1842,0.12588,-0.7386,0.68588
1.6164,1.7359,1.6462,-0.055567,2.0184,-0.60362,1.104,0.55874,1.779,-0.034866,-0.80897,0.77449
1.2839,1.3521,1.7972,0.36051,1.8775,-0.77187,0.71553,0.41161,1.1014,-0.14858,-0.67141,0.84343
1.745,0.97517,1.5202,0.30607,1.6939,0.0035586,0.82356,-0.052906,1.1433,0.21775,-0.10156,1.3167
2.5472,0.63037,1.5185,-0.61453,0.97071,0.92346,1.0161,0.208,1.1024,-0.16953,-0.92071,0.33921
3.0962,0.89801,1.4882,0.53974,0.77594,-0.26521,1.4319,0.94212,1.1225,-0.53605,-0.23016,1.0722
5.5416,2.345,1.2905,0.55686,0.28459,-1.6082,-0.41314,0.54589,0.44715,-0.38993,-0.56073,0.30557
6.331,-0.73444,1.1065,-0.88926,-1.047,-1.033,-1.226,0.084252,2.1608,-0.24398,-1.3096,0.64876
7.1354,-0.4005,0.43081,0.012749,-0.069657,-0.58415,-0.42872,0.56775,1.8332,-0.76606,-2.2613,0.10984
7.3367,-0.048315,-0.90649,-0.34618,-0.76182,-1.1305,-0.72954,1.0369,1.9978,-0.94807,-1.883,-0.043959
7.9699,-0.31855,-0.67395,-0.5141,0.17708,-1.2382,-0.46943,1.4556,1.8385,-0.78129,-1.7415,0.074984
6.6417,-0.29183,-1.6173,-0.68921,-0.48742,-1.2439,-0.63898,1.3176,1.4272,-0.99675,-1.656,-0.11794
7.3081,-0.10641,-0.68549,-0.56136,-0.49119,-0.53349,-0.62766,1.2787,2.0079,-1.0789,-2.0674,-0.016161
6.4415,-0.45076,-1.1098,-0.73936,-1.0542,-0.86606,-0.61033,1.1542,1.7831,-0.94958,-1.8843,-0.13274
7.1922,0.0080728,-1.0438,-0.3548,-0.29498,-0.7972,-0.61582,1.5675,1.7661,-0.78743,-1.6308,-0.39762
7.3723,-1.1089,-1.1886,-0.5227,-0.56232,-1.2785,-0.39139,1.4054,1.7258,-1.1935,-2.0229,-0.18711
7.8845,-0.80445,-1.1294,0.19349,-0.22183,-1.1664,0.2731,1.2309,1.7847,-1.2329,-2.0925,-0.018988
6.8328,-1.0403,-1.5665,0.062907,-0.59029,-1.5359,-0.033832,1.2216,1.143,-0.87427,-2.0158,-0.25745
7.3588,-0.79587,-1.2598,0.10139,-0.0080109,-1.0567,0.2594,1.2435,1.1136,-0.7908,-1.8392,-0.11059
7.581,-1.5951,-1.5505,-0.14821,-0.39583,-1.2466,0.36706,0.79487,1.2399,-0.95721,-1.7438,0.0072487
8.0972,-1.5338,-0.62693,-0.06623,-0.3357,-1.0699,0.41692,0.98131,1.4711,-0.71718,-1.8656,0.010386
7.7683,-2.2078,-0.64787,-0.25631,-0.87087,-1.4445,0.47066,0.46039,1.5608,-0.87271,-2.2526,0.17983
7.3173,-1.4162,-0.65389,0.29904,-0.57505,-0.85039,0.35346,1.0551,1.2804,-0.71542,-2.0712,-0.078978
6.0794,-1.4067,-1.1072,0.1862,-0.84202,-0.923,0.30152,0.92603,1.4496,-0.81106,-2.2008,-0.028193
6.5989,-0.93527,-0.76831,0.21323,-0.72387,-0.88911,0.3097,1.1088,1.3718,-0.79783,-2.1433,-0.20561
7.1279,-1.6333,-0.88991,-0.0014596,-1.1347,-1.1216,0.25604,0.93601,1.5386,-0.80558,-2.165,0.10548
6.7246,-0.89423,-0.5954,0.166,-0.9523,-0.67428,0.29859,1.0818,1.5301,-0.88531,-2.3399,-0.13215
6.3591,-1.9251,-0.62535,-0.12804,-1.1146,-0.75689,0.21616,0.6768,1.4734,-0.89547,-2.3741,-0.17534
7.4225,-2.2506,0.0754,0.24302,-1.1944,-0.047557,-0.084181,0.8815,1.9081,-1.0597,-2.2706,-0.087187
7.5437,-3.0327,0.15148,-0.33373,-1.5134,-0.38654,-0.035022,0.61458,1.9578,-1.1483,-2.0129,-0.13816
7.4548,-2.2692,0.25255,0.025153,-1.2782,-0.50779,0.30568,0.6998,1.993,-1.0127,-2.2481,-0.041676
5.3095,-1.3404,-0.46138,-0.14074,-1.5344,-0.65882,-0.0090049,0.88835,1.4704,-0.73264,-2.0495,-0.32853
7.312,-2.1294,0.32345,-0.090921,-1.4013,-0.20095,-0.16726,0.99687,2.0461,-1.053,-2.0895,-0.15202
5.7242,-1.6167,-0.58688,-0.10186,-1.4418,-0.8793,-0.13448,1.003,1.596,-1.0365,-2.3131,-0.29992
6.6515,-1.2938,-0.18003,0.31217,-1.4336,-0.84983,0.20709,1.178,2.041,-0.86217,-2.1756,-0.047309
7.0977,-2.1229,0.089181,-0.034769,-1.7805,-0.84396,-0.011686,0.99567,1.9772,-0.82229,-2.0478,-0.10198
6.834,-1.1291,-0.18223,0.28357,-1.4965,-0.84348,0.2221,0.98022,1.9366,-0.57682,-2.143,-0.051658
6.3629,-1.0055,-0.46933,0.02909,-1.463,-1.1874,0.0045292,1.093,1.6903,-0.62148,-1.9379,-0.25999
7.5303,-1.4867,0.0047083,0.18529,-1.1222,-1.3175,0.29463,1.1074,1.794,-0.63344,-2.1714,0.1706
6.4,-0.44741,-0.69209,-0.034513,-1.1953,-1.417,0.26365,1.2659,1.4219,-0.50299,-1.6291,-0.39611
6.4528,0.094452,-0.73143,0.058214,-1.0901,-1.4128,0.15305,1.377,1.4312,-0.49224,-1.5124,-0.50984
6.557,0.33807,-0.90448,-0.28275,-0.94662,-1.4863,-0.19297,1.5135,1.2854,-0.71766,-1.2011,-0.27329
6.3888,-0.045649,-0.51629,-0.26076,-0.92164,-1.4147,-0.29619,1.4309,1.4632,-0.60955,-1.6118,-0.33275
7.1969,-0.42545,-0.27649,0.045184,-0.76989,-1.4347,0.19277,1.1733,1.8502,-0.62131,-1.5761,-0.14748
6.4967,-0.015896,-0.58607,0.15381,-0.89982,-1.2789,0.10123,1.1727,1.4557,-0.66705,-1.6716,-0.038097
7.0948,-0.33492,0.23794,-0.20202,-0.89204,-1.2491,0.4883,1.0037,1.5573,-1.0187,-1.6294,0.008012
6.1051,0.57575,-0.024698,-0.31023,-0.88732,-1.4805,-0.31131,1.5499,1.1201,-0.91952,-1.1611,-0.017438
6.4122,0.32506,0.91178,-0.38188,-0.92165,-1.5871,-0.074428,1.184,1.5215,-0.98965,-1.4649,0.36885
6.4797,0.23554,0.98107,-0.67788,-1.3346,-1.1298,-0.51046,1.0162,1.5946,-1.2014,-1.105,0.17471
6.3069,0.94025,2.2359,-0.74182,-1.7105,-0.36068,-0.44034,1.2962,1.7499,-1.1347,-1.5191,0.22879
5.8209,1.2707,2.2284,-1.198,-1.8515,-0.34355,-0.4142,0.17133,1.4942,-0.3204,-1.5321,-0.16926
5.9735,1.8882,2.1345,-0.49551,-1.7077,0.14758,0.099807,-0.032972,1.0161,-0.28673,-0.614,0.036408
5.4342,1.7557,1.5304,-0.36976,-1.6029,-0.50931,-0.028985,-0.045176,0.32767,-0.027553,-0.31112,0.16282
5.2721,1.9839,2.1986,0.30827,0.31918,0.057119,0.47194,4.2142e-05,-0.045497,-0.014667,0.13296,-0.10779
4.6617,1.7328,1.1956,0.3637,0.24922,0.30741,0.12886,-0.76746,-0.54649,-0.30809,0.54043,0.52279
3.7129,1.3951,1.5074,1.3552,0.89602,0.42562,0.18348,-0.049524,0.29911,-0.14558,0.38665,-0.12614
4.2138,2.122,1.7454,0.25512,0.13638,0.27851,0.016673,-0.44511,0.3274,0.26643,0.29997,0.41656
4.4525,2.8072,1.2865,0.29666,0.52502,0.12749,0.66537,-0.26281,-0.080927,0.42732,0.79186,0.1833
3.3757,1.6663,0.99312,0.85673,1.1276,1.0976,1.1096,0.14318,0.82627,0.084422,0.30242,0.46129
3.4462,1.7426,0.97083,0.26091,0.95129,0.93833,1.7039,0.58761,0.47979,1.1491,0.62837,-0.22181
2.746,2.01,1.4047,0.53484,1.2028,0.68109,0.42026,0.467,0.54931,-0.0050515,0.16963,0.58415
3.3932,1.9186,1.1415,0.83704,0.89194,0.64941,1.1218,0.25638,0.83861,0.24274,0.16914,-0.11572
3.4006,1.4598,1.1499,0.93363,0.90843,1.2556,1.4808,0.34407,-0.19729,0.21425,0.1922,0.16081
3.3612,2.3545,1.4061,0.70931,0.59379,1.1222,1.6795,-0.040483,-0.41551,-0.50432,-0.34568,-0.43741
3.2872,1.9697,1.6545,0.49179,0.77956,1.2596,1.5272,0.27811,-0.2911,0.12741,0.053471,0.23064
3.4094,2.2173,1.1512,0.62133,1.3899,0.97127,0.47981,-0.045277,0.058635,0.43993,0.51419,-0.098227
3.5702,1.974,1.4512,0.56543,1.4502,0.94458,0.77886,-0.14432,-0.27266,0.30249,0.55021,0.30121
2.4381,1.7,1.7792,1.2874,0.41201,0.87233,1.6068,0.17614,0.10022,-0.10867,0.46756,0.73262
3.267,2.4355,1.4849,0.17139,1.2264,0.77545,1.4824,-0.32538,0.047327,-0.61315,0.50404,0.22474
3.513,2.181,1.7514,0.92617,1.2351,0.50216,0.60468,-0.4105,0.067674,0.27501,-0.1891,-0.11626
3.3054,1.9621,2.0829,0.78135,0.87214,0.7691,0.5239,-0.3065,0.30727,0.37386,0.25163,-0.19443
2.8365,1.2577,2.268,0.95428,0.96073,1.2724,1.0951,-0.049036,0.36042,0.26342,-0.17741,0.10948
2.8817,-0.80791,3.1935,0.014851,-0.28917,0.23153,0.41234,-0.023301,0.9066,0.82951,-0.60318,-0.15145
2.7749,0.47077,2.6707,0.027413,-0.11967,1.2452,0.85232,-0.74291,0.60002,0.59101,-0.39366,0.13885
2.8452,1.1759,1.7521,0.91116,0.72029,1.1849,1.0245,-0.51025,0.63647,0.90733,0.21846,0.56216
2.6262,0.45388,1.8453,0.28006,0.55401,1.6762,1.2439,0.67495,1.2854,0.93625,0.14173,0.31836
2.8712,0.87513,2.0202,0.16545,0.91595,1.9162,1.0444,-0.30924,0.89016,0.10069,-0.97312,0.13635
1.9403,0.51215,2.32,0.73323,0.77661,1.1953,1.7398,0.17748,1.0076,0.46784,-0.46418,0.65398
2.9088,1.3803,2.9584,0.20465,0.4415,1.1912,0.38801,-0.95842,0.3413,0.58272,-0.29954,0.82662
3.1742,0.66835,2.3914,5.6789e-05,0.14907,1.1812,1.0605,-0.55879,0.30587,0.83214,-0.12663,0.3238
2.8846,0.65718,2.7345,0.62526,0.55499,0.73458,0.99063,-0.57209,0.57862,0.70779,-0.39664,-0.29821
2.4636,0.94951,2.2891,0.31803,0.83286,1.7433,1.5699,0.085655,0.43459,0.14094,-0.39917,0.55164
2.546,0.53537,1.6072,1.33,0.95985,1.41,2.088,-0.017886,0.31325,0.18123,-0.10919,-0.26853
2.611,0.75302,2.2032,0.66978,0.87779,1.3408,1.569,0.48785,0.68928,0.56305,0.052891,-0.10685
2.9001,1.7147,1.0791,0.3198,0.99328,0.93308,1.0058,0.23224,0.6063,0.18384,0.32021,0.10588
3.317,1.4932,1.5012,1.1204,1.3692,1.3698,1.2671,0.34183,0.29115,-0.5534,-0.60981,-0.020708
3.4357,1.8037,1.762,0.82768,1.3867,0.41372,0.80144,0.25605,-0.14472,-0.83855,-0.088083,0.83976
2.3443,1.1348,1.8333,1.3775,1.2896,0.73258,1.5039,0.88803,0.46796,0.14127,-0.31077,-0.097263
2.4568,0.83372,1.908,0.78781,0.75198,1.5437,2.1428,1.037,0.19533,0.0062567,0.030386,0.3625
2.3976,1.5818,1.3911,0.60599,1.6288,0.80478,1.3697,1.3077,0.49997,0.38931,0.1135,0.0057616
3.4646,1.7247,1.0499,0.60953,0.733,0.68248,0.91137,0.19716,1.0419,1.0696,-0.12498,-0.11434
3.2376,1.1373,1.1749,0.79032,0.60604,0.41299,0.6532,0.10202,0.85832,0.55537,0.27482,0.76778
3.754,2.1926,1.4848,1.2923,0.67486,0.13018,0.80118,0.60685,0.44155,-0.23583,-0.14313,0.33381
3.9815,1.9743,1.6063,1.0418,0.47123,0.43055,-0.08058,-0.066276,0.61347,-0.18852,0.20856,0.15507
3.7555,1.5127,1.6221,0.57725,0.69101,0.32184,0.43675,0.32292,0.60615,0.62103,-0.12047,-0.025866
3.0736,1.3143,1.3693,0.62236,0.95853,0.75562,1.5638,0.44811,0.79125,0.46593,0.43366,-0.1277
3.5035,1.1383,1.5057,1.1783,1.1921,0.65835,0.68004,0.28363,0.059367,0.009571,-0.099531,-0.65208
3.2217,1.6192,1.5816,1.1808,0.98169,0.5571,0.58429,-0.0060423,-0.15142,0.10483,0.022092,0.18403
3.0358,2.0662,1.7761,1.0711,1.2964,0.85857,1.5783,-0.074383,-0.73102,0.090269,0.27591,0.14319
4.3882,2.6414,0.92048,1.1638,1.0241,0.74386,0.71433,-0.12889,0.0998,-0.30409,-0.28523,0.071136
4.8789,1.6927,0.36732,-0.050784,0.26388,-0.84131,-0.6169,-0.59788,0.28105,-0.41211,-0.32889,0.52751
5.178,1.9061,1.3685,0.73106,0.48173,0.092624,-0.094134,0.0902,0.30784,0.022056,0.24379,0.14454
3.9072,1.9095,0.87403,0.035024,1.5805,0.99608,1.0418,-0.15169,-0.0013009,0.36522,0.65551,0.10797
4.3024,2.5635,1.9571,1.0788,0.6504,-0.40558,-0.38896,-1.0361,-0.37031,-0.059439,0.2296,0.068471
4.8682,3.5652,2.4194,0.83413,0.019256,0.16307,0.93579,-0.15424,-0.10314,-0.61672,-0.10062,-0.71518
4.6402,3.4378,1.8637,0.71357,1.0582,0.36847,-0.16718,-1.0772,-0.12352,-0.50427,-0.52381,0.0059269
4.5502,2.6337,1.7509,0.15604,0.026371,0.34098,-0.19709,-1.1426,-0.24016,-1.0091,-0.59687,-0.037776
5.2842,3.1069,1.971,1.2626,0.96435,0.098235,-0.4683,-0.54757,0.56512,-0.22584,-0.17567,-0.83763
4.757,3.1712,2.225,0.96861,1.0359,0.30239,0.52635,-0.077954,-0.49689,-0.78105,-0.77079,-0.40779
4.3193,3.0671,1.8439,0.66362,0.6272,0.018404,-0.28748,-1.0336,0.061883,-0.053622,-0.90077,-0.5412
4.7939,3.2597,1.006,0.43522,0.56789,-0.076488,0.54265,-0.60911,-0.53525,-0.12423,-0.51302,-0.20166
4.7245,2.8444,2.3357,1.3008,1.2266,0.23145,0.74351,-0.20816,-0.70082,0.0025341,0.028209,-0.492
4.2895,2.8826,2.1948,0.9679,1.2595,0.62063,0.30482,-0.51819,-0.25761,-0.2674,-0.6562,-0.73953
4.6225,2.5753,1.6111,0.36233,0.71036,0.27251,-0.23128,-0.72729,-0.12481,-0.24268,-0.41039,-0.75212
4.359,2.6363,1.9382,0.59744,1.1586,-0.20974,0.69299,-0.43768,-0.78676,-0.48183,-0.11102,-0.11619
4.544,3.199,1.924,1.1584,1.2344,0.19905,0.017727,0.20244,0.18594,-0.070095,-0.16216,-0.67673
4.6314,2.4411,1.6066,1.1232,1.4929,0.61751,0.50131,-0.18928,-0.46059,-0.20671,-0.10613,-0.23512
3.8172,1.6953,1.6935,0.87433,0.99561,0.40605,0.57211,-0.51903,-0.53071,-1.0856,-0.13179,-0.027493
3.2574,2.3156,1.9958,0.78642,0.42346,0.94634,0.97905,0.097964,-0.31383,-0.70234,-0.58158,-0.55344
3.6064,2.1857,1.8494,0.54587,1.4453,0.75383,1.3029,0.38809,-0.023161,-0.3426,-0.10363,-0.28437
4.318,2.6401,1.5274,0.40572,1.2217,0.59769,0.4215,0.41718,0.37142,-0.084446,-0.066745,0.74581
3.7912,2.0809,1.383,1.1143,1.3849,0.39723,0.4453,0.1855,0.26106,-0.22378,0.42506,0.20184
4.1329,-0.53522,0.63287,-0.62541,0.86017,-0.55013,0.12443,-0.32649,1.2199,0.392,-0.78693,0.23367
5.5113,0.85674,1.7458,0.77629,0.28621,-0.46973,0.045207,-0.26246,1.1564,-0.88441,-1.0101,0.62004
5.3196,1.2748,3.2737,0.5903,-0.44923,-1.1199,-1.2279,-0.3569,1.1415,-0.81928,-1.4311,0.67297
6.229,-0.36127,2.6174,0.16192,-1.5375,-0.87986,-2.2423,-1.1798,1.1569,-1.3344,-1.031,0.7494
6.747,-0.74527,4.0853,0.15291,-1.1878,-0.7888,-2.1502,-0.56726,1.7718,-0.61357,-0.86271,0.46338
5.4503,-0.38951,2.7723,0.53826,-1.3752,-0.66788,-2.325,-0.31982,1.8212,-0.85098,-1.2744,0.67
6.0233,-1.8765,3.0797,0.20152,-1.5336,-0.1661,-1.9955,-0.33839,1.9178,-1.1561,-1.2826,0.4688
5.1631,-0.94123,3.0064,0.80902,-1.4268,-0.63008,-1.962,-0.31488,1.7992,-0.55132,-1.1162,0.62726
5.7804,-1.9965,2.7015,-0.036544,-1.7589,-0.57987,-2.2358,-0.65387,1.5575,-0.54184,-0.90671,0.66516
6.545,-1.6689,3.3739,0.65732,-1.8128,-0.74841,-1.7541,-0.58911,2.2091,-0.41751,-1.0446,0.59022
5.2516,-1.5365,2.4895,0.51642,-2.2756,-1.1396,-2.0271,-0.80434,1.6756,-0.38529,-1.1515,0.21616
6.1504,-1.8534,2.9888,0.79661,-1.7603,-0.60864,-1.9236,-0.51176,1.9389,-0.33683,-0.82442,0.092538
6.2608,-2.1809,2.8833,0.50117,-1.8093,-0.93907,-1.9393,-0.67652,1.9922,-0.54367,-1.0771,0.16755
6.4531,-1.9662,3.0833,0.39609,-1.7537,-0.71821,-2.1575,-0.37089,2.0007,-0.30721,-1.0329,0.080138
5.8714,-1.1969,2.5721,0.68101,-1.9255,-0.64292,-1.9182,-0.56508,1.8434,-0.093639,-1.0337,0.11696
6.3588,-1.7761,2.5173,0.17924,-2.0698,-0.74858,-1.8717,-0.88007,1.5641,-0.40051,-1.0117,0.027599
5.9207,-0.87025,2.7433,0.89585,-1.8307,-0.77984,-1.9862,-0.78775,1.8617,-0.024979,-1.0413,-0.050572
5.3162,-1.2268,1.8778,0.25464,-2.0398,-0.84244,-2.1507,-0.9531,1.5681,-0.31485,-1.1835,-0.048501
6.8726,-1.7958,2.5899,0.40389,-1.2756,-0.20514,-1.5903,-0.89464,1.7481,-0.40861,-1.0581,0.22917
5.7693,-1.9704,1.6687,0.10662,-1.8776,-0.65462,-2.1973,-0.99445,1.4938,-0.55461,-1.302,0.12562
6.0275,-1.2051,2.3684,0.80466,-1.5368,-0.71148,-2.0528,-0.69146,1.7435,-0.14401,-0.98367,-0.087685
6.5184,-1.6953,2.3106,0.23738,-1.4504,-0.92097,-1.9816,-0.98155,1.7711,-0.2343,-0.97144,0.014797
5.728,-1.0179,2.1824,0.62418,-1.3917,-0.74024,-2.0726,-0.88691,1.6163,0.11018,-0.86498,-0.24373
5.8577,-1.0557,2.0683,0.72058,-1.3185,-0.76022,-2.043,-0.889,1.676,0.36558,-0.92468,-0.13144
6.1902,-1.7628,1.7609,0.44878,-1.4962,-0.69879,-2.2343,-1.0283,1.8206,0.11245,-0.92116,-0.0017929
6.179,-0.99023,1.9286,0.45235,-0.9589,-0.54939,-2.2922,-0.7596,2.2405,0.39012,-0.44209,0.12331
6.477,-1.1104,0.37164,-0.077712,-0.72197,-1.0678,-1.6027,-0.84158,1.8422,0.65213,-0.018149,0.56729
6.6612,0.3567,1.2779,0.83412,-0.44876,-1.9774,-1.8675,-0.98054,1.513,0.70158,-0.77064,0.42455
6.33,-0.63653,1.6986,0.62927,-1.0688,-0.86173,-1.9335,-1.1521,1.6698,0.056584,-0.78587,-0.1665
6.2167,-0.19418,1.169,-0.18285,-0.61578,-0.69102,-2.091,-0.74784,1.5072,0.69641,-0.3049,0.17441
5.4551,1.2158,1.2151,0.16961,-0.70709,-1.1755,-1.0212,-0.84187,1.0903,1.0338,0.08307,0.24208
5.9173,1.4803,1.1363,-0.0009699,-0.72151,-1.5163,-0.46191,0.1027,0.58049,0.66566,0.13203,0.53732
4.6342,1.19,0.52963,0.61082,0.56077,-1.3264,-0.66416,0.29237,1.2283,1.2375,1.1847,0.38949
4.9145,1.4984,1.1865,0.95435,0.0019026,-0.9787,-0.10658,0.0036857,0.60891,0.73082,0.54015,0.25341
4.5321,1.2271,1.5578,0.35017,0.16975,-0.36206,-0.54397,-0.39443,0.43222,0.086332,0.14429,-0.067473
4.5698,2.6,1.3072,0.59115,0.31687,-0.57914,0.27621,0.029567,0.80544,-0.025144,0.10197,-0.17456
3.7435,2.1265,1.1681,0.15634,0.52516,-0.22996,0.3343,-0.17549,0.08459,0.5261,0.55488,0.60653
3.504,1.7832,1.4552,0.45123,0.44236,0.11232,0.49543,-0.17036,0.36823,0.087607,1.1561,0.40052
3.6505,2.2653,2.0225,0.49865,0.36629,-0.18376,-0.18757,-0.50415,0.12313,0.51379,0.99335,0.2233
3.7101,1.4033,2.1371,1.4014,0.79374,0.29474,0.82765,0.20512,0.1367,0.060042,0.40231,-0.57158
2.8111,2.2972,1.9049,0.77613,1.2485,0.1138,0.54246,0.61356,0.66786,-0.0027997,-0.085826,-1.2568
3.7297,1.8925,0.67874,0.28983,1.1669,0.63229,0.99823,-0.12595,0.60158,0.13428,0.56483,0.044857
3.4648,2.2688,1.3731,0.83335,1.2051,0.63846,0.43234,-0.11529,0.64656,0.35736,0.60997,-0.11532
3.5834,1.3905,1.5638,1.3327,0.94069,0.92243,0.87762,0.19152,0.22005,0.13737,-0.47278,-0.26796
3.1695,1.6106,1.4772,1.0221,1.3145,0.46273,0.69635,0.59965,0.42249,0.65918,0.069131,-0.056533
3.0598,1.6203,0.82517,0.57698,1.0871,0.89384,1.4318,0.2328,-0.07587,0.13015,0.027624,-0.56538
3.696,1.7327,1.9123,0.83798,0.16839,0.49105,0.85182,-0.12106,0.14563,0.66665,0.68766,0.23546
3.4537,1.5174,0.99339,0.91962,0.75515,0.45381,0.85422,0.30389,0.51354,0.35191,0.18208,-0.048835
2.3202,1.356,0.64532,0.63533,1.9638,1.254,1.2615,0.5212,0.74241,0.5527,0.41288,0.45667
2.6742,1.8233,1.8883,1.064,1.1259,1.1345,0.64038,0.068892,-0.024456,-0.074094,-0.2117,-0.36178
3.217,1.7609,0.97752,0.42156,0.75934,1.3751,1.1893,-0.2792,0.33737,0.078399,0.6748,0.41747
3.3911,1.5967,1.2166,0.74915,1.0857,0.85969,1.7105,0.73015,0.055185,-0.058685,-0.11188,-0.046521
3.3865,2.2001,1.3613,0.82528,1.1342,0.91906,0.61712,0.027852,0.27925,0.51239,0.1724,-0.54983
3.3493,1.0738,1.1865,0.15398,0.80052,0.7697,1.0853,0.70289,0.50619,0.22374,0.38044,0.28456
3.0494,1.7007,1.1862,0.99885,0.88509,0.68065,1.0213,0.22784,0.69102,0.37216,-0.054963,-0.033744
3.1966,1.8056,1.4018,0.78534,1.4092,0.69984,1.2471,0.5726,0.34252,0.26318,0.0013368,0.26419
2.9043,1.5034,0.73389,0.64846,1.2529,1.2835,0.83303,0.26929,0.61975,0.17549,0.3327,-0.029985
2.9619,1.3818,1.1427,0.49451,1.4633,0.61835,0.85437,0.64422,0.24242,0.025106,0.15704,0.37242
3.2459,1.8715,0.75884,0.19741,1.466,0.81719,0.99932,0.2961,-0.092866,0.62551,0.49193,0.52246
2.3732,1.4917,1.11,0.40558,1.4027,1.2158,1.6741,-0.16082,-0.055351,0.68002,0.8799,1.1765
2.7839,1.818,1.6644,0.8126,1.4143,0.84978,0.74179,0.058543,0.0047285,-0.46577,0.38998,0.31866
3.3931,2.1931,0.79954,0.61011,1.632,0.68691,0.064366,-0.066144,0.1106,0.19099,0.66767,-0.081444
3.409,2.2213,0.88453,-0.28901,1.1143,0.81593,0.79202,0.37495,0.16295,0.65105,0.821,0.19283
3.4161,1.81,1.2863,0.69732,1.0634,0.0087925,1.0092,0.188,0.17917,0.70111,0.45801,0.5589
3.3778,1.969,0.77049,0.29275,0.73858,1.2418,1.0199,0.060064,0.22692,0.29947,0.62749,-0.11557
3.0867,2.1049,1.1112,0.546,1.2103,1.1087,0.85648,-0.050527,-0.092729,0.30742,0.42389,0.27023
2.897,1.626,1.9062,1.2453,0.99051,0.38826,0.45655,-0.029321,0.23383,0.56752,0.1073,-0.6664
2.9227,1.6982,1.5905,0.76657,0.92523,0.61968,1.5707,0.56083,0.0098306,0.17872,-0.29445,-0.38433
2.5839,1.9204,1.0017,0.051801,1.5482,1.5862,1.3432,0.30327,0.39841,0.098102,0.24739,0.3468
2.9282,1.5971,1.729,0.58555,1.3349,0.75774,0.771,0.098661,0.34679,0.052747,0.24836,-0.23697
3.7746,1.7996,1.1018,0.4353,0.96329,1.3335,0.70912,-0.5257,0.094418,-0.099533,-0.15942,-0.075197
2.3486,1.7233,1.5643,0.40219,1.1589,1.536,1.5548,0.15321,0.052784,0.14345,0.42136,-0.082828
3.4869,2.0813,1.9967,0.62404,0.61293,0.47464,0.92112,0.02516,-0.58227,0.48945,0.56073,0.45855
3.05,1.4517,1.0288,0.51828,1.2963,0.96574,1.3666,0.95735,0.2792,0.13204,0.68298,0.66698
2.5881,2.0605,1.9723,0.44204,0.9096,0.54043,0.88396,0.25026,0.75087,0.38022,0.15715,-0.61263
3.5867,2.4044,1.3265,0.4472,1.1164,0.67288,0.42887,0.3477,0.12235,0.27056,0.35202,0.16108
3.0416,2.1263,1.4994,0.59556,1.1722,0.18544,0.66014,0.57021,0.085101,-0.12006,0.35121,0.58785
4.1724,2.2291,0.51827,0.4099,1.0432,0.61142,0.50595,0.1728,0.29369,-0.22152,0.040466,0.23544
3.4956,1.9171,1.2344,0.1994,0.8915,0.73999,1.4105,-0.17695,-0.073973,-0.030089,-0.18438,-0.25025
3.2266,1.7004,1.326,0.76951,1.0137,0.3596,1.2859,0.047142,-0.16926,0.13644,0.5507,0.38475
3.2418,1.5844,0.64252,0.17293,1.1473,0.94747,1.1538,0.6612,0.37671,-0.034446,0.14077,0.73515
2.5468,1.6926,1.3312,0.76986,1.3193,1.2925,2.1314,0.40813,0.4122,-0.1326,-0.64481,-0.00026357
2.5509,2.0148,1.8992,0.36903,0.85362,0.93006,0.83134,0.20285,-0.27601,-0.36975,0.57196,0.52507
2.7513,1.3849,1.0235,1.7369,1.4992,1.3502,0.91369,-0.48215,0.19252,-0.12173,0.13833,0.37069
2.9895,1.8323,1.792,0.76145,0.76472,1.022,1.0134,0.68175,0.46942,-0.17779,-0.15564,0.22955
3.1625,1.813,1.0971,0.8917,0.68307,0.21563,1.1694,0.22435,0.11125,0.10202,-0.044027,-0.31621
3.6124,1.826,0.99023,0.16583,1.0683,0.57802,1.0617,0.31786,-0.15543,0.25645,0.35714,0.030624
2.1437,1.7973,1.4231,1.5446,2.0513,0.72135,1.1305,-0.37998,0.098993,0.19046,0.155,0.21645
3.4254,1.4042,0.84288,0.42144,0.63926,0.47557,0.19554,-0.15548,0.50039,0.91895,1.157,0.26091
3.5488,1.8275,1.3149,0.26502,0.69234,0.39475,1.198,0.30179,0.30236,0.11353,0.21481,0.10157
3.4216,1.8164,1.0188,0.32268,1.2857,0.46192,1.1832,0.58186,-0.097408,0.68771,0.4671,0.04481
3.2233,1.5884,1.3655,0.79728,0.65956,0.63987,1.2389,-0.45175,-0.29,-0.059019,0.32684,-0.045385
3.278,1.9098,1.0739,0.67294,1.1405,0.62728,0.55869,0.050313,0.019352,0.13994,0.11219,0.36678
2.8259,1.6845,1.1495,0.69269,1.6408,1.1505,0.76243,0.0027468,0.13794,0.091323,0.85893,0.59715
2.6838,1.5374,1.0283,1.0221,1.2891,0.89981,0.96597,-0.15423,-0.32218,0.27125,0.69044,0.059744
2.876,1.7104,1.6487,1.1683,1.1945,0.55569,0.60633,0.79493,0.33219,-0.18782,0.32358,-0.29816
3.142,1.7662,1.2979,0.81952,1.381,0.84446,1.3335,0.19285,-0.36744,-0.16331,0.43235,0.36907
2.4836,1.8712,1.7149,1.0514,1.3313,1.0012,0.98478,0.10969,0.48155,0.44703,-0.25076,-0.64262
2.5553,1.3073,1.3452,1.3073,1.4384,0.59672,0.67467,0.11729,0.46321,0.93818,0.70284,0.27592
2.9803,1.6367,1.0633,1.7142,1.8883,1.3031,0.83273,-0.75219,-0.58759,0.20854,0.078464,0.20635
2.9597,1.721,1.2068,0.52641,1.3453,0.47791,0.66006,0.42105,0.11176,0.22751,0.46318,0.14436
2.8675,2.4184,1.7467,1.0814,1.2621,0.42095,0.20726,-0.21095,0.20154,0.13702,0.21578,-0.011564
2.9657,2.1828,1.4666,0.29225,0.86761,0.8578,0.61569,0.45608,0.31657,-0.026591,0.6316,0.023799
3.0596,2.0483,0.73603,0.16877,1.301,0.77728,1.3181,0.41332,0.21232,-0.32787,0.044642,-0.18884
2.5952,1.7812,1.1526,0.60967,0.81929,0.47646,0.75791,0.75286,0.29747,-0.20057,0.047088,0.2813
3.1151,1.0824,0.90139,0.25699,0.90373,1.5031,1.1563,0.53111,0.38827,0.26435,0.62454,0.15934
2.7629,1.2891,1.0149,1.1139,1.2319,0.68618,0.69888,0.075603,0.71403,0.429,-0.025421,0.22148
2.6233,1.3183,1.1001,0.96743,1.8229,1.1792,1.0065,-0.26839,-0.47167,0.30298,0.18452,0.42504
2.8266,1.9214,1.5073,1.0553,1.4089,1.0085,0.9174,0.12064,-0.031235,-0.19758,0.095096,-0.17348
2.7059,1.8357,1.451,0.36535,0.36777,0.28336,1.3575,0.53274,0.32119,0.1105,0.059721,-0.25203
2.8809,1.5764,1.0136,0.47595,1.3821,1.0304,0.71136,-0.062771,0.51878,0.67638,0.36976,0.2102
3.4446,1.7474,0.91557,0.71216,1.2152,1.2671,1.383,-0.23404,-0.033204,0.28801,-0.43448,0.4857
3.2219,1.407,1.4299,0.37222,1.3959,0.88565,0.54373,-0.18737,-0.16292,-0.08427,0.079735,0.11315
3.4688,1.8549,0.89495,0.33016,0.99598,1.5115,0.93623,0.062015,-0.088095,-0.57019,-0.36527,-0.045917
2.998,1.8763,1.7903,0.72699,1.228,1.0588,1.2086,0.21088,-0.41931,-0.51477,-0.043414,0.68744
3.9004,0.33112,0.24618,0.93571,1.9151,1.2089,0.34794,0.055227,0.99867,0.53142,-0.51594,-0.97447
3.5846,0.78204,0.5546,0.39197,1.341,0.93051,0.5905,0.043434,1.3258,0.33068,-0.025292,-1.0992
3.2171,0.81786,1.4133,0.33846,1.1328,0.88805,0.94091,0.092362,0.50757,0.43701,-0.14974,-0.064531
3.9099,1.2105,1.3705,-0.11995,1.4328,0.84898,0.12007,0.17419,0.45266,0.1784,-0.86252,-0.64691
5.7888,0.73731,-0.2287,0.20879,1.3539,0.46354,0.24058,0.43627,0.53918,-0.73429,-1.2381,-1.3715
5.4136,1.8301,0.30658,-0.35192,0.47335,0.87295,0.39377,-0.18717,0.78163,-0.43583,-1.218,-1.2128
5.5303,1.2922,0.54826,-0.19187,0.68863,0.2836,0.49332,0.59935,0.81469,0.12897,-1.4115,-1.9497
5.7523,1.5673,0.14334,-0.6409,0.96894,0.75004,0.068711,-0.037812,1.3394,0.41928,-0.85515,-1.6223
6.0751,0.67899,0.53917,-0.81045,-0.5217,0.52669,-0.76763,-0.39774,1.3688,0.36459,-1.3429,-0.79725
7.1897,-0.56085,0.43812,-1.5806,-1.0523,0.7662,-1.096,-0.21447,1.6762,-0.58299,-1.6236,-0.73734
7.8594,-1.0748,-0.52142,-1.4132,-1.0855,1.3683,-0.74742,-0.77888,2.3785,0.25184,-1.7984,-0.62228
7.5397,-0.89773,-0.5827,-1.5884,-0.74487,1.3678,-0.96664,-0.94674,2.2872,0.35074,-1.8355,-0.73638
7.9093,-1.2296,-2.1631,-1.092,-0.82794,-0.35998,-1.2235,-0.81451,1.359,0.4646,-1.4461,-1.2551
7.7064,-1.6994,-0.66581,-0.64798,-0.71958,0.93009,-0.89453,-0.79942,2.4974,0.62422,-1.795,-0.63324
6.2544,-1.2112,-0.63706,-0.73363,-0.7802,0.51171,-1.2947,-0.66916,2.0257,0.61076,-1.3436,-0.88039
7.9941,-2.8179,-0.028665,-1.7434,-0.87044,0.44498,-1.1546,-0.9809,2.3547,0.22134,-1.6453,-1.0096
7.9493,-1.486,0.27619,-0.5359,-0.87027,0.45117,-1.2464,-0.66981,2.3814,0.66776,-1.3448,-1.0312
7.9193,-1.7636,0.020302,-1.1715,-0.94278,0.33884,-1.1925,-0.351,1.9959,0.44349,-1.6604,-1.0413
6.6824,-0.99397,-0.5682,-0.90077,-1.1169,0.35601,-1.005,-0.57126,1.8587,0.34583,-1.5974,-1.042
7.9969,-1.9872,0.42371,-0.63628,-1.109,1.0134,-1.1144,-0.54687,2.4933,0.073698,-1.2395,-1.1287
7.4133,-2.6001,0.24435,-1.0582,-1.2832,0.89925,-1.5793,-0.74558,2.1863,-0.061645,-1.698,-0.86069
7.1841,-2.5006,0.29417,-0.99548,-1.1231,1.0699,-1.523,-0.59381,2.2918,0.0025814,-1.6053,-0.77207
8.1843,-2.8946,0.80329,-0.87777,-1.104,1.348,-1.6009,-0.43248,2.6077,-0.12015,-1.2298,-1.0131
7.6607,-3.2511,0.33707,-1.5099,-1.1607,0.92512,-1.8536,-0.81765,2.1057,-0.08625,-1.7225,-0.94117
7.4114,-2.0519,0.65841,-0.97276,-0.85045,0.95522,-1.5064,-0.54364,2.5171,0.050874,-1.2598,-0.69696
6.9214,-1.7431,0.15108,-0.99924,-0.78639,0.89318,-1.5587,-0.60745,2.5889,-0.07631,-1.378,-0.56054
6.7234,-2.8775,-0.0014007,-1.9869,-1.4974,-0.32224,-2.0427,-1.1911,1.808,-0.57818,-1.7303,-1.2762
6.7084,-0.89173,0.36352,-0.81197,-0.74817,0.68322,-1.4247,-0.093169,2.2731,0.28424,-1.2262,-0.93955
6.6996,-1.2383,0.40297,-0.76083,-1.048,0.52242,-1.3997,-0.30697,2.1852,0.18618,-1.3822,-1.0075
7.6059,-2.2833,0.31099,-1.4346,-1.0831,0.47619,-1.669,-0.66621,1.9953,-0.18492,-1.6855,-1.1225
8.0912,-1.7981,0.61839,-0.70135,-0.66658,0.79583,-1.09,-0.44519,2.4117,-0.061073,-1.2855,-1.1579
7.1469,-1.6437,-0.10427,-0.6455,-0.85538,0.59872,-0.96097,-0.38471,1.9033,0.05446,-1.3822,-1.2066
7.8122,-1.6787,-0.099371,-0.57049,-0.69005,0.41305,-0.71265,-0.70943,2.078,-0.012377,-1.5176,-1.1698
7.6941,-1.4138,0.017454,-0.039624,-0.55643,0.7309,-0.67358,-0.41001,1.9525,0.28177,-1.3763,-1.3138
7.159,-1.544,-0.86808,-0.72147,-0.5593,-0.13753,-0.99183,-0.66449,1.588,-0.15959,-1.5349,-1.405
8.0682,-0.33255,-0.88793,-0.3592,0.091059,-0.12352,-0.76606,-0.23451,1.7436,0.26623,-1.6929,-1.4314
7.8869,0.24121,-0.87487,-0.72038,0.48207,-0.034555,-0.83545,0.098959,1.8415,-0.19755,-1.3435,-1.1014
7.1292,-0.21689,-0.55169,-1.8925,-0.29459,0.80638,-1.3019,-0.59705,1.6649,-0.40362,-1.8422,-1.2853
7.3615,0.83624,0.062304,-0.80008,-0.21681,0.70418,-0.045501,0.040238,1.4949,0.16667,-1.376,-1.0101
7.1628,0.34326,0.45584,-0.70749,-0.29132,0.060906,-0.50421,0.212,1.8882,0.21888,-1.9571,-1.056
6.4824,0.70847,0.035824,-0.27318,-0.13379,0.16021,-0.0050411,0.078617,1.5886,-0.30691,-1.4455,-0.85733
6.7616,1.4975,0.7653,-0.44268,0.034532,0.4636,0.094619,0.5237,1.4666,-0.25617,-1.2304,-1.0133
5.9806,0.75726,0.42952,0.056615,0.55001,0.16286,0.024335,0.12638,1.0332,-0.53613,-1.4776,-1.0061
5.2696,0.75184,0.46851,1.0486,1.2925,1.0328,0.41197,0.78825,1.1723,-0.49231,-1.4627,-1.1063
5.1379,1.4194,0.91672,1.3739,1.544,0.9816,0.19753,-0.126,0.55073,-0.38673,-1.3123,-0.34457
4.9802,1.0095,1.0365,1.2153,1.0847,-0.12364,-0.16863,0.038688,1.3867,0.01682,-1.0364,-0.54265
4.0548,0.48436,-0.010885,0.090161,1.0021,0.41578,0.65507,0.20275,0.58908,0.36284,-1.265,-1.4048
4.1998,1.4245,0.53133,0.56311,1.2873,0.84949,0.93105,0.49983,1.245,0.15271,-0.88018,-0.33094
4.0397,1.052,0.6769,1.0814,1.5227,-0.20282,0.12719,0.63212,0.90913,0.36805,-0.43163,-0.60417
3.3656,0.76781,0.12355,0.26114,1.2255,0.29226,0.94198,0.56155,1.3468,1.062,-0.17232,-0.32483
3.2562,0.72726,0.68229,0.55209,1.1737,0.16794,0.83811,1.2621,1.3497,-0.08758,-0.39075,-0.13993
3.0912,0.35109,0.43878,0.52974,1.7286,1.2062,1.2691,0.82764,0.91782,0.47383,-0.037376,-0.27866
3.1734,1.0491,0.36429,0.64322,1.4652,0.78174,0.67908,0.63695,0.10836,0.35386,0.16182,-0.11915
3.4015,1.2783,0.82532,0.88489,1.2185,0.59981,0.82483,-0.013203,0.52026,0.16137,-0.16635,-0.0047113
3.1874,1.5493,1.0902,0.51428,1.7199,0.7656,0.90037,0.88104,-0.25043,-0.51934,0.11382,0.74224
3.264,1.4201,-0.067343,0.22932,1.2213,0.27253,1.0153,0.272,0.4125,0.061733,0.25135,0.28135
3.4675,0.87796,0.81048,0.88965,1.8937,1.0123,0.80204,0.35771,0.42871,-0.048517,-0.073278,0.27647
3.1546,1.562,1.3165,1.3073,1.9293,0.82934,0.92874,0.28682,0.30474,-0.4326,-0.26955,0.2933
3.6981,1.3123,0.39931,0.43294,1.5394,0.86749,1.3569,-0.11214,0.025097,0.2177,-0.07597,-0.015908
3.8826,1.6761,0.94389,0.67153,0.6729,0.49965,0.82548,-0.012057,0.63826,0.27078,-0.21258,0.16322
3.4834,1.5065,1.2293,0.46714,0.71917,0.6518,1.0308,0.56984,0.83557,0.32349,0.1993,-0.42725
3.012,1.8276,1.5037,0.54641,0.93078,0.48759,0.3794,0.13791,0.17172,-0.51118,-0.14914,-0.12656
3.5993,2.6035,1.7326,0.49679,0.44634,0.66347,0.81988,0.08732,0.3008,-0.074523,-0.061756,0.84176
2.9728,0.71618,0.55162,0.50146,1.5357,0.59305,0.79532,0.19337,0.13043,0.41028,0.18621,-0.22957
2.5739,1.4332,1.3,1.1455,1.4654,0.92308,1.4803,0.58886,0.3314,0.28933,-0.15212,0.37201
2.7667,1.689,1.7295,0.61755,1.0974,0.15776,0.91383,-0.13172,-0.28481,-0.16154,0.33047,0.049433
3.435,1.434,1.4744,1.0646,1.0372,0.92696,0.84628,-0.20029,0.039334,0.25168,-0.13543,-0.13721
3.8831,1.3351,1.214,0.86694,1.4384,0.88828,1.0148,-0.7177,-0.4139,0.40862,0.14374,0.26248
3.3142,2.5057,1.6001,0.64783,1.0748,0.69478,0.7393,0.29562,0.23285,-0.20152,-0.3821,0.12034
3.6947,2.0274,1.6995,0.39457,0.54952,0.066814,0.44907,0.94399,0.26943,0.28126,-0.25687,-0.5809
2.6832,1.1358,0.89951,0.83644,1.2998,1.4495,1.5433,0.39764,0.36673,-0.27803,-0.23028,-0.36796
3.5266,1.3196,1.3262,1.0961,1.3817,1.2094,0.68216,-0.30164,-0.36897,-0.24227,0.11604,-0.075472
3.283,0.98663,1.4577,0.8349,1.0718,1.9324,1.3618,-0.37791,-0.14595,0.06087,0.02731,-0.41336
3.5246,2.7673,1.358,0.12542,0.86391,1.076,1.1043,-0.57087,-0.74091,0.0085969,0.32432,-0.32028
3.7801,1.9111,0.93508,0.74175,0.71344,0.24109,0.92616,-0.57047,-0.26671,-0.076209,0.48068,0.049133
3.7241,2.0613,0.74287,0.37501,1.0847,0.74907,0.90905,0.23834,-0.25412,-0.099977,-0.049031,-0.20595
3.3602,2.216,1.5941,0.65383,1.5702,1.0429,0.27277,0.63086,0.080556,-0.87411,-0.34922,-0.31383
3.4554,2.4171,1.4777,0.48936,0.63352,0.86738,0.73346,-0.33247,0.42145,0.49155,-0.537,-0.48435
3.199,1.6211,1.1816,0.95038,1.2426,0.51945,0.79967,-0.40076,-0.056785,0.080883,0.67674,0.37087
2.8548,1.6507,1.2596,0.79145,1.2198,0.40385,1.0633,0.093664,0.43037,-0.18705,0.0059827,0.15131
3.15,1.4821,1.0471,0.8575,0.92592,0.52343,1.6832,-0.34063,0.24135,0.43921,0.49277,0.21878
2.9717,1.736,0.47269,0.88147,1.8129,1.4525,0.6065,-0.14442,0.50597,-0.044426,-0.19044,0.065023
3.2044,1.8078,1.556,0.75881,0.82042,0.64509,0.71469,0.29457,0.2059,0.48639,0.545,-0.14754
3.2562,2.3004,1.4496,0.54352,0.56011,0.35329,0.50853,0.15246,-0.055467,0.036208,0.38602,-0.21113
2.6635,1.5485,1.074,1.1062,1.905,1.3987,1.5269,0.067204,-0.37001,-0.19146,-0.35507,0.090487
2.4965,1.671,1.1864,0.87693,1.3691,1.1854,1.2048,0.1233,-0.46582,-0.23811,0.49727,0.65398
2.8053,2.2705,1.3005,0.44337,1.2412,0.83842,0.3976,-0.032827,0.31342,0.32965,0.36727,1.1282
2.9152,1.7084,1.4884,0.93048,1.0201,1.0364,0.93031,0.48363,0.10865,-0.31254,-0.16806,0.053491
2.8937,1.4823,1.6639,1.5805,1.6098,0.78633,0.68838,-0.021203,0.17173,-0.18912,-0.025037,0.017355
3.7349,1.7285,1.0795,1.3111,1.5824,0.51155,1.0317,-0.73115,-0.32004,-0.12186,0.0033886,0.14936
3.3653,2.1028,1.333,0.28602,1.4128,0.64487,0.15801,-0.17522,0.51858,0.351,0.56987,0.28167
2.6982,1.6039,1.2761,1.2523,1.3112,0.72095,0.60766,-0.23591,0.19232,-0.15963,0.54993,0.56848
3.9254,1.4064,0.8226,1.152,1.6723,0.83355,1.1315,-0.19452,-0.1097,-0.032127,0.23561,0.35933
2.9177,1.2345,1.233,0.75628,1.2854,0.60698,1.5167,0.20636,0.36631,0.069949,0.32057,-0.17336
3.4297,1.4358,0.30674,0.14202,2.1949,0.67517,1.346,0.62973,0.57571,-0.13669,0.19502,0.35034
2.7393,1.7754,1.1081,0.94725,1.6396,1.2609,1.596,-0.13081,0.15238,-0.27498,0.35573,0.35015
1.8653,0.93273,1.2676,1.4693,2.3042,1.6969,1.8558,0.75439,0.23419,-0.37052,-0.19935,0.063074
2.8839,1.3697,1.4132,0.68505,0.91926,0.74616,1.0695,0.054609,0.32888,0.49386,0.26433,0.30194
3.4436,2.0083,0.99187,0.55792,1.1389,0.74908,1.1169,-0.53705,-0.43407,-0.47734,0.25833,0.46554
2.7813,1.5486,1.3622,0.37395,1.1486,0.77657,0.93418,-0.25739,0.09904,0.45596,-0.059429,0.39344
3.0569,1.3599,1.1881,0.83114,1.42,0.98144,0.53514,0.20932,0.32207,-0.074906,0.48796,0.55369
3.1592,1.0118,1.5097,1.2124,1.2568,0.87031,1.0813,0.13345,0.29801,0.16517,-0.0036147,-0.0051104
3.3117,2.1997,1.6421,0.42379,0.83267,0.91583,1.3974,0.31285,-0.045985,0.066568,0.15081,-0.094099
2.6446,1.5394,1.233,0.75016,1.3426,0.81598,1.1837,-0.35732,-0.23523,0.7193,0.2714,-0.26672
3.7321,1.6619,1.5976,0.78877,0.76602,0.5801,0.44471,0.30442,0.39409,0.28544,0.034645,-0.12623
2.3878,1.6423,1.2199,1.2337,1.4942,0.2423,0.63329,0.6225,0.40763,0.43444,0.27579,0.18151
3.0194,1.9856,1.3136,0.34648,0.48874,0.94677,1.0282,0.58631,0.31333,0.12828,0.30398,0.05718
2.9973,1.0866,1.8391,1.2149,1.5511,0.70832,0.88638,0.30395,-0.11805,0.12561,0.29303,-0.019562
2.9975,1.4006,1.4091,0.99696,1.1416,1.1972,0.36214,-0.41894,0.72215,0.41385,0.97092,0.39686
3.0349,2.0622,1.1402,0.754,1.4435,1.0998,0.97128,-0.50815,-0.52945,-0.037658,0.028359,0.38307
3.2654,2.0582,1.2506,0.59891,1.1673,0.80993,0.71978,-0.23514,0.050394,0.31751,0.58828,0.2834
3.229,1.7974,1.1788,0.99732,1.491,0.50587,0.31691,0.13862,0.28629,0.50047,0.28072,0.2878
3.2939,1.6621,1.4459,1.1569,1.276,0.60927,0.64495,0.20342,0.71499,0.73314,-0.088105,-0.42055
3.2062,2.0039,0.93801,1.0248,1.3437,0.85029,0.60291,-0.054091,0.42047,0.037196,0.30146,0.10701
3.3149,1.5988,1.5888,0.77694,1.1642,0.2597,0.11905,-0.026465,0.63873,0.49169,0.20262,0.28755
3.4195,1.4955,0.36066,0.37828,1.4441,1.1441,1.1545,0.19845,0.16358,-0.15084,-0.46028,0.44252
2.7712,1.2224,1.5879,0.75551,0.74131,1.2728,1.3378,1.0221,0.43892,0.80533,-0.024616,-0.68565
2.9781,2.0444,1.688,0.95318,1.0614,0.43035,0.2935,0.041565,0.2058,0.79549,0.82061,0.12294
2.6545,1.4006,0.7972,1.4656,1.7975,1.2133,1.1661,-0.055625,0.58754,-0.35348,0.056173,0.62826
3.2841,1.9107,1.5461,0.2955,0.5715,0.72576,0.80995,0.058383,0.38015,0.31121,0.70645,0.037191
3.0885,-1.4244,3.2142,0.70465,0.37334,0.23612,-0.035722,-0.082459,1.3429,0.22853,-0.87326,0.077998
3.2787,-0.41048,2.443,-0.58951,-0.91787,0.2461,0.64565,-0.11972,1.8549,0.75507,-0.73489,-0.15844
2.3026,-0.079471,3.1876,-0.43658,0.098696,0.78544,0.59471,-0.29359,0.94503,0.89942,-0.24964,0.64869
3.0194,0.26795,2.4081,-0.42201,-0.032825,0.78325,0.86156,0.012588,0.72437,0.13495,0.082218,1.2072
4.876,0.61153,2.9711,0.022536,-0.85491,-0.089078,0.29149,0.1831,0.40658,-0.64549,-0.41822,0.41993
5.201,-2.0835,2.7075,-0.40667,-2.6346,-0.98537,-0.96006,-0.10492,0.87716,-0.52477,-0.8261,0.32477
6.2647,-2.4406,2.8178,-0.32162,-2.2998,-0.9656,-0.58913,0.36259,1.5592,-0.12989,-0.89153,0.3065
6.703,-2.9484,2.5379,-0.30018,-1.8933,-1.1813,-0.36184,0.57696,2.0487,-0.1316,-1.1358,0.46812
6.0556,-3.4113,0.86835,-0.78405,-2.7719,-1.5625,-0.57164,0.37673,1.9255,-0.47844,-1.9829,0.20316
7.5137,-4.3064,1.1829,-0.60486,-1.6769,-1.2474,-0.59134,0.32879,2.1463,-0.27094,-1.8828,0.41174
7.5482,-4.108,1.1615,0.079031,-1.2607,-0.42264,0.23914,0.2597,1.9756,-0.5748,-1.6863,-0.019061
7.7254,-4.7304,0.42782,-0.36174,-1.3295,-0.23878,0.12277,0.16742,1.4706,-0.13809,-2.1598,0.13479
7.1582,-4.2252,-0.31467,-0.41334,-1.0621,0.36086,0.59975,0.086068,1.7837,-0.65063,-2.5261,-0.32793
7.8613,-4.1135,-0.36815,0.28726,-1.1954,0.52359,0.96844,0.25415,1.8096,-0.39511,-2.2259,-0.19292
6.834,-3.3574,-0.54006,0.15048,-0.29759,0.58995,0.86277,0.62094,1.5698,-0.073285,-2.4614,-0.60238
7.0811,-3.7805,-1.0024,-0.16406,-0.14769,0.032753,0.96924,0.61146,1.6278,-0.042561,-2.3053,-0.70182
6.7171,-2.9029,-1.5311,-0.068071,-0.55646,-0.51374,0.42334,0.68746,1.3032,-0.085326,-1.7248,-0.72545
7.3391,-2.2955,-1.6775,-0.26877,-0.096718,0.55222,1.5539,0.43012,1.2882,0.35875,-1.7661,-0.48298
6.7193,-0.63071,-1.4377,-0.13174,-0.21353,-0.033356,1.0326,0.68542,1.8745,0.84108,-0.61356,-0.0020402
6.5336,-1.1997,-0.5752,-0.23767,0.44737,0.52211,1.4462,0.49676,1.1558,0.057387,-1.4046,0.27158
5.9188,-1.0563,-0.7816,0.4839,0.60661,0.15876,1.4206,0.39677,1.1114,-0.5817,-1.9149,0.2682
4.6188,-1.4964,-0.99127,0.13883,0.50332,0.087056,1.4677,1.0746,0.85373,-0.55897,-1.3627,-0.051118
4.3328,-0.93462,-0.44262,0.47322,1.0983,0.92954,1.7589,1.3407,0.98181,0.096999,-1.0049,0.0019918
4.6274,-0.066011,-0.55835,0.115,1.4246,0.4929,1.4851,1.0777,0.759,-0.3426,-0.98981,0.40826
4.1294,0.15499,-0.096708,0.043642,0.67785,-0.11473,0.73081,1.0588,1.6578,0.22212,-0.8125,0.67536
4.1513,0.3989,-0.10559,0.2238,0.68807,0.41919,1.6471,1.0735,1.0554,0.32495,-0.43605,-0.3354
3.3943,0.79554,0.29183,0.44403,0.86208,0.53766,1.6078,0.24515,0.63678,0.14859,0.03539,-0.085725
3.6262,0.96326,0.70577,0.035127,1.0487,1.1096,1.4289,0.44138,0.61976,-0.27276,-0.44715,0.15022
3.5936,1.5672,0.90441,0.6796,0.81069,-0.179,1.1226,0.38146,0.17903,-0.73624,-0.40007,0.16399
3.9682,1.6369,0.59616,0.51353,1.2305,0.8839,0.85031,0.6776,0.27765,-0.18403,-0.10373,-0.22569
3.1839,1.3281,1.3817,0.60253,1.2383,1.2689,1.2123,0.57935,0.055288,0.057169,0.078873,0.24607
2.935,1.2803,0.78588,0.42771,1.3772,1.2735,1.3593,0.101,0.2262,0.85047,0.63202,0.24643
2.6705,1.5003,1.4685,0.64187,1.1178,1.2203,0.67952,0.19376,0.37607,0.30776,0.28411,-0.031404
2.978,1.698,0.7402,0.30065,1.3879,1.9058,2.1722,0.27972,0.19429,-0.04668,0.63969,0.65935
2.9687,1.2213,1.4496,0.67832,1.0423,0.59668,1.2652,1.0184,0.38129,-0.21909,-0.11595,0.42262
2.8294,1.4691,1.0612,0.9891,0.48302,0.52667,1.4554,0.80829,1.0757,0.35322,0.61708,0.13486
2.8952,2.4002,1.213,0.35595,0.53685,0.7224,1.2867,0.47452,0.41963,0.19545,0.4805,0.2243
2.3003,1.6387,1.3377,1.277,1.9418,1.0364,1.1167,0.18484,-0.071512,0.0077417,0.82612,0.45745
3.5503,1.668,1.1138,0.86724,1.3162,0.7806,0.9731,0.37529,0.055404,0.030841,0.24617,-0.25942
3.5127,1.6932,1.2012,0.57966,0.7077,0.58593,1.0807,0.24307,0.084409,0.61398,0.0057913,0.32174
3.625,1.6511,1.1973,0.56019,1.0208,1.2549,0.58842,0.40918,0.278,0.3866,0.26936,0.41437
3.2123,1.7186,1.1412,0.66705,1.0602,0.43403,0.62696,0.70394,0.72778,0.69906,0.35875,-0.16368
3.1919,2.3583,1.0531,0.8546,1.5838,0.54311,1.2708,0.20099,0.57795,0.3278,0.33553,0.2992
2.8052,1.452,0.77987,0.97062,0.75601,0.92427,1.5316,0.33194,-0.16561,0.057001,0.66636,-0.00013005
3.1012,1.6844,1.3595,0.89573,0.65426,1.511,1.4621,0.24021,0.15832,-0.0353,0.15275,0.19286
3.3757,-0.42957,1.0934,0.050069,0.75479,-0.15667,0.47696,0.85604,1.5374,0.41997,-0.28448,0.25278
3.0063,0.29465,0.96528,-0.26603,0.74808,-0.18472,0.85022,0.85138,2.2049,0.36914,-0.0883,0.43765
3.128,0.6056,0.99901,0.29456,1.0724,-0.30185,0.33085,1.0918,1.2499,0.16725,-0.3805,0.0080412
3.4087,0.94629,0.67694,0.46982,1.4136,0.52065,1.104,0.3622,0.4758,0.66887,0.0089888,-0.00060828
3.3561,1.2231,0.82667,1.1294,1.9788,0.9636,0.30299,0.32711,0.23625,0.25162,-0.021858,-0.074415
3.2137,0.86467,1.2504,0.76996,1.7149,0.63577,1.2058,0.50552,0.45816,0.39,-0.7263,-0.35961
3.1822,1.5127,1.5645,0.57584,1.3386,0.89057,1.2355,0.57805,0.21906,-0.13311,-0.028587,0.2494
3.1981,1.4682,0.95948,1.0744,1.4289,0.37051,0.56424,0.22671,0.40269,-0.051973,-0.12655,0.48746
3.3453,1.1683,1.6411,1.0252,1.0632,0.044162,-0.23267,0.43761,1.1518,-0.17521,0.092162,0.19406
3.9495,0.97148,0.98475,1.4408,1.2509,0.066934,0.14508,1.0394,1.3105,-0.27781,-0.62809,-0.40769
3.9506,1.0344,0.80893,1.4294,0.82418,-0.22811,0.84638,0.14947,0.91325,0.24823,-0.61979,0.73484
2.6243,0.52317,0.68772,0.99499,0.96056,0.52077,1.4031,0.75268,1.0211,0.43191,-0.73296,0.059385
3.0073,1.4394,1.5218,1.5313,1.057,0.24184,0.18474,0.11723,0.086244,0.15494,0.45887,0.22843
3.1175,0.65995,1.2479,1.0515,1.3956,0.67528,1.3192,0.82783,0.88792,-0.19576,-0.49762,0.45779
2.6257,0.94606,1.0744,1.2858,1.8525,0.40662,0.84099,1.0995,0.35261,-0.094841,0.1909,0.52876
2.969,0.94095,1.3057,0.32998,1.5303,0.95531,1.1764,0.54834,0.22445,-0.33341,0.23532,0.61126
3.7894,1.1611,0.92322,0.8104,1.6585,0.69456,0.62228,0.61439,0.21265,-0.49605,-0.28596,0.41833
3.6889,0.99768,0.77715,0.4209,1.5136,1.1425,0.51737,0.34877,0.57291,-0.35725,0.10952,0.56779
3.3624,1.3811,0.89123,1.1123,1.4731,1.0042,0.67054,1.0796,0.56903,-0.34379,-0.32184,-0.18035
2.6445,1.4938,1.3097,0.83643,1.9272,1.262,0.17493,0.33985,0.33238,-0.1341,-0.30877,0.20283
2.5716,2.0085,1.6521,0.61785,0.20904,0.92044,0.9921,0.44583,0.68212,0.027118,-0.27838,0.44501
2.8574,1.1974,1.4895,1.0711,1.7881,0.74392,0.77465,0.099471,0.018571,0.28946,-0.53915,0.15701
3.2269,1.6803,1.3747,1.1231,1.5295,0.44712,0.63324,0.13998,0.39363,-0.10365,-0.59517,0.023354
2.6856,1.2091,1.189,0.80309,1.5287,0.73142,1.5733,0.41684,0.99714,0.29627,-0.50026,-0.19673
3.5114,1.8308,1.4273,1.0089,1.4407,0.25788,0.3196,-0.16718,0.71168,0.70685,0.47986,-0.76596
3.0959,1.7818,1.509,1.7419,1.7186,0.59956,0.804,0.093701,0.62388,0.050096,-0.47953,-0.093858
3.7608,1.879,1.4695,0.6884,0.86646,0.60208,1.4603,0.264,0.29657,-0.46627,-0.71641,0.22626
3.5484,1.944,1.3038,0.37985,1.0855,0.62253,0.3211,0.22638,0.30723,-0.25774,-0.044681,0.041527
3.9219,2.2856,1.3131,0.49228,0.94726,0.6796,0.22167,0.069104,-0.039648,0.13354,0.4927,-0.081877
2.6678,1.8067,1.9641,1.2265,1.368,0.823,1.3044,0.18355,-0.39892,-0.19871,0.24984,-0.14548
2.8386,1.8489,1.4881,1.2874,1.5099,0.83003,0.94717,-0.34221,-0.26927,-0.44827,-0.071298,0.20765
