-0.92569,0.88498,-0.82043,0.73669,-0.63953,0.53536,-0.43053,0.33082,-0.24091,0.16405,-0.10193,0.054689
-0.81931,0.77903,-0.71508,0.63191,-0.53519,0.43132,-0.3269,0.22812,-0.14039,0.067852,-0.013192,-0.022486
-0.80386,0.77589,-0.73085,0.67101,-0.59934,0.51934,-0.43477,0.34951,-0.26724,0.19127,-0.12435,0.068496
-0.97034,0.92315,-0.84831,0.75116,-0.63842,0.51757,-0.39613,0.28107,-0.17816,0.091607,-0.023824,-0.024596
-0.97144,0.91454,-0.82503,0.71033,-0.57966,0.44309,-0.31054,0.19079,-0.09069,0.01459,0.035856,-0.061622
-0.80583,0.7746,-0.72477,0.65943,-0.58252,0.49844,-0.4117,0.32657,-0.2467,0.17495,-0.11319,0.062333
-0.75061,0.72568,-0.68544,0.63177,-0.56717,0.49454,-0.41708,0.33807,-0.26068,0.1878,-0.12188,0.064851
-0.86796,0.82011,-0.74506,0.64932,-0.54088,0.42841,-0.32022,0.22344,-0.1433,0.082728,-0.042184,0.019876
-0.8219,0.78577,-0.72857,0.6545,-0.56885,0.47741,-0.38601,0.29988,-0.22328,0.15917,-0.10905,0.07296
-0.79186,0.75828,-0.70469,0.63443,-0.55177,0.46159,-0.36891,0.2786,-0.19494,0.12141,-0.060442,0.013356
-0.7505,0.72222,-0.67676,0.6165,-0.54456,0.46459,-0.38057,0.2965,-0.2162,0.14308,-0.079924,0.02873
-0.76256,0.72833,-0.67404,0.60357,-0.52178,0.43409,-0.34593,0.26231,-0.18738,0.12414,-0.074261,0.038127
-0.77177,0.74224,-0.6947,0.63158,-0.55602,0.47175,-0.38279,0.29325,-0.20706,0.12775,-0.058257,0.00074613
-0.81316,0.76906,-0.69942,0.6096,-0.5063,0.39688,-0.28863,0.18809,-0.10046,0.02923,0.02401,-0.059506
-1.0197,0.96521,-0.87988,0.77123,-0.64857,0.52193,-0.40096,0.29395,-0.20693,0.14326,-0.10341,0.085171
2.7052,0.56719,0.80818,-0.077128,0.64315,-0.034971,0.68707,-0.0018017,0.032984,-0.29033,-0.0024148,-0.16147
3.4607,2.2256,1.4307,0.89507,1.1018,0.2715,0.38163,-0.11183,0.21461,-0.37101,-0.3287,-0.39112
2.9677,0.53412,1.3248,1.6763,2.4016,1.0529,0.73855,0.17602,-0.2852,-0.26021,0.023473,-0.074626
3.3913,1.4559,1.1246,0.99545,1.8392,0.27964,0.33934,0.087199,0.0040074,0.52672,0.25183,-0.14341
3.2443,1.2167,1.493,0.57798,1.1333,0.50735,1.5829,0.58395,0.32677,0.52094,0.044,-0.38093
2.9994,1.4371,1.0074,0.55484,0.7287,0.043938,0.92041,0.27747,0.50881,0.18962,0.52201,0.47474
2.7355,1.5808,1.5062,0.81077,1.7043,1.0627,1.688,-0.018912,-0.21665,0.37947,-0.022389,0.31891
2.4898,1.6714,1.3772,0.407,1.5473,0.91104,1.3776,0.11262,0.46825,0.18021,-0.16654,0.12672
2.9979,2.0336,1.31,0.67585,1.4113,-0.063267,1.0277,-0.54069,0.41913,0.451,0.058037,-0.085049
2.2275,1.9661,1.5923,0.29037,1.4875,-0.16014,1.679,-0.57589,-0.029327,0.040144,0.34344,0.31791
2.4262,1.9706,1.1859,-0.03716,1.6475,-0.065316,1.7935,-0.34439,0.38112,0.77412,-0.13744,0.18688
1.6972,2.4441,2.1999,0.64542,1.6359,0.019943,1.4092,-0.59754,0.59706,0.46729,-0.70665,-0.24881
2.4934,2.0644,1.8611,0.46431,2.147,0.55339,1.5561,-0.68512,-0.1382,0.062513,-0.14023,0.46324
2.0043,2.5825,1.6421,-0.47208,1.1627,0.49788,1.4339,-0.011564,0.37341,0.026044,-0.22794,0.34434
2.4805,1.8189,1.4872,0.57582,1.5575,0.45657,1.6093,-0.61058,0.80605,0.30509,-0.13484,0.49752
2.3828,1.8373,0.80228,0.30785,2.4199,0.043081,1.3694,-0.17007,0.54079,0.27832,0.010458,0.36045
2.043,2.5307,0.67206,-0.35543,1.6484,-0.52878,1.6933,0.19835,0.7267,0.41064,-0.20023,0.096488
1.4603,2.3913,1.6028,0.81115,2.1888,-0.90356,1.665,0.28197,0.79502,0.14322,0.17995,0.38387
-0.07983,2.1772,1.168,0.96252,2.8663,-0.21957,2.3045,-0.078857,1.1688,0.43996,-0.1524,-0.017993
0.43801,2.0749,0.97607,-0.00516,2.138,0.32427,2.6069,0.23091,0.76261,0.13998,0.18778,1.0206
1.2056,2.4332,1.3729,0.72331,2.1185,-0.42878,1.5321,-0.29974,0.69686,0.15213,0.18897,0.2114
0.41229,1.7388,1.5074,1.0448,2.1968,0.181,1.9994,-0.27364,0.42446,0.87164,0.71293,0.4287
0.11451,2.5479,1.0634,0.58902,2.5276,0.068906,2.7822,-0.15603,0.29736,0.22372,0.33297,-0.30079
1.0151,2.182,0.97676,0.95236,2.7809,0.24376,1.7694,-0.098464,0.43522,-0.30231,-0.18994,-0.25764
1.5288,2.9214,0.81284,0.46915,2.3123,-0.38975,2.2896,-0.29788,0.40464,0.26989,-0.0058257,-0.40995
0.85286,3.3416,1.1713,1.0564,2.1888,-0.81341,1.4434,-0.65005,1.0354,0.50531,-0.095331,0.80727
1.5117,2.4485,0.72961,0.43303,1.9833,-0.81149,1.2293,-0.12815,0.63147,1.1536,0.26521,0.046571
1.0568,2.6849,1.4679,0.85582,1.3633,-0.057305,2.4407,-0.65194,0.074831,-0.024843,0.29817,0.25365
0.96842,2.3451,0.8996,0.8988,2.1494,-0.82564,1.884,-0.36082,0.70241,0.32112,0.22649,0.58113
1.027,2.5578,0.99354,-0.29226,2.5251,0.44379,1.8924,-0.75972,0.055127,0.49585,0.4335,-0.13598
1.2699,1.7048,0.61396,0.18763,2.5126,-0.49649,1.5385,0.034503,0.28386,0.36396,-0.011074,0.14737
0.93528,1.2093,1.1879,0.78081,2.6134,0.29232,1.5579,-0.26131,0.61852,0.33989,-0.015192,0.503
1.5678,1.8367,1.7609,0.53556,1.1697,-0.87167,1.3793,0.20203,1.0423,0.74083,0.17004,-0.27233
1.9079,1.0879,1.691,0.19259,0.83392,0.38314,1.6722,0.65979,0.77283,0.23817,0.20449,0.4686
4.0075,2.5293,1.7731,0.6688,0.85509,-0.01451,0.51272,-0.10379,0.072962,-0.25744,-0.43929,0.23606
5.8979,0.11036,1.4501,0.56867,-1.011,-1.7098,-0.44203,-0.20214,0.87151,0.48317,-1.6078,-0.23134
6.7199,-0.3305,1.5909,0.7282,-0.56472,-0.79747,0.074783,-0.23585,0.8936,-0.12904,-2.0258,-0.059946
6.6678,-1.0104,0.68512,0.43037,-1.4752,-1.8038,-0.28155,-0.30286,0.46675,0.16,-1.7628,-0.1631
7.47,-1.0828,1.4139,0.50995,-1.3428,-1.134,0.043039,-0.28396,1.2959,-0.050953,-1.5803,0.049611
6.1514,-0.83906,0.3563,0.27447,-2.0324,-1.4305,-0.51113,-0.3968,0.83769,-0.29576,-1.3932,-0.11251
7.5963,-0.7991,1.1076,0.43172,-1.6628,-1.1945,-0.068109,-0.30237,1.1408,-0.036574,-1.2727,-0.23926
6.1285,-0.66103,0.28868,0.14974,-1.8735,-1.1697,-0.45728,-0.17681,0.84552,0.00516,-1.1781,-0.087391
7.7011,-1.1878,1.0454,0.64807,-1.5877,-1.2095,-0.13184,-0.097927,1.0353,0.25343,-1.2049,0.013185
6.7117,-1.0388,0.63481,0.36971,-2.0687,-1.3374,-0.73251,-0.10861,0.94379,-0.1395,-0.97599,0.047988
7.6482,-0.98115,1.4589,0.58585,-1.7493,-1.2568,-0.66137,-0.0013978,1.1918,0.047012,-0.85932,0.095929
7.0858,-0.84285,0.68641,0.57775,-1.6852,-1.4052,-0.62977,-0.36314,0.77357,-0.030033,-1.0961,-0.046103
7.5613,-0.85305,1.1017,0.32058,-1.0768,-1.2561,-0.15319,-0.38729,0.74523,-0.070209,-1.0547,0.21745
7.673,-0.40764,0.5296,0.52619,-1.1731,-1.2668,-0.48465,-0.60641,0.75377,-0.22995,-0.78191,0.0043889
7.6711,0.57654,0.81569,0.83796,-0.83825,-1.8356,-0.16821,-0.17107,0.34524,-0.032395,-0.92215,0.13016
7.0864,1.4532,1.3946,0.86998,-0.55345,-2.0405,-0.49498,0.18116,0.6067,-0.07725,-0.8238,0.24251
6.7963,1.6552,1.3732,0.4204,-0.16774,-1.8362,-0.50985,-0.30242,0.4496,0.30013,-0.43828,-0.097811
5.9614,2.3895,0.66142,-0.082878,-0.48737,-1.6737,-0.20368,0.15798,0.24114,-0.38619,-0.049084,0.44532
5.3189,2.2728,1.2015,-0.22007,-0.090755,-0.42706,0.42624,0.28161,0.65906,-0.35154,0.35354,0.53509
4.7577,2.6246,1.218,-0.20705,-0.21237,0.21928,1.11,0.094172,-0.28127,0.26784,-0.11302,-0.090549
4.2768,1.704,0.28697,0.17369,0.25763,0.27045,1.1736,-0.25319,-0.208,0.17555,0.69503,-0.041146
4.325,2.2496,1.6037,0.59493,-0.0094452,0.21702,1.1549,0.46461,0.44032,-0.067839,0.7112,0.53185
3.647,1.5626,0.95136,0.01978,0.1951,0.096958,0.49998,0.28035,0.66785,0.72483,0.39634,-0.18136
3.5809,2.0864,1.3886,0.43119,0.2411,0.10569,0.75237,0.69113,0.54981,0.21943,1.1536,0.35957
3.9374,2.0055,1.0235,-0.073232,0.54349,0.10711,0.89259,0.23801,0.50386,0.76719,0.78486,0.115
3.6983,1.8164,1.3301,0.50376,0.19662,0.61991,1.515,0.94136,0.55875,0.11854,0.63886,0.35194
2.8259,2.4078,1.2658,0.30268,1.3707,0.64461,0.62599,-0.035402,0.2025,0.28277,0.40276,0.33478
2.5027,1.011,0.79922,0.69716,1.6746,1.5889,2.1329,0.76183,0.83501,0.15457,-0.045306,0.15823
3.197,1.3772,0.36345,0.32975,1.5336,1.2858,1.2505,-0.25609,0.79164,0.31193,0.5989,0.78272
2.6127,1.2918,1.3401,0.84216,1.4023,0.93098,1.03,-0.1063,0.073824,0.16281,0.95734,0.84119
2.8785,1.6817,1.4744,0.40601,0.90267,0.97842,1.2407,0.26128,0.54655,0.22704,0.29576,0.31167
2.8143,1.5137,1.0149,0.059805,1.1767,1.228,1.1558,0.043744,0.13354,0.15062,0.60244,1.1401
3.0955,1.8681,1.5109,0.93415,0.59039,0.23675,0.39329,0.32671,0.54886,0.13447,0.73474,-0.018569
3.2927,1.5819,1.1955,0.2668,1.4574,1.161,1.0621,0.027964,-0.54317,0.22751,0.16272,0.61259
3.7442,2.0037,1.394,0.37962,1.4015,1.103,0.98189,0.30548,0.10154,0.27026,0.20499,-0.24898
2.972,1.9674,1.6713,0.51992,1.3739,0.44011,1.2516,-0.0054309,-0.070609,0.24396,-0.26814,-0.14838
3.0035,2.4792,1.3769,0.64463,1.37,1.0254,0.86194,-0.08491,0.21704,-0.2398,0.054925,0.26569
2.6643,1.4838,1.2161,0.11366,1.7554,1.2811,1.0205,0.24328,0.15467,0.58503,0.39527,0.033447
3.3163,1.97,1.0821,0.6296,1.4959,0.48157,0.3026,0.61547,0.073018,0.20194,0.56439,-0.077842
2.7239,1.6295,1.5663,0.82001,2.0281,0.64837,0.70716,0.70775,0.020748,-0.17305,0.36618,0.37436
2.5122,1.1652,1.1167,1.281,1.9945,1.0882,0.70685,0.25233,0.26437,0.034336,0.13912,0.44678
3.3283,1.6423,1.0418,0.10398,0.76524,0.57924,0.84907,0.48242,0.30763,0.40973,0.32364,0.21991
3.3639,0.72517,0.90673,0.75757,1.6907,1.9541,1.1756,0.23695,0.21772,0.60325,0.23179,0.47146
2.6807,1.3443,1.203,0.3773,1.5881,0.70866,0.90315,0.9388,0.54567,0.36333,0.55779,0.2502
3.1699,2.5767,0.91819,0.17482,1.3576,0.98213,1.4085,0.044782,0.27738,0.48434,0.19276,0.19619
2.9964,1.4481,0.75721,1.0688,1.538,0.52034,0.1994,0.47501,0.12972,0.13013,0.68606,0.22858
2.9387,1.4675,1.1238,0.58803,0.8314,1.159,1.751,0.44948,0.19866,0.2261,-0.32804,0.027439
2.8116,0.97237,1.6795,0.86337,1.2419,1.1159,1.7021,0.27223,-0.1733,0.0021648,0.12072,0.10859
3.3653,2.0566,0.75966,0.45116,1.6289,0.87736,1.3186,0.4759,0.50262,0.27082,0.14684,0.63791
2.9262,1.5473,1.0793,1.1246,1.4631,1.2602,0.84019,0.10495,0.88636,0.28386,0.53155,0.76745
2.7964,2.0171,1.8477,1.1044,0.97976,0.90246,0.99275,-0.65366,-0.13326,-0.015112,0.85594,0.88399
2.9902,1.6888,1.8819,0.48412,0.85962,0.60557,1.3515,0.31489,0.22357,0.43659,1.2597,0.26486
2.3012,1.8912,1.5723,0.89609,0.69601,0.49485,1.3129,0.37167,0.18956,0.5055,0.3455,0.10193
2.8587,1.0934,1.7177,1.3052,1.51,0.84775,0.69671,-0.086925,0.24436,0.69975,-0.32016,-0.16023
3.6802,-0.72567,0.31897,0.46353,1.3029,-0.56582,0.41822,-0.043521,1.5441,0.83561,-0.64465,0.26092
4.2574,1.0467,0.30653,-0.24657,0.71982,-0.1334,0.85681,0.62839,0.89255,0.75818,0.52393,0.21509
3.3963,1.2001,0.75991,-0.47288,0.25733,-1.044,1.0885,0.65245,1.2566,0.65536,0.00055142,-0.42419
2.52,1.6328,1.7126,0.37005,0.77783,-0.2053,0.75217,0.30789,1.26,0.75804,-0.14424,0.65861
3.3364,0.77045,0.92833,0.89714,1.1667,0.19135,0.66028,-0.11692,0.89685,0.66856,0.32572,0.22098
2.8963,0.76521,1.0578,0.66121,1.0099,0.24233,0.87322,0.5559,1.0902,0.74773,0.50191,0.15564
2.787,1.1138,1.7035,0.91634,1.4792,-0.16544,0.37592,1.1182,1.1211,-0.36495,-0.65568,0.17035
3.4256,0.72386,0.88358,0.35101,1.0711,0.61298,0.81053,1.1211,0.68109,-0.14951,-0.13371,-0.056716
2.8487,1.0052,1.1513,1.0183,1.1837,0.35013,0.92801,0.69606,1.4089,-0.061219,0.04508,0.36645
3.2684,0.89769,0.66094,0.57696,1.1028,0.70534,0.87164,0.92878,1.7764,0.15237,0.079715,0.13938
3.3121,1.4014,1.2269,0.3565,1.2811,0.8342,0.7217,0.91869,1.1935,0.25036,-0.20789,0.2637
2.8568,0.89401,1.1729,0.6971,1.3289,0.36521,0.51841,0.69556,0.84555,0.45393,0.37704,0.42831
2.8346,0.78816,1.3404,0.57462,0.89976,1.029,1.4377,-0.034415,-0.23238,0.08925,-0.11292,0.32967
2.6788,1.6839,1.7604,1.1146,1.0406,1.0907,1.5188,0.49223,0.33218,0.0582,-0.16317,-0.24583
3.4537,1.4845,1.1335,0.2154,1.0697,1.0023,1.8425,0.45276,0.25859,-0.10952,-0.13071,-0.35468
3.5829,1.5232,1.1694,0.3149,0.3869,0.70762,0.5085,0.015537,0.58176,0.29058,0.52151,0.38692
3.2823,1.2752,1.0742,0.48329,1.6436,0.7665,1.2967,-0.097714,0.038225,-0.18805,-0.18787,0.3457
3.1845,1.5708,1.3853,0.37503,0.82363,0.78909,0.9429,-0.28673,0.17163,0.47074,0.43334,0.51601
2.8541,1.5406,0.34518,-0.54685,0.86461,1.1583,1.8117,1.042,1.0806,0.85506,0.43152,0.20595
3.1724,1.8592,0.71508,-0.03143,0.76611,0.76548,1.1987,0.65271,0.845,0.49644,0.39682,0.22432
3.0063,2.4827,1.5127,0.41545,1.145,1.5469,0.44433,-0.26445,0.18626,0.39479,0.81431,0.0052642
3.3311,2.0916,1.4297,1.0416,0.80756,0.43118,0.756,-0.32343,0.022522,0.58394,0.2634,0.24867
3.3598,1.5972,0.22909,0.21637,1.7123,0.75419,0.89715,0.2184,0.7197,1.0408,0.80603,0.38237
2.7177,1.5917,1.6052,1.2188,1.3032,1.2877,1.4568,0.40277,0.72735,0.021939,-0.10792,-0.21223
2.0356,1.091,1.6288,1.4085,1.8679,1.0396,1.5766,0.44668,0.41275,0.072407,-0.12911,-0.33638
2.2441,1.9286,1.0975,0.9205,1.8217,1.0614,1.441,0.20854,0.14774,0.22493,0.54508,0.41646
3.2945,2.305,1.1572,1.2185,1.4731,0.82213,1.0315,0.1648,-0.16242,-0.23037,-0.013262,0.34124
2.81,1.4442,0.93928,0.9777,1.3227,0.61501,1.1517,0.079419,0.52234,0.35644,0.13288,0.37245
3.4312,1.6482,0.86327,0.65522,1.2874,0.7099,0.84782,0.41547,0.59762,0.66308,-0.14213,-0.36402
3.3078,1.5193,1.5182,1.145,1.0843,1.0161,0.8637,0.31191,0.95321,0.17304,0.27573,0.28014
3.2742,2.1087,0.90876,0.087493,0.89858,1.0395,1.0969,0.30491,0.92234,0.31177,-0.13634,0.2236
2.856,1.9352,0.67651,-0.19257,0.80443,1.0345,1.4803,0.51174,0.17657,0.22795,0.46572,0.6938
2.5001,1.825,1.7649,-0.35746,0.32082,1.2138,1.5149,0.31786,0.74363,0.36403,0.64822,0.2041
3.2156,1.9803,1.064,0.58104,1.1001,1.0352,1.2672,0.0035585,0.43744,0.84512,0.41783,-0.3484
3.9206,2.1864,1.581,0.78069,0.89069,0.67736,1.1013,0.062104,0.27924,0.1305,0.073307,-0.077693
3.1888,1.4922,0.99754,1.1274,1.3641,0.8266,0.97291,-0.49814,0.0081336,-0.17227,-0.11369,-0.075321
3.8299,1.8406,0.46001,0.67456,1.4021,0.76037,0.73141,-0.29145,0.087278,-0.21947,0.18315,0.74694
2.771,1.2734,1.2708,0.57385,1.3733,0.86835,1.1193,0.47888,0.74795,0.66218,0.48855,0.10563
3.439,1.4743,0.74657,0.9369,1.0745,0.37196,0.45187,0.046008,0.64377,0.53172,0.5309,0.31741
3.0768,1.0545,0.70874,0.60591,1.2722,0.7058,1.1836,0.71715,0.66493,0.46553,0.029017,0.16307
3.9064,0.53306,0.89042,1.0802,0.6116,-0.13742,0.70606,0.49188,0.65389,0.090461,0.16886,0.25103
3.3376,0.58694,0.76352,0.76827,1.0057,0.7021,0.97341,0.14687,0.65094,0.61042,0.46335,0.26724
2.7614,1.248,0.69304,0.1275,1.1014,-0.19331,0.95323,0.77035,1.409,0.67052,0.17954,-0.083963
1.8607,1.296,1.2002,0.27411,1.6265,0.2384,1.6768,0.34498,0.63751,0.20835,0.25476,-0.19532
2.0183,1.2795,0.84853,0.053907,1.3339,0.37265,1.8659,0.55171,0.3181,0.36352,0.19627,0.25782
2.3469,1.4081,1.644,0.4066,1.3494,0.44455,1.7601,-0.50938,0.14385,0.33929,-0.077242,0.55311
1.7022,1.258,1.6748,0.95389,1.1695,0.41222,1.7613,0.38349,0.14612,-0.1969,-0.10541,0.15613
1.2448,1.6908,1.357,0.60468,2.3624,0.51954,1.2507,0.0036212,0.46241,-0.053262,-0.38499,-0.028568
1.8642,1.4389,1.3474,0.44594,2.5123,0.70293,1.7328,-0.17594,0.37981,-0.05952,-0.31242,0.29347
2.2596,2.2454,1.6482,0.49516,1.7117,-0.0028129,1.0723,-0.5937,0.27754,-0.032863,-0.47805,0.24893
1.6469,1.9052,1.0854,0.7079,2.1713,0.72224,1.7138,-0.14075,0.28425,-0.42462,0.37592,0.13334
2.0636,2.6207,1.6663,-0.058366,1.6451,0.45169,1.5138,-0.30924,0.90265,-0.13514,-0.28509,-0.32045
1.4693,1.8228,1.8024,0.3536,1.751,-0.68717,1.271,-0.17553,0.52622,0.53245,-0.0016637,0.79255
1.2002,1.5007,1.6665,0.21706,2.3894,-0.28761,0.93552,-0.056703,0.56834,0.46688,-0.22544,0.19115
1.2297,2.206,1.4445,-0.12857,2.0437,-0.29762,1.7642,-0.022242,0.3469,0.060194,-0.090102,-0.022128
1.7061,2.3016,1.2395,-0.22807,2.2009,-0.62545,1.1711,0.10296,0.8936,0.64097,-0.30833,0.12576
1.0645,1.6853,1.2636,0.32408,2.1903,-0.12866,1.0204,-0.12393,1.418,0.3076,-0.61506,-0.21217
1.0899,2.2907,1.4027,0.049679,1.7312,-0.50373,1.2216,-0.30412,0.84969,-0.26871,-0.39392,0.20421
1.5778,2.2624,0.92182,-0.14088,2.121,0.17667,1.7984,-0.2291,0.59092,0.35205,0.24161,0.82076
1.5311,1.6582,0.77705,0.14881,2.1132,0.30933,1.6123,-0.36217,0.74694,0.20587,-0.75403,0.10627
1.3818,1.7606,0.91309,0.44607,2.4033,0.33257,1.2635,0.17516,1.3099,0.88229,0.11276,-0.0017922
1.2384,1.3115,1.8855,0.73798,2.1331,-0.25184,0.62151,-0.10236,0.61422,0.28489,0.083097,0.15136
1.9978,0.95141,1.544,1.0422,1.3909,-0.54608,1.2335,0.42734,1.0245,0.74792,-0.046894,-0.59811
2.9087,0.6338,1.5868,1.2788,1.1958,-0.15808,0.6639,0.23403,0.10916,0.012912,0.19189,0.5303
2.8514,0.67881,1.0442,1.4641,1.4881,0.71893,0.76662,0.23505,0.34012,0.90734,0.011412,0.1402
5.5519,2.4985,1.8419,0.89162,-0.001945,-1.3635,-0.42887,0.20543,0.92063,0.32233,-0.74562,-0.21454
6.746,-0.48313,0.047085,0.38787,-0.90221,-1.6477,-0.52126,-0.45514,2.2808,0.52782,-1.5313,0.031044
7.3934,-0.69365,-0.13649,-0.15382,-0.50243,-1.5008,-0.86605,-0.047354,1.6167,0.60333,-1.5446,0.036604
7.2836,-0.069425,-0.86609,0.067051,-0.47738,-0.97525,-0.75465,0.47221,1.974,0.53237,-1.1957,-0.020328
7.6563,-1.0954,-0.31026,-0.24748,-0.76217,-1.4912,-0.29427,0.30135,1.9783,0.545,-1.2955,-0.20376
6.5307,-0.85979,-0.74174,-0.12618,-1.2262,-1.2249,-0.60683,0.21865,1.6963,0.40513,-1.553,-0.16808
7.4039,-0.84868,-0.083092,0.14733,-0.80988,-0.96531,-0.37259,0.31055,2.0679,0.59757,-1.4827,-0.024496
7.6129,-1.9755,0.039917,-0.30311,-1.2746,-1.4883,-0.72618,-0.11911,2.0182,0.23814,-1.413,-0.40517
6.2327,-0.73702,-0.11625,0.46172,-1.2911,-1.1885,-0.71232,0.36508,2.0307,0.655,-1.4469,-0.33464
7.9588,-1.8837,0.8571,0.35304,-0.91718,-1.4868,-0.40888,-0.13435,2.3277,0.61032,-1.4375,-0.25086
6.078,-1.6975,-0.14687,0.15269,-1.537,-1.4601,-0.94446,-0.17076,1.7802,0.35173,-1.9061,-0.064887
7.3077,-2.3106,0.71528,0.29502,-1.0403,-1.1722,-0.58618,-0.22445,1.9659,0.47367,-1.6944,0.037814
7.7134,-2.4324,0.84348,0.23609,-0.95289,-0.99934,-0.48408,-0.18248,2.0177,0.40615,-1.7961,0.050169
6.973,-2.9078,0.51906,-0.044574,-1.2434,-1.1129,-0.74632,-0.51632,1.8278,0.13597,-1.617,0.051461
7.5269,-2.6865,0.46123,0.3971,-1.2922,-0.83082,-0.63904,0.0043591,1.7761,0.06465,-1.6503,-0.16145
7.6416,-2.8602,0.88128,0.37428,-0.81159,-0.90272,-0.141,-0.010208,2.0596,0.064114,-1.5601,-0.095289
6.9492,-3.1757,0.12033,-0.16215,-0.97331,-1.1614,-0.24992,-0.25461,1.851,-0.16792,-1.6949,-0.024006
7.607,-2.8126,0.18489,0.028916,-0.86652,-1.1735,-0.15029,0.17424,1.7365,-0.013178,-1.7196,0.030444
6.8833,-2.1158,0.037584,0.58672,-1.0609,-0.68456,-0.18633,0.39288,1.7616,0.30153,-1.5778,0.25178
7.2993,-2.878,-0.053166,0.061998,-1.4494,-0.79142,-0.38109,0.21471,1.7547,-0.047387,-1.59,0.1363
6.3509,-1.8788,-0.19168,0.060249,-1.4345,-0.76422,-0.34562,0.4509,1.4934,0.019878,-1.3775,0.00338
6.9782,-1.7562,0.18587,0.24671,-1.2567,-0.54113,-0.042028,0.39953,1.7114,0.19105,-1.4838,0.2464
7.2951,-2.3307,0.48696,-0.50976,-1.223,-0.67394,-0.30329,0.26246,1.6093,0.11668,-1.6318,0.12018
6.9032,-1.953,0.36462,-0.23043,-1.2239,-0.83295,-0.24667,0.41117,1.6517,0.22273,-1.5059,0.20116
7.5006,-1.656,0.5141,0.23466,-1.189,-0.73363,-0.045313,0.52543,1.9523,0.24423,-1.5727,-0.042678
7.113,-1.696,0.20908,0.083827,-1.3508,-0.66767,-0.31574,0.47319,1.7918,-0.0066706,-1.5513,-0.079809
7.3589,-2.7536,0.40672,-0.70462,-1.7109,-1.4272,-0.81422,0.31974,1.5276,-0.28527,-1.9636,-0.4778
7.7233,-1.6297,0.61346,0.30847,-1.5187,-0.91805,-0.14581,0.79716,2.102,-0.056406,-1.5801,-0.041243
7.443,-0.90916,0.32899,0.36785,-1.5083,-1.026,-0.10579,0.81085,2.0844,0.11304,-1.6292,0.023059
7.2149,-1.273,-0.019447,-0.13322,-1.926,-1.426,-0.58995,0.5555,1.5272,0.025872,-1.5166,-0.12207
7.9795,-0.57638,0.37713,0.28819,-1.4978,-1.4179,-0.0081747,0.50443,2.1734,-0.13134,-0.92,-0.22494
8.046,0.51708,0.4596,-0.3972,-0.98446,-1.3631,-0.24247,0.83571,1.4278,0.35471,-1.1225,-0.226
7.182,1.2823,0.17825,-1.0578,-1.4216,-1.4795,-0.81199,0.42667,1.4715,-0.18292,-1.2182,0.21271
6.795,1.728,0.78314,-0.27392,-1.5577,-1.1554,-0.12963,0.27933,0.87878,-0.072592,-0.47319,0.16321
7.1962,1.9741,1.9427,-0.22566,-1.2829,-0.98214,-0.15196,0.059918,1.0411,0.22537,-0.58477,-0.030771
6.5122,2.0388,1.932,-0.098007,-1.3571,-1.3478,-0.28921,-0.35967,0.64686,-0.066153,-0.53665,-0.2037
5.9586,2.8233,2.3485,-0.19376,-0.87923,-1.0728,-0.00099008,-0.043371,0.22571,0.4078,0.41938,-0.33566
5.2456,2.5786,2.2007,0.22487,-0.1458,0.23754,0.14648,0.0097963,0.34099,0.53562,0.31664,-0.55515
4.1758,2.243,0.42457,0.6426,0.66127,-0.19289,0.25387,0.49025,0.62287,0.027004,0.53128,0.069278
3.3161,1.9861,1.4487,0.75789,0.67372,0.082312,1.315,0.68563,0.60365,0.1506,0.48518,0.12424
3.6149,2.3424,1.892,0.66705,1.2031,0.40613,1.1545,-0.16358,0.18679,-0.33359,0.28453,0.36711
3.2616,1.61,0.58765,-0.35687,0.3355,0.45287,0.68282,0.14115,0.3627,0.44195,-0.3064,-0.0096952
2.9442,1.1901,0.83396,0.1955,1.1504,0.71003,1.0442,0.47794,0.52289,-0.013137,-0.33428,0.020391
3.2894,1.9646,1.0236,0.48745,1.0753,0.69855,0.67493,0.73385,0.94063,0.88844,0.84377,0.17012
3.0159,1.9589,1.615,0.58523,0.62383,1.1395,1.0948,0.51811,0.88973,0.65679,0.35825,0.14663
2.8344,2.3392,1.7111,0.67145,0.44171,0.63553,0.92809,0.09368,0.66694,0.32915,0.70313,0.34935
3.0851,1.3962,1.5208,0.91105,0.69301,1.0297,0.76855,0.35206,0.8146,0.77082,0.76349,0.65333
3.0512,1.2761,0.82962,0.77299,1.0717,0.8496,0.65679,0.1802,0.4474,0.64115,1.0297,0.10896
3.0055,1.7384,0.90611,0.04656,1.2149,0.8084,1.1669,0.39876,0.74618,0.11089,0.20955,0.1296
3.5456,1.3951,1.0807,0.20641,1.1632,1.5845,0.93123,-0.29031,-0.21292,0.30193,0.56757,0.44154
2.8598,1.3305,0.90922,0.43691,1.4602,0.12419,0.63487,0.51671,0.35833,0.48956,0.54812,0.76994
1.9286,1.5982,1.8013,1.2648,1.984,0.57648,0.65181,-0.024905,0.060718,0.15795,0.47006,0.24867
2.7043,0.36903,2.383,1.3194,0.3747,0.43384,1.5043,0.28815,0.14754,0.43623,-0.2999,0.059331
3.4026,-0.20003,1.7625,0.9693,0.24733,0.86138,1.3028,-0.0689,0.39163,0.77679,-0.068412,-0.3835
3.3971,0.93323,1.4253,-0.43238,-0.12215,1.4365,1.5551,0.16945,0.011372,0.3816,-0.037442,-0.1741
3.8074,0.36015,2.1601,0.27723,-0.29186,0.90581,0.6009,-0.3294,0.82117,0.90658,-0.4475,0.035055
2.9305,0.58852,1.5075,0.9211,0.72903,0.81099,0.66908,-0.36472,0.88196,0.92312,-0.61652,0.53527
1.8906,0.40703,2.4831,0.64087,0.68563,1.3823,1.5046,0.33625,0.97306,0.62554,-0.24133,-0.4263
1.391,0.43335,2.6985,1.4904,0.67387,1.5249,1.1988,-0.29592,0.33778,0.20628,-0.095963,0.61285
3.1611,0.5441,2.1907,0.37048,0.65128,1.314,1.4072,-0.3688,0.13394,0.74787,-0.21758,-0.014403
2.0967,0.22892,2.4528,1.1816,0.078782,0.98906,1.1513,0.37809,0.68349,0.42941,0.10776,0.17596
2.7559,0.3808,1.8054,0.76512,1.396,1.1716,0.82499,-0.056045,-0.15521,0.54654,0.41497,0.51331
2.8258,0.54244,1.8777,0.92481,0.18716,1.0065,1.2474,-0.26622,0.2991,0.87767,0.19104,0.38565
2.3144,0.56088,2.5624,1.2904,0.94387,0.38503,0.82128,-0.118,0.9297,1.1851,0.41784,0.10098
2.182,1.0549,2.5846,1.2466,0.87518,0.52503,0.73601,0.066303,0.63006,0.82149,0.37555,-0.18049
3.2067,0.59786,1.5212,0.8535,0.46675,1.0247,0.92852,0.061591,0.66651,0.13668,0.28673,0.071418
3.1062,0.73014,1.8187,0.73875,0.45966,0.86589,1.0395,0.56589,0.51742,0.49893,0.56975,0.70278
2.3376,1.7388,1.9563,0.95587,0.35063,0.6686,1.5136,0.29752,0.96392,0.81017,0.46182,0.12759
3.0236,1.4018,1.2614,0.84471,0.72164,0.69724,0.88812,0.80006,0.6879,-0.021818,0.25893,-0.13771
3.2948,1.1086,1.3403,0.86757,0.64943,0.32898,1.1623,0.25529,0.53722,0.28745,0.10741,0.35961
2.774,1.9363,1.8812,0.75684,1.1006,0.34535,0.53721,-0.29545,0.085256,0.2184,0.47767,0.75846
2.957,1.965,1.7585,0.77455,1.1212,0.62804,0.75256,-0.06323,-0.02273,0.49111,-0.19765,0.21862
2.9158,1.5487,2.0524,1.2817,1.1601,0.80616,0.99322,-0.19018,0.028313,0.22826,-0.29413,-0.54852
2.7019,1.1671,1.8598,0.94847,1.1168,0.70178,0.72916,-0.15431,-0.063381,0.15311,0.24262,-0.33736
3.5187,1.6454,1.2304,0.66438,1.2948,1.372,1.0621,0.46296,-0.19826,-0.21525,-0.36534,0.13138
1.7717,1.541,2.0941,0.66417,1.325,1.7889,2.1267,-0.32252,-0.27295,0.42217,0.60324,-0.018536
2.8891,1.6731,1.7498,0.84217,0.86482,0.94576,1.2972,0.41819,0.22719,0.41824,0.18407,-0.092841
3.2599,2.2045,1.094,0.66701,0.97722,0.54084,1.1177,0.60326,-0.35532,-0.0079355,-0.13494,0.37258
3.2316,2.2494,1.526,0.20164,1.2202,0.67618,0.81287,0.72199,0.5746,0.021786,-0.3314,0.27112
2.7647,1.7158,1.357,0.29005,1.2602,1.4364,1.0724,0.27969,0.15992,0.68645,0.55228,0.42398
2.7259,1.9743,1.8157,0.78142,1.2662,1.2848,1.0321,0.28575,0.2927,-0.011249,0.093211,-0.028965
2.4121,2.2416,1.6028,0.54018,0.67948,0.50643,0.91582,0.016855,0.7958,0.44626,0.45234,0.31746
2.9808,2.1059,1.6602,0.77004,1.4607,1.0642,1.1224,0.16126,0.25632,-0.27171,0.65126,0.17423
2.5514,1.5344,2.1822,0.93234,1.2037,1.0084,1.0726,-0.29232,0.069194,0.49571,0.31047,-0.15562
3.1853,2.02,0.8063,1.1367,1.3607,1.0113,0.92574,0.39549,-0.11576,-1.024,-0.27341,0.78092
3.2522,1.968,1.0076,1.2931,1.6199,0.7131,0.18204,-0.40752,0.43998,-0.016852,0.45283,0.11044
3.0443,1.9399,0.79699,0.92336,1.5043,1.4077,0.50278,-0.56037,0.66891,0.64948,0.46133,0.3204
2.9123,1.6765,1.4871,0.42926,1.5785,1.0128,1.1517,0.29563,0.12195,0.38492,0.49443,0.23785
3.0476,2.3827,1.2894,0.42816,1.2713,1.1898,0.99246,0.48256,-0.44675,-0.16802,0.46114,0.2815
3.1026,1.8854,1.6713,1.1345,0.74434,0.9176,1.3042,0.31826,0.24792,0.35942,0.061801,-0.10832
3.2635,2.1152,1.3607,0.9578,1.1763,1.0013,0.85768,0.22904,0.27643,0.41642,-0.29994,0.17435
2.6461,1.5509,1.4101,0.43967,1.1681,1.4556,0.73788,-0.13199,-0.21738,0.15148,0.80991,0.37816
3.8537,1.68,1.0817,0.45624,1.2455,0.94976,1.0325,-0.28342,0.26174,0.090845,0.19875,0.69013
2.8872,1.7091,1.7544,0.94475,1.8169,1.12,0.71899,-0.3985,-0.13855,0.16764,0.02792,-0.36987
3.1597,1.3483,1.156,1.1336,1.7226,1.6956,1.1514,-0.3471,-0.097747,-0.46651,0.52628,0.43619
2.5603,1.5409,1.6175,1.2793,1.3407,1.0072,2.1447,0.77312,0.14996,0.27221,0.23527,-0.052768
2.2372,1.8528,1.1047,1.3664,1.8407,0.48742,1.2566,0.059644,-0.11285,0.42819,0.85887,-0.15886
2.6317,1.5424,1.8306,1.1837,1.8386,0.99209,0.57375,-0.13523,0.44939,0.169,0.6136,0.11354
3.146,1.2765,1.2752,0.58761,1.6128,0.74648,1.1237,0.10314,0.31461,0.52634,0.50191,0.48554
3.4638,1.7738,1.4713,0.87813,0.84527,1.0946,0.51953,0.028307,-0.078187,-0.076376,0.05616,0.03613
2.7591,1.9686,1.6297,1.0738,1.4176,0.071301,0.43242,0.47964,0.55102,-0.32278,0.15805,-0.050795
2.8313,1.9918,1.8433,1.5052,1.3885,0.46609,0.55591,-0.42141,-0.093005,0.10819,0.28829,0.2359
2.8308,1.413,1.4103,1.2617,2.098,1.0074,0.73707,-0.16752,0.2926,-0.52421,-0.25154,-0.053093
3.171,1.5404,1.7078,1.5762,1.5606,1.3829,0.64596,-0.51073,-0.12846,-0.33134,-0.10708,-0.37205
3.2147,1.4408,1.1698,0.82199,1.7833,1.3356,1.1987,0.57963,0.15069,0.3663,-0.050702,0.084624
3.4049,2.5492,1.5624,0.28222,1.1734,0.96241,0.68006,-0.22355,-0.42893,-0.25787,0.70861,-0.05233
3.2543,2.001,2.0407,0.5996,1.1238,1.0884,0.83882,-0.31756,0.20855,0.71338,-0.078015,-0.23572
3.049,1.0535,1.3053,0.81206,1.4731,1.7,1.4006,0.30237,0.26265,0.22393,-0.062965,-0.45482
3.0176,1.3305,0.9001,1.4189,1.8485,1.5251,0.88459,0.34199,0.32862,-0.51852,-0.46501,0.26842
2.7249,1.2342,1.2633,0.52924,0.99493,1.4889,1.961,0.43193,-0.13256,0.56275,0.6458,-0.33237
2.6662,1.8015,1.7305,1.1015,1.7018,0.40205,1.552,0.5376,0.029473,0.15432,0.14815,0.17532
3.3353,2.0294,0.926,0.91984,2.0138,0.72486,0.99006,0.54945,0.33154,-0.20058,0.15258,-0.34603
1.8502,0.78349,0.95433,1.0148,1.4245,1.1538,1.8704,0.47723,0.84536,0.39753,0.52047,0.55655
3.3127,2.5498,1.2587,0.79911,1.0304,1.1784,0.94187,0.096667,0.17703,0.22405,0.53001,-0.037613
2.9899,1.995,1.1996,0.57267,1.2607,1.1971,1.4504,0.071228,0.29386,-0.054455,0.3421,0.12925
2.9855,-0.033283,1.7902,1.2598,0.79667,0.64012,1.4922,0.18288,0.27766,0.3996,-0.0070246,-0.19746
2.7541,-1.5615,2.1252,0.78351,-0.21473,0.38111,0.64596,-0.4879,1.031,1.0766,0.19417,-0.34077
2.9147,-0.2889,2.1877,0.93907,0.25775,1.411,0.82292,-0.38149,0.67005,1.5008,-0.54598,-0.80581
2.2445,0.89506,3.2209,0.18405,-0.012738,0.69667,1.1449,0.13084,0.2911,0.92013,0.27286,1.0163
2.9512,1.4475,2.8448,0.50999,0.40486,0.50945,0.49813,-0.51819,0.41771,0.53901,0.1799,-0.047996
5.8736,-1.6025,4.0287,0.52113,-2.3414,-1.11,0.15643,-0.37704,0.60371,0.25352,-0.54364,-0.50224
5.5406,-2.8384,3.0182,0.59699,-2.8096,-0.72952,0.016146,-0.44789,1.0335,-0.0086154,-0.93956,-0.84627
6.9601,-3.6346,2.3846,-0.0092777,-2.5004,-1.3904,0.17766,-0.34338,1.2898,0.55901,-0.76815,-0.40422
5.9368,-2.9593,1.188,0.73844,-2.4847,-0.73957,0.47662,0.3958,1.3974,0.70097,-1.0537,-0.39979
6.9194,-4.2049,0.87049,0.19401,-2.1653,-1.4707,0.60187,0.065432,1.3845,0.37178,-1.2567,-0.41414
7.2098,-4.0894,0.40247,0.53363,-2.1456,-1.1826,-0.20945,0.36835,1.5293,0.42774,-1.6247,-0.62997
7.6958,-3.4997,0.39206,0.83901,-1.3322,-0.60163,0.18245,0.031081,1.5612,0.62982,-1.6021,-0.4366
7.2377,-3.3063,-0.63572,0.40401,-0.75246,-0.71696,0.067455,-0.062838,1.3007,0.38462,-1.6969,-0.15415
6.2951,-2.4,-1.3015,0.35191,-0.7549,-0.45018,-0.10616,-0.11487,0.84212,0.30094,-1.61,-0.42431
7.3924,-1.8894,-1.2229,0.71511,0.0019249,-0.13234,0.50039,0.28308,0.96341,0.025257,-1.5465,-0.52825
7.4631,-1.4032,-1.7963,-0.014595,-0.043979,-0.26035,0.30959,0.576,1.408,-0.046055,-1.8293,-0.29245
7.4969,-1.086,-1.3384,-0.2926,-0.26588,-1.6111,0.67445,0.60821,0.85901,-0.16437,-1.4993,-0.64091
7.435,0.68496,0.507,-0.4425,-1.0299,-0.43115,1.3683,1.2152,0.69303,0.21119,-0.99592,-0.26203
6.8424,0.85764,0.0077707,-0.15798,0.0093623,-0.7309,1.4181,0.83789,0.84266,-0.025272,-0.59062,-0.67159
5.648,-0.57008,-0.53349,0.25403,-0.39215,-0.51234,0.72829,0.42187,0.79451,-0.6327,-1.3961,-0.50281
5.5367,1.3161,0.60317,-0.094218,-0.30857,0.34563,1.7202,0.71992,0.83141,0.55883,-0.89614,-0.34518
5.2863,1.0215,0.51698,0.45721,0.7941,0.4047,1.2775,1.3865,1.3374,0.36345,-0.28915,0.053527
4.8351,0.7202,0.54226,0.85185,0.76814,0.38913,0.80699,0.20512,0.23006,0.18578,-0.4229,-0.24094
4.212,1.7834,-0.11254,0.64326,0.58921,-0.22511,1.1605,0.23377,0.52627,0.41494,-0.12645,-0.21368
4.4073,2.1602,0.71318,0.46389,0.64334,0.47111,1.0101,0.98285,0.9104,0.033753,0.012742,0.09409
2.8658,1.2932,1.1712,1.1889,1.2473,0.85204,1.3181,0.59569,0.25259,-0.42113,-0.028453,-0.14871
3.5547,1.7326,1.0386,0.33478,1.0055,0.32573,1.076,0.77874,0.91234,0.778,-0.60607,-0.29536
4.1952,1.7081,0.51307,0.61241,0.94309,1.0124,1.476,0.67317,0.44701,0.061952,-0.15834,-0.27224
3.6269,1.5114,1.2757,0.65571,1.3231,1.0282,0.68848,0.22811,-0.66016,-0.52607,-0.38384,0.0069682
3.7588,1.9063,0.72898,0.48659,0.88391,0.84108,0.90304,-0.11442,-0.095458,0.49829,0.47496,0.023752
3.339,1.8185,2.1379,1.2363,0.823,0.81896,1.1114,0.14826,0.47881,-0.35731,0.11541,0.4449
2.672,1.7216,1.0898,1.0196,1.0975,1.1697,0.67973,-0.10222,0.36491,0.38915,0.79104,0.669
2.6251,1.7571,1.1724,1.1343,2.2284,0.7003,0.9849,0.56524,-0.12643,0.17501,0.45979,-0.17352
3.5473,2.0285,0.80561,0.91792,1.5479,1.4032,0.5268,0.31329,0.61068,-0.289,0.24204,0.50472
2.5627,1.7604,1.2352,0.43157,1.6319,1.3296,1.6787,0.79729,0.34882,0.10545,0.72655,0.2352
2.357,2.5735,1.3564,0.63013,1.1872,1.2573,1.7724,-0.18035,-0.20666,0.0038392,0.28866,0.21282
2.6256,2.4302,1.3337,0.43757,2.0634,1.5686,0.83126,0.51396,0.29217,0.16606,0.28408,-0.073445
3.2501,1.894,1.3694,1.0078,1.1152,1.5117,0.96279,0.050655,0.35696,-0.26926,0.16747,-0.20976
3.3683,1.8467,0.76711,1.2991,2.12,0.89914,0.98774,-0.0078919,-0.03517,0.24062,0.62235,0.44715
2.6775,1.7915,0.84917,0.18459,1.0314,1.3312,1.8372,0.58155,0.083154,0.021586,0.85627,0.05248
2.9911,2.3197,2.1048,0.84235,1.2464,1.4762,0.8504,-0.43192,-0.091849,0.19434,0.51,-0.24268
3.0384,1.1945,1.8917,0.87912,1.466,0.42725,0.93198,0.53951,0.7029,0.07694,-0.52935,0.12831
4.0685,0.63675,-0.0013037,0.42091,0.87552,-0.26124,1.1499,0.057814,1.416,0.85005,-0.73686,-0.10517
4.0081,1.8464,0.70181,0.09403,0.44554,0.13732,1.5804,0.63713,1.6027,-0.10907,-0.71747,-0.62353
3.7411,1.3104,1.317,1.5286,1.552,-0.22905,0.47997,0.072813,0.90136,0.076147,-0.18236,-0.36361
3.4252,1.5142,1.3006,1.1277,2.3646,1.049,0.77302,0.071118,0.52168,0.77678,0.43832,-0.76561
3.5742,2.1924,1.5031,0.53767,1.743,1.2861,0.7728,0.14589,1.2455,-0.15466,-0.36508,0.16762
3.2141,0.79606,1.0977,0.83594,2.1276,0.60825,1.1747,0.66129,1.5618,0.3421,-0.74268,0.50778
3.8985,0.16958,0.86003,1.1138,1.5435,-0.031472,0.31473,1.0867,1.6423,1.2648,-0.21604,-0.6017
3.0386,0.56019,0.51264,1.0185,2.1561,0.057277,0.29386,0.022747,1.2463,1.0109,0.03997,0.41864
3.5848,1.2215,0.72481,0.68304,1.8567,0.75815,0.46774,0.39442,0.90388,0.30999,0.17182,-0.18093
2.6975,1.4369,1.4332,0.93243,2.2945,1.0322,0.73109,-0.00096581,0.60037,0.77903,0.14759,0.34721
2.4969,1.1506,1.1453,0.96091,1.8025,0.36323,1.1973,0.70188,1.1985,0.99631,0.2521,0.23899
2.9438,1.3072,1.4482,0.71079,1.2084,0.12399,1.1082,0.22224,0.34254,0.038346,-0.63074,0.49037
3.2315,0.82029,0.70393,1.152,1.431,0.18363,0.38363,-0.041929,0.65556,0.30041,0.11542,0.86041
2.6971,0.49157,0.89919,0.88023,1.9632,1.2449,1.0609,0.27341,1.2448,0.85133,0.018029,0.17062
3.1222,1.1827,0.33979,-0.3143,1.9529,0.24716,0.81754,0.90168,1.0704,0.86296,-0.45835,0.21385
3.0446,1.1801,1.2187,0.80656,1.3886,0.12265,0.45955,0.31712,0.56663,0.43466,0.33151,0.52767
2.9414,2.0864,1.2789,1.1121,2.0016,0.071211,0.69498,0.51199,0.94069,0.11488,-0.7697,-0.66046
3.2734,1.2675,0.9921,0.47963,1.6195,0.58052,0.95494,0.25457,0.85902,0.2109,-0.21223,0.39853
2.5201,0.37961,0.84371,1.9972,1.8523,0.68138,0.27652,0.7401,1.1675,0.53237,0.12674,0.5782
2.8938,0.17363,1.3996,1.5529,1.4844,0.3741,0.3238,0.54454,1.4031,0.38772,-0.50833,0.34779
2.6287,1.3317,1.8542,1.5426,1.9472,1.2261,1.2176,-0.18227,0.76602,-0.46492,-0.17067,0.4776
3.4062,1.7658,1.1403,1.4295,1.0913,0.61304,1.4754,0.52274,0.65132,-0.073135,-0.24121,-0.17402
3.2354,0.10879,1.0737,1.5728,1.4586,1.3501,1.0982,0.37254,0.72374,0.58268,-0.13895,-0.044113
3.478,1.1273,0.99312,1.6065,1.2247,0.37524,1.007,0.84207,0.86607,-0.24194,-0.51512,0.54018
3.4912,1.3005,1.4987,1.3079,1.125,0.11993,0.19828,0.53771,1.1237,0.50387,-0.2537,0.18123
3.458,2.1665,0.76964,1.0411,0.87278,-0.14328,0.63323,0.85171,0.46176,0.2068,0.086888,0.58072
3.0249,1.1523,1.0133,1.0289,1.7243,1.3641,0.98582,0.32742,0.41963,-0.051149,-0.048706,0.43653
3.5005,1.9911,1.0375,0.72361,1.9642,1.144,0.581,0.15608,0.81284,0.48634,-0.36647,0.21475
3.4144,1.9004,1.7898,0.85451,0.79759,0.21096,0.86569,0.3592,0.41741,0.26389,0.066231,0.38356
2.9625,0.875,0.67195,0.74192,1.2069,0.99594,1.2376,0.81575,1.0775,-0.13429,0.216,0.42017
2.552,1.0785,0.95421,1.2009,1.4938,1.0268,1.0413,0.83114,1.1624,0.26729,-0.037911,0.60367
3.3491,0.71304,1.3431,1.1255,1.4882,0.54694,0.80745,1.0657,0.83654,0.72895,0.35843,0.58912
3.0967,1.4485,1.5366,1.1996,1.4649,0.80331,0.37638,-0.18838,0.22063,0.45977,0.55086,0.46575
3.0393,1.4295,1.0382,0.81944,0.98729,0.66828,1.4099,0.90746,0.89562,0.61542,0.62413,0.35665
3.0902,1.4321,0.7745,0.93354,1.6288,0.67962,1.026,0.25955,0.46329,0.7064,0.5814,0.25095
3.5054,1.8987,1.0517,0.36625,1.547,1.1942,1.1205,0.010255,0.34328,0.15215,-0.38526,-0.27934
3.4175,1.5973,1.8827,1.3917,1.2638,0.82302,1.1339,0.46232,-0.28394,-0.84697,-0.19772,-0.12325
3.2194,2.5379,1.722,0.58617,1.4622,0.65776,0.60474,0.50846,-0.095777,-0.037461,0.16007,0.036406
3.0149,1.7266,1.364,0.016417,1.1179,0.48428,1.1773,0.50158,-0.12176,-0.18401,0.66149,0.8733
3.3356,2.2441,1.4657,1.4053,0.94296,0.74517,0.89233,0.33325,0.40041,-0.47981,0.19417,0.88756
3.146,1.5912,1.3691,0.65732,1.2867,0.91408,1.1267,0.13607,0.45121,-0.12354,0.36111,0.31552
3.1941,2.2682,1.362,1.1675,1.6394,1.578,1.3928,-0.66825,-0.30442,-0.015802,-0.049444,0.39825
2.5772,1.5721,2.4004,1.2399,1.2445,1.1114,0.43723,-0.14685,0.24,-0.13618,0.40708,0.72764
2.8869,1.6525,1.6507,0.89627,1.4977,0.79667,0.89263,0.13743,0.37308,0.57001,0.44241,0.92121
3.4049,1.7631,0.93237,0.57374,1.7425,1.0657,0.5836,0.71917,0.58501,0.30505,0.50708,0.41497
2.9548,1.7356,1.3946,0.9992,1.4927,0.98751,0.95288,0.24629,0.19347,-0.22783,-0.091999,0.43294
2.6211,2.0302,1.7043,1.2203,1.5143,1.0915,1.1274,0.30738,0.61243,0.47478,-0.26454,-0.12764
2.9708,1.8976,1.3086,0.576,1.2028,1.1515,1.171,0.45014,0.60599,0.55261,0.011918,0.044944
3.1685,2.5037,1.3627,-0.17181,1.2853,1.2231,0.78636,0.043279,0.48053,0.41781,0.58238,0.13619
3.2659,1.9849,1.2501,1.2068,1.0474,0.88274,0.61511,-0.056684,0.62025,0.44407,-0.035789,0.024971
3.2047,2.4556,1.3736,0.90052,1.1175,0.40478,0.58264,0.44649,0.40119,0.16428,0.39924,-0.017006
2.6253,2.1034,1.3114,1.0386,1.5962,0.68792,0.88332,-0.35149,0.63667,0.71461,0.61103,0.54107
3.6569,2.2043,1.4747,0.86339,0.89917,0.5732,0.40475,0.4216,0.36914,0.46642,0.51903,0.54821
3.0603,2.0582,1.1592,1.2161,1.2992,1.1207,1.3618,0.50103,0.18263,-0.17448,-0.23071,0.12495
2.538,1.9774,1.8369,1.0589,1.5543,1.0835,0.53612,-0.12394,0.082861,0.42091,0.7389,-0.0048207
3.0646,2.5446,1.5817,0.6904,1.2855,0.84525,0.56602,-0.19435,0.80099,1.0029,1.0232,-0.025963
3.0356,2.8473,1.3234,0.06416,1.5799,1.2188,1.3938,0.43139,-0.063195,-0.0289,0.016943,0.19997
3.0381,2.2019,1.2297,0.22137,0.97123,1.29,1.2558,0.46731,0.30635,1.0395,0.26576,0.30829
3.3968,2.132,1.7273,0.57675,1.3778,0.59449,0.41391,0.22737,0.089774,-0.17722,0.64053,0.087677
3.0172,2.292,1.4836,0.61056,1.301,1.6405,1.0222,-0.031495,0.12642,-0.0607,-0.23063,0.49292
3.1642,1.3912,1.1189,1.4172,1.3377,0.658,1.1079,0.35423,0.068769,0.67218,0.51722,0.14181
2.9545,1.352,0.86236,0.82971,0.84003,1.0729,1.9356,0.79221,0.077842,0.52875,0.66934,0.12496
2.9021,1.6704,1.3648,0.56771,1.1841,0.38423,0.93942,0.61531,0.29152,0.11792,0.23556,0.36639
2.5317,1.86,1.0872,0.80546,1.3583,1.5728,1.2157,0.36395,0.073268,-0.30321,0.5015,0.3945
3.846,1.3796,0.4012,1.3258,1.5681,1.0252,0.59791,0.17491,0.24625,0.84197,0.50039,-0.185
3.2246,1.9144,1.2742,1.3194,1.4863,0.79807,1.1421,0.14438,0.27581,-0.14329,0.49031,0.36084
3.0743,1.3838,1.6121,1.1975,1.4652,0.63534,0.75148,0.50424,0.2952,0.68818,0.39097,0.22968
3.0339,2.1593,1.4544,0.14063,1.2234,1.2624,0.91419,0.063015,0.43943,0.14833,0.38238,0.52895
3.3627,2.4216,1.2246,1.1788,1.4711,0.72422,0.65618,-0.12919,0.10001,0.21821,0.73711,0.24582
2.8766,2.0807,0.98211,0.53714,1.3158,1.4908,1.7033,0.79236,0.45241,0.29427,0.20331,0.37995
3.2513,2.0258,1.3223,0.90725,1.5344,0.60497,0.91693,-0.10789,-0.17387,0.074312,0.32041,0.46769
3.3844,1.5438,1.3213,0.75327,1.4265,1.9043,1.233,0.24695,-0.15614,-0.13566,0.16224,-0.042135
3.5163,2.134,0.68366,0.44463,1.5867,0.79656,0.67624,0.57176,0.67848,0.33282,0.18004,0.16481
3.5736,1.85,0.48312,-0.16011,0.94269,0.95929,1.5583,0.68697,0.66856,0.34489,0.23923,-0.25699
3.8418,2.0205,1.2971,0.14316,1.0995,1.5438,1.7081,0.34151,-0.18773,-0.27388,-0.066343,-0.14014
3.2522,1.745,1.395,0.77759,1.0094,1.6714,1.2204,0.0088406,0.10744,-0.17061,0.31818,0.1504
3.5597,0.90795,1.4023,0.65503,1.5916,0.33582,0.29375,-0.062887,0.62218,0.7994,-0.23327,0.17777
3.6587,-0.085809,0.15874,0.59835,2.068,-0.77108,-0.45522,-0.019028,1.4351,1.3468,-0.51054,-0.26514
3.4912,0.38193,1.1012,0.75774,1.3132,-0.49887,0.068441,0.004337,1.5904,1.6212,-0.28512,-0.44867
3.9794,1.4956,1.3957,0.61611,1.8131,0.42561,0.13187,0.43045,0.85009,0.36705,0.57448,-0.046405
3.7931,1.0186,0.32831,1.1095,1.681,0.099611,0.1834,0.040295,1.5319,0.80713,0.58266,0.28054
3.7691,0.76,0.44256,-0.07616,1.3235,0.87003,0.23979,0.19744,1.4004,0.76702,0.1921,-0.10747
4.683,1.3972,1.1129,0.34131,1.7143,0.48353,0.29402,-0.27413,1.0854,0.55743,-0.71695,-0.71798
5.0558,1.8411,-0.077563,-1.1058,1.0992,1.0874,0.4913,-0.2506,0.88915,0.23866,-0.58757,-0.64438
4.3472,1.543,-0.2329,-0.24137,1.4029,0.94877,0.9667,-0.53814,1.3063,0.48105,0.73171,0.44696
4.358,1.1803,-0.096052,-0.55425,1.1281,0.66691,0.87655,-0.13296,0.40025,0.42877,0.21153,-0.15048
4.1796,1.3568,0.31531,0.0050358,0.80524,0.85509,1.2749,0.56706,0.88483,0.45798,0.33743,0.066563
5.1577,1.9169,0.22733,0.66558,1.2456,0.68127,0.8177,-0.11037,-0.064426,-0.36201,-0.36527,0.18005
4.7387,1.3882,0.072987,0.068416,0.44292,0.82742,1.239,0.84802,0.62385,0.0093141,-0.10263,-0.1596
4.7308,1.0457,-0.3652,-0.83165,0.73213,1.7757,1.6159,0.26446,0.81397,0.59344,-0.081271,-0.26619
5.5679,1.4961,0.45763,-0.68625,0.52542,0.75879,1.0158,1.0529,0.96988,0.07363,-0.23711,-0.42408
3.8108,2.0763,0.8572,-0.49695,0.53919,0.84814,1.726,1.1951,0.89681,0.53585,-0.12697,-0.31346
4.0043,2.1362,0.35552,-0.37592,0.74923,0.6433,1.0519,0.44602,0.69375,0.57892,0.18559,0.11359
5.0265,3.4281,1.3741,-0.12207,0.43898,0.33346,0.58256,0.15521,0.50678,-0.24837,-0.37267,-0.12284
5.3603,3.0774,0.98099,-0.11053,0.16006,0.29604,0.73206,0.32094,0.065829,-0.038881,0.39208,0.39461
5.8703,2.6648,0.57073,-1.0357,-1.0341,-0.54072,0.65859,-0.11034,0.43575,0.66607,-0.1035,-0.3519
7.3577,2.7059,-0.0483,-1.2047,-0.84007,0.20138,0.3671,-0.45725,0.59817,0.83846,-0.3011,-0.65966
8.2324,2.2537,0.25576,-1.9106,-1.1991,0.65123,0.45274,-0.59944,0.62292,0.93369,-0.38762,-0.11683
7.0201,1.7301,-0.4836,-2.2492,-1.9752,-0.16271,0.28833,-0.50077,-0.030366,0.65846,-0.51822,-0.30923
8.446,1.8148,-0.48043,-1.966,-1.2728,0.045026,0.97539,-0.26555,0.32434,0.81619,-0.31473,-0.26467
8.9658,1.4908,-0.42314,-2.1429,-1.2854,0.37419,1.0314,-0.37703,0.50207,0.75452,-0.10912,-0.57946
8.7353,1.2213,-1.118,-2.4789,-1.3458,0.29766,1.2285,-0.93001,0.82242,0.95577,-0.53159,-0.27103
8.435,0.62301,-1.6839,-2.5328,-1.4386,0.49289,0.79696,-0.5072,0.38,1.1746,-0.23892,-0.48551
7.4834,1.1911,-1.5123,-2.0496,-1.0078,0.97315,0.98241,-0.018628,0.43582,0.99464,-0.074566,-0.26322
7.8514,0.88553,-1.5229,-2.1219,-0.99385,1.5099,1.2355,-0.45478,0.53199,1.1428,-0.12556,-0.57732
7.9788,-0.65469,-1.8137,-2.1089,-0.89949,1.1254,1.0326,-0.76084,0.63352,0.83453,-0.54667,-1.0679
6.1174,-0.19783,-2.3755,-1.9565,-0.75069,0.95923,0.61554,-0.48219,0.37004,0.77869,-0.56092,-0.73246
8.1994,-0.2707,-1.9177,-1.8349,0.03748,1.7776,0.94972,-0.7488,0.74639,0.86893,-0.95462,-1.0976
7.0464,0.41148,-1.7889,-1.2552,-0.15098,1.3237,0.90277,-0.049997,0.91637,1.0564,-0.7443,-1.075
7.3232,-0.050628,-2.2596,-1.4196,0.084124,1.2948,0.62056,-0.20261,0.812,1.1364,-0.47633,-0.76418
7.7878,-0.42538,-2.004,-1.5307,0.24638,0.57627,0.28752,-0.75344,0.66983,1.4216,-0.47414,-1.215
6.8014,0.43329,-1.7432,-1.0084,0.83668,1.0616,0.01206,-0.65954,0.18752,0.92344,0.089194,-0.54703
6.9028,1.388,-1.3305,-0.56477,0.98924,1.0808,0.62321,-0.45738,0.76836,0.31259,-0.22026,-0.74118
6.9557,1.3787,-1.3424,-1.3381,0.53378,1.7326,1.6012,-0.22249,0.37339,0.86404,0.47296,-0.58432
5.9325,1.4904,-0.73126,-0.90828,0.81252,1.2122,1.2607,-0.10919,0.71663,1.036,-0.55587,-0.3826
5.2846,1.0214,-0.59715,-0.97621,0.70884,0.95339,0.76089,-0.12329,0.72834,0.6992,-0.47184,-0.18407
4.9528,1.1443,-0.56483,-0.52885,1.1427,1.1821,0.62013,-0.33781,0.49536,0.42512,-0.92188,-1.5695
4.9022,1.5385,-0.47845,-0.085269,1.3857,0.76118,1.4148,0.54887,0.14363,0.16144,0.23678,-0.8414
4.934,1.1239,-0.27703,0.097753,1.5954,1.1032,0.92793,0.52611,1.0641,1.1174,0.0056037,-1.1516
4.4573,1.3606,-0.23403,0.34015,1.6033,0.65042,0.78318,0.32499,0.89436,0.50778,-0.080747,-0.87022
4.2643,1.3434,0.087761,0.53741,1.4255,0.86794,0.88311,0.16692,1.2523,1.0283,-0.081119,-0.37582
3.8178,0.69582,0.38718,0.35966,1.6061,0.88879,1.0941,0.61312,-0.18732,0.58618,0.46304,0.25256
4.0101,1.5741,0.44152,0.35613,1.5915,1.3722,0.83146,0.025303,0.97727,0.76367,-0.23584,0.20151
3.6676,1.8902,0.47569,-0.040586,1.5976,0.96957,0.54952,0.30149,1.2596,0.90957,-0.071363,-0.29585
3.3913,1.5804,0.85374,0.92103,1.2368,1.058,1.1049,-0.27782,0.21298,0.083802,-0.045644,-0.11141
3.43,1.9251,1.5069,0.49225,0.88211,0.38258,0.455,0.51517,0.6309,0.28878,0.25054,-0.21022
2.9318,1.4669,1.3408,1.51,1.676,0.72019,0.30653,0.35202,0.55275,0.54047,0.58548,0.23828
3.6096,2.2618,1.1639,0.52402,0.90818,1.0282,1.1599,0.13017,0.37273,-0.015138,0.06925,0.32266
2.6193,2.2976,2.4537,0.79168,0.96199,0.83106,1.0374,-0.28545,-0.16939,0.28612,0.6888,0.0064985
3.4074,1.8765,1.2436,0.47092,0.94391,1.1006,1.429,-0.1545,0.21846,0.4865,0.69444,0.1071
2.6217,1.8169,1.3265,0.44048,1.4276,1.4791,1.7329,0.15226,0.30548,0.45341,0.53045,-0.03954
3.3725,2.4949,1.1189,0.11323,1.3363,0.92728,1.3707,0.31436,-0.41071,-0.12612,0.90193,0.46149
3.3037,1.8207,0.84251,0.55176,1.2518,1.0963,0.56701,0.3363,0.062189,-0.065368,0.35191,0.31385
3.4463,1.9772,1.0732,0.34256,0.90843,1.4368,1.237,0.42577,0.1638,0.28446,0.65252,0.3239
3.1987,2.2587,1.6105,0.70845,1.2355,0.90187,0.95375,0.067585,-0.0082024,0.18189,0.24729,0.38062
2.8678,1.6473,1.4993,0.87584,1.1446,0.21821,0.40075,0.25366,0.60641,0.34322,0.47517,0.68026
3.0973,2.1701,1.7146,0.7185,1.1423,1.3848,1.0589,0.041564,0.96395,1.0891,0.16902,-0.46655
3.2213,2.3206,1.5376,0.55029,0.90477,0.19115,0.70156,0.16237,0.17347,0.40966,0.23251,0.76877
3.464,1.5331,1.0123,0.36644,1.2881,0.95292,1.1069,0.69725,-0.092364,0.070774,0.38715,0.11888
2.5809,1.9498,1.4983,0.73898,1.6764,1.3971,1.3862,0.14697,0.72315,-0.22834,-0.31575,-0.17969
3.3508,1.2973,0.60322,0.96698,1.4085,1.6604,1.227,0.11226,0.02602,0.3246,0.073252,-0.37694
2.6305,1.5154,1.6222,0.97628,1.2753,1.7047,1.4923,-0.086252,0.10513,0.42226,0.52285,-0.11336
3.3802,1.7751,0.56904,1.1278,1.5123,1.0701,0.97234,-0.19048,0.63584,0.41281,-0.20775,0.4155
3.2551,1.6245,0.91222,1.2388,1.5262,0.7955,1.0762,0.56909,0.27836,0.52515,0.19936,-0.18349
3.2799,2.0064,1.3655,0.8062,1.4078,0.55764,0.7256,0.14537,-0.10354,0.43285,0.94555,-0.078029
2.9147,1.5486,1.9704,0.91514,1.2193,1.44,1.6133,-0.091458,-0.42314,-0.047986,0.49106,0.72702
2.662,1.3626,1.6582,0.91451,1.6481,1.5648,1.4882,-0.042086,0.01327,0.60846,0.13495,0.3085
3.7145,1.7049,1.2476,0.51736,1.8136,0.7032,0.28047,-0.20367,0.097893,0.55757,0.50174,0.51778
3.0771,1.7793,1.569,0.66899,0.79167,1.1378,1.0271,-0.078291,0.22568,0.046227,-0.33911,0.102
3.1777,2.2301,1.4355,0.72123,0.63114,0.93579,1.2437,0.1745,0.51838,-0.080264,0.52674,-0.11382
3.1616,1.5286,1.0013,1.2514,1.0964,0.8362,1.6559,0.17093,-0.018994,0.031899,0.13715,0.51339
2.5491,1.6693,0.97956,1.0228,1.8637,1.1778,1.1355,0.43741,0.29434,-0.012113,0.66013,0.27392
2.2654,1.676,1.8851,1.5233,1.7653,0.57148,1.109,0.12785,0.31379,0.5671,0.63235,0.11518
2.6459,1.8075,1.3102,0.61228,1.6031,1.2541,1.8994,0.28339,0.33728,0.0025214,-0.13093,0.27189
2.6818,1.6844,1.3445,1.3178,1.737,1.592,1.5193,0.332,-0.28115,-0.08389,-0.0014028,-0.16715
3.1151,2.2891,1.5984,0.7818,1.3136,0.70616,0.9112,0.50548,0.36757,0.35713,0.55821,-0.53927
2.9394,2.4313,1.4541,0.53262,0.72321,0.17297,1.4227,0.75524,-0.073214,0.090272,0.60215,0.26495
3.0742,1.5289,1.1206,1.3798,1.6128,1.4177,1.1677,0.24663,0.3149,0.39517,-0.10286,-0.26218
2.9524,1.5882,1.2843,0.30512,0.96809,0.91258,1.6896,0.68728,0.58739,0.39635,0.78786,-0.41224
2.8193,2.2441,2.0472,1.0665,1.2672,1.154,1.0719,-0.13732,0.066515,-0.11312,0.046739,0.23892
2.9266,2.4114,1.4753,0.61107,1.5384,0.095181,0.61167,0.77955,0.90694,1.0545,0.38456,0.19624
3.5924,2.1555,1.1693,-0.23954,1.3044,0.87343,0.59172,0.18032,0.031179,0.19203,0.73688,0.41222
2.9208,2.4133,1.3505,0.32096,0.65027,0.78473,0.92654,-0.029365,-0.0045344,-0.28564,0.56555,0.74023
3.0884,2.3093,2.0918,0.97126,1.3947,0.52569,1.1005,0.14682,0.19164,0.14203,0.21639,-0.39998
3.6282,2.2228,1.8341,1.0929,0.91223,1.1304,1.0525,-0.50154,0.26423,0.56685,0.75464,-0.38303
2.8311,1.3754,0.98401,0.74988,0.88028,0.82415,0.9456,-0.084452,0.2755,-0.093759,0.31375,-0.63811
3.0885,2.3404,1.7728,1.3037,1.1789,0.56717,0.81266,0.45379,0.44091,0.0035158,-0.1067,-0.3432
2.8839,2.5173,1.1544,0.48095,1.6452,1.4538,1.1429,0.74296,0.42454,0.29656,-0.010193,-0.13702
3.5189,2.488,1.2675,0.55662,0.71861,0.96442,1.4091,-0.28301,-0.17255,0.49576,-0.0070952,0.062431
3.6464,2.347,1.5219,0.72788,1.1812,0.72024,0.87042,1.0206,0.35809,-0.099655,-0.16721,-0.27492
2.5007,1.5496,1.5031,1.0683,1.7271,1.3635,0.73287,-0.037453,-0.082351,-0.33448,-0.53246,-0.28781
3.3125,1.5879,1.6297,0.37539,1.6494,1.472,0.95898,0.67291,0.064776,-0.39287,0.5832,0.69747
3.2866,1.5169,1.5596,0.87957,0.61596,0.29431,1.2813,0.23143,0.66225,0.36442,0.24229,0.27844
