-0.93837,0.89991,-0.83857,0.75823,-0.66385,0.56097,-0.4553,0.35223,-0.25643,0.17154,-0.09999,0.04294
-0.71308,0.6748,-0.61443,0.53672,-0.44761,0.35365,-0.26133,0.17647,-0.10371,0.046187,-0.0053053,-0.019186
-0.87291,0.84032,-0.7879,0.7184,-0.63537,0.54302,-0.44586,0.34852,-0.25537,0.17033,-0.096597,0.036505
-0.71317,0.68905,-0.65019,0.59851,-0.53652,0.46717,-0.39367,0.31931,-0.24722,0.18024,-0.12073,0.070473
-0.71028,0.67755,-0.62534,0.55697,-0.47667,0.3892,-0.29954,0.2124,-0.13196,0.061556,-0.0034816,-0.041052
-0.81534,0.7787,-0.72032,0.64398,-0.55454,0.45757,-0.35887,0.26406,-0.17819,0.10534,-0.048404,0.0089497
-0.89489,0.85827,-0.79966,0.72247,-0.63116,0.53083,-0.42692,0.32481,-0.22944,0.14502,-0.074737,0.02066
-0.78157,0.75463,-0.71117,0.65327,-0.58364,0.50551,-0.42236,0.33778,-0.25523,0.17787,-0.10835,0.048727
-0.97082,0.91867,-0.83651,0.73096,-0.61023,0.48334,-0.35909,0.2453,-0.14806,0.07123,-0.016301,-0.017545
-0.93875,0.89048,-0.81442,0.71665,-0.60473,0.48696,-0.3715,0.2656,-0.17494,0.10316,-0.051737,0.020015
-0.86643,0.82794,-0.76679,0.68717,-0.59441,0.49446,-0.3934,0.29692,-0.20987,0.13591,-0.077324,0.03495
3.176,2.1385,1.0939,0.90202,0.61057,0.52238,0.25561,0.0074754,0.32314,-0.2394,-0.15294,0.291
2.9863,1.278,0.69888,1.0477,1.5313,2.0406,1.3815,0.022444,1.149,0.061485,-0.076393,-0.076878
3.4421,2.2487,1.056,0.12777,1.415,1.0517,0.23689,-0.1966,-0.30819,-0.30102,0.44808,0.6922
3.6004,2.6323,1.1926,0.296,1.5018,0.35317,0.90275,1.0744,0.16471,0.13296,0.1911,-0.20887
3.1784,1.6616,1.4548,0.73633,1.3311,0.61072,0.74588,0.57917,0.17536,0.49533,0.3777,0.082943
2.5279,1.404,0.86525,0.78197,1.546,2.0329,1.0631,-0.010528,0.52946,-0.24176,0.099569,-0.27136
2.8819,1.8335,1.8551,0.99205,0.42319,0.30542,1.1604,0.86698,0.27614,0.1808,0.48421,0.57848
2.8132,1.7794,1.4474,0.91349,0.9756,0.29281,1.1186,1.0269,0.99372,0.28527,0.18061,0.29591
2.9693,1.7455,1.8413,0.87366,1.0164,0.7524,1.238,0.60578,0.36067,0.4901,0.27389,0.1683
2.5739,2.0689,1.407,1.7034,1.4138,0.59597,0.30328,-0.42758,0.064246,-0.47893,0.18368,0.39472
3.7186,2.2588,1.1993,0.84867,1.6279,0.30857,0.3989,0.22295,0.43135,-0.28037,0.28113,0.62471
3.1817,1.7264,1.6789,0.91535,1.2744,0.10705,0.72228,0.49929,0.49551,-0.073168,-0.0347,0.34331
3.3321,1.3759,1.2634,0.74453,1.4079,0.99972,0.99539,0.080584,0.053673,0.42979,0.67144,0.19061
2.7756,1.3227,1.1646,0.71485,1.3603,1.0433,1.3266,0.3768,0.12926,0.080145,0.28904,0.436
3.2695,0.86245,1.1774,0.43664,1.2225,1.8653,1.0385,-0.22882,0.59852,0.96532,0.75854,0.54859
2.8253,1.4734,0.97353,0.77017,1.2872,1.2589,1.4127,0.065628,-0.023801,0.25165,0.15716,0.35423
3.0241,1.5263,0.96281,1.1581,1.447,0.31132,0.73567,0.41154,0.071391,0.48794,0.63497,0.21046
3.1125,0.78617,0.69111,0.81163,1.4939,0.80777,1.0991,-0.51777,0.18656,0.67504,0.4134,0.20486
3.5387,1.5051,1.8568,0.36921,0.95711,0.58207,0.59074,0.14812,0.14508,0.11214,-0.13942,-0.064087
3.0707,1.7443,1.9644,1.15,1.7189,0.91247,0.33246,0.287,-0.15396,-0.052314,-0.039196,-0.43142
3.0722,1.8578,1.6287,0.99253,0.7562,0.47986,0.94938,-0.21334,0.28611,0.019454,0.1069,-0.26599
2.8421,1.0604,1.2939,1.1443,1.8438,0.77315,0.78035,0.08713,0.16488,-0.27649,0.38003,0.79494
3.157,1.8016,0.93383,0.75065,1.6774,0.62107,0.093977,0.4238,0.22803,-0.12923,0.63663,1.0224
3.3914,1.7968,0.62525,0.26899,1.0334,1.1142,1.12,-0.24053,0.66267,0.34714,0.252,0.24993
3.3896,2.228,1.678,0.79137,1.0324,0.35015,0.62655,-0.095487,0.10887,0.11962,-0.33188,-0.97678
2.7671,1.5411,1.7519,1.141,1.1531,1.163,1.5076,0.50445,0.4007,-0.0071123,-0.20544,0.09422
3.2403,2.1138,1.8363,0.95113,0.82426,0.16555,1.0405,-0.097781,-0.1909,-0.076421,0.22468,-0.5327
2.9446,1.9479,1.1093,0.47966,0.89042,1.2759,1.527,0.47049,-0.28337,0.088917,0.5158,-0.19675
3.1522,1.9892,1.3458,0.67925,1.0353,0.8723,0.92326,-0.49973,0.075394,0.26214,0.68123,0.23867
3.5115,2.3928,1.4679,0.087569,0.67485,0.88458,1.2393,0.23869,-0.20044,-0.45635,0.064609,0.12611
3.6644,1.9289,0.98978,0.26974,0.85287,0.63652,1.2786,0.33108,-0.059001,0.31908,-0.24393,0.089847
3.4691,1.994,1.0978,0.64016,1.4039,1.1814,1.0378,-0.011902,0.13401,-0.040849,-0.20356,0.44194
3.1176,-2.528,2.0439,0.90538,-0.70391,0.32307,0.37734,0.10496,1.129,0.71726,-0.034619,0.47976
3.3253,-2.219,2.9208,0.19613,0.53217,0.41225,0.049681,-0.64683,1.1295,0.91622,-0.15668,0.59349
2.9383,0.54642,2.4912,-0.34036,0.31995,0.44815,0.14564,0.54972,0.84001,0.62236,0.32903,0.15327
3.143,0.11248,2.9218,0.17251,0.34003,0.41832,0.35945,-0.25863,0.64772,0.46626,-0.82015,-0.23068
5.5372,0.26644,3.2464,0.18555,-1.8706,-0.83105,0.00048025,0.3003,0.3722,0.022235,-0.31628,0.11212
6.6061,-1.5699,1.9897,0.16338,-2.748,-1.4479,-0.32701,-0.21575,0.52304,0.013618,-0.29143,0.28503
7.3202,-1.4516,1.3665,0.37221,-1.947,-1.6161,0.39223,0.44137,0.45724,-0.014345,-0.82622,-0.23199
7.2635,-1.6444,0.86989,0.11604,-1.5656,-1.7758,0.32049,0.78725,0.59773,-0.20485,-1.3254,-0.26887
7.6326,-1.7173,0.45011,-0.32719,-0.77248,-1.2132,0.041436,1.0773,0.52752,-0.42126,-1.2656,-0.2554
6.6408,-1.9192,-0.6697,0.39395,-0.7105,-1.1783,0.44475,0.97402,0.37318,-0.54203,-1.597,-0.55408
7.044,-2.1259,-0.6256,0.41838,-0.59696,-0.88316,0.65401,0.75672,0.96532,-0.28599,-1.8593,-0.37743
5.7464,-1.6905,-1.5647,0.10993,-0.83287,-0.80255,0.15577,0.6171,0.65566,-0.50489,-1.6427,-0.92187
8.6905,-2.543,-1.032,0.20903,-0.2398,-0.58836,0.50222,0.34097,1.0553,-0.2887,-1.576,-0.79435
8.4542,-2.808,-1.8782,-0.38744,0.088609,-1.2421,0.49812,0.38129,0.89459,-0.15963,-1.7566,-0.45363
8.014,-1.8389,-1.8429,-0.11481,0.072496,-0.2948,0.18223,0.73482,0.99664,-0.022901,-1.5552,-0.76388
8.46,-2.3623,-1.957,-0.3165,-0.27197,-0.54188,0.095926,0.48797,0.96433,-0.3251,-1.5907,-0.7438
8.7267,-2.7406,-1.4561,-0.28251,0.0019693,-0.20313,0.38556,0.42576,1.1102,-0.070827,-1.6782,-0.37843
7.8441,-1.8335,-2.343,-0.13554,-0.0119,-0.020053,0.19181,0.27835,1.0396,-0.22273,-1.539,-0.46662
8.0535,-1.909,-2.2996,-0.63708,0.24324,-0.20455,0.041709,0.32176,1.0306,-0.15979,-1.742,-0.54221
9.0387,-1.4576,-2.2832,-0.39796,0.4334,-0.010161,-0.083497,0.74849,0.93716,-0.19189,-1.4442,-0.35307
8.0637,-0.94701,-2.7423,-0.83347,0.47298,-0.28626,-0.19542,0.43161,0.89994,-0.4445,-1.6083,-0.49674
8.8138,-1.2292,-1.5308,-1.1776,1.0246,-0.16653,0.3261,0.53509,1.2199,-0.32054,-1.6392,-0.1884
6.9356,-0.097222,-1.9429,-1.3105,-0.50702,0.13676,-0.25845,0.21222,0.95852,-0.82501,-1.4472,-0.21041
7.9831,0.15576,-0.41245,-0.92239,-0.23831,0.50784,-0.063922,0.19738,1.423,-0.48447,-1.6791,-0.32051
6.8642,0.44289,-1.0801,-0.68261,-0.73587,0.0052831,0.099219,-0.27472,0.87417,-0.36059,-1.2769,-0.69218
6.1064,1.4702,-0.0098838,-0.053142,0.24398,-0.098543,0.52205,0.5838,0.69593,-0.16141,-0.39442,0.033371
5.5289,1.0682,-0.076568,-0.23772,0.26769,-0.23453,0.61191,0.40541,1.1276,0.28929,-0.46431,-0.068984
4.4323,1.7305,0.61994,0.50787,0.20211,-0.69315,0.19926,0.30152,1.036,0.52794,0.00078158,0.008138
4.5309,1.3212,0.45465,0.4108,0.96667,0.051144,0.2847,0.44888,1.0574,0.68327,-0.43695,-0.3162
4.5431,1.3783,0.062713,0.71052,0.54907,-0.33694,1.0266,0.92487,0.58002,0.24739,-0.29503,-0.44575
3.8194,1.973,0.74586,-0.27537,0.30583,0.29822,0.99247,1.4487,1.3923,-0.75457,-0.80006,-0.11686
4.1622,1.3983,0.35491,-0.09889,0.87487,0.65358,1.4058,1.3329,0.91798,-0.17985,-0.35346,-0.003419
2.7798,0.92885,0.49551,-0.10038,1.4309,2.4136,2.1172,0.87051,0.8794,0.3457,-0.27696,-0.18395
3.659,1.5874,0.95265,-0.0105,0.84948,0.50309,1.0504,0.48664,0.24142,-0.19275,0.24433,0.30345
3.6006,2.0257,0.21606,0.08784,1.7754,0.26156,1.1401,0.7365,0.4989,0.8537,0.58822,0.21669
3.5887,2.2522,0.89837,0.05045,1.6026,0.56829,0.55923,-0.070995,0.34626,0.47781,0.77545,0.49075
2.5958,1.391,1.3869,0.53254,1.316,0.52994,1.1487,0.60021,0.51019,1.034,0.44249,0.29544
2.4502,1.0485,1.1823,0.91174,1.145,0.73324,1.0117,0.31355,0.65045,0.93301,0.34373,-0.2662
2.6274,1.6799,1.3795,1.1715,1.0099,0.82724,1.5928,0.55807,0.12072,0.31691,0.63279,0.68122
3.097,1.2282,0.95061,0.051594,0.93988,0.80363,1.0578,0.35721,0.46878,0.61878,0.64633,0.056385
3.3896,2.414,0.93672,0.45312,1.4691,0.95175,0.49652,0.67586,0.33609,-0.4394,0.057969,0.070778
3.5912,2.135,1.2657,0.61934,0.8669,0.82324,0.85676,0.56434,0.8207,0.038613,-0.15642,0.59669
3.5108,-0.36866,1.607,0.39288,1.2856,-0.32303,-0.48708,0.67368,1.571,0.65959,-0.65994,0.30275
3.3697,0.098322,0.44631,0.33808,1.5823,-0.095739,0.7952,1.0237,1.5384,0.4567,-0.11132,-0.13932
3.6242,0.25703,0.80472,-0.5951,0.69682,-0.70802,0.17732,1.4587,2.0797,0.34206,-0.66439,-0.60031
3.1204,0.90503,1.129,-0.086718,1.0815,0.15669,0.43894,0.94223,1.4962,0.81025,-0.31055,-0.21331
3.3742,0.32104,1.0762,0.21499,0.96214,-0.42285,0.15993,0.47387,0.90951,0.50953,0.35381,0.0058262
3.8766,0.36933,1.731,0.80719,1.511,-0.57178,-0.22267,0.75224,1.0476,0.31512,-0.43747,0.31942
3.3678,0.37872,1.2652,0.96267,1.3329,-0.19159,0.56366,1.0669,0.88197,-0.20795,-0.82072,0.73852
2.2903,-0.49499,1.235,0.62811,1.317,-0.44556,0.83147,1.6783,1.9782,-0.48972,-0.98183,0.79845
2.4275,-0.30041,1.0004,0.89299,2.0954,0.1672,0.68945,1.4661,2.1936,-0.11717,-0.46556,0.3552
2.6841,-0.48626,0.8173,0.79088,1.3887,0.74836,0.61591,0.90527,1.5821,0.4256,-0.1196,0.23867
2.5737,-0.20508,1.5084,0.80522,1.6538,-0.042453,0.29167,0.77404,1.0468,-0.20282,-0.40074,0.81945
2.282,-0.53303,1.7545,0.73949,1.2766,-0.38763,0.83195,1.1884,2.0388,0.1417,-1.297,0.54408
3.126,-0.33733,0.73622,0.18161,1.3982,0.047563,-0.20613,0.61771,1.6578,0.24385,-0.44478,0.60071
3.0834,-0.0026603,1.7972,0.55797,1.5586,-0.0807,-0.66998,1.4109,1.7623,-0.43826,-0.56485,1.1936
4.2252,-0.13759,0.96128,0.84842,1.7891,-0.31608,-0.42474,0.42111,0.43395,-0.23957,-0.13957,0.30686
2.9876,0.10055,1.3006,1.2137,1.8778,0.24343,0.0030028,-0.26576,1.1098,-0.87032,-0.83658,0.87125
2.7932,0.026185,1.1717,0.54006,1.1892,0.30476,0.65758,0.54613,1.6533,-0.40102,-0.36578,1.3106
3.1958,-0.50302,1.8678,0.91653,1.2901,-0.18485,-0.23352,0.71538,2.02,-0.046272,-0.94079,0.39176
2.5238,-0.60488,0.99106,1.1991,2.2712,0.066838,-0.49328,0.27325,1.8744,-0.21669,-0.45183,0.66212
3.031,-0.062089,1.4516,1.1238,1.4972,-0.0037489,-0.077728,0.63112,2.1357,0.1033,-0.1174,0.74266
3.2805,-0.30838,1.0056,1.2798,1.3579,-0.15287,-0.55538,0.19576,1.8526,-0.31359,-0.65664,0.73911
3.6896,0.70459,1.8657,1.871,1.9026,0.051045,-0.25457,0.13843,1.2493,-0.15371,-0.53722,-0.044021
2.9675,-0.32531,0.99144,1.4528,1.9027,0.22446,0.5112,0.44837,1.0734,-0.49164,-0.47426,0.6689
3.1877,-0.53563,1.0571,1.8999,1.4524,-0.38177,0.28435,0.68869,1.3309,-0.18187,-0.33619,1.1763
3.2137,-0.13435,1.72,1.3265,1.6151,0.17072,-0.1734,0.27178,0.97928,-0.85327,-0.54627,0.76068
3.6888,0.66995,1.1348,0.82667,1.7043,0.36247,-0.034301,0.52367,1.7687,-0.23883,-0.60338,0.35832
3.2967,0.42019,0.79098,0.59145,1.1864,0.75597,0.70511,0.22613,1.4324,-0.18964,-0.67683,0.24261
3.2455,0.28241,1.3955,1.4204,0.87329,0.61749,0.42759,0.3731,0.8534,-0.2817,-0.50287,0.31376
3.5486,1.1401,0.75801,1.0773,1.3794,0.89667,0.37857,0.43782,0.73572,0.14327,0.036368,0.38973
3.3726,0.71269,0.70031,0.56132,1.0648,1.1123,0.64945,0.38503,1.1015,-0.20169,-0.88229,0.52467
3.3047,0.3153,0.54598,0.92028,1.5467,0.28577,0.030755,1.1745,0.95632,-0.66528,-0.35453,0.4663
2.5003,0.30715,1.2626,1.3956,1.8809,0.11263,0.77434,0.80331,1.4816,-0.069417,-0.17026,0.20207
2.5132,0.80507,1.1452,0.95292,1.4238,0.49266,0.54899,1.1559,1.0766,0.37389,0.12428,0.56777
3.2025,0.79816,0.67368,0.20433,1.9496,1.1922,1.3855,1.4278,1.0218,-0.3897,-0.33343,0.44308
3.5157,0.74824,0.85021,0.64951,1.1638,0.3069,0.78309,1.4045,1.4003,0.33971,0.23094,0.65037
2.9218,0.79304,1.2613,1.3944,1.4479,0.6139,0.77276,-0.16179,1.434,0.65457,0.0561,0.41091
3.7339,1.3718,1.1404,0.37169,1.0658,0.44142,0.67704,0.19766,0.90943,-0.17227,-0.038385,0.55789
3.275,0.6521,1.4013,1.1332,1.2962,0.74678,0.66034,0.20538,0.16857,-0.23437,0.17111,0.65377
3.3911,0.47528,1.0389,1.0757,1.056,-0.17972,1.0742,0.93822,0.93872,0.041989,0.022067,0.6095
3.3859,1.0179,1.1564,1.0419,1.52,0.72052,1.0817,0.46262,0.13518,-0.27503,-0.24613,0.23714
3.2153,1.9997,0.29003,0.2212,1.0681,0.75186,1.1938,0.87913,-0.021518,-0.32654,0.079505,0.29766
3.6983,1.0155,0.56171,0.64753,1.6476,0.67954,0.94719,0.38781,0.29319,0.43586,0.039947,-0.031838
3.7172,1.281,1.0314,1.1221,1.2345,-0.16837,0.33917,0.17856,0.9795,0.37381,-0.22743,0.19983
2.8991,1.2415,0.38863,1.2222,1.3384,0.9549,1.1615,1.077,0.78893,0.65203,0.13845,-0.62629
3.3925,1.2897,1.1324,0.5181,0.87967,0.55467,1.1744,0.61686,0.83562,0.24785,-0.38719,-0.21037
3.3257,1.0855,1.1666,0.48758,1.2364,0.52595,1.3043,0.48935,0.9223,0.72703,0.012209,0.088653
3.0736,1.7122,1.3969,1.3288,1.1046,0.52632,1.3631,0.68978,0.81247,0.11156,-0.16401,-0.44038
3.3569,1.2231,1.3172,0.53551,1.0643,0.86825,0.87637,0.75524,0.49535,0.087924,0.12888,0.37089
3.1078,1.7543,1.6316,0.97873,1.4606,1.0887,0.44805,-0.47933,-0.0039013,0.24132,0.39411,0.5027
3.4063,1.6112,0.75157,1.4052,1.4939,0.67379,0.72483,-0.10751,0.061752,-0.28609,0.06184,0.21945
3.2474,1.7333,1.6728,0.54707,1.2836,0.48624,0.92916,0.69723,-0.22225,-0.065322,0.41059,0.065623
3.6154,1.8765,1.2398,0.49085,1.1262,1.4408,1.235,-0.15022,-0.16838,-0.31673,0.49184,-0.21521
3.1405,1.7813,0.89482,0.46849,1.1572,1.0806,1.4158,0.60308,0.10877,-0.20243,0.10474,0.23984
3.1409,2.1917,0.90049,0.50914,1.2574,0.74832,1.1767,0.32025,-0.33098,0.14587,0.21978,-0.1953
3.9481,2.1097,1.5149,0.60628,1.0162,0.39512,0.91363,0.14264,0.12375,0.52996,0.1199,-0.15061
2.6243,2.0491,1.6998,0.98465,1.1279,1.3209,1.0418,0.2621,-0.17101,-0.18387,0.040007,0.26155
3.2868,1.5028,1.0379,0.93454,1.7043,0.84982,0.72097,0.55018,0.26344,0.03721,0.54302,0.45182
2.7941,1.4558,1.7616,0.99045,0.81556,1.0559,0.90713,0.3608,-0.072844,0.4868,0.3098,-0.16732
3.265,2.0006,1.7408,0.68323,0.6025,0.68718,1.4964,0.78005,0.14138,-0.079941,-0.19196,-0.11103
3.2187,1.3228,1.331,0.78744,1.3222,1.5858,1.2212,0.16879,0.20988,0.62722,0.79473,0.23599
3.583,1.7347,1.2898,0.35324,0.71868,0.41919,0.86831,-0.057842,-0.1527,0.49632,0.075781,0.33746
3.597,2.0131,1.003,0.085071,1.2853,0.065557,0.70348,0.23972,0.30201,0.72512,0.23014,-0.3347
3.1048,-0.4264,1.4736,0.12308,1.3736,-0.090365,0.34625,0.72404,0.99835,0.26415,-0.77561,0.32713
3.208,-0.50384,1.0881,-0.64968,1.3564,-0.49284,0.75072,0.64419,1.144,0.61622,-0.65436,0.50754
3.8414,-0.22038,0.34206,-0.17792,0.93103,0.06787,0.36456,0.83973,1.7087,0.44905,-0.42252,0.32801
3.4391,1.595,1.5733,0.83064,1.3968,0.23793,0.98767,0.70877,0.58001,-0.047116,-0.27382,-0.30323
2.779,0.57221,1.7297,-0.023472,1.0777,1.4242,0.78659,0.0013216,0.6029,0.26921,0.28046,0.25832
2.7802,-0.022203,0.96113,0.12383,1.422,1.5681,0.11651,-0.61585,0.73244,0.48556,0.58732,-0.28593
3.5882,0.67001,1.3973,-0.37823,0.78331,1.1139,0.23713,-1.1116,0.52818,0.2753,0.28367,0.33229
4.007,1.1239,0.060799,-0.51712,0.74032,1.2496,1.3866,0.4153,1.0272,0.30724,-0.30718,-0.29906
4.5616,1.3306,0.19228,-0.46586,1.4122,1.4156,0.54118,0.089987,0.61032,0.98095,0.51744,0.072206
4.6375,1.0104,0.40561,-0.84559,0.6355,0.83112,0.87581,0.40208,1.1074,0.73383,0.13196,0.22914
3.7052,1.2224,0.99942,0.87405,0.81876,0.60742,0.9258,0.46382,1.1283,0.42639,0.31476,-0.063171
3.6915,2.972,0.86743,-0.66744,-0.02215,0.72966,1.2846,0.53184,0.60809,0.2713,0.50024,0.096198
3.8124,2.4086,0.85029,-0.38701,0.49532,1.1309,1.7977,0.7504,0.16452,-0.062817,0.33208,-0.048084
4.4679,1.4676,0.35931,-0.13613,0.48554,0.673,0.66745,0.34503,1.1614,0.43949,0.15588,-0.27623
3.4382,1.5262,0.57058,0.66491,1.542,0.061248,0.75782,0.99819,1.3383,0.55544,-0.15494,-0.012677
3.0482,1.9984,1.0689,0.44018,1.286,0.92462,0.5904,-0.3252,0.4039,0.52231,0.32119,-0.36603
3.413,1.7315,0.78574,0.79233,1.3897,1.068,1.0623,0.48994,0.80255,0.30632,-0.1487,-0.15246
5.6376,2.8075,0.57273,-0.46774,-0.11704,-0.50056,0.1391,-0.24077,0.51758,0.71597,0.12119,-0.43839
6.6491,2.6476,0.71982,-0.81055,-1.006,-0.75797,0.3559,0.07794,0.16888,0.04814,-0.38318,-0.25172
7.3127,3.019,0.96487,-1.3254,-1.5872,-0.2446,0.11792,-0.40276,0.4267,0.47504,-0.22285,-0.62325
7.3888,2.8157,0.54412,-1.7174,-1.8036,-0.79063,-0.25019,-0.23426,0.46877,0.097495,-0.14263,0.049316
6.489,2.6233,0.22873,-1.4937,-1.5218,-0.35875,-0.46683,-0.45405,0.3781,0.36489,-0.21074,-0.061714
8.1793,2.1873,0.76377,-1.9388,-1.631,-0.034614,0.23775,-0.64346,0.65025,0.22439,-0.043593,0.12048
6.8601,1.8989,-0.15655,-2.0074,-1.5556,0.061629,-0.34107,-0.47723,0.30235,0.69996,0.10612,-0.061317
8.1233,1.4338,0.31889,-2.3337,-1.6305,0.48686,-0.13811,-0.78514,1.032,0.58132,-0.12044,0.22368
8.3416,1.0043,0.23786,-2.2516,-1.464,0.75405,-0.45924,-0.54188,1.3152,0.59193,-0.19352,0.18412
8.0213,-0.094959,-0.33929,-2.8896,-2.0399,0.49369,-0.53004,-0.99901,0.81469,0.43346,-0.38286,-0.31845
6.7371,0.44564,-0.85588,-2.0847,-1.5274,0.86303,0.12496,-0.45838,0.84353,0.66236,-0.27064,-0.17062
7.5914,-0.061225,-0.9817,-1.9575,-1.2218,1.3211,0.27322,-0.53507,1.2097,0.62541,-0.31488,-0.34829
7.488,-1.4234,-1.4941,-2.7918,-1.5426,1.0678,-0.38681,-1.2225,1.0682,0.18881,-0.86495,-0.72295
8.0115,-1.1157,-0.95791,-1.958,-0.84771,1.5572,0.086614,-0.62699,1.2158,0.782,-0.56532,-0.47808
8.8163,-2.2059,-0.66079,-2.3497,-0.79344,1.3957,-0.21384,-1.094,1.5591,0.50699,-0.70829,-0.59754
6.211,-1.2938,-1.6824,-2.179,-0.87407,1.3405,-0.54112,-0.93133,1.2329,0.60112,-0.94357,-0.59619
7.8542,-2.0279,-0.99088,-1.7688,-0.77758,1.7245,-0.22551,-0.89711,1.8161,0.61125,-0.78055,-0.45253
7.0232,-2.1484,-1.2301,-2.1727,-1.0477,1.5148,-0.32751,-0.98749,1.3897,0.84611,-0.95933,-0.662
6.9598,-1.8529,-1.3603,-1.8383,-1.1311,1.5085,-0.0055729,-1.1005,1.4075,0.83875,-1.1032,-0.76903
7.3715,-2.0512,-0.96606,-1.6132,-0.97901,1.7092,0.091054,-0.93707,1.6509,1.1199,-1.1478,-0.6833
7.736,-3.2679,-1.0959,-2.6695,-1.3064,0.9682,-0.39288,-1.7281,1.6095,0.41453,-1.1593,-1.3951
6.9233,-1.4395,-1.1703,-1.6774,-0.88925,1.5728,-0.35252,-0.85696,1.6627,1.0758,-1.0237,-0.81456
7.2472,-1.4734,-1.0738,-1.5333,-0.82414,1.5403,-0.29713,-0.93911,1.7515,1.0533,-1.0318,-0.76539
7.6098,-2.9865,-1.149,-2.1167,-1.3215,0.66426,-0.79204,-1.4869,1.6075,0.33926,-1.2516,-1.1643
8.2445,-2.1369,-0.35368,-1.4094,-0.55295,1.0118,-0.39212,-1.0007,2.065,0.7181,-1.0443,-0.78363
7.4067,-2.0143,-0.62029,-1.4446,-0.61989,1.0349,-0.62284,-0.76456,1.8333,0.71949,-1.1754,-0.70823
7.411,-2.562,-0.65497,-1.9282,-0.93798,0.74537,-1.0151,-1.038,1.783,0.4705,-1.3978,-0.76507
8.2772,-2.4769,0.21385,-1.3631,-0.4897,1.1173,-0.54403,-0.78737,2.0812,0.70858,-1.1397,-0.67103
7.4461,-2.1584,-0.43827,-1.1192,-1.0465,1.1015,-0.84797,-1.0686,1.9279,0.52497,-1.3508,-0.63503
7.2388,-2.6136,-0.58638,-1.0442,-0.9169,1.0784,-0.79473,-1.3483,1.6253,0.81679,-1.2575,-0.64822
7.9394,-2.5907,-0.60568,-0.83758,-0.42259,1.4649,-0.86099,-1.0734,1.717,0.624,-0.99567,-0.56623
7.8755,-2.9678,-0.99785,-0.92826,-0.59848,1.3881,-0.42316,-1.2987,1.7398,0.52355,-1.1004,-0.41316
7.6858,-3.2767,-0.86302,-1.6449,-0.71965,0.78205,-0.15446,-1.0709,1.502,0.29129,-1.6751,-0.47639
7.9777,-2.1786,-0.59725,-1.5508,0.028838,1.5278,-0.55598,-0.40652,2.1853,0.24613,-1.3816,-0.77654
6.6898,-0.55186,-0.73741,-0.87096,-0.42471,1.4997,0.72785,-0.46295,1.3266,0.65976,-1.0756,-0.84962
6.5945,-3.5874,-1.4423,-1.6172,-0.68558,1.7392,-0.32068,-1.0022,2.1993,0.74047,-1.713,-0.37862
4.8608,-0.019366,-1.2996,-0.69247,0.26875,1.5952,1.4167,0.99483,1.0644,-0.11226,-1.5649,-1.2531
5.4654,0.5333,-0.5512,-0.62416,0.48813,1.4149,0.8505,0.21641,1.3748,0.89094,-0.24473,-0.44703
4.7851,-0.10979,-0.73825,-1.027,-0.18529,0.82546,1.4044,0.29095,1.6739,0.84761,-0.4781,-0.80663
4.8554,0.056973,-0.91379,-0.40854,0.79806,1.2509,0.71456,0.028355,0.43788,0.63214,-0.089853,-0.22731
7.1009,-2.024,-1.2465,-1.3197,0.4209,1.4504,-0.052039,-0.55777,2.1386,0.49612,-1.7038,-0.73786
4.4555,-0.17636,-1.5719,-0.8301,0.80508,2.0576,1.6125,0.54682,0.83126,0.17745,-1.1344,-1.0433
5.0221,0.40271,-0.8271,-0.50462,0.48094,2.0545,1.9997,0.069428,0.73478,0.37554,-0.83256,-1.3475
4.9756,-0.051266,-1.2403,-0.62295,1.4184,1.4986,1.0279,1.2347,1.4422,0.41332,-0.5435,-1.2293
3.903,1.8232,0.37132,-0.25068,0.27781,0.73933,1.5237,-0.067251,0.6151,0.88369,0.0067547,-0.071177
4.2497,1.3377,0.14397,-0.68779,0.72417,1.0436,2.0168,0.84794,0.89694,0.53504,-0.38106,-0.32798
2.8803,0.734,0.076708,0.30896,1.4509,1.7177,1.8498,1.2918,0.99501,0.15879,-0.35605,-0.70897
4.0851,0.97139,-0.013494,0.22621,0.86988,0.87409,1.9267,0.85458,0.035268,0.12801,-0.5589,-0.67049
3.2929,1.2256,0.61023,0.66864,1.0968,1.2105,1.5854,0.09615,0.30031,0.26568,0.072348,-0.37686
3.754,1.816,0.61855,0.73622,0.78768,0.44297,1.1498,0.46911,0.39486,0.84553,0.28197,-0.21081
3.3261,1.5099,0.48699,0.3863,0.92137,0.83004,1.1626,0.048035,0.48518,0.84816,0.64268,0.26386
2.9889,2.0169,0.94795,0.78877,1.1608,0.20494,0.92764,0.65168,0.16603,0.23234,-0.11901,-0.3546
3.1032,1.4165,0.85575,0.71484,1.5215,0.54765,1.4626,0.68346,0.085576,0.49972,0.45041,-0.035317
2.5081,1.7183,1.3073,0.62685,1.1463,1.0757,1.289,0.60864,-0.0023001,0.090873,0.11172,0.1131
3.08,1.3758,1.2709,0.66864,1.4136,0.90539,0.54535,0.45287,-0.046628,0.18229,-0.114,0.04691
3.6113,-1.532,0.27398,-0.094895,0.79039,1.9025,0.64599,0.42849,2.9621,0.58269,-1.2644,-0.5424
4.2234,-0.038666,-0.33917,0.33454,1.2745,1.1189,0.83981,1.2103,2.173,0.33881,-1.4691,-0.65677
3.6366,1.0706,0.80089,-0.091513,0.96969,0.97411,0.95017,0.6475,1.2677,0.44013,-0.95663,-0.54973
3.7561,-0.089031,-0.087324,0.30145,1.6922,0.86139,0.86555,0.56155,1.2588,0.32406,-1.053,-0.30539
4.7541,0.02415,0.15463,0.24911,1.4289,0.647,0.64698,0.17688,1.8807,-0.22816,-1.537,-0.49963
4.2372,0.42005,0.91164,0.45011,1.0831,0.14111,0.4922,1.0672,1.5727,0.013953,-1.629,-0.36181
4.0416,-0.35816,0.17319,0.8205,1.3927,0.020211,-0.07443,0.61705,2.1683,0.70705,-0.82879,-0.15322
3.1149,0.48713,0.90269,0.56382,1.6141,0.12999,-0.056315,0.88992,1.8071,0.62565,-0.56554,0.4252
3.4406,0.72648,1.0883,0.66186,1.0135,0.48831,0.75962,-0.053418,0.71427,-0.34549,-0.82848,-0.17671
3.5385,1.2821,0.89855,0.40447,0.87533,0.13101,0.46915,0.45071,1.2579,0.24022,-0.20113,0.079899
3.2812,0.91696,1.0621,1.0458,1.1473,0.33625,0.99745,0.1974,0.78952,-0.17333,-0.2906,0.39467
3.0519,0.60786,0.67219,0.85224,0.81208,0.62084,0.97025,1.1967,0.8018,-0.60649,-0.49816,-0.14356
3.0925,0.49442,1.0129,1.613,1.2135,0.81311,1.2915,0.95439,1.0922,-0.19262,-0.24049,0.021307
3.3411,1.0237,1.3352,0.65948,1.0355,0.47598,0.35787,0.24053,0.65435,-0.63294,-0.17281,0.53499
3.7158,2.0842,1.8908,-0.29221,0.58493,0.72131,1.3777,0.5514,0.68523,0.14354,-0.065641,0.52692
3.0669,1.2761,1.1716,0.51337,0.31963,0.60761,0.89259,0.3819,0.76812,0.71757,0.22315,0.25461
2.9472,1.1007,0.7483,1.0274,1.6305,1.2821,1.4329,0.84675,1.1565,0.43129,-0.44763,-0.092753
3.5308,1.2356,1.3407,0.74563,1.059,0.68707,0.74082,0.64189,0.20592,-0.47759,-0.48723,-0.25194
2.57,2.2145,2.2558,0.95908,0.88447,0.99465,0.99485,-0.06281,0.16213,-0.002188,0.055689,0.20222
2.3982,1.2893,1.4353,1.3548,1.5429,-0.050208,0.6157,0.22106,0.12961,0.28336,0.46385,0.015988
3.1855,1.6764,0.85312,0.65463,0.93415,0.57606,0.94283,0.79788,1.0426,0.22978,-0.061253,0.30818
2.8437,1.1038,1.0187,1.4225,1.4769,0.61209,1.092,0.016885,0.32524,-0.013923,-0.59113,-0.037144
3.1531,2.0083,1.3217,1.2278,1.6341,0.36374,0.57532,-0.052244,0.29924,0.25054,0.12511,0.14377
2.7618,1.5287,1.4365,0.67193,1.3351,0.5933,1.2817,0.88861,0.19147,0.48734,0.56894,-0.64407
3.5568,1.6369,1.4719,1.0836,0.86575,0.52034,1.3158,0.30319,-0.33143,-0.54231,-0.18291,0.16468
3.0502,1.3928,0.98943,1.2293,0.64527,0.086516,1.3254,0.45564,0.6369,-0.13904,0.04702,0.77575
2.798,1.7848,1.7693,1.3138,1.0855,0.66671,0.53356,0.11226,0.21116,-0.15745,0.082314,0.13938
2.9332,1.4006,1.0905,0.62415,1.3038,0.64833,0.55332,0.020453,0.22729,-0.11319,0.1353,0.86139
2.9534,0.8456,1.0802,0.19491,0.80664,1.1786,1.3687,0.74043,0.16526,0.25352,0.12325,0.79823
3.596,1.1859,1.5611,0.81952,0.91056,0.47762,1.2112,0.80812,0.25772,-0.27019,-0.48597,-0.39715
3.1807,1.384,1.1078,0.27396,0.3111,0.68714,0.92614,0.38002,0.4403,0.1442,0.08873,-0.15405
3.313,2.1482,1.7665,0.59708,0.82235,0.72838,1.0074,-0.17821,0.21565,-0.093829,0.42709,-0.0011159
3.1828,1.4227,1.3638,1.2932,1.5454,0.44335,0.27653,0.23337,-0.032919,-0.067689,0.12128,0.15148
3.1986,1.6198,1.2978,0.57725,1.2651,0.21186,0.59281,0.47226,0.32961,0.40743,0.77759,-0.10066
2.1536,1.4828,1.5084,0.67178,1.277,0.75518,1.2479,-0.077472,0.36729,0.60926,0.41984,-0.035361
2.8136,1.8729,1.8295,0.62264,0.88975,0.84537,1.1228,-0.14904,-0.001382,0.0091138,0.76955,0.70964
2.1393,2.0293,0.72845,0.68314,1.1918,0.53729,1.265,1.0319,0.70227,0.072715,0.55211,0.012726
2.489,1.4156,1.0709,0.5324,0.95279,1.167,1.4459,0.18658,0.38051,-0.0042861,0.22644,0.42431
3.2591,2.0047,1.6092,0.80651,0.79752,0.26577,1.0912,0.39289,0.059935,-0.0086554,0.044459,0.087072
3.1163,2.1424,1.4292,1.3614,1.0976,-0.13199,-0.13923,-0.52405,0.39861,0.48408,-0.057699,0.34556
3.567,1.8948,1.2852,0.83517,1.4397,1.0572,0.79503,0.10257,0.35938,-0.11647,-0.58448,0.31084
2.9694,1.7719,0.86325,0.1966,0.56766,1.1782,1.3575,0.18423,0.15803,-0.44916,0.42691,0.15906
3.4274,1.8815,1.7772,0.54742,1.3408,0.5413,0.87817,-0.0030365,-0.10026,-0.15567,0.15612,0.18237
2.2616,1.5174,1.1911,0.58234,1.4782,0.93428,0.88298,-0.37773,0.25693,0.34397,0.16078,0.26943
3.4071,1.6597,1.4187,0.95976,0.71475,0.61919,0.62172,0.36563,0.43515,-0.13389,0.0095861,0.24756
4.3856,2.7783,1.6055,0.70357,0.34768,0.091736,0.43372,-0.58395,0.42446,0.2371,-0.24279,-0.080149
4.5525,1.0609,1.8377,0.6597,-1.1666,-0.66525,-0.051703,-0.59036,0.23748,-0.97319,-0.5198,0.12803
5.4358,1.735,2.6948,0.91887,-0.85818,-1.0385,-0.42965,-0.11891,-0.14381,-0.22673,0.35481,0.27682
6.4114,2.1037,2.7084,0.91542,-1.1962,-1.0944,-0.079763,0.12668,-0.18922,-0.75338,0.050013,0.27513
6.1975,1.9031,2.3508,0.69101,-0.58308,-1.1903,-0.060393,-0.67895,-0.25129,-0.63501,-0.028671,0.40578
5.7628,1.6116,1.8097,0.50247,-1.1093,-2.2828,-0.98271,-0.59051,-0.85271,-1.0433,-0.66078,0.10346
6.3233,2.2015,2.0431,0.94402,-0.48928,-1.4149,-0.39261,-0.20342,-0.23276,-0.50295,-0.10831,0.45989
6.4323,2.2836,1.8293,1.7234,-0.66633,-1.1162,-0.66044,-0.62384,-0.11689,-0.61716,0.29717,0.31875
6.636,1.6669,2.141,0.95081,-0.50943,-1.6165,-0.52097,-0.60291,-0.2345,-0.61903,0.14628,0.36685
6.4855,1.5239,2.0698,1.3074,-0.81085,-1.6912,-0.73895,-0.45514,-0.0092283,-0.4803,0.068243,0.10808
6.8552,1.6196,3.1003,1.6883,-1.3407,-1.7081,-0.47685,-0.17073,0.29189,-0.47094,0.05053,0.4678
6.697,1.3797,2.4632,1.2521,-1.5856,-1.5485,-0.40629,-0.49944,0.28436,-0.69332,-0.30144,0.32359
5.7496,0.8707,2.3836,0.47186,-1.7589,-2.0922,-0.91239,-0.71095,-0.33038,-0.59796,-0.61004,0.25835
6.037,1.0342,3.808,1.6684,-2.0414,-1.5851,-0.45704,-0.63996,0.33062,-0.40226,-0.11201,0.27329
6.2429,0.30619,4.0832,1.4868,-1.9263,-1.1131,-0.90073,-0.50615,0.24364,-0.72139,-0.44756,0.39533
5.3477,0.1469,3.7521,1.1966,-2.4316,-1.0169,-0.75318,-1.0555,-0.16681,-0.60643,-0.29117,0.29704
5.8173,-0.48509,4.3945,1.447,-2.3608,-0.39926,-0.62538,-0.92414,0.36055,-0.36338,-0.28967,0.2507
5.4323,-0.8825,4.2793,0.50843,-2.1206,-0.21248,-0.2974,-1.0462,0.25904,-0.91268,-0.76868,0.16766
5.2344,-0.96776,4.4415,0.58994,-2.5455,0.21812,-0.20838,-1.3393,0.61358,-1.1707,-0.85129,0.20055
5.3695,-1.0345,4.9034,0.69619,-2.7104,0.35097,-0.60378,-1.2464,0.83492,-0.54874,-0.75988,0.3729
4.6999,-1.4822,4.3218,0.03925,-2.9496,-0.042985,-1.0123,-1.8502,0.93244,-0.70428,-0.47439,0.30678
5.1463,-1.0309,4.7006,0.16002,-2.798,0.47375,-0.97535,-1.0941,0.8764,-0.62583,-0.39696,0.57608
4.3808,-1.1043,4.8866,-0.37758,-2.8771,0.099289,-0.97764,-0.91361,0.92044,-0.83232,-0.66287,0.37207
4.4184,-0.96115,5.4246,-0.1924,-2.5653,0.39591,-0.94333,-0.90235,1.137,-1.0336,-0.56793,0.36068
4.5187,-0.98381,4.8767,-0.43777,-2.184,0.77516,-1.0785,-1.1632,0.85575,-0.94543,-0.26144,0.55884
4.2997,-1.459,4.5796,-0.88721,-2.187,0.23953,-1.2213,-1.0616,0.63638,-0.98434,-0.51598,0.6435
4.6141,-0.50152,5.0953,-0.42011,-1.8424,0.27744,-1.0997,-0.48066,0.98056,-0.53536,-0.56426,0.41711
4.5162,-0.49446,4.2515,-0.72007,-2.2336,0.42158,-1.1496,-0.93152,0.80205,-0.88887,-0.22118,0.49539
4.4851,0.32747,4.1907,0.42848,-1.7732,0.10775,-0.66204,-0.78261,0.72551,-0.65065,-0.30672,0.17741
5.4678,1.2138,3.2198,-0.24012,-1.4022,0.08249,-0.30574,-0.74793,0.23164,-0.51757,-0.1771,0.47189
4.7414,1.9431,2.1261,-0.39083,-1.524,-0.79346,-0.66715,-0.61115,-0.19732,-0.93037,-0.5436,-0.11811
5.6985,2.888,2.7552,0.37289,-0.57936,0.043978,-0.70834,-1.1007,0.22475,-0.49446,0.40271,0.29428
4.7646,2.8238,2.7271,0.40916,-0.53622,-0.32765,-0.35638,-0.53672,-0.59827,-0.2846,0.32179,0.29066
3.5995,2.3452,1.9684,-0.047318,-0.72791,-0.40633,-0.79682,-0.87636,0.13177,0.32062,0.68721,0.25914
3.6948,2.1383,1.7855,0.31802,0.42358,0.35727,0.57013,-0.38611,-0.22612,0.092434,0.27804,-0.07561
3.0419,1.5722,1.5282,1.3163,1.6084,1.3856,1.0665,-0.13324,-0.37954,-0.12223,0.35546,-0.020088
2.9542,2.2581,1.5125,0.87471,0.40559,-0.13675,0.70847,-0.20504,-0.14297,-0.31747,0.024358,0.36685
3.0705,1.5925,1.0995,0.26319,1.4869,0.74539,0.91422,0.60757,0.28869,0.16874,0.41475,0.20221
3.2219,2.2662,1.2763,0.29179,1.2731,0.52694,0.88294,-0.56373,-0.24551,0.35147,0.60223,0.2382
3.1175,2.0038,1.0883,0.1984,1.1187,-0.16975,0.21021,0.39885,0.78818,-0.15002,0.66572,0.59259
3.1881,1.1637,1.6878,1.0996,0.8333,0.73288,0.11405,-0.37366,0.062072,0.21142,0.40402,0.64664
2.9122,1.4701,0.80151,0.71857,1.1856,0.79036,1.0063,0.55463,0.51124,0.32634,-0.089568,-0.18391
2.5233,1.8225,0.83814,-0.045643,0.96584,1.4609,1.9313,0.82162,0.32099,-0.29905,0.21058,-0.31673
2.8502,1.9688,1.6663,0.23379,1.1941,1.0108,1.3529,0.30286,-0.21499,-0.28716,-0.0084045,0.1202
2.8759,1.2954,1.0911,0.64658,0.74269,0.85464,1.6281,-0.090747,0.90867,-0.031917,-0.31171,0.38118
2.2926,1.172,1.4806,0.89978,1.6522,1.3058,0.8454,0.74295,0.52073,0.25102,-0.12124,0.24452
2.9137,1.2537,1.0971,0.41987,0.71212,0.99551,1.0738,0.19601,0.2417,-0.22478,0.30231,0.38084
2.0892,1.8806,1.8505,0.6335,1.0046,0.87607,1.1348,0.52947,0.73877,0.40333,0.48867,0.2238
3.0579,1.7532,1.2684,0.14958,1.1491,0.60336,0.76219,0.22182,-0.20736,0.31406,0.51696,-0.069234
3.4832,1.72,1.0989,0.57513,1.1448,0.51925,0.94317,0.64775,0.30668,0.34122,-0.021905,-0.1933
3.5247,1.9297,0.99359,0.27062,0.65534,0.66805,0.56515,-0.5601,0.10834,0.51026,0.66093,0.027963
3.2427,2.3579,1.398,0.47589,0.90093,0.65018,0.87769,0.26836,-0.025179,0.027563,0.44698,0.020949
2.4302,1.554,1.6901,0.87991,0.89103,0.89313,0.62618,0.0033453,0.73109,0.44083,0.521,0.28969
2.8921,1.9076,0.91691,0.13237,0.99014,0.60789,1.1096,-0.28299,0.20781,0.4479,0.070601,0.54168
3.3347,1.8372,0.89877,0.86945,1.3683,0.084028,1.0332,0.39138,0.23805,-0.33247,-0.35492,0.54594
3.3325,1.364,0.41227,0.35235,0.79723,1.1946,1.1903,0.47902,0.082588,-0.08995,0.18517,-0.41271
3.3361,1.384,0.62689,0.72498,1.2169,1.1535,1.4581,0.42962,0.43165,0.25461,0.32926,-0.29808
2.2052,0.84735,0.40495,0.65904,1.593,0.94007,1.3179,0.39493,0.44715,0.019907,0.034746,-0.012524
3.2139,1.9402,0.91366,0.76549,1.4573,0.71867,0.76855,0.12351,-0.033583,-0.013759,0.4319,-0.34506
2.6654,1.6457,1.4515,0.63919,0.71838,1.3005,1.1462,0.07089,0.37861,0.47319,0.19328,-0.22375
2.1924,0.75195,0.85284,0.82335,1.8443,1.1758,1.0614,0.59059,0.96672,0.61917,0.73887,0.61314
3.3488,1.8069,0.56857,0.77323,1.4294,0.86744,0.44241,-0.29197,-0.70082,-0.13611,0.50128,0.21264
3.7698,2.0044,1.1066,1.0083,1.3638,1.1149,0.9785,-0.063831,-0.46969,-0.69558,-0.31406,0.078534
2.9544,1.4617,1.3058,1.0303,1.3667,0.85036,0.40945,-0.5505,-0.0688,-0.19586,-0.171,0.16665
3.1315,0.76165,0.82392,0.49487,1.4915,0.75446,1.2393,0.90257,0.68455,0.15403,0.19471,0.22983
3.1677,0.90367,1.1583,-0.35173,0.6938,-0.91563,-0.20853,0.35287,1.36,0.28832,-0.79634,0.35238
3.6397,1.8027,0.83128,-0.60959,0.90491,-1.0059,0.61678,0.49698,0.93572,0.43927,-0.20589,0.30392
2.7585,1.5614,1.9787,0.1242,0.98519,0.69817,1.2613,-0.098534,-0.12471,-0.25462,0.03767,0.48682
1.9915,1.6239,1.8343,-0.11804,0.33225,0.66066,0.9209,0.24204,0.6637,0.14376,0.055759,0.80311
3.161,0.88385,1.4131,0.53228,0.62182,0.23977,0.97626,0.33217,0.64149,0.33814,0.010156,1.5988
2.7366,0.97439,1.0145,0.65657,0.85877,0.1949,0.96494,1.3627,0.49825,-0.22519,0.022158,0.37825
2.4646,1.2013,1.1893,1.1882,1.4105,-0.21783,0.72727,0.52993,0.60759,-0.023874,0.2715,0.89383
3.358,1.8054,1.6192,0.57276,0.40731,-0.031647,0.018472,0.14875,0.23795,-0.39978,-0.25602,0.50665
2.982,1.6347,1.4145,0.45753,0.15099,-0.14865,0.57874,-0.042031,0.70188,0.32108,-0.17183,0.55163
3.0949,1.6166,1.4964,0.3493,1.5549,0.97537,0.39132,-0.35127,-0.19158,-0.35827,0.03549,0.57914
2.7734,1.1851,0.98275,0.83806,0.86282,0.30386,0.60353,0.26004,0.29008,0.69359,0.84322,0.46818
3.3464,1.5939,0.93209,0.58854,1.4663,0.68554,1.093,-0.12251,0.33147,-0.11768,0.001669,0.37802
3.6361,1.1603,0.6924,0.6726,0.77214,0.68774,0.77235,0.032345,0.82517,-0.082728,-0.36431,0.65144
3.2562,0.76187,0.80725,0.99223,0.28966,0.89728,1.9462,0.13751,-0.046498,-0.56314,0.23575,0.4316
4.052,1.6946,0.43345,0.083922,0.7709,0.45172,1.4871,1.206,0.59391,-0.29372,-0.34404,-0.32735
4.6929,0.99349,0.061402,-0.010534,0.57636,0.66691,1.1128,0.6016,1.2706,0.10504,-0.31475,-0.38416
2.8174,1.4794,1.3844,0.78354,1.148,0.46894,0.92088,0.68458,0.768,0.099094,-0.25164,0.19701
3.2531,1.8468,0.9032,-0.72061,0.51007,0.47712,0.67647,0.69854,0.69895,0.217,0.26097,0.87869
2.2809,1.7331,1.5433,0.9582,1.7253,1.2234,0.37857,0.50443,0.35715,0.90633,0.35413,-0.03217
3.1996,1.527,1.1772,0.634,1.6884,0.43157,0.53776,0.13489,0.039207,0.23656,-0.39785,-0.2054
2.8229,1.271,1.3329,0.51882,0.9414,0.70393,1.4541,0.13197,0.077107,0.48498,0.20377,0.13942
2.9633,1.3323,0.78823,0.82994,1.5924,0.75796,0.71519,0.19848,0.58054,0.47001,0.47788,0.025234
3.6256,1.8668,0.56524,0.072818,1.0937,1.2496,1.1265,-0.042025,-0.074997,0.25579,0.63443,-0.15668
2.8946,0.95656,0.7327,0.2552,1.0262,0.88367,1.0443,0.33291,0.53288,0.41697,0.90924,0.49083
3.2819,1.5455,0.93963,0.0087319,1.0749,0.68937,0.84637,0.25049,0.46611,0.84641,0.3061,-0.081465
3.2423,1.7793,1.1102,0.10663,0.56075,0.54498,0.6094,0.19525,0.47872,0.12537,0.041502,0.64236
2.6752,1.3429,1.263,0.74781,1.4763,0.55503,0.62862,-0.012706,0.57561,0.79494,0.036547,0.2135
3.1539,0.89197,1.1721,0.23051,1.285,1.015,0.49725,0.14663,0.63665,0.44597,0.44312,0.40091
3.202,1.2546,0.61392,0.021892,0.99543,0.80273,0.95279,0.33442,0.36745,0.8062,0.96696,0.78649
3.4828,1.5128,1.7209,0.88066,0.7318,0.18117,0.68329,0.11299,-0.1227,0.20075,0.050215,0.31767
2.6786,1.6922,1.0819,1.0243,1.8022,1.3571,1.0657,-0.55379,-0.098341,0.29836,-0.067432,-0.023008
3.0841,2.271,1.3555,0.69522,0.43009,0.33825,0.49235,-0.0071663,0.35754,0.2993,0.37214,0.15039
2.7734,1.9427,2.097,0.6686,1.2177,0.76379,0.50961,-0.34129,-0.48818,-0.050476,0.30744,0.33327
3.0945,2.1475,1.9274,0.5998,0.42139,-0.10367,0.94056,0.048373,0.14304,0.12665,0.32645,-0.28728
2.8314,1.6776,0.88263,1.0175,0.93861,0.91533,0.68383,0.1186,1.0363,0.093472,0.088832,0.25331
2.3184,1.0376,1.4148,0.7514,1.6319,0.93527,1.3096,0.76676,0.66843,-0.51519,-0.38008,0.14883
2.7384,1.5135,1.2312,0.66789,1.3622,0.79607,0.88989,-0.36028,0.066872,0.58936,0.60997,-0.25762
3.8089,2.2464,0.93689,0.011148,0.45513,0.7296,0.93132,0.16138,-0.37056,-0.36871,0.30334,0.18279
3.6974,2.1606,0.58406,0.14766,0.99306,0.35663,1.0507,0.40363,0.024293,-0.30051,0.095697,-0.21859
2.8274,1.7473,1.5263,0.70431,1.0435,1.3583,0.70421,0.14204,-0.24979,-0.74377,0.19672,0.24775
2.6079,1.4387,1.4497,0.76702,1.2387,0.83966,0.95652,0.094589,-0.013307,0.041087,-0.12161,-0.0057682
3.7586,2.0454,0.92259,0.76001,0.97112,0.11002,0.31552,0.30868,0.50585,0.40318,-0.29154,-0.30452
3.0339,1.9833,1.2,0.71662,0.53753,0.30583,0.7345,0.033229,0.29498,0.075485,-0.07191,-0.2039
3.2543,1.91,1.172,1.1877,0.94893,0.43032,0.82821,-0.26414,-0.2223,0.19429,-0.03912,0.18843
3.3011,1.6021,1.0447,0.78278,0.89758,1.0798,0.73165,-0.3629,0.051959,0.81489,0.55708,-0.00050971
1.6266,-0.070177,2.09,0.46512,1.6344,-0.20371,0.48859,0.15451,1.1718,0.97007,-0.70619,0.68367
2.9968,-0.68965,0.9294,-0.25547,2.3168,-0.72782,-0.6772,-0.22614,1.3561,0.87294,-0.98756,0.88901
3.2497,-0.063937,1.4391,0.27796,1.4622,-0.30824,0.35837,0.87888,1.5797,0.1267,-1.1222,-0.38623
3.0455,0.89264,0.65013,-0.34754,0.85368,0.63315,0.56744,0.72216,0.67977,-0.19924,0.12785,-0.10735
3.061,0.75651,0.68225,-0.051891,1.8411,1.1538,0.81643,0.40637,1.0218,0.54804,-0.011769,0.38441
3.6358,0.43322,0.94066,0.56248,1.9116,1.0401,-0.18804,-0.29974,0.61516,0.25631,-0.30736,-0.49439
4.303,0.71722,0.54334,0.43483,2.0072,1.3449,1.1622,0.031435,0.1869,-0.19532,-0.3465,-0.8101
3.51,0.33227,0.10195,0.47635,1.3205,0.76371,1.073,0.72486,0.54588,0.51042,1.2722,0.1523
3.8645,1.3303,0.82296,0.28813,1.1078,0.66877,0.090875,0.0031838,0.86214,0.7749,0.53182,-0.045349
4.422,1.713,0.83937,-0.24044,0.84735,0.93195,0.78631,-0.024753,0.51753,1.0236,0.078644,-0.51189
4.0426,1.1552,0.71503,-0.45404,0.79268,1.4854,1.928,1.0408,0.26627,0.27684,-0.085065,-0.24021
3.7994,2.0411,0.93684,0.13833,1.0747,0.36953,0.65165,-0.2552,0.30495,0.17544,0.046977,-0.48632
4.8546,2.7065,0.60117,-0.36299,0.72742,0.2972,0.093555,0.36919,0.69208,0.62619,0.54234,-0.043781
5.1936,1.4596,-0.40151,-1.684,-0.54849,-0.079811,0.97583,1.4958,1.5621,0.90628,0.37042,-0.44596
4.3474,1.8274,0.65957,-0.15007,0.12151,0.46572,1.354,0.61188,0.8894,0.58575,0.0066236,-0.77243
3.6736,1.4601,0.65992,0.066495,0.74469,1.0053,0.81254,0.37469,0.39839,0.48042,-0.20343,-0.35159
4.4852,1.9488,1.2901,0.31617,0.16464,0.3146,1.0684,0.21511,0.45072,0.18186,-0.17306,-0.78469
5.445,2.5814,0.45233,-0.94944,-0.485,-0.11077,0.72497,0.41502,0.19367,0.35088,0.0068561,-0.069235
6.0847,2.9037,-0.0161,-1.5341,-0.56059,-0.52006,0.48367,-0.10736,-0.022296,0.35619,0.092889,-0.10684
7.2106,2.9386,-0.33526,-1.9981,-0.7456,-0.0039152,0.29445,-0.074709,0.43954,0.057686,-0.046016,-0.29543
7.2759,3.3155,0.38605,-1.9379,-1.364,0.4744,0.51867,-0.096742,0.85527,0.21969,-0.2464,-0.73541
6.8665,2.6888,-0.053449,-2.4959,-1.5622,-0.10086,0.23995,-0.44034,0.53938,-0.36102,-0.37901,-0.80308
7.2412,2.054,-0.42016,-1.9903,-1.8796,-0.2463,0.63211,-0.35022,0.50613,-0.2238,-0.48835,-0.70214
7.2039,2.3397,0.027165,-1.8752,-1.4903,0.26958,0.36894,0.20885,1.0037,0.18751,-0.31661,-0.50468
8.0919,1.5586,-0.053708,-2.4222,-1.6259,0.49352,0.29079,0.11648,0.70012,0.62745,-0.60805,-0.3535
7.4932,1.0053,-0.86217,-2.2177,-1.897,0.13474,0.48625,-0.30662,0.60992,0.30068,-0.65026,-0.32312
7.3109,0.82433,-0.70717,-2.4248,-1.863,0.60234,0.15887,-0.18552,0.77068,0.097746,-0.79546,-0.25461
8.2589,0.077746,-0.14535,-2.3913,-1.2329,0.74874,0.77723,-0.48701,1.0638,0.45313,-0.68718,-0.46875
7.2799,0.48875,-0.49557,-2.117,-1.474,1.3783,0.43621,-0.21504,0.97545,0.32228,-0.63973,-0.39722
7.0336,-0.50676,-1.1385,-2.0117,-1.6189,1.1025,0.33022,-0.53605,0.94957,0.16599,-1.0754,-0.52375
6.8867,-1.1474,-1.5905,-2.3193,-1.4596,0.98137,-0.25164,-0.68524,0.93406,0.10765,-1.433,-0.93253
6.767,-0.19775,-1.2453,-1.7252,-0.88413,1.4524,0.31594,-0.35285,1.2489,0.72267,-0.90774,-0.74276
8.5496,-1.555,-0.73573,-1.678,-0.99848,1.9583,0.26421,-0.48566,1.7997,0.45771,-0.63115,-0.63705
6.976,-1.1124,-1.4628,-1.8388,-1.0219,1.5844,0.18462,-0.49975,1.3815,0.77741,-0.83177,-0.65601
7.4772,-1.9489,-1.0485,-2.4298,-0.99652,1.215,-0.16067,-0.73133,1.4358,0.47287,-1.237,-0.76235
7.0991,-1.4708,-1.6315,-1.814,-1.0006,1.4685,0.28936,-0.72858,1.3178,0.71754,-0.85061,-0.80163
7.5065,-1.1185,-1.4983,-1.7186,-0.66554,1.7528,0.55175,-0.64407,1.2422,0.98075,-0.66565,-0.49766
7.8017,-1.4143,-1.6037,-1.7014,-0.47607,1.8189,0.78077,-0.56568,1.3801,0.91634,-0.64105,-0.68935
7.9471,-2.058,-1.8396,-2.181,-0.25435,2.0099,0.23737,-0.82002,1.687,1.0235,-0.73898,-0.51933
7.3079,-1.8404,-2.1805,-1.8506,-0.63724,1.5498,-0.023588,-1.2267,1.8479,0.80364,-1.1455,-0.54633
7.469,-1.7231,-1.7803,-1.9689,-0.24453,1.2551,-0.5631,-0.90505,1.9305,0.82404,-1.1368,-0.77615
8.1507,-1.4774,-1.4984,-0.77825,-0.22345,1.5677,-0.12377,-1.1,1.8158,0.78634,-0.89715,-0.60267
7.996,-1.227,-1.1271,-1.0078,0.044787,1.3673,0.0080888,-0.94428,1.6273,0.92322,-1.0441,-0.32285
7.4645,-1.0032,-1.1994,-0.83521,-0.2029,1.1086,-0.013873,-0.88901,1.5721,0.96032,-0.87417,-0.5799
7.1204,-0.5081,-1.4167,-0.84642,0.084668,1.0854,0.027812,-0.80146,1.2899,1.1248,-0.50903,-0.56252
6.3658,-0.45872,-1.7545,-1.8791,0.16071,1.08,-0.0081633,-1.0163,1.2307,1.2324,-0.52997,-0.94226
6.7206,-0.7944,-2.7509,-2.0447,0.57954,1.0893,0.011147,-0.7709,0.98637,1.1866,-0.98431,-0.92307
7.2626,-0.073085,-1.7507,-0.887,0.92177,0.66619,0.91286,-0.41433,0.62188,1.1565,-0.43698,-1.1134
6.7544,1.1026,-0.96636,-0.94482,0.87722,0.75973,0.65954,-0.21446,0.86588,0.70546,-1.1288,-1.1592
6.7012,0.88032,-0.64638,-0.463,1.0633,1.0631,0.73914,-0.31155,0.98908,0.43555,-0.63088,-1.1001
5.6676,1.3701,-0.94886,-1.0358,0.93262,1.9171,1.1022,0.069509,0.61,0.3496,0.12321,-1.1316
5.1832,0.85182,-0.46325,-0.96206,0.92229,0.60306,1.3511,0.56409,0.0047087,0.39617,-0.11784,-0.51759
4.3584,0.76936,-0.27977,-0.97015,0.3287,0.2706,0.78877,0.091982,0.19198,0.12252,-0.17355,-0.76851
4.6889,1.3823,0.045585,0.65186,1.2643,1.4906,1.1744,-0.40936,0.24202,0.038852,-1.0701,-0.72243
4.7813,1.2275,-0.28924,-0.11441,1.672,0.87703,0.70927,0.6002,0.87365,0.19535,-0.75995,-0.59172
4.5135,1.0707,0.081537,-0.031333,1.1691,0.13493,0.84921,0.048582,0.417,0.42486,-0.091989,-0.12495
3.6386,0.8007,-0.28524,0.39929,2.0244,0.99362,1.2076,0.29291,1.0365,0.84199,-0.23125,-0.52386
4.5383,0.2805,-0.66791,0.056773,1.6891,0.96442,0.51316,0.43083,1.0785,0.15467,-0.26458,-0.17434
3.7601,0.83633,0.32393,0.62447,1.4984,0.75726,0.18021,-0.26046,1.4217,0.81281,-0.46278,-0.52471
4.3543,0.62847,0.22857,0.72705,1.3641,1.3661,0.53498,-0.40635,0.17698,0.73064,-0.062636,-0.37415
3.3582,0.45551,0.26926,0.77232,1.7847,1.4088,1.6948,-0.089985,-0.002355,0.17203,-0.44705,-0.097099
3.4344,0.87999,1.137,0.88795,1.2158,0.66143,0.62687,-0.063761,0.7341,0.44817,-0.36593,-0.41389
3.7147,1.6216,1.2362,1.2965,1.0057,0.39382,0.52257,0.11451,0.26563,0.16533,-0.25256,-0.12863
3.7508,1.2785,1.0706,1.526,1.3676,0.60878,0.99616,0.021506,0.45452,-0.23845,-0.095708,0.006897
3.6345,1.1872,0.48512,0.83737,1.6151,0.87742,0.3677,-0.24542,0.092581,0.40851,0.25191,-0.48748
3.7847,1.5769,1.1129,0.93392,1.4399,0.47615,0.36051,-0.057909,0.069645,-0.15629,-0.36955,0.073632
3.2173,1.4724,1.2517,1.2965,1.5157,0.43245,0.26197,-0.41103,-0.25289,0.2548,0.22078,0.23349
3.3479,1.9442,1.2933,0.49571,1.2659,0.79256,0.74565,-0.2104,-0.14999,-0.17334,-0.12873,0.0086499
2.9367,1.3548,0.92018,0.17498,1.0979,1.1483,1.1809,0.40013,-0.0010794,0.2823,0.73932,0.21595
2.7637,2.0556,1.432,0.93513,1.6946,1.1059,1.3852,0.93531,0.2541,-0.30143,-0.3195,-0.81712
2.367,1.0215,1.2797,1.1194,1.734,0.87698,0.609,0.21762,0.3894,0.46967,0.064381,-0.41212
2.7737,1.094,1.0217,0.87506,1.8493,1.0041,1.4346,0.77829,0.38238,-0.47743,0.04889,-0.23926
2.9716,1.6899,1.2768,0.95368,0.9481,0.31183,1.1147,0.67825,1.1126,0.21013,-0.15038,0.00054798
2.6138,1.5257,0.77569,0.52413,1.8724,1.0338,1.5763,0.97784,1.0642,0.36986,-0.10914,-0.75279
2.9549,1.8281,1.4504,1.4448,1.6011,0.72617,0.29403,-0.096018,-0.038797,-0.06303,0.26661,-0.43589
3.3474,1.0418,1.5628,0.83907,1.4646,0.9122,0.74002,0.18987,-0.58777,0.69889,0.43729,0.16032
3.0919,1.2226,1.3239,0.39642,1.217,0.90064,0.65196,-0.1564,0.21852,0.1851,0.51078,-0.090773
3.2158,2.2261,1.1147,0.088529,0.8947,0.62799,1.3271,0.085046,0.22421,0.78299,0.5242,0.25652
3.1564,1.9031,1.6154,0.66474,1.0056,-0.037971,0.73581,0.066045,-0.32134,-0.034757,-0.003994,-0.15958
3.1984,1.8461,1.312,0.68871,0.74149,0.73349,1.0641,0.52658,0.008957,0.23616,0.84887,0.16531
3.5801,1.9709,0.95671,0.46012,0.86056,0.43022,0.89467,0.16965,-0.19811,-0.27236,0.2926,0.29941
2.9122,1.6995,0.99403,0.43112,1.0505,1.1457,1.117,-0.15591,-0.14865,0.49958,0.59727,0.046209
3.2919,1.729,1.2671,0.45816,0.53337,0.19075,0.95941,0.69753,0.90696,0.64669,-0.055398,0.019871
3.6708,1.66,1.2278,0.17954,1.2561,0.84175,0.93848,-0.30229,0.13941,0.35776,0.31419,-0.16776
4.4534,2.2601,0.35214,-0.077422,0.6638,0.94334,1.063,0.27311,-0.32944,-0.073731,0.022551,-0.15062
3.2283,1.2943,0.44654,0.13941,1.4016,1.7449,1.6643,0.81559,-0.30888,-0.69235,-0.35651,-0.22296
3.5652,1.9799,1.174,0.7505,1.5076,1.0434,1.0112,0.45948,0.19565,-0.10877,-0.062643,0.44946
3.8756,1.5707,-0.061145,0.25175,1.1875,0.8687,0.54592,0.27859,0.37856,-0.16374,0.05428,0.24695
3.2837,1.7204,1.7547,0.9153,0.91755,0.70929,1.2928,0.054822,0.17081,0.23437,0.60471,0.20543
3.103,1.3677,0.58574,-0.17828,0.85802,1.3397,1.4022,0.76228,0.54539,0.23975,0.076656,0.36065
3.5956,1.5944,1.2092,0.33676,0.69981,0.47734,1.5518,0.40215,0.14973,0.78776,0.51871,0.40435
1.9293,1.1611,0.92196,0.14769,1.5051,1.613,1.7992,0.34286,0.14926,0.33132,0.48833,0.0079997
3.4883,1.6835,1.377,1.5138,1.3452,0.18695,0.96025,0.14392,0.46819,0.44539,-0.10398,0.35017
3.2186,1.6233,0.61169,0.1323,1.5818,0.88933,0.43382,0.35155,0.66862,0.022467,0.16912,0.6621
3.4842,1.9169,0.65053,0.055762,1.8037,1.0739,1.4624,0.32355,0.56014,-0.10656,0.27398,0.36362
2.8679,1.4151,1.0463,0.78655,2.0081,1.2535,1.0112,0.16541,-0.035915,-0.1184,0.12421,0.28682
3.1444,1.912,1.6923,0.49101,1.0107,0.35725,0.73395,-0.20892,0.089031,0.26213,0.61726,0.12201
2.6029,1.3608,1.1714,0.0080947,1.5068,1.1051,1.4889,0.37494,0.43126,0.33476,0.88714,0.54608
3.0607,1.9304,1.6337,0.92753,1.0147,1.2014,1.1081,-0.45883,0.47592,0.14316,0.32831,0.17636
3.6067,1.5314,1.2934,1.0488,1.1536,0.772,0.66492,0.084499,0.19536,-0.17373,-0.041916,-0.016547
2.9412,2.1869,2.0235,0.9974,1.2919,0.60298,0.39062,-0.4451,-0.21496,0.461,-0.42062,-0.50776
3.3784,2.0383,1.5571,1.5809,1.4833,0.96793,0.52906,0.11936,-0.01472,-0.70053,-0.30345,-0.94754
2.9207,2.0532,1.7986,1.4197,1.2872,0.50183,0.39097,-0.12927,0.43273,-0.29412,-0.36264,-0.48538
3.3939,1.7065,1.372,0.54929,1.4015,0.83085,0.62995,-0.29071,-0.39453,-0.059439,0.14366,0.20045
3.0401,2.1638,0.84805,0.81267,1.5215,-0.05266,0.71856,0.4677,0.55343,0.67941,0.31968,-0.042956
2.4039,1.6155,1.1923,0.61864,0.73108,0.72213,1.5882,0.77571,0.82772,0.26896,0.28173,0.51872
2.748,1.6818,1.5406,0.85051,1.5756,1.4374,1.0387,0.48376,0.73477,-0.34723,-0.28578,-0.28501
2.7696,1.2385,0.22915,1.1811,1.8461,1.0467,1.3346,0.5478,0.32451,-0.14468,0.59551,0.17656
3.3791,1.404,0.72942,0.70128,1.4083,1.1262,1.2802,0.49921,0.57692,0.017974,0.31949,0.37446
3.2325,1.6742,0.96212,0.41931,1.1217,0.77537,0.81416,0.2606,0.8135,0.37099,0.049345,0.20038
3.0794,1.4309,0.96206,0.28455,0.86916,0.52915,1.1829,0.95817,0.021404,0.0085355,0.40319,0.60619
3.6235,1.8828,0.76814,0.51903,1.2369,0.58604,5.641e-05,-0.030901,-0.24436,-0.53877,0.29739,-0.21147
3.1015,1.6651,1.4776,0.91919,0.15088,0.090559,1.166,0.87763,0.3356,0.35331,0.19284,-0.10632
2.9254,1.6322,1.9767,0.65211,0.50366,0.51463,0.76089,0.10997,-0.18559,0.28572,0.29427,0.76742
3.4108,1.5414,1.0653,0.98677,1.404,0.57137,0.76783,0.40782,0.22925,0.50269,0.60669,-0.26949
3.3658,2.3539,1.5781,1.0637,1.3185,0.42079,0.33261,-1.3505,0.076856,0.55275,0.21464,-0.16774
2.9362,1.7085,0.76263,0.69213,1.312,1.1613,0.83088,0.60384,-0.11935,-0.27438,0.13746,-0.46556
2.6036,2.269,1.3577,0.86454,1.4531,0.64758,0.68503,-0.044784,-0.10353,-0.16102,0.06445,0.35986
2.7395,1.7435,1.3203,1.0011,1.794,1.6792,1.6417,0.66175,0.43433,-0.16593,-0.86676,-0.029569
2.7389,1.5332,0.98411,0.36118,1.5812,1.3426,1.7671,0.51614,0.10211,0.21384,0.35027,-0.081347
3.2229,1.1733,1.1115,0.98985,1.7044,0.93185,1.0923,-0.03621,-0.057604,0.15543,0.23438,0.25665
3.2784,2.2637,1.0828,0.64563,1.1946,0.70839,1.0747,0.17453,-0.44606,0.095519,0.78491,0.57847
3.4964,1.695,1.7062,1.2168,1.0497,1.0758,0.66529,0.035119,-0.28425,-0.34898,0.1522,0.1461
3.3325,2.1539,1.3234,0.63051,0.94694,0.59419,0.26503,-0.0061692,-0.029126,0.012143,0.56218,0.21262
