-0.87894,0.8376,-0.77184,0.6861,-0.58601,0.47794,-0.36845,0.26376,-0.16927,0.089216,-0.026384,-0.017967
-0.84631,0.80494,-0.7393,0.654,-0.55494,0.4487,-0.34205,0.24134,-0.152,0.078172,-0.02244,-0.014232
-0.95404,0.91613,-0.85528,0.7748,-0.67905,0.57309,-0.46243,0.35259,-0.24883,0.15575,-0.077089,0.01545
-0.97464,0.91904,-0.83192,0.72089,-0.59539,0.46561,-0.34133,0.23096,-0.14069,0.073964,-0.031348,0.010711
-0.8863,0.83692,-0.7589,0.65821,-0.54234,0.41962,-0.29836,0.18614,-0.089162,0.011768,0.043782,-0.077337
-1.0962,1.0313,-0.92935,0.79897,-0.65079,0.49636,-0.3469,0.21216,-0.099532,0.013392,0.045046,-0.077568
-0.93419,0.88947,-0.81855,0.72647,-0.61958,0.50493,-0.38961,0.28015,-0.18192,0.098826,-0.033066,-0.014871
-0.85516,0.82176,-0.768,0.69659,-0.61111,0.51574,-0.41503,0.31364,-0.216,0.12611,-0.047292,-0.017974
-0.79176,0.76466,-0.72138,0.66456,-0.59758,0.52424,-0.44846,0.37395,-0.30395,0.24101,-0.18686,0.14239
-0.73012,0.69598,-0.64205,0.57244,-0.49228,0.40716,-0.32261,0.24352,-0.17376,0.11583,-0.070778,0.038284
-0.8343,0.79668,-0.73738,0.66111,-0.57375,0.48172,-0.39131,0.30809,-0.23641,0.17901,-0.13696,0.10964
-0.86464,0.83625,-0.79051,0.72968,-0.65673,0.5751,-0.48851,0.40073,-0.31531,0.23544,-0.16373,0.10211
-0.88796,0.83324,-0.74781,0.63961,-0.5184,0.39467,-0.27842,0.17807,-0.099618,0.046125,-0.017549,0.011022
-0.73154,0.70272,-0.65683,0.5969,-0.52673,0.45059,-0.37283,0.29748,-0.228,0.16698,-0.11605,0.075861
-0.71869,0.69089,-0.6463,0.5874,-0.51744,0.4402,-0.35978,0.28027,-0.20556,0.13905,-0.083438,0.040591
3.3961,1.5153,1.5578,0.99609,1.0328,0.61639,0.14497,-0.71123,-0.09673,-0.27676,0.33561,-0.19154
3.1175,1.6199,0.77133,0.23967,1.0698,1.036,1.0801,0.4554,0.2029,0.014837,0.67945,-0.13451
3.1717,1.3827,1.2212,0.51624,1.209,1.2873,0.43269,-0.14067,0.15615,-0.1115,0.057721,0.19907
3.2387,1.6116,1.0397,0.61273,1.672,1.3036,0.58974,-0.20761,0.28773,0.11357,0.66428,-0.052455
2.6358,1.4858,1.1821,0.99912,1.8315,1.0518,1.2408,0.20144,0.24884,-0.11998,0.19351,0.40219
2.7495,1.8246,1.3517,0.94615,1.5737,1.0312,0.87559,0.3766,0.14716,0.011677,0.060316,0.37936
2.9894,1.678,1.502,0.58681,1.2395,0.55936,0.46267,-0.34519,0.24132,0.29363,-0.2289,-0.21848
2.789,1.8333,1.2649,0.90945,1.1593,0.53636,0.90036,-0.69337,-0.58582,0.19538,0.33584,-0.48255
3.1165,1.7639,1.6549,0.94251,0.79485,0.96547,1.3463,0.30302,0.051115,-0.54163,-0.59001,-0.12857
2.7735,1.5223,1.923,0.95672,1.2868,1.2414,1.1213,-0.44186,0.070121,-0.13832,0.19609,0.71071
3.1772,1.6412,1.2126,0.21751,0.68154,0.77202,1.2741,0.4852,0.02662,-0.21658,0.12539,-0.15105
3.5778,1.681,1.0095,0.31915,0.29379,0.47836,0.71882,0.036936,0.3982,0.10218,0.61578,0.16124
3.36,1.769,0.80467,0.66724,1.4926,1.4181,1.421,0.43124,0.02101,-0.31681,-0.32751,0.21064
2.4669,1.0682,1.0485,0.6922,1.6932,1.6975,1.7023,0.51989,-0.071425,0.46213,0.38707,-0.13467
2.6806,1.4172,0.89112,0.60933,1.594,0.19759,0.90239,0.15225,0.67628,0.75186,0.66463,0.10405
3.0606,1.9835,1.5244,1.0632,0.9797,0.60891,0.7243,-0.59268,-0.26326,0.68264,0.78579,-0.17922
3.3578,2.1187,1.4882,0.38174,0.91021,0.62348,0.74332,-0.59775,0.14579,0.47729,0.28428,-0.21899
3.2046,1.5526,0.81187,0.38829,0.96308,0.77882,1.2957,0.011272,0.019418,0.34112,0.82894,0.30417
2.3843,1.0647,1.0123,0.85237,1.8565,0.97001,1.4111,1.2713,0.46102,-0.46842,-0.24925,-0.34816
3.212,1.2744,1.0265,0.68818,0.9628,0.55244,1.1142,0.30839,0.41888,0.72373,0.56492,-0.43497
2.3534,0.80339,1.3507,1.5447,1.5331,0.50124,0.22089,-0.018893,0.55559,0.070916,0.16217,0.40798
3.3956,1.4869,1.0232,0.078009,1.7311,0.84964,0.43759,0.21613,0.4709,0.14499,0.016606,0.0095004
2.8293,1.328,1.5973,0.24638,1.0529,0.54652,0.90901,-0.26648,0.2295,-0.11573,-0.10901,0.54863
2.1626,1.2044,1.529,0.46668,1.6289,0.48274,1.4575,0.41642,0.13712,0.17489,0.0040725,0.44452
1.7932,1.2306,1.5274,0.15714,1.6433,0.20292,1.9589,0.43421,-0.022973,-0.14515,-0.16145,0.51313
2.2365,1.4126,1.2931,-0.11205,1.455,0.66402,1.107,-0.052857,-0.34376,0.022338,-0.38506,0.50091
1.8933,1.0532,1.8993,0.16364,1.6717,0.73779,1.5786,0.49226,0.34079,0.66005,-0.06948,0.48075
1.6914,2.1629,1.8867,0.10873,2.4729,-0.08195,0.65111,-0.023962,0.42721,0.42569,-0.38148,0.11251
2.1842,2.0895,1.8163,-0.54964,1.0391,-0.41915,1.3533,-0.21225,0.20998,0.11928,-0.56993,0.26179
1.5001,2.2287,1.9318,-0.48303,1.3777,0.11466,1.5928,0.19283,0.55833,-0.15901,-0.21859,0.53247
1.5212,1.9715,1.5404,-0.93153,1.6556,-0.12289,0.54182,0.3969,1.0019,1.1679,-0.49129,0.35292
1.4383,1.9933,1.4593,-0.64168,2.2037,0.069181,1.3805,0.32544,0.047477,-0.015037,-0.55333,0.82497
1.2682,1.5624,1.9299,-0.20434,1.5143,-0.051714,1.4083,0.66499,0.77973,0.4064,-0.79717,0.76966
1.5266,1.6246,1.6387,-0.52297,1.9113,-0.36559,1.0806,-0.055614,0.29966,0.39995,-0.9296,0.26286
1.0273,2.1277,1.1928,-0.41219,1.4468,-0.91122,1.2805,0.3821,0.6311,0.65301,-0.17528,0.52208
1.0656,2.0392,1.5405,-0.55048,1.4469,-0.061435,1.2647,-0.20133,0.75011,0.90638,-0.47394,0.64251
1.2454,1.9929,1.1747,-0.20229,1.2379,-0.95764,1.8182,0.74334,1.3235,0.93807,-0.68507,-0.35053
0.52009,1.4135,0.85382,-1.008,2.2749,-0.25725,1.6554,1.2643,0.51329,0.037899,-0.10485,0.79532
0.94031,1.754,1.3192,-0.30724,2.7537,0.04862,1.7609,0.22875,0.29143,0.34896,-0.17877,-0.17693
1.4404,1.8677,0.96203,-0.79514,2.5128,-1.4007,1.1976,0.45472,0.84052,0.56444,-0.41032,0.40504
1.3214,1.9781,1.1379,-0.4812,1.0852,-0.62992,1.4645,0.67867,0.84805,-0.35533,-1.355,0.2339
1.0652,1.757,2.0418,-1.0429,0.71189,-0.79245,1.5807,0.31655,0.88511,0.40704,-0.23809,0.18302
1.8002,1.7075,1.4117,-0.17523,1.337,-0.41081,1.3403,-0.13639,0.29111,0.15856,-0.32769,0.27464
1.3886,1.9904,1.9849,-0.80331,1.3076,-0.77345,1.0769,-0.16593,0.54512,0.75761,-0.32172,1.0425
0.80442,1.2482,1.2794,-0.54808,1.6592,-0.10362,1.4555,0.47116,1.205,0.7382,-0.9368,0.41226
1.32,1.8258,1.1179,-0.69306,1.5449,-0.45812,1.5487,0.047739,0.98119,0.81837,-0.62365,-0.27397
0.68658,1.0728,1.4846,-0.446,1.912,-0.33173,2.0076,0.40138,0.53062,0.54863,-0.27995,0.23787
1.6425,1.6095,1.1605,-0.88207,1.5557,-0.26044,1.9623,-0.17053,0.12702,0.2977,-0.012431,0.99272
0.51704,1.7513,1.4978,-0.68212,1.6601,-0.22539,0.90998,-0.55383,0.70607,0.76394,-0.46439,0.46182
0.43246,1.7036,1.436,-0.98555,1.9018,-0.0087716,1.6853,0.05168,0.87653,0.67149,0.14725,0.39007
0.37752,1.7017,1.8911,-1.1018,1.7699,-0.29821,2.2888,0.1245,0.2845,0.15818,-0.45312,0.39319
0.46549,2.0505,2.3334,-0.39099,1.8379,0.043531,1.4924,-0.36175,0.91642,0.42922,-0.4933,0.42849
0.29515,0.92613,2.1726,0.095803,2.9097,0.50306,0.90107,-0.47699,0.41063,0.26042,-0.34055,0.30969
0.42371,1.0767,1.6282,-0.88391,2.1435,1.1263,1.2072,0.30093,0.62936,0.35666,-0.59396,0.18413
0.66333,0.95972,2.9787,-0.48398,1.2912,0.77346,0.99688,0.015557,1.0428,0.52506,-0.62586,0.34329
1.1452,1.191,2.9564,-0.57433,0.93792,0.80784,0.89768,-0.24275,-0.048451,0.37955,0.23357,0.70109
4.59,2.3839,2.8651,0.24924,-0.27835,-0.39473,-0.42458,-0.22137,-0.58276,-0.55777,-0.13632,0.31372
4.2121,-0.2401,3.6081,-0.74692,-2.0776,-1.0563,-1.6909,-1.2422,-0.023424,-0.64841,-0.72107,0.60303
4.9362,0.41769,4.4384,-0.15857,-1.6729,-0.44199,-1.1515,-0.69882,0.23922,-0.5481,-0.92336,0.83719
4.9304,-0.26093,4.4635,0.20263,-1.9788,-0.81644,-1.5329,-1.6848,-0.045337,-1.0345,-0.5915,0.51688
5.5905,-0.3511,4.5381,0.20225,-2.3678,-0.316,-0.79819,-1.4887,0.13093,-1.4695,-0.58509,0.88507
5.2392,-0.30079,5.1267,-0.26433,-1.9551,-0.50278,-0.99733,-1.3515,0.037613,-1.0299,-0.77119,0.91411
4.9628,0.43312,5.1509,-0.29446,-2.4177,-0.28223,-1.4808,-1.7563,0.27029,-0.88794,-0.059252,0.7986
4.4649,0.82572,5.2292,0.31749,-2.5773,-0.75083,-1.5681,-1.0583,0.40013,-0.5682,-0.44984,0.78894
4.7333,0.20594,4.8796,-0.28132,-2.832,-0.4396,-1.8085,-1.4816,0.29002,-0.71394,-0.046593,0.84867
4.141,1.3068,4.9043,0.26996,-2.2298,-0.56471,-1.7476,-1.3587,0.13532,-0.47574,0.16267,0.9537
4.2632,0.93096,4.8361,0.12203,-2.4173,-0.59817,-2.0768,-1.758,0.050851,-0.48629,0.062593,0.85187
4.4617,1.3908,4.2173,0.027782,-2.4181,-0.42052,-1.5145,-1.4631,0.32489,-0.51068,0.028317,1.2477
4.6727,1.6115,3.7023,0.2293,-2.0196,-0.54616,-1.4817,-1.5592,-0.1883,-0.57669,-0.20976,1.2002
4.914,1.7093,3.9548,0.50831,-2.0215,-0.81176,-1.932,-1.718,0.41792,-0.45202,-0.039091,1.0658
4.3979,1.8689,2.8604,-0.0070914,-1.6269,-0.39643,-1.4197,-1.3848,0.14447,-0.26897,-0.18803,0.84208
5.4837,1.7393,4.68,-0.59135,-1.9411,-0.44971,-1.282,-1.2593,0.63589,-0.45269,-0.13512,0.50249
4.3975,2.1503,3.2681,-0.27318,-1.8004,-0.173,-1.4053,-1.4166,-0.022521,-0.17499,-0.17432,0.3086
4.8919,2.3601,3.6392,-0.41347,-1.6082,0.074209,-0.76916,-1.1711,0.20321,-0.40219,-0.46008,-0.038257
4.6643,2.2774,3.2468,-0.23247,-0.73276,0.5868,0.081206,-0.86326,-0.21313,-1.0972,-0.84523,0.19129
4.7205,2.4661,2.3406,-0.23509,-0.4039,0.23052,0.54282,-0.55195,-0.089032,-0.14166,-0.71982,0.40545
4.2235,1.7231,2.6064,-0.098077,0.10098,-0.25898,0.13789,-0.21736,-0.20701,-0.79878,-1.1092,0.16997
2.7355,1.439,3.0138,-0.41296,0.49864,-0.69607,0.097022,0.58539,0.35767,0.055509,-0.14945,0.41262
1.5984,0.5233,3.1807,0.11577,0.86369,-0.2468,0.74348,-0.053386,0.47529,0.066798,-0.54846,1.2582
1.3107,0.084351,2.7024,-1.1988,0.82815,-0.023579,0.33057,0.24705,-0.0507,-0.14626,-0.39896,0.75235
1.1541,1.0197,3.0763,-0.54291,1.564,-0.19657,1.3454,0.99194,1.0752,-0.60132,-1.2421,1.1108
0.81248,0.96971,2.4624,-0.80424,1.6906,-0.021046,0.65914,-0.025042,-0.082771,-0.097219,-0.7045,1.0877
0.022415,0.99819,2.9241,-0.34865,2.1895,0.43368,1.1259,0.40297,0.61499,-0.73026,-0.71611,0.55886
0.99112,1.6666,2.5971,-1.0949,1.7002,0.22752,0.98472,0.3404,0.18814,-0.55921,-0.71435,0.48021
0.4258,1.6983,2.6334,-0.83632,1.5207,-0.16822,0.84969,0.76349,0.019714,-0.14631,0.0513,1.2462
0.10466,1.5614,2.3173,-0.55623,1.8178,-0.13175,1.4555,0.38813,0.70082,0.48489,-0.20521,0.62199
0.65797,1.5572,2.4238,-0.81976,1.8159,0.091702,1.2408,0.23017,0.40802,0.20603,0.12815,0.88955
0.3835,0.86728,2.6683,-0.35694,2.4199,0.094075,1.0413,0.11225,0.039032,0.40494,-0.49198,0.36798
0.57318,1.4935,2.1764,-0.76901,1.885,-0.4297,0.80999,0.89814,0.11855,0.76012,-0.27323,0.79918
0.65184,0.62934,1.8683,-0.43624,2.4654,0.15543,0.90576,0.80353,0.12849,0.077468,-0.24753,0.80864
0.76311,1.3029,2.259,-0.17236,2.2078,-0.020449,0.83692,0.033571,-0.14464,-0.15622,0.10311,0.91571
1.1412,1.3972,2.4691,-0.3264,1.742,-0.45268,1.096,0.074214,-0.40683,0.05136,-0.42745,0.66487
0.51758,1.6268,2.065,-0.90561,1.8092,-0.21177,1.267,0.29352,0.27312,-0.30224,-0.18565,0.98017
0.83897,1.6626,1.9767,-0.54059,2.3305,-0.33178,1.5422,0.1356,0.33879,0.44269,-0.97366,0.60809
0.40292,1.1454,1.2675,-0.65507,1.7505,0.20205,1.6574,0.61417,1.22,0.41867,0.13636,0.73921
1.6405,1.3329,1.9833,-0.08298,1.7589,-0.20143,0.80788,-0.23567,0.23816,-0.52362,-0.3435,0.57193
0.77904,1.5955,2.0386,-0.20359,1.7551,-0.81836,1.2179,0.11033,0.86137,0.0077015,-1.3257,0.079471
0.48204,1.4153,2.9998,-0.71589,2.4657,0.52894,0.77904,-0.14782,0.21169,0.60444,-0.82865,0.46587
-0.059338,0.5296,1.3279,-0.89038,2.0452,0.017302,1.5096,1.1306,1.5928,0.36524,-0.0074849,1.7415
0.78858,1.5807,2.0189,-0.50353,2.5443,-0.27866,1.0006,0.22249,0.02154,0.322,-0.38361,0.99897
0.98531,0.99103,1.4998,-0.69348,1.6942,-0.054257,1.5856,0.55742,0.97105,0.75495,-0.76239,0.039613
0.52793,0.46055,0.8634,-0.57756,2.1637,0.3499,1.4375,0.84752,0.90431,1.303,0.34292,1.0468
1.8336,1.3831,2.1346,-0.7883,1.4394,-0.36994,1.0651,0.46936,0.70985,0.43031,-0.34007,0.47845
0.61873,0.90561,1.7966,-0.60982,2.3425,-0.47007,0.75992,0.78128,0.94078,0.43941,-0.60015,0.59022
0.60334,0.2943,1.9171,0.16451,2.8063,0.44928,1.5438,0.98153,1.2692,0.43417,-0.37954,0.13822
1.1022,0.90019,1.9447,-0.8355,1.6591,-0.29747,1.3181,1.1213,0.76664,0.52879,-0.55361,0.31906
1.3913,0.71853,1.6673,-0.20353,2.0738,-0.85925,0.36395,0.61117,1.072,-0.13417,-1.1265,0.24739
1.1519,0.695,2.7501,0.44785,1.8545,-0.5616,0.73949,0.59891,0.58306,0.10958,-0.63751,0.33879
1.9815,1.3884,2.0747,-1.0424,0.94728,-0.029256,1.063,1.7095,0.97363,-0.1437,-0.36481,0.58733
2.0761,0.021758,1.4831,0.17729,1.1736,-0.4656,0.58711,0.44564,0.94709,1.2352,0.82649,0.96533
2.9236,0.82677,0.92556,-0.19248,0.7497,0.27225,0.95937,0.7577,0.76316,0.64564,-0.44362,0.41958
2.758,0.30486,1.8428,0.53492,0.9843,0.53498,1.1875,1.136,0.7559,0.07023,-0.4228,0.77776
2.3986,0.60336,0.75981,0.31668,1.318,0.62954,1.367,1.2513,0.60482,0.042887,-0.49172,0.011832
3.0977,0.62016,1.5812,1.1719,0.87145,-0.085222,0.78724,1.1184,1.0067,-0.14936,-0.42083,-0.2126
3.0462,0.72358,1.4304,1.0062,0.98072,0.2589,0.66624,1.16,0.40038,-0.40579,-0.68808,0.19487
3.1886,1.0837,1.0358,0.80628,1.1249,-0.081358,0.63858,1.1516,0.7643,-0.59747,-0.78477,0.40478
3.5842,0.72541,0.97106,0.85355,0.62926,-0.094406,0.22085,0.94053,1.0891,-0.24388,-0.19489,1.06
3.0465,0.34103,0.80735,1.1809,1.179,0.99081,1.2719,0.5927,0.94305,0.37699,-0.14694,0.72806
3.6749,1.8622,1.5076,0.43671,0.96974,0.22894,0.47953,-0.069963,0.19989,0.1478,-0.54119,0.32938
2.8698,1.2521,1.4519,0.59996,0.88367,0.86084,1.191,0.61697,0.55072,0.33078,-0.41647,-0.34878
2.6047,0.99201,1.0042,0.517,1.3451,0.76089,1.5139,0.51456,0.61602,-0.13191,-0.26625,0.10137
3.0012,1.7852,1.4368,0.84378,1.0298,0.44119,1.4974,0.4606,0.99861,-0.27294,-0.10918,0.21271
3.6696,2.2405,1.5686,0.40549,0.59228,0.81684,0.71357,0.34459,0.40485,-0.33891,0.068262,0.48951
2.9719,1.5274,1.295,0.38656,0.63486,0.36526,0.99757,0.43135,0.48247,0.14557,-0.1703,0.16599
3.0974,1.5857,0.56683,0.21564,1.3484,1.3172,1.1589,0.43878,0.27766,0.32707,0.24347,-0.028906
3.5971,1.6616,1.2429,0.59631,0.93643,0.74052,0.77257,0.61572,0.5048,-0.18948,-0.36737,-0.23922
3.9359,1.95,0.62854,0.83585,1.1955,0.40093,0.70734,-0.42209,0.30893,-0.044409,0.092546,0.54532
3.8625,2.0287,0.77813,0.46747,0.78033,-0.1097,0.81898,0.16471,0.27317,-0.46443,-0.4772,0.32804
3.7374,1.1896,1.2298,0.71749,1.0445,0.25627,0.40766,0.5312,0.62561,0.47744,0.1849,-0.16927
2.6662,1.6535,1.559,1.8169,1.5311,0.31187,0.55677,-0.21726,0.52116,0.29754,-0.1986,-0.25496
3.0146,0.85261,1.3711,1.6524,1.6128,0.34127,0.38859,0.10493,-0.0091236,0.09404,0.13564,0.2953
3.2681,1.4417,1.7448,1.4432,1.1235,0.37417,0.74386,0.12137,0.12123,-0.73303,-0.46729,0.64211
2.6651,1.7175,1.2939,0.70682,1.1269,0.61905,0.82126,0.056075,0.16112,0.011989,-0.1001,0.2903
2.7577,1.7062,0.94087,1.6522,1.7601,0.71659,1.4434,-0.14369,0.23924,0.093831,0.20138,-0.016701
3.055,1.2837,1.6604,1.3163,0.83296,0.58552,0.94719,0.26401,-0.010623,-0.22515,-0.14869,0.15174
3.4816,2.1691,0.97857,0.53494,0.66542,0.54739,0.94229,-0.28643,0.043569,0.7414,0.52522,0.54931
3.0647,2.2315,1.6828,0.94203,1.3497,0.69243,0.282,-1.0071,-0.11837,0.41045,0.79801,-0.024189
3.034,1.7881,1.8248,0.54825,0.87591,0.35661,0.72355,-0.22948,0.55222,-0.025492,0.17964,0.23294
3.1502,1.5,1.9186,0.71048,1.1327,0.50627,0.96602,0.61033,0.38763,0.31068,-0.21376,0.048425
3.0495,1.9562,1.2807,0.82111,0.86773,0.097808,0.40387,0.15057,0.31811,0.49776,0.43768,0.48378
3.5677,1.5722,0.33295,0.87971,1.1976,1.1283,0.87203,0.153,-0.0030036,0.12514,0.15746,0.12902
3.5721,1.364,1.1024,0.58172,0.86706,1.157,1.2948,-0.061029,0.093291,0.087034,0.25992,0.24099
2.84,2.0017,0.98705,0.76003,0.77653,0.9182,1.4255,0.26014,0.64211,-0.054754,-0.11995,0.63463
3.8625,2.1532,1.1395,0.41049,0.73355,0.11435,0.96182,0.79103,0.41016,0.28066,0.033919,0.10614
3.0451,1.2882,0.88909,0.48444,1.4127,1.3234,1.0273,0.67294,0.41052,0.15821,0.26314,-0.13891
3.1181,1.6601,1.1564,0.46949,1.4911,0.80529,1.2642,0.046317,0.49552,0.17382,-0.23691,-0.34177
2.9264,1.5851,1.9991,1.0912,1.0454,0.16647,0.4826,0.16406,0.16608,0.55776,0.03009,-0.39049
3.0197,1.7699,1.177,0.4773,1.2765,1.069,0.74576,0.085719,0.22103,0.57532,0.76598,0.38043
3.0404,1.5988,1.0873,0.36883,1.0949,0.49002,1.1338,0.21123,0.56168,0.48571,0.4999,0.41145
2.9501,1.1953,0.87258,0.012424,1.5057,0.099784,0.44271,0.065086,1.3968,0.97222,0.07723,0.098402
3.9141,0.4956,0.11988,-0.56346,1.3245,-0.74655,0.17141,0.61661,1.3634,0.57428,-0.41695,0.70957
3.8805,0.6037,0.40347,-0.40804,0.69951,-0.20103,0.45566,0.80294,1.3918,0.53675,-0.16978,0.26741
3.4769,1.6442,0.58667,0.010077,0.92093,0.22357,0.66225,0.35717,1.002,0.44407,0.090199,0.50363
3.2171,1.0105,0.79905,0.33823,1.8537,0.22712,-0.22424,-0.029292,0.94565,0.21357,0.010096,0.70136
3.2006,-0.56274,0.45278,0.82781,1.1713,0.401,0.30331,0.20632,1.9678,1.1107,0.27678,-0.01224
3.3096,0.55519,0.55388,0.83431,1.671,1.0233,0.2288,-0.22902,1.1642,1.2483,0.17966,-0.95656
3.7641,1.3721,0.057142,0.25559,2.0363,1.0004,0.48438,0.26795,1.1595,0.50474,-0.088077,0.44526
3.9481,1.3287,0.99682,0.49753,1.0838,0.50936,0.67213,0.53895,1.5897,0.12034,-0.30104,0.034675
4.2168,1.3497,0.27414,-0.48766,1.3829,0.83518,0.69431,0.19038,0.72752,0.19519,-0.40637,-0.34604
3.6334,0.96532,0.80832,-0.050697,0.22579,0.39285,1.1327,0.28197,0.73419,0.49592,0.34787,-0.013184
5.6259,2.0584,-0.23643,-1.6835,-0.50557,0.86138,1.4918,0.79306,1.0208,0.58972,-0.48851,0.10989
4.6102,1.4687,0.20331,-0.36982,0.07114,0.83788,1.148,0.92228,0.56158,0.13596,-0.033839,-0.11882
4.3564,1.779,0.30952,-0.64049,-0.015437,0.90948,1.1129,1.0285,0.72104,0.19512,-0.095138,-0.77398
4.4611,2.1983,1.7715,-0.40747,-0.049978,0.42671,0.63272,0.30411,0.54039,0.86117,0.46517,-0.27939
4.2408,1.8971,0.47689,-0.13295,0.45525,0.47585,0.61037,0.31316,0.52989,1.069,0.69251,-0.025922
3.5798,1.9822,1.1708,0.21648,0.1433,0.23507,0.7978,0.32689,0.37266,0.025687,0.20153,-0.41267
4.8779,3.806,1.6127,-0.64521,0.19493,0.55256,0.45067,-0.4569,-0.42169,-0.027107,0.063544,-0.4058
5.4341,2.9293,1.0276,-0.72226,-0.52395,-0.3109,0.67249,0.52783,0.20135,0.56891,0.51308,0.10037
5.3683,2.8652,1.0513,-1.2018,-0.78517,-1.096,0.18488,-0.53759,0.45115,0.68031,-0.075451,0.042332
6.1333,3.0745,0.72011,-1.131,-1.1659,-0.71123,-0.21378,-0.10915,0.55217,0.93565,0.074623,-0.73936
6.6693,3.6673,1.0905,-1.5782,-1.3893,-0.69655,0.50714,0.077064,0.68267,0.23352,-0.29749,-0.29101
6.4061,3.3453,0.53254,-1.4974,-1.4095,-0.31774,0.30042,-0.21291,0.4976,0.082823,-0.23083,0.078869
7.0224,2.2101,-0.25483,-1.9675,-1.9058,-0.99614,-0.11018,-0.85726,0.31492,0.16484,-0.55921,-0.37789
7.8641,2.5421,0.37742,-2.3546,-1.618,0.2383,0.051682,-0.96744,0.54067,0.24045,-0.17441,-0.15166
8.1663,2.6015,0.14447,-2.4047,-1.4926,0.47228,0.51468,-1.0221,0.82501,0.62192,-0.54754,0.0051483
7.3923,2.0513,-0.082071,-2.3251,-2.0966,0.072843,0.23539,-0.56856,0.80048,0.30795,-0.482,0.017702
7.017,1.544,-0.42861,-2.3904,-2.2272,0.11998,0.031484,-0.35192,0.58162,0.61453,-0.27598,-0.13201
8.0915,0.94792,0.08623,-2.6181,-2.2757,0.7604,0.57901,-0.59295,1.0086,0.71312,-0.18258,-0.018082
6.1292,0.93661,-0.89694,-2.3044,-2.0171,0.6567,0.53768,-0.20941,0.73301,0.60145,-0.31136,0.1017
7.8113,-1.3743,-0.96643,-3.5473,-2.0274,1.0575,-0.0089335,-1.0251,0.89114,0.15029,-0.70089,-0.062757
6.1966,0.41204,-1.2929,-2.1929,-1.3429,1.315,0.71796,-0.44804,0.54813,0.63988,-0.24054,0.0043627
8.6468,-1.2649,-0.67161,-2.719,-1.443,2.1186,0.43502,-1.1685,1.1417,0.37944,-0.40557,0.031552
6.0821,-1.0555,-1.9953,-2.5974,-1.5586,1.4591,0.0058109,-1.2297,0.60667,0.53842,-0.69977,-0.15448
8.1631,-2.0452,-0.94127,-2.0404,-1.3405,1.9539,0.056065,-1.3648,1.3541,0.73144,-0.89842,-0.083557
7.5126,-1.4948,-1.185,-1.7404,-0.99327,1.8382,0.041141,-1.1426,1.3266,0.96849,-0.94451,-0.30512
7.168,-2.1796,-1.5833,-2.0934,-1.4227,1.2857,-0.44729,-1.5852,1.1847,0.5984,-1.2214,-0.3227
7.8228,-2.2523,-0.79225,-1.7227,-1.1651,1.6582,-0.47913,-1.2548,1.5798,0.70877,-1.0761,-0.37335
8.7884,-2.644,-0.25327,-1.6519,-0.86479,1.733,-0.36475,-1.151,1.6621,0.85346,-0.92625,-0.23858
7.4894,-3.0603,-0.6974,-2.0403,-1.3082,1.0312,-0.75309,-1.6045,1.3335,0.69266,-1.2637,-0.52735
7.8887,-2.398,-0.32112,-1.2421,-1.0637,1.6557,-0.55694,-1.3538,1.7988,0.63863,-1.0154,-0.38013
7.7165,-2.2153,-0.28407,-1.3543,-0.92483,1.5021,-0.47574,-1.441,1.9261,0.69098,-1.142,-0.23496
7.3564,-3.1163,-0.49565,-2.0381,-1.2394,1.4731,-0.95194,-1.0543,1.662,0.66059,-1.0306,-0.43019
7.1929,-2.3663,-0.66787,-1.5514,-1.1357,1.5656,-0.75879,-1.1106,1.8318,0.71187,-1.0995,-0.15634
6.3524,-1.7421,-1.1152,-1.4266,-0.93668,1.503,-0.39358,-0.95769,2.0005,0.85152,-1.0027,-0.07139
7.0952,-2.5644,-0.93696,-1.7331,-1.2059,1.0878,-0.52835,-1.1604,1.8455,0.83842,-1.1132,-0.1747
6.5345,-1.6709,-0.99543,-1.2046,-0.75545,1.5957,-0.20909,-1.0512,1.6979,1.26,-0.9825,-0.20329
7.3431,-2.2666,-1.5753,-1.6081,-0.39679,1.6542,-0.33197,-0.86929,1.7182,0.79031,-0.98559,-0.1582
6.3904,-1.7418,-1.7611,-2.2152,-1.1554,1.3959,0.4584,-0.36006,1.3118,0.55838,-1.2729,-0.26269
5.987,-0.34933,-0.60461,-0.85298,-0.45207,1.4272,0.68582,-0.0019908,1.5106,0.54801,-1.2891,-0.66472
7.1814,-2.5323,-1.2815,-2.3028,-0.10544,1.8313,0.56739,-0.55932,1.9086,0.94885,-1.5205,-0.75837
5.8555,-0.54913,-1.3504,-1.4913,0.042785,1.8523,1.0451,0.25454,1.061,0.74142,-0.57802,-0.49553
6.2997,-0.92015,-1.3467,-1.6471,0.31895,1.3821,-0.036342,0.095903,1.6768,0.92571,0.0030066,-0.43702
5.6779,-0.33653,-1.6648,-0.65441,1.2137,1.7683,1.2158,0.67981,1.0922,0.80064,-0.74164,-1.0915
5.2875,0.15908,-1.4543,-1.4104,0.1809,1.4334,1.3998,0.54476,1.4086,0.65046,0.54957,-0.37203
4.9188,0.90813,-0.62061,-0.87192,0.57046,1.3703,2.1224,0.55705,0.82779,0.36029,-0.10876,-0.79303
4.7905,0.96415,-0.031925,-0.67156,0.96047,1.71,0.89072,-0.28676,0.0065823,0.4802,0.29619,-0.39219
4.3981,1.4623,0.12789,-0.86474,0.94287,1.3865,1.4108,0.25007,0.59704,0.40869,-0.36197,-0.52312
4.1571,1.3915,0.09756,-0.059565,1.1235,1.4656,0.97263,0.076508,0.203,0.26853,-0.33401,-0.56118
4.1437,0.85461,-0.16347,-0.081381,0.54731,1.1917,1.888,1.2551,0.70548,0.1779,0.0032245,-0.54596
3.9847,1.8677,0.31547,-0.54539,0.68689,0.89185,1.8742,-0.069838,0.21192,0.5846,0.011381,-0.41303
2.9525,1.2194,0.30249,0.67409,1.6125,1.4176,1.6197,0.45909,0.41329,-0.2392,0.1513,0.19248
3.0618,1.6377,0.59056,-0.16401,1.2351,1.9849,2.18,1.2583,0.54645,0.19094,0.35734,-0.24663
3.3026,1.7673,0.47994,0.18513,1.5806,0.80305,0.88047,0.69534,0.65317,0.091305,0.22951,-0.33525
3.5341,1.9555,1.3087,0.77565,0.45588,0.76959,1.2174,0.53097,0.34268,-0.24578,-0.039858,-0.031021
3.104,1.9151,1.4388,0.66162,0.89363,0.70303,1.11,0.43309,-0.098748,-0.26714,0.98905,0.38398
3.2838,1.3766,1.5299,0.53825,0.68872,0.78753,0.91625,0.29824,0.84135,0.98596,0.59218,-0.75655
3.6859,1.5803,0.86842,0.8882,1.4502,0.068076,0.60781,0.03015,0.68355,0.63684,-0.055081,-0.51026
3.6621,0.88205,0.24966,0.82081,1.8311,1.0868,0.093964,0.12301,0.98217,0.7357,-0.13849,0.15431
4.3302,1.098,-0.39621,0.15172,1.5292,0.73811,0.58651,0.65848,1.2674,0.47281,0.34478,0.055178
3.7786,0.47804,0.27338,1.4452,2.4135,0.7813,0.32764,0.008194,1.4437,0.21528,-0.5254,-0.36722
3.8249,0.5889,-0.054584,0.044299,2.3013,0.93085,0.54656,0.057462,1.2119,0.65442,-0.36843,-0.55401
3.4414,0.31356,0.14239,0.87941,1.6266,1.3318,0.75446,0.36793,0.51598,0.30663,-0.24125,-0.039966
4.0624,1.1626,0.69853,0.68027,1.28,0.71483,0.36075,0.34969,0.81748,-0.092887,-0.15637,-0.076165
2.5686,1.3851,1.1913,0.93361,1.9672,1.2705,0.73373,0.054279,0.17256,0.29736,0.41815,0.19596
2.875,1.6317,1.5585,0.77983,1.4856,0.88671,0.88156,0.011633,0.054637,0.24075,0.085844,0.080877
2.8636,0.78301,1.2444,1.2742,1.3071,1.3323,1.2865,0.6226,0.53876,0.49643,0.0083317,-0.47734
3.6143,1.48,0.73724,0.66899,1.0054,0.28699,0.69638,0.73265,1.0647,0.20312,-0.18356,-0.39667
3.4635,1.9458,1.3403,1.0283,1.3027,0.72053,0.51908,-0.1661,0.32368,0.096513,-0.026334,-0.36878
2.964,1.4955,1.1293,0.41364,1.4427,0.93732,1.0064,0.58142,0.029627,-0.069546,0.063592,0.33321
3.3547,1.2175,1.0305,1.0571,1.4424,1.4144,1.3553,0.30149,0.34016,-0.36822,-0.21344,0.31669
3.5928,1.6265,0.5589,0.50548,1.3911,0.8259,1.3951,0.67248,0.49829,0.14792,-0.14755,-0.051833
3.3385,2.1873,1.2428,0.34744,1.2103,0.97827,0.70591,0.2819,0.53024,0.33905,-0.022339,-0.049993
3.6379,1.6403,0.35192,0.60571,1.6321,1.3806,1.013,0.11013,-0.21892,-0.1715,0.38821,0.35061
3.0288,2.1969,1.0705,0.68814,1.4871,0.8765,0.88548,-0.01581,0.44126,-0.041192,-0.25385,0.20158
3.4692,1.3671,1.3795,0.79581,1.2033,1.0647,0.97088,0.28448,-0.12479,0.054422,-0.030758,-0.096704
3.1152,1.2751,1.6777,1.2056,1.627,1.0509,1.0856,0.19214,-0.26322,0.58497,0.2224,-0.0027285
3.4902,2.069,1.1811,0.95621,1.4208,0.18403,0.21655,0.55839,0.38318,0.83613,0.17885,-1.0977
2.6608,1.845,1.8258,0.56556,0.77032,1.2624,1.1616,-0.019745,0.46507,0.66442,0.51652,-0.16786
2.7876,1.2737,1.6572,1.2414,1.7367,0.24989,1.0267,0.28938,-0.16644,0.34234,0.2798,0.28895
3.0723,1.4165,0.8725,0.70422,1.2967,1.1127,1.3358,0.44618,0.37005,0.21293,0.20311,0.59668
4.0384,1.7878,0.8396,0.15455,1.5869,0.62979,0.28599,0.12861,0.16576,-0.19206,0.58349,0.47852
3.1877,1.6541,1.1413,0.8625,1.8663,1.1888,1.3587,0.20941,-0.36988,-0.017322,0.017973,0.24455
2.8864,1.2278,1.0535,1.3651,1.3048,1.2574,1.2235,0.3325,0.77914,0.23036,-0.17326,-0.22798
2.5596,1.5034,1.5276,0.77976,1.1921,0.58174,1.401,0.37664,0.10275,0.42205,0.73099,0.57319
3.3035,1.4905,1.0979,1.2686,1.3031,1.0147,1.1577,-0.071196,0.54459,0.52225,0.068309,0.01831
2.9476,1.9986,1.3517,0.64658,1.8421,0.60825,0.83654,0.28262,0.71876,0.73161,0.78722,0.067671
3.6454,2.3164,1.4495,0.77726,1.3513,0.57395,0.77021,-0.48273,-0.016938,-0.37737,-0.11461,0.51907
4.0194,2.0156,1.0382,0.46659,1.5136,0.23799,0.58985,0.25775,0.16344,0.48234,0.49543,0.13609
2.65,1.9914,1.4811,1.2884,1.5223,0.73992,1.0085,-0.054569,-0.11086,-0.17762,-0.093654,0.35716
3.096,1.3251,1.7735,0.67991,1.0632,0.96582,1.1489,0.092861,0.13464,0.11771,0.66803,-0.1743
3.1134,1.6754,1.3978,0.99149,1.1792,0.82596,1.1015,0.46817,0.48446,0.25459,0.38829,0.10244
3.2632,1.8585,1.2692,0.82531,1.3202,0.73861,0.46422,0.048069,0.39223,0.78636,0.39375,-0.075395
2.8459,1.1777,0.81685,1.0443,1.8924,1.6578,0.80323,-0.23971,0.96175,0.15714,-0.25185,-0.23366
3.4473,1.8356,0.55708,0.51356,1.1547,0.80213,1.4534,0.56147,0.96347,0.38607,0.17626,0.083946
3.7797,1.5596,1.0301,0.57509,1.3977,0.90039,1.3458,0.46496,0.011546,-0.22999,0.32818,0.66809
3.1009,1.3992,1.2812,1.5259,2.0124,1.3855,0.8678,-0.27738,-0.22851,0.2352,0.18687,0.69806
3.4604,1.3724,1.2339,0.70958,1.3599,0.45433,1.2421,-0.26332,0.1115,0.7853,0.83663,0.29318
3.3653,1.5711,1.2139,0.39267,1.095,0.6794,0.79068,0.26577,0.045378,0.40135,0.31524,-0.034945
2.3987,1.9889,1.7886,0.98083,1.515,1.3724,1.8689,-0.5923,-0.6732,0.048241,0.29798,0.36743
3.7377,2.5058,1.4928,-0.0021427,1.1083,1.2613,1.1393,-0.41101,-0.1983,0.27897,0.40246,0.47735
3.5464,1.9182,1.2999,0.7253,1.4411,0.86644,0.033583,-0.22437,0.35731,0.26893,-0.1281,0.46641
3.4205,1.8771,1.638,0.34134,1.0405,0.82299,0.76378,0.10567,0.34273,0.063653,0.28446,0.04475
3.4574,1.573,1.0027,0.89998,1.4167,0.67959,0.66614,0.0084337,0.4721,0.22899,0.21772,0.27546
3.1377,1.5086,0.60534,0.83206,1.008,0.69579,1.133,0.44909,1.0451,0.67706,1.0078,0.2429
3.2354,2.3625,1.5404,0.77114,1.1231,0.72056,0.50543,0.04959,0.16303,0.14432,0.084237,-0.1805
3.4136,1.8447,0.58248,0.97903,1.5632,0.75995,1.2661,0.045198,-0.28872,0.46868,0.57536,0.10929
3.0757,1.8287,1.1785,0.31876,0.98521,1.019,1.7153,1.0611,0.2354,0.16629,0.060791,-0.35906
2.2752,1.8137,2.1993,0.78821,0.67096,0.41732,1.4001,0.42249,0.50998,0.60786,0.27199,0.015556
3.0967,1.967,0.54812,0.25163,2.007,1.1606,1.4122,0.19713,0.098514,0.016484,0.014511,0.49038
3.0605,1.936,1.5845,0.86094,1.3905,0.83904,0.56135,0.060203,0.018333,0.31025,0.20389,-0.13642
3.3331,2.4095,1.501,0.43555,1.5806,0.60063,0.45573,0.048069,0.70133,0.44167,0.20862,-0.3889
3.4773,2.1926,1.0132,0.6731,0.92212,0.84051,1.0154,0.056788,0.99705,0.45286,0.12948,0.26139
3.3337,2.3547,1.4617,0.92705,1.4655,0.36794,0.25787,-0.28364,-0.05098,0.093781,0.46555,0.25376
3.4013,2.2012,1.4605,0.82606,0.8209,0.91415,1.1708,-0.41627,-0.13721,-0.42585,-0.16099,0.40928
3.0863,1.0338,1.1504,1.0046,1.9902,1.662,0.62877,0.053712,0.17222,0.48642,0.62811,1.0429
3.4905,1.7444,0.79196,0.68794,1.6841,1.3729,1.5137,0.52516,-0.46237,-0.0040111,0.084935,0.24036
3.3627,2.0528,0.72838,0.53631,1.2929,1.0123,0.88099,0.54761,0.65538,0.23774,0.56861,-0.089071
3.4779,2.4323,1.5403,0.89998,1.1516,0.44418,0.67094,-0.11519,-0.12849,0.052414,0.32275,0.51742
3.5177,-0.9177,0.9415,0.43988,0.41527,1.1115,-0.26275,0.4172,2.5807,0.40561,-0.9511,-0.45422
7.2819,-2.9349,0.14249,-0.094048,-0.51038,0.74967,-0.62396,-0.11036,2.5709,0.032549,-1.4812,-0.63709
7.7931,-3.974,0.20156,-0.69412,-1.1276,1.0746,-0.5109,-0.40713,2.5444,-0.31986,-2.0928,-0.96761
7.5938,-3.8294,0.30051,-1.4841,-0.90937,0.45283,-0.81889,-0.80004,2.153,-0.42377,-2.432,-0.78228
7.098,-3.015,0.92045,-0.53457,-1.0584,0.99961,-1.1445,-0.41063,2.5972,0.03271,-1.8556,-0.4708
6.6199,-2.4223,0.65855,-0.50373,-1.2005,0.79908,-1.4644,-0.49435,2.5218,0.13709,-1.8081,-0.62707
7.1539,-4.0033,0.77352,-1.5525,-1.2222,0.22068,-1.4257,-1.1406,1.9751,-0.45294,-1.9768,-0.66244
5.9717,-2.0709,0.6426,-0.12219,-0.61625,0.61021,-1.2178,-0.63696,2.15,0.32822,-1.6498,-0.3781
7.8935,-3.0771,0.85918,-0.84553,-0.71534,0.76301,-0.90609,-0.7239,2.2614,-0.018883,-1.7568,-0.38401
7.6221,-3.516,0.46645,-1.1166,-1.2983,0.2842,-1.3365,-1.3241,2.1588,-0.35037,-1.6226,-0.69205
6.9098,-1.9012,0.45799,-0.4252,-0.81794,0.72763,-1.2238,-0.54562,2.4124,0.52112,-1.5121,-0.30234
6.7743,-1.7572,0.072548,-0.57279,-1.0099,0.7564,-1.1498,-0.43465,2.3936,0.31296,-1.5463,-0.49174
7.1081,-2.3002,0.2554,-0.86721,-1.2588,0.068483,-1.5198,-0.54008,2.1948,0.15266,-1.5541,-0.85595
6.8635,-1.0507,0.26885,-0.2572,-0.88378,0.25706,-1.2056,-0.30252,2.2874,0.59133,-1.5511,-0.80246
7.6351,-1.6985,0.514,-0.30452,-1.1799,0.22764,-1.2217,-0.62278,2.3621,0.38692,-1.2977,-0.88274
6.9669,-2.055,0.030635,-0.60865,-1.2273,-0.19608,-1.5402,-0.86315,1.7876,0.22916,-1.5237,-0.93348
7.3083,-1.3704,0.38034,-0.090846,-0.63525,0.44833,-1.256,-0.46206,2.1096,0.41903,-1.3243,-0.6111
7.3455,-1.5866,0.15685,-0.39422,-0.57111,0.52305,-1.4254,-0.60981,2.0479,0.21888,-1.372,-0.6052
7.7374,-2.3621,0.030206,-0.65939,-1.1151,0.3455,-1.3106,-0.90932,2.1074,-0.36863,-1.5512,-0.56381
7.9086,-2.2431,1.2411,-0.9678,-0.50923,0.48653,-1.0597,-0.42976,2.0563,0.070773,-1.6061,-0.53268
7.3767,-1.9582,0.87316,-0.48534,-0.69225,0.6416,-1.1614,-0.60419,2.3427,0.16482,-1.3782,-0.91665
6.6801,-2.5165,-0.037843,-1.0561,-1.1271,-0.026935,-1.9024,-0.6713,1.8156,-0.36999,-1.9103,-1.0474
8.5025,-1.7177,0.35948,-0.91352,-0.034149,0.39399,-0.95169,-0.26167,2.4299,0.12437,-1.4613,-1.1657
8.2687,-1.6665,0.011091,-0.95398,0.045383,0.68967,-0.55939,-0.06804,2.4501,-0.34974,-1.3143,-1.0076
6.3991,-0.49391,-1.2686,-0.86122,-0.20995,0.40764,-0.25643,0.40241,1.8121,0.35193,-1.1381,-1.3309
6.8459,-2.7906,0.23187,-1.1595,-0.060719,1.086,-0.78434,-0.10499,2.9012,-0.038334,-1.3642,-0.46862
5.3975,-0.35443,-0.53181,-0.29742,0.21994,0.49201,0.074024,0.81023,2.1071,1.4837,-0.54446,-1.4638
4.6649,-0.0067207,0.15895,0.51354,0.2883,0.21977,0.41539,0.42566,1.745,0.63798,-0.97912,-1.1106
5.3053,0.8655,-0.15446,-0.60904,0.40497,1.2041,0.93524,0.21849,1.6737,1.0545,-0.10574,-0.87726
4.6254,0.84856,-0.33596,-0.33392,1.0088,0.99994,1.432,1.117,1.3298,1.219,-0.5367,-0.98748
4.6909,-0.54046,0.8313,0.44767,0.95609,1.2375,-0.45171,-0.049961,2.3352,0.15661,-1.2558,-0.71648
4.5229,0.69936,0.087878,-0.071028,0.96994,0.75232,0.94746,0.86089,1.0353,0.34926,-0.14944,-0.83757
3.9972,1.8538,1.0971,0.39604,1.0402,0.98231,1.0926,0.15035,0.50815,0.21124,0.48134,0.09198
3.9169,1.8766,0.83275,0.0082845,0.58519,0.85586,1.1157,0.77168,1.1974,0.12705,-0.20977,-0.40419
4.8763,1.5384,0.46967,0.093002,0.62346,-0.17949,0.40576,0.70444,1.2349,0.37034,-0.20595,-1.0695
4.5608,1.5566,0.19505,0.63588,1.7201,0.72556,0.60705,0.81717,1.01,0.16822,-0.69914,-1.2225
3.5291,1.3106,1.1309,0.89797,1.3309,0.6991,1.1662,0.55468,0.41828,-0.17223,-0.23376,-0.51446
3.4197,1.1772,1.6053,0.81934,1.7459,0.6721,0.39746,-0.01179,0.3696,0.45478,0.070749,0.21531
3.481,1.0523,1.3377,0.52815,1.5974,0.77615,0.66563,-0.020248,0.95816,0.82955,0.21601,-0.043707
3.2298,1.4379,0.98692,0.62906,0.75775,0.64939,1.2474,0.17851,0.96035,0.74476,0.20591,0.40674
3.4531,1.7037,1.7104,1.2849,1.0446,0.68927,0.90614,-0.14489,-0.050309,0.5024,0.3597,0.0060248
2.5568,1.7415,1.898,1.6007,0.80527,0.80699,1.4075,0.19815,0.12378,-0.19572,-0.28691,-0.28053
3.2556,2.2118,1.1142,0.28504,1.526,1.0831,1.311,-0.18321,-0.022956,0.54706,0.68769,-0.12179
2.8904,2.1233,1.0266,0.52764,1.5486,0.86221,0.92037,0.16122,0.36345,0.011226,0.40093,0.0042122
3.279,1.5187,1.3466,0.94177,1.3699,1.3302,0.8298,-0.30126,0.83607,0.48724,0.17448,0.5407
3.0777,1.9279,1.2985,1.0129,1.1097,0.67019,0.71642,-0.056095,0.36948,0.41412,0.22268,-0.051099
2.6862,1.7242,1.6569,1.1524,1.9259,0.9657,1.0145,0.24033,0.3452,0.10937,0.93849,0.5348
2.9427,1.0217,1.1952,0.99275,1.1294,0.87512,1.1949,0.15887,0.55778,0.96504,0.28962,0.37885
2.8261,1.6809,1.8472,0.74001,1.3962,0.54511,1.2969,0.21019,0.48419,0.52026,-0.2022,-0.24826
4.0711,0.5085,0.24104,0.39881,1.902,0.95786,-0.46979,0.57965,1.9125,-0.38842,-1.3015,-0.16377
3.9407,1.7814,0.88684,0.30559,0.96268,0.69783,0.5166,0.10714,0.86019,0.56037,-0.33043,-0.62768
2.8779,0.90077,0.97426,1.2552,2.0126,0.61601,0.37345,-0.3479,0.75426,0.1453,0.14671,0.30585
2.8964,1.0992,1.2439,1.613,2.6014,1.606,0.41823,0.88102,0.56176,-0.61075,-0.55323,-0.48271
3.0601,0.82543,0.22366,0.59001,1.7627,1.3583,1.1463,0.94118,0.99521,0.077055,0.30149,-0.48675
3.5085,1.3664,1.0653,0.55531,0.85409,0.12535,0.76001,0.70834,1.5292,0.99541,0.26855,-0.13559
3.197,1.062,0.55431,0.093352,1.1145,0.99133,1.093,0.55737,0.84053,-0.10561,-0.17067,0.55309
4.2131,1.6284,0.48953,0.67232,1.4645,0.27686,0.82622,0.47739,0.5744,0.21911,-0.47178,-0.070444
3.3234,0.71649,0.92476,0.73001,1.8785,0.65958,0.18271,0.37275,0.70729,0.54349,0.13087,0.49327
3.538,1.307,1.2072,0.8171,1.666,0.40684,0.79477,0.52038,0.35692,-0.72445,0.11416,0.10703
3.1869,1.2914,0.91302,0.89406,1.8528,0.48183,0.41295,0.35462,0.35236,0.20015,0.16844,0.37505
2.9396,1.115,1.1668,0.87853,2.1153,0.90778,1.3938,0.61304,0.12273,0.073764,0.20544,-0.27832
2.9004,1.4164,0.945,0.68979,1.8185,0.85907,1.1395,0.65568,0.51898,-0.03279,-0.0088573,0.23633
3.4264,1.4596,0.55646,1.0557,1.281,0.89436,0.92393,0.39842,0.60169,0.2989,-0.12602,0.16451
3.2578,2.0144,1.8283,0.83035,0.84713,0.32643,0.91497,0.44146,0.15878,0.60419,0.69031,0.2538
3.0953,1.5955,1.5209,0.93886,1.9038,0.2006,0.76342,0.75597,0.23566,0.040987,0.046314,-0.37092
3.5645,1.4189,0.85229,0.29699,1.6075,0.80205,1.1552,0.34176,-0.14288,0.12917,0.54965,0.21864
4.0812,1.9456,1.017,0.77447,0.85696,0.60676,0.86314,0.32364,0.42432,-0.048544,-0.18528,-0.20343
3.4279,1.7841,0.83294,0.73894,1.9025,0.60761,1.212,0.1353,-0.25295,0.20177,0.11112,-0.043845
3.7179,1.7683,1.1282,0.96879,0.57192,0.72942,1.0146,0.50003,0.028178,-0.1601,0.1676,-0.19521
3.1498,1.7288,1.1016,0.97459,1.0795,1.091,1.8053,0.20249,-0.15074,0.47365,0.54336,0.19961
3.5255,2.1477,0.97843,0.98914,1.311,0.1793,0.64201,0.29828,0.58039,-0.20888,0.22688,0.57956
3.1357,0.7203,0.4739,0.77895,0.90584,0.74328,1.6473,0.62302,0.93319,0.59432,0.30648,0.47599
2.9263,1.6155,1.536,1.4774,1.1555,1.4274,1.3474,-0.19526,0.033058,0.20835,-0.58921,-0.52917
3.3422,2.2485,0.90007,-0.10374,0.90497,1.2521,1.6212,0.20591,0.79337,0.17435,0.043373,0.11567
3.09,2.1677,0.96263,0.79786,0.86926,1.1045,1.4052,-0.069143,0.002856,-0.40985,-0.078471,-0.12983
2.9979,1.944,1.2084,0.091023,1.2707,1.5503,1.0625,0.22117,0.28012,0.50303,0.30451,0.35586
3.0798,1.1139,0.90759,0.66868,1.8227,1.3441,1.329,0.57082,0.14201,0.16698,0.41956,-0.078543
2.9405,1.9327,0.92563,0.84779,1.4238,0.36212,1.2136,0.65895,0.34008,0.34982,0.18712,0.12402
2.6179,1.5441,1.2905,0.9815,1.2549,1.203,1.134,-0.20668,0.22072,0.37118,0.92887,0.31004
3.498,2.3996,1.4816,0.78063,1.6234,0.90564,0.15661,-0.73057,0.0073686,0.66079,0.27944,-0.48324
3.2903,2.0475,1.1953,0.61169,1.3804,0.89042,0.79192,-0.40014,0.5981,0.24095,0.27646,-0.28769
3.5702,1.78,1.0381,0.60042,1.1318,0.86505,0.96959,-0.17554,0.30393,-0.060846,0.043857,0.25005
3.5187,2.6295,0.90883,0.19888,1.4135,0.68359,0.54034,-0.11085,-0.43993,-0.18626,0.86357,0.45786
3.4716,2.0422,1.1222,0.40607,1.4723,1.1818,0.23992,-0.098314,0.060412,0.33208,0.78927,0.27875
3.6468,1.6944,0.88261,0.93133,1.5662,0.57385,0.83292,-0.16396,0.31195,0.38165,0.22746,-0.37803
3.9466,1.6077,0.88211,1.0915,0.86326,0.34642,0.63609,0.56937,0.68253,0.051277,-0.10796,0.14091
3.1765,0.96556,1.2963,0.42566,1.0674,1.5191,1.7191,0.78734,0.042586,-0.59957,-0.21675,0.59827
2.9183,1.005,1.0004,1.0656,1.6145,0.9869,1.5748,0.85369,0.64137,0.024538,-0.42851,0.19659
3.1083,1.2175,1.0477,0.54549,1.5409,0.69257,0.88699,0.63391,0.58698,0.0098702,-0.39418,-0.16392
2.9163,0.66681,0.76324,0.48405,1.501,0.42736,0.616,1.5338,0.93638,-0.38796,0.13473,0.70518
2.9147,1.6225,1.6095,0.33521,1.0122,0.24438,0.79282,0.78115,0.43306,0.14793,0.70442,1.0564
2.067,0.7959,1.5337,1.0384,2.0561,0.55628,0.4613,1.022,1.1455,1.0343,-0.11772,0.19631
2.2969,1.4661,1.496,0.010033,1.9161,0.5602,0.87512,0.60206,0.48522,0.54023,-0.030211,0.1242
2.5683,0.86118,1.3141,0.50876,1.3194,0.27989,1.1996,0.66177,0.38272,-0.31098,-0.49808,0.45777
3.3272,1.0941,1.741,0.26655,0.92518,-0.49558,0.56075,0.71149,0.28162,0.42444,0.16713,0.26091
1.9433,1.0448,2.1868,0.59739,1.7306,0.40916,0.56073,-0.23301,0.92146,0.63018,-0.5013,0.73859
2.2146,0.95328,1.7846,0.16774,1.8723,-0.027399,0.73096,0.1755,1.1895,0.22328,-0.36007,0.6126
1.9459,1.0665,2.5142,0.30758,2.006,-0.15004,1.0004,0.088814,-0.24535,-0.15904,0.077234,0.69956
1.8798,1.0159,1.8875,-0.25082,2.0524,0.057982,0.71711,0.16263,0.17204,0.28111,0.28436,0.50747
1.7367,1.1465,1.5527,-0.41692,1.6023,0.12421,1.3174,0.96344,0.85944,0.28474,-0.336,1.0602
1.7275,1.1365,2.0252,-0.50313,1.0543,0.27567,1.7663,0.16887,0.25276,0.51984,-0.40088,0.64271
1.6425,1.0969,2.2904,-0.43503,1.4976,0.10794,1.431,0.76185,0.48472,0.49635,0.018504,0.28669
1.6649,1.1912,1.983,-0.42315,1.8082,0.1329,1.1187,0.81977,0.50391,0.37405,-0.1457,0.4372
1.3361,1.1388,2.3716,-0.70282,1.6649,0.72895,1.036,0.42658,0.62906,0.33318,-0.43606,0.3242
1.3893,1.3257,1.9699,-0.22103,2.4386,0.31914,1.1151,0.030349,0.25425,0.20058,-0.81469,0.69107
1.4936,1.7384,2.5699,-0.9764,1.5041,0.27619,0.86773,-0.20878,0.23046,-0.1129,-0.47987,0.85031
1.7361,2.0802,1.8861,-1.4293,0.97618,-0.27282,1.55,0.76386,0.92064,0.62893,-0.9275,0.096387
1.0355,1.6207,2.2779,0.0478,1.8124,-0.14598,0.95029,0.31271,1.0548,0.0080442,-0.50626,0.37482
1.5753,1.4554,2.0504,-1.0832,1.5948,-0.035104,1.0807,0.30998,0.55861,0.41758,-0.14752,0.38805
1.3408,1.0615,2.2307,-0.36407,1.4479,0.46864,1.0282,0.33932,0.5195,0.67036,-0.055748,0.45051
2.0136,0.59791,2.1675,-0.32383,1.8363,1.1844,1.1691,0.61016,0.40981,-0.17651,-0.64575,0.37683
2.4649,0.66588,1.9368,-0.99905,0.83804,0.16998,1.2267,0.96443,1.1802,0.32439,-0.053558,0.58556
2.488,1.0097,2.1096,-0.39218,0.28383,0.89403,0.64346,0.53023,1.3364,0.86679,0.048767,0.011344
3.349,1.5769,2.5815,0.46496,1.0366,0.59263,0.61088,-0.057815,0.26541,0.13958,-0.58084,-0.12153
5.1205,-0.057032,3.3353,0.32847,-1.5527,-0.62667,-1.0185,-1.0017,0.80581,-0.41687,-0.56595,0.80476
5.2482,0.15442,4.3605,0.62321,-2.0038,-0.87457,-0.63877,0.081033,1.1707,-0.50499,-1.1597,0.0029125
5.603,0.17754,3.4905,0.66909,-2.0912,-0.45847,-0.98598,-0.75142,0.53169,-0.58968,-0.18451,0.87554
5.5456,0.14367,2.8934,-0.1259,-2.2512,-0.71386,-1.1617,-1.1718,0.6532,-0.60285,-0.37261,1.0864
6.2224,0.60538,3.986,0.48374,-2.2958,-0.79368,-0.99417,-1.0707,0.72846,-0.57538,-0.30601,0.95741
6.1616,0.49746,3.2613,0.074724,-2.2376,-0.5665,-0.74997,-1.0631,0.3373,-0.37186,-0.29509,1.1584
5.6612,0.65219,3.5954,-0.72877,-2.512,-1.1112,-1.7129,-1.252,0.66999,-0.39563,-0.79124,0.055399
6.0297,1.0886,4.4283,0.080352,-2.0077,-0.62565,-0.28816,-0.4301,0.79694,-0.53531,-0.96506,0.28081
5.9926,1.7755,3.7503,0.17209,-1.8774,-0.10424,0.12269,-0.69009,0.30896,-0.8007,-0.45488,0.68113
5.7168,1.8279,3.7652,0.52299,-2.3609,-0.69767,-0.22579,-0.64405,0.43292,-0.38304,-0.48686,0.42127
5.2278,2.4418,3.2103,0.49945,-1.8792,-0.85417,-0.30397,-0.64842,-0.18236,-0.37194,-0.16472,0.061404
5.2667,3.3782,2.7581,-0.59481,-0.89563,-0.21624,0.042945,-0.74185,0.11287,0.063123,-0.25477,0.52847
4.8609,2.7946,2.8202,1.1811,-0.73236,-0.45341,0.044151,-0.43201,0.28442,-0.060355,0.37655,0.49403
4.6606,2.2346,1.9539,-0.30206,-0.18584,0.71039,0.54554,-0.73154,-0.048275,-0.1312,-0.20396,0.81198
3.7372,1.8352,2.5376,0.51069,0.81955,0.64224,-0.058019,-0.81181,0.1502,-0.45345,-0.40029,0.2693
2.9162,0.73848,1.9262,0.35604,0.58464,0.32678,0.73693,-1.084,-0.50289,-0.24625,-0.32343,0.4018
3.4602,0.99652,2.0577,0.39555,0.86945,0.48857,0.96465,-0.094926,0.75916,0.58594,-0.45928,-0.053383
1.9424,1.6539,2.8885,0.20027,1.2092,0.38438,0.95993,-0.029123,0.44125,0.27366,-0.55951,0.94759
2.1354,1.0332,2.9699,0.0064938,-0.19247,0.5254,1.4903,0.049837,0.65357,0.71454,-0.92487,1.2164
2.2549,0.53599,2.5737,0.6146,1.1588,0.35864,0.070145,-0.63752,0.86617,1.0405,0.050835,1.229
2.0484,1.234,2.0112,-0.043485,0.78242,1.4747,1.1466,-0.22742,0.48336,0.66987,-0.60252,-0.06105
2.3146,1.9322,2.0408,0.049312,1.4396,0.91031,0.78116,-0.2456,0.73494,0.35494,-1.0778,0.95607
1.7116,0.98972,2.1957,0.23748,1.4294,0.7172,1.1553,-0.12134,0.41148,0.56225,-0.14661,0.55612
0.85799,1.2729,1.8651,0.33853,1.8159,0.059757,1.7232,0.89228,0.38499,0.33155,0.16548,1.0322
1.019,1.1839,2.4273,0.50717,2.2189,0.39935,0.66367,0.044643,0.28523,0.87115,0.64494,1.6334
2.3551,1.9949,2.6796,-0.13064,1.1247,0.12298,0.55813,0.71152,0.13744,0.35892,-0.14391,-0.0034188
1.7735,1.6985,1.9324,-0.36106,1.6332,0.56881,1.4645,0.4368,0.58092,0.51775,-0.34975,0.29913
1.7625,1.8661,2.4569,-0.33653,1.4932,-0.075693,0.96531,0.70255,0.27548,0.14632,-0.27556,0.21216
2.1635,1.334,1.6054,-0.11316,1.4547,0.75739,1.1889,0.40262,0.77516,0.483,-0.73817,0.65125
1.485,1.1964,1.4915,0.15659,2.2163,-0.26962,1.4321,0.56463,0.82127,0.16724,-0.020824,1.6025
1.5362,1.7413,2.1059,0.16193,1.9957,0.431,1.1666,0.66696,-0.050643,-0.66989,-0.24498,1.4561
2.1017,1.1261,1.8476,0.0069002,1.467,0.74415,1.0457,0.60697,0.17829,0.18403,-0.036274,0.14829
1.5309,1.1749,2.0902,0.44798,1.8536,0.56312,1.255,0.012466,0.15454,0.64074,0.44093,0.84201
2.4404,1.6036,1.8604,-0.20669,1.2162,0.16703,1.1485,0.59795,0.82199,-0.13484,-0.97494,0.7984
1.2562,1.2798,2.4003,0.42042,1.5263,0.61003,1.2335,0.57461,-0.042319,0.3833,-0.32215,0.74819
1.6128,1.2188,1.9236,0.28115,1.2492,0.37282,1.4916,0.66079,0.49159,0.65448,-0.51132,0.42211
1.8776,2.1506,2.2528,0.34798,1.1309,0.36517,1.6789,0.50874,0.32243,0.36633,-0.23742,0.89743
2.196,2.2223,2.3542,0.62362,1.5019,0.096821,0.31888,-0.60298,-0.43117,0.28332,0.27202,0.78024
2.2166,1.2498,1.6418,0.71672,1.9208,1.2688,1.3651,-0.31505,-0.1494,0.27799,-0.39791,0.61013
2.2234,1.4425,1.9902,0.42087,1.7912,0.48592,0.95781,0.34832,0.12059,0.54449,0.084822,0.59702
2.7155,1.4141,0.97968,-0.36608,1.31,0.64804,0.97802,0.44288,0.79108,0.48185,-0.078934,1.1237
2.1392,1.7062,1.6078,0.77899,1.315,-0.19308,1.4013,0.28664,0.31805,0.17885,-0.26041,0.6919
2.403,1.8143,1.7085,0.95216,1.3659,0.1061,1.1136,0.11397,0.16185,0.48979,-0.0089248,0.47047
2.5383,0.91362,1.7541,0.97409,1.8459,0.11026,0.51412,0.15866,0.39451,0.67815,0.18846,0.47483
2.9483,1.7165,1.8732,0.63483,0.78257,-0.1579,0.44361,0.1384,0.21541,0.41922,-0.13858,0.39681
2.5415,1.0906,1.4884,0.43373,1.2123,0.12734,0.70739,0.0009191,0.35946,0.98273,-0.012301,0.63874
2.4619,1.6941,1.3592,-0.062186,1.0925,1.4452,1.4185,0.089154,0.33829,0.45911,0.060323,0.34924
2.3034,1.494,1.948,0.71557,1.1611,0.44452,1.365,0.14734,-0.19988,-0.28549,-0.18671,0.20033
2.4676,1.8697,1.759,0.49162,1.1614,0.59609,1.3062,0.59524,0.37493,-0.14881,-0.35307,0.47293
2.6832,1.8818,1.3837,0.18442,0.99992,0.65671,1.1836,-0.089583,-0.15104,0.39351,-0.31891,0.71959
3.1109,1.9568,1.8731,0.86584,0.94455,0.36395,0.85136,0.3026,0.53065,0.22202,0.3553,0.011294
3.6832,2.503,1.2576,0.16402,1.4751,0.72464,0.82983,-0.14761,-0.16117,0.061914,0.11629,-0.23896
3.249,1.3702,1.2073,0.063579,0.529,0.038916,1.116,0.050635,0.12596,0.50841,-0.21767,-0.29821
3.0697,1.0261,2.0471,0.90429,1.1375,0.83919,0.33258,-0.098691,0.27513,0.47534,0.49391,-0.15757
2.9817,0.5799,0.93214,0.92266,1.462,0.95228,1.8581,0.73807,1.0403,0.11876,-0.21179,0.41425
2.6336,1.2581,0.94046,0.97471,2.287,0.6567,0.67487,0.96831,0.78662,-0.60256,-0.57911,-0.0020287
3.1126,2.2831,1.6965,0.51241,0.8257,0.6888,0.33476,-0.21831,0.088131,-0.17028,0.34019,-0.13512
3.5699,1.132,0.61733,0.87112,1.2775,0.14436,0.46259,0.42986,0.46334,-0.082365,0.099722,0.62335
2.9424,1.3558,1.3664,0.17947,0.96876,0.86272,1.2527,0.1773,0.57769,0.38493,0.2961,0.065239
2.6312,2.0917,1.3522,0.37299,1.4268,0.84647,0.97296,0.59736,0.84,0.20891,0.099908,-0.43591
2.5775,1.8363,1.7284,0.66202,1.2125,0.89461,1.0031,0.70327,0.50417,-0.33195,-0.41298,-0.13487
3.5854,2.2174,1.2096,0.50139,1.2469,0.60655,1.0201,0.17583,0.60152,0.16752,0.20795,0.1843
2.4261,1.9958,1.4809,0.81936,1.5469,1.0522,0.95037,-0.19401,0.18585,-0.0033844,0.27328,-0.21274
2.2568,1.8053,1.6015,0.86247,1.1111,1.1805,1.474,-0.03517,-0.20562,0.38888,0.18447,0.097149
2.6196,1.7183,1.0847,0.38949,0.89589,1.2932,1.2002,0.37815,0.52806,0.84163,0.1079,-0.3851
3.3565,2.2902,2.066,0.30513,0.27213,0.51232,1.1929,0.29299,-0.64009,-0.224,0.22912,0.43467
3.3272,1.4716,1.3984,0.040656,1.2461,1.0375,1.0655,0.71006,0.2636,-0.30849,0.24026,0.12093
3.5097,1.5228,0.78718,0.75803,1.5488,0.20153,0.56592,0.075766,0.078593,0.1534,0.085109,0.1054
3.1314,1.9828,1.0051,0.37875,1.5774,1.128,1.122,0.20307,0.13327,0.28488,0.50346,-0.24136
3.274,1.4629,0.88867,0.57709,1.1206,0.85816,1.4243,0.55023,0.32815,-0.16542,-0.027984,0.1066
2.7035,1.8385,1.2535,0.94448,1.1442,0.18531,0.6248,0.063695,0.8223,0.94235,0.78477,0.11376
3.6393,1.8902,0.84248,0.72332,1.2477,0.64285,0.98977,-0.03297,0.05282,0.10185,-0.16703,-0.01084
2.8633,1.4302,1.2733,0.18361,1.0802,0.84643,1.4597,-0.034266,-0.19863,-0.1144,0.70192,0.69539
2.9631,1.6666,1.2976,0.75747,1.2145,1.035,1.5695,0.67679,-0.075523,0.078942,0.2987,0.061289
3.1477,1.6254,1.5781,0.86974,1.3504,0.55863,0.58834,0.19725,-0.31165,0.2238,0.40958,-0.020588
3.0724,1.1838,1.2781,1.3998,0.91396,0.25463,0.96803,0.080658,0.027456,0.43426,0.56751,0.77368
2.8223,2.0741,1.2104,0.96038,1.0186,0.37933,1.1501,1.0194,-0.12647,-0.36113,0.22367,-0.12865
3.37,2.1982,1.3968,0.39169,1.57,0.67087,1.0047,0.6819,0.10645,-0.35965,-0.43734,0.24605
3.1192,1.5441,0.77675,0.34117,0.99635,0.47296,1.5711,-0.12992,0.55238,0.54867,0.11684,0.41126
3.1201,1.5097,0.90592,1.4286,1.5068,0.76805,1.2957,-0.31647,0.069515,-0.32538,0.2536,-0.19501
2.1224,1.4975,1.5732,1.2457,1.3185,1.4831,1.2589,0.22015,0.24075,-0.083528,-0.11897,-0.68358
3.0127,1.2747,0.73156,0.66955,1.2957,1.0519,0.84916,0.20033,0.10224,-0.044259,0.77472,-0.031662
2.8051,1.8397,1.5339,0.56275,1.508,0.69863,1.5022,0.18658,0.22161,0.24988,-0.21037,-0.17594
1.9599,1.3495,1.1263,1.3159,1.7726,0.84523,1.1619,0.029243,-0.22992,0.196,0.73169,0.64649
2.9814,2.5568,1.3842,0.21665,0.73003,0.90065,1.1946,0.14714,0.0082429,0.29994,0.28038,0.29476
2.7617,1.4258,1.6524,0.83209,1.1707,1.0947,1.0624,0.52291,-0.14736,0.10596,0.33393,-0.20235
3.0989,1.7389,1.1884,0.38435,1.0441,0.72049,1.2985,0.28386,0.36304,0.014299,0.25637,0.31799
3.5705,0.92387,0.74607,0.76004,1.3842,1.3796,1.1148,-0.35207,-0.037017,0.15902,0.39038,0.54294
3.1624,1.3063,0.80393,0.14478,1.1258,0.79498,1.1345,0.01259,0.24177,0.27929,0.67439,0.51656
2.3885,1.9539,1.6712,0.57247,1.0875,0.92237,1.5351,0.052503,0.0069551,0.22804,0.58417,0.50348
2.3585,1.1224,0.83806,0.97015,1.7269,1.2501,1.2012,0.2412,0.27027,0.35198,0.27148,-0.13064
3.0802,1.9076,1.363,0.81716,1.0627,0.97844,0.56657,-0.37643,0.42751,-0.067357,-0.10042,-0.47933
2.8733,1.7254,1.7886,1.0152,1.6897,1.03,0.69579,-0.67247,-0.15735,-0.27979,-0.18281,-0.069941
3.3206,1.4644,1.0908,1.3895,1.1142,0.80028,0.74286,-0.050581,0.38555,0.19036,0.21715,-0.74378
3.2188,1.581,1.3008,1.315,1.2166,0.65586,0.52637,-0.095905,-0.316,-0.41897,0.21795,0.40922
2.7775,1.0785,0.86196,0.20991,1.6265,0.79146,0.59818,0.096256,0.86119,1.0008,0.53894,0.25254
2.8464,1.0964,1.4698,1.618,1.9955,0.94686,0.70226,0.068297,0.057744,0.23138,-0.039469,0.2512
2.6643,1.5296,2.1074,0.61265,0.69853,0.97934,1.1352,0.027032,0.090039,-0.43506,0.30941,0.0022364
3.8257,1.8137,1.2525,-0.2094,1.092,0.49919,0.70378,0.25577,-0.19371,0.17261,0.39894,0.27648
2.7177,2.1187,1.7814,0.72997,0.59548,0.45547,1.281,0.28364,-0.21228,0.25321,0.35108,0.53721
2.9808,1.6973,1.0912,0.26287,0.95269,0.81003,0.74917,-0.35295,-0.0015601,-0.14611,0.54141,0.30415
3.1484,1.7085,1.1465,0.4462,0.7692,0.9486,0.84681,-0.0040793,0.61915,0.15432,0.014052,0.12907
3.1826,2.5289,1.5982,0.75322,0.51343,0.83947,1.2525,0.025964,0.14346,0.32346,0.26013,-0.3774
2.9005,1.0602,0.33766,0.68091,1.4095,0.87314,0.91617,0.27046,0.21264,0.15493,0.75958,0.2178
3.0225,1.3663,1.3503,1.5744,0.84421,0.22565,0.69224,-0.15391,-0.20815,0.83255,0.23801,-0.20313
3.2314,3.058,0.85998,0.017959,1.0989,0.8627,1.1378,0.080438,-0.66757,-0.38537,0.27134,0.12766
3.2009,1.3638,0.77615,0.54693,1.2199,0.968,0.6581,-0.2355,0.35249,-0.46953,-0.45517,-0.20255
3.4871,1.9481,0.74322,0.37668,1.2985,1.2607,1.2882,-0.20587,0.13453,0.33558,-0.13401,0.12245
2.6812,2.0669,1.7799,0.81974,1.0588,1.1562,1.0842,-0.24602,-0.14079,0.35706,0.32168,0.14952
2.629,1.9722,1.1046,0.90982,1.1244,0.31846,1.187,0.07004,-0.040499,-0.32666,0.16252,-0.17067
3.3746,2.0174,1.4419,0.43673,0.99457,1.0362,0.97954,-0.054437,-0.027625,-0.048399,0.54739,0.265
3.3981,2.6404,1.6765,0.28256,0.78942,0.3999,1.0446,0.058938,-0.67214,-0.49615,0.55799,-0.11083
3.3136,2.2721,0.42449,0.060447,1.3363,0.84957,0.85703,0.6665,0.2367,-0.36529,0.44169,0.023955
