-1.3421,1.2616,-1.1353,0.97382,-0.79057,0.60011,-0.41667,0.25277,-0.11799,0.018276,0.044459,-0.072119
-1.2476,1.1819,-1.078,0.94369,-0.78892,0.62461,-0.46171,0.31028,-0.17857,0.072431,0.0050195,-0.053412
-1.298,1.2297,-1.1217,0.98244,-0.82211,0.65212,-0.48374,0.3271,-0.19028,0.078756,0.0049176,-0.061023
-1.0522,0.98205,-0.87231,0.73288,-0.57595,0.41472,-0.26185,0.12823,-0.021801,-0.053028,0.095642,-0.10894
-1.1707,1.101,-0.99168,0.85194,-0.69339,0.5286,-0.36978,0.22759,-0.11012,0.0222,0.03479,-0.062774
-1.2913,1.2164,-1.0987,0.94792,-0.77633,0.59724,-0.42371,0.26722,-0.13666,0.037585,0.028061,-0.061808
-1.1235,1.0675,-0.97845,0.86227,-0.72661,0.58012,-0.43173,0.28999,-0.16238,0.054815,0.028709,-0.086277
-1.3303,1.2444,-1.11,0.93959,-0.7482,0.55214,-0.36702,0.20613,-0.079031,-0.0091679,0.058113,-0.07182
-1.3273,1.241,-1.1063,0.93596,-0.74552,0.55165,-0.37026,0.21473,-0.094544,0.014444,0.025757,-0.030777
-1.2723,1.1863,-1.052,0.8815,-0.69014,0.49428,-0.30973,0.15006,-0.02525,-0.059183,0.10243,-0.10813
-1.389,1.2953,-1.1487,0.96252,-0.75309,0.53806,-0.33441,0.15664,-0.015396,-0.083506,0.1393,-0.15594
-1.1927,1.1291,-1.0287,0.89958,-0.75139,0.59483,-0.44039,0.29735,-0.17307,0.072477,0.0021043,-0.050799
-1.0552,0.99956,-0.91227,0.80091,-0.67479,0.54397,-0.41814,0.30561,-0.21249,0.14219,-0.09526,0.069627
-1.1092,1.0356,-0.92052,0.77449,-0.61046,0.44247,-0.28405,0.1469,-0.03964,-0.032856,0.069748,-0.07399
-1.3392,1.2611,-1.139,0.9837,-0.80875,0.62872,-0.45762,0.30743,-0.18695,0.10098,-0.050163,0.031245
3.3445,2.1015,1.6128,0.23405,0.68748,0.26102,0.8716,0.31875,-0.37953,-0.50519,0.41252,0.7182
3.2888,1.1547,1.454,0.99633,1.3961,0.80007,0.75963,-0.3067,-0.36399,-0.13905,-0.039398,-0.11948
3.1779,1.4338,1.0912,0.66556,0.99265,1.4085,1.2259,0.18392,0.075386,0.55973,0.81094,0.22742
3.2362,1.3606,0.6524,1.1597,1.6693,1.2698,1.4502,0.55779,0.6287,0.83357,0.24401,-0.32956
3.0085,1.5246,0.97902,0.7607,1.4107,0.69683,1.0682,0.76841,0.36466,0.61012,0.16831,-0.10373
3.5259,1.5355,0.94205,0.94595,2.0039,1.6907,0.99138,0.0072667,0.55868,0.31749,-0.16265,-0.011241
3.0366,1.6682,0.97669,0.87064,1.6815,1.1971,0.57426,-0.036079,0.067975,0.3718,0.075761,-0.3628
3.007,1.5298,1.0944,0.46063,1.122,0.80426,0.88005,0.22038,0.36953,0.47696,0.4341,0.0039296
3.1706,1.8022,0.94447,0.7098,1.893,0.94823,0.78223,-0.10126,0.44123,0.24162,0.86824,0.22385
3.1994,1.9185,1.477,0.87403,1.2062,0.88829,0.95664,-0.066543,0.21474,0.16106,-0.22882,-0.11739
3.1137,1.9266,1.5756,0.65906,1.5698,1.7996,0.62787,-0.43975,0.92226,0.29231,-0.31787,-0.21821
3.1618,2.5097,1.6537,0.96063,1.2322,1.2779,0.66648,0.12525,0.30622,-0.42309,0.091982,-0.0097038
3.3079,1.9778,1.2786,0.80965,1.4467,0.59577,0.84594,0.018506,0.51913,0.62977,0.6169,0.34344
2.6683,1.3588,1.9584,0.87715,1.2481,0.83194,0.61543,0.35693,0.17502,-0.082435,0.32055,0.76848
2.9433,1.8784,1.5073,1.0178,1.5779,1.1169,1.353,0.15809,0.35121,0.13124,0.17185,-0.025718
3.1248,1.8759,0.81453,0.67622,1.2001,1.064,1.5173,0.27171,0.055263,0.53486,0.47566,-0.38773
3.2502,2.2309,0.97539,0.5041,1.8155,1.5606,1.0736,0.14629,-0.14163,0.069906,-0.077805,0.15901
3.0825,1.758,1.4824,0.84974,0.63609,0.77284,0.68382,0.43268,0.51841,0.93148,0.72566,-0.14929
3.5572,1.8815,0.83278,0.51915,1.5806,0.65793,0.77745,-0.016547,0.33603,0.2535,0.19924,0.091457
2.9864,1.3525,1.3295,0.68989,1.6253,1.8035,1.0539,0.63542,0.18537,-0.23634,0.17727,0.18071
2.7747,1.7911,1.5977,0.96545,1.7873,0.88713,0.85765,0.65703,0.68479,0.54409,0.51894,-0.15605
3.3251,1.9084,1.7981,0.69299,1.0056,0.86356,1.0577,0.20767,0.28588,0.029209,0.30979,0.016322
2.5455,1.4172,1.0722,1.3073,1.3297,0.70981,1.4881,0.37715,0.71498,0.16369,-0.40385,-0.30113
3.2754,2.4147,1.3114,0.3578,0.78976,1.2439,1.4436,0.84383,0.24509,0.34161,0.38083,-0.26169
3.5465,2.1399,1.2535,0.41386,1.044,1.176,1.2276,0.10259,-0.0067951,0.029039,0.63116,0.52356
2.9972,2.4521,1.8172,0.31216,1.2457,0.79669,0.76009,-0.32651,0.2782,0.8144,0.28293,-0.1139
2.901,1.6167,1.6458,1.0667,0.92401,0.99901,1.4812,0.75159,0.1692,0.11876,0.37822,0.023052
2.3389,0.16013,0.2919,1.2137,1.8638,1.6601,1.8055,0.68698,0.17091,0.34773,0.49613,0.224
2.7929,1.2189,1.5741,1.522,0.98616,0.74697,1.066,0.40538,0.49327,0.57528,0.17988,-0.23668
3.3657,1.2894,0.57005,0.6549,1.1058,0.46953,1.1958,1.0243,0.69606,0.57835,0.04092,-0.18437
3.5976,1.7151,1.5217,1.0291,1.4469,0.18067,0.3546,0.67319,0.34906,-0.33888,-0.25174,0.1573
3.0494,0.43981,1.2295,0.94704,1.199,0.52799,1.1925,0.87699,0.4449,0.26165,0.16164,0.28899
2.4308,1.1954,1.3142,0.76763,1.6801,1.1376,1.1973,1.4393,0.7144,-0.4414,0.1522,-0.19911
3.7256,1.6131,0.45004,-0.36865,0.85072,0.4755,1.6822,0.78751,0.13011,-0.16837,-0.36675,0.14406
2.4793,0.90649,1.2572,0.30123,0.88001,0.38282,0.98915,0.6254,0.67135,0.40661,-0.13184,-0.18563
2.6506,0.74623,1.7766,0.48007,1.2828,1.07,1.63,-0.035223,0.34569,0.32783,-0.18666,0.12731
3.2268,0.78431,0.70915,-1.0708,0.71327,1.3841,2.1992,0.62846,0.25066,0.19447,-0.14973,0.42785
2.0161,1.4355,2.4518,-0.082057,1.742,0.50007,1.1574,0.28045,0.48814,0.095183,-0.13699,0.3572
2.0596,1.0478,1.6609,-0.084406,1.9847,0.12944,1.4166,0.36114,0.31942,-0.17828,-0.17497,0.45305
2.6705,1.4584,1.0319,-0.33736,1.7523,0.44504,2.0403,0.10744,-0.054034,-0.80682,-0.33532,0.53109
1.0801,1.5679,2.1952,-0.81311,1.6799,0.18131,1.4422,0.93941,-0.037571,0.094093,-0.009317,0.77483
0.78437,1.316,2.2445,-0.39602,2.1726,0.74817,1.9985,0.55363,0.45492,0.8087,-0.33926,-0.44428
1.3409,1.1243,1.8951,-0.89862,1.633,0.29436,1.3556,0.84292,1.0486,0.65882,0.21177,0.42111
1.3416,1.1949,1.675,-0.73228,1.5866,0.0047924,1.2241,0.94769,1.2202,0.86228,-0.25756,0.22558
0.45559,1.769,1.9881,0.20055,2.655,-0.27594,1.407,0.4516,0.25445,0.17492,-0.11298,0.73736
0.3248,0.67097,0.92458,-0.14238,2.305,0.2584,1.9235,0.486,1.0275,0.73343,0.67989,0.8928
0.68002,1.8127,1.3932,-0.12667,2.2324,0.66286,1.6261,0.22994,0.6951,0.75922,-0.065497,-0.21842
1.2503,2.0056,1.6422,-1.143,0.73413,-0.32795,1.9356,0.57113,1.0044,0.71822,0.36996,0.56469
1.3594,1.5547,1.3915,0.082182,2.0542,-0.10959,0.87422,-0.16094,0.60922,0.50675,0.62791,0.76196
1.2935,1.8506,0.70325,-0.77964,2.4067,0.25023,1.522,-0.61364,0.33961,0.98156,0.41653,0.17362
0.67501,1.1424,1.0653,-0.55416,2.502,0.92818,1.4192,-0.10002,1.3019,1.2275,-0.092335,0.2957
0.7208,1.199,1.4941,-0.052316,2.3608,1.1677,1.3478,0.12276,1.2801,0.70624,0.56368,0.034073
0.55392,1.5514,1.4798,-0.37852,2.2737,0.18156,1.1142,-0.53513,0.75142,0.45237,0.28792,0.42234
0.69206,1.2269,2.5853,-0.20912,1.6947,0.034382,1.355,0.29538,0.45557,0.12627,0.40186,0.37711
1.1659,1.4593,1.8227,-0.88555,0.72412,-0.35335,2.164,0.36829,0.88309,0.38934,-0.40531,0.36072
0.94452,1.3385,2.5327,-0.11569,1.2223,0.066965,1.4038,0.70772,0.71378,-0.39674,-0.14657,0.34402
1.3991,0.84071,2.2711,-0.73245,1.3832,0.4819,1.1049,-0.23726,1.0723,0.57876,0.00060804,0.06454
0.92522,0.55531,2.579,-0.73219,1.34,1.416,1.161,0.30769,1.2694,1.1442,0.43631,0.088921
2.2467,0.88518,2.4072,0.48304,0.76387,1.0198,1.7018,0.34686,0.48546,0.20035,0.51086,0.60551
3.3706,2.1793,2.793,0.27004,0.80259,-0.091592,0.52371,-0.55266,0.041189,0.05961,-0.3362,-0.20173
5.0269,0.19334,4.6549,0.70058,-1.4742,-0.88469,-0.69051,-1.4956,0.12152,-0.22153,0.2663,0.31503
4.7221,-0.085028,4.8632,0.35086,-2.0847,-0.60245,-1.0984,-1.3138,-0.19373,-0.029936,0.26947,0.88601
5.2922,-0.57204,4.842,0.11686,-1.9846,0.003431,-1.1142,-1.6368,-0.1014,-0.5464,0.71092,0.98903
4.1616,-0.10758,5.1674,-0.25313,-2.2989,-0.095226,-1.0658,-1.4381,0.17568,-0.1654,0.75121,1.16
4.7813,-0.78622,4.8488,-0.55104,-2.6009,0.059517,-0.92866,-1.2891,0.50493,-0.32552,0.60574,0.58396
3.9408,-0.15184,4.7381,-0.23252,-2.7929,-0.029123,-1.3667,-1.513,0.054937,0.068295,0.65874,0.60899
4.7624,-0.013882,5.7723,-0.58482,-2.8108,-0.28247,-1.2706,-1.0072,0.29933,-0.17302,0.21565,0.27112
4.7835,0.22965,5.2118,-0.14636,-2.6706,0.047017,-0.74689,-1.0828,0.14926,-0.03926,0.12728,0.29718
5.2218,-0.31758,5.5153,-0.24176,-2.6634,0.2488,-0.77246,-1.3914,-0.1578,-0.40309,0.41386,0.44879
4.5476,0.070783,4.8385,-0.16729,-2.6155,0.33988,-1.238,-1.7696,-0.0023551,-0.10955,0.0075257,0.33156
5.1257,-0.18908,5.4004,-0.089509,-2.8533,0.096884,-1.3455,-1.3761,0.39324,-0.14212,0.41225,-0.14204
4.8802,0.28362,5.0673,-0.81266,-2.9745,0.38411,-0.8129,-1.5214,-0.25156,-0.25744,0.50021,-0.092438
4.1221,1.3131,4.6908,-0.22661,-2.9472,0.11127,-0.6169,-1.2429,-0.15014,-0.23146,0.14305,-0.012687
4.792,0.68148,5.3723,-0.078698,-2.7254,-0.16699,-0.94054,-0.98612,-0.39199,-0.39093,0.079261,0.39479
5.0751,1.5965,4.8832,0.12375,-2.3157,-0.12566,-0.99887,-1.4298,-0.35828,-0.10321,0.44178,0.34864
5.0786,2.1808,4.3028,0.01227,-0.86856,-0.62438,-1.7066,-0.90112,-0.30082,-0.077047,0.402,0.6328
4.0656,1.9295,3.2016,0.28401,-0.74918,-0.04325,-0.18867,-0.76956,-0.59479,-0.40825,-0.095061,0.47089
4.6397,1.7974,3.6544,0.061177,-0.93858,-1.0447,0.090189,-0.29797,-0.75587,-0.20885,0.26006,-0.11421
2.8588,1.5508,3.153,-0.47335,-0.44631,0.15828,0.57546,-0.38597,0.22788,-0.4904,-0.078354,1.0075
2.2779,1.785,3.8319,-0.34951,0.10204,-0.19849,0.60267,-0.72277,-0.33577,-0.22439,0.021473,0.81682
2.2579,1.107,2.9152,0.36768,0.52357,-0.86768,0.97223,-0.26021,-0.39083,-0.20491,-0.20664,0.21183
1.6665,1.7256,2.8761,-0.76153,1.2234,-0.20746,0.46643,0.11754,-0.25069,-0.1074,-0.51754,0.22223
0.98498,1.4943,3.0582,-0.43234,1.7608,0.64065,0.80287,-0.66273,-0.019843,0.26678,-0.33327,0.33598
1.382,1.9334,2.588,0.13816,2.1095,0.084595,1.2105,-0.26162,-0.12226,-0.062975,-0.3743,0.047323
1.2454,1.826,2.8121,0.093497,1.9477,-0.24614,0.28488,0.057319,0.28254,0.10031,-0.1649,-0.24176
2.0477,1.8862,2.0953,-0.48827,1.4914,0.57301,0.77226,0.18595,0.46588,-0.33899,0.037275,0.43208
1.0536,2.0613,2.209,-0.082311,2.2603,0.068854,1.2792,0.28997,0.15433,0.34459,0.018316,0.52116
2.0247,1.6914,1.4993,-0.49538,1.7314,0.4595,1.602,0.16661,-0.15547,0.17225,0.17362,0.78093
1.3288,1.8724,2.4121,-0.094785,1.8872,-0.16463,1.1297,0.057569,0.44294,-0.043448,0.040565,0.50726
1.3436,2.9821,2.0053,-0.5511,1.9494,0.27551,1.0818,-0.23241,0.27034,0.50083,0.28297,0.62859
1.4214,1.8778,1.6101,-0.72867,1.9513,0.33816,1.0554,-0.0064158,0.24566,0.52327,-0.071959,0.67015
1.6438,1.5737,1.7163,0.044519,1.8042,0.24172,1.6996,-0.18496,0.51514,0.20768,0.23943,1.0409
1.1991,1.794,2.0279,-0.26484,2.4575,0.37922,1.3457,0.10198,0.95519,1.0537,-0.32179,0.21129
1.5014,1.5911,2.3048,-0.12051,1.5573,-0.38991,0.58935,-0.3017,0.54557,0.85419,0.13465,0.61274
0.98365,1.457,2.5737,0.13577,1.9671,-0.017863,1.1968,-0.21187,0.26886,0.32026,-0.16133,0.72064
1.615,1.5066,2.3028,-0.35378,2.0981,0.58996,1.2473,-0.077951,0.43588,-0.015683,-0.30257,0.6427
1.3214,1.9281,2.2067,-0.67179,1.1861,0.45558,0.74155,-0.90785,0.33533,0.37771,-0.016186,0.81266
1.6924,1.6547,2.7531,-0.40304,1.976,-0.09749,0.45125,-0.14755,0.47394,0.53431,-0.88318,0.77239
1.719,1.5332,2.562,-0.014807,1.6779,0.19671,1.1329,-0.045094,0.66799,0.13166,-0.47477,0.46054
1.4523,1.183,2.434,-0.43651,1.0501,0.47386,1.274,0.45317,1.4236,-0.12668,-0.47128,0.45931
1.2029,1.3592,1.8925,-0.89387,1.7558,0.58493,1.2079,0.72983,0.81677,0.23396,0.13315,1.2231
1.9934,1.6979,1.9079,-0.82411,1.7921,0.016943,1.2923,0.30964,0.315,0.41502,-0.075565,1.1221
2.1788,1.2901,1.4498,-1.1561,0.61615,0.34319,1.7027,0.60121,1.5077,0.41571,-0.37488,1.1742
2.416,0.94675,2.0957,0.042524,1.7904,0.31899,0.98453,-0.23081,0.23438,0.085756,-0.52041,0.16424
1.0939,0.025407,2.0893,-0.10296,1.9047,1.3532,1.4872,0.28762,1.0137,1.1063,0.29414,0.95813
1.4494,1.1624,3.0614,0.21951,0.89495,0.31958,1.1003,0.067053,1.2004,0.29615,-0.50492,0.3662
1.3558,-0.29678,2.1561,0.52344,1.2033,0.72448,1.0511,0.62226,0.96098,0.073288,0.31876,1.2732
1.8103,0.57549,1.8961,-0.38967,1.0535,-0.10324,1.2494,1.3552,0.79462,0.013945,-0.23578,0.5878
2.8619,0.73238,1.8733,1.2315,1.2683,0.25706,1.0788,0.67379,0.52284,-0.099619,0.37239,0.32446
3.482,1.3154,1.0262,0.35395,0.4058,-0.42367,1.0721,0.6627,0.25514,-0.0012301,-0.085056,0.12046
2.4227,0.91444,1.6316,0.55885,1.7626,0.9641,1.5614,0.72992,0.39425,-0.18764,0.14639,1.048
3.126,1.2611,1.3423,0.77519,1.3919,0.78779,1.0975,0.5641,0.47245,0.20598,-0.4276,-0.039993
3.7921,1.2787,1.3616,0.7613,1.2631,0.5227,0.10964,0.56279,0.65992,0.14784,-0.46522,0.3927
3.2378,1.2158,1.3458,0.67962,0.8341,0.53332,1.7453,1.0753,0.81406,0.11566,-0.18023,0.086383
3.4844,1.0821,0.68758,1.0162,1.0653,1.2751,1.0996,0.6226,0.9406,-0.14445,0.30271,0.53014
2.3317,1.7804,1.9591,1.558,1.1818,0.71543,0.70215,0.36103,0.6271,0.42386,0.18752,-0.47617
3.3638,1.3969,1.2592,1.4084,1.6491,0.58358,0.75807,0.26833,0.033683,-0.29701,-0.46628,-0.10702
3.7506,1.7946,1.2045,0.66269,1.1118,-0.0066621,0.53663,0.57389,0.53595,-0.14902,0.34206,-0.2273
3.8072,2.3605,1.9768,0.88998,0.48513,-0.13907,0.72184,0.50951,0.19592,-0.47299,0.10609,-0.039176
2.9751,1.7043,1.1168,0.58946,1.098,0.35456,0.74038,0.63099,0.13241,0.16206,0.43868,0.4968
3.5961,1.2959,0.45774,0.93474,1.203,0.92189,0.60255,0.55137,0.38538,0.28842,0.03755,-0.11802
3.4525,2.1091,1.3858,0.49033,0.77465,0.79728,1.3597,-0.042321,-0.23679,-0.23404,0.29585,0.38147
3.0662,1.1833,1.1933,0.91609,1.5053,1.4258,0.69667,-0.2877,0.48301,0.2432,0.28837,0.7107
2.6636,0.95067,1.4515,0.9678,0.68349,1.5212,1.6801,0.16748,0.25795,0.11083,0.065024,-0.28155
3.6224,2.0851,1.0961,0.24261,0.74578,0.82315,0.98609,0.52304,0.2375,-0.061079,0.69985,0.57162
3.5551,1.8737,1.3452,0.82332,0.92854,0.40539,0.7346,0.052137,-0.089914,0.53624,0.81079,0.42825
2.5824,1.1348,1.2737,0.98151,1.0078,1.0535,1.6289,0.89989,0.52814,0.31024,-0.021322,0.0044181
2.3103,1.5625,1.7656,0.99742,1.8325,1.2438,0.72636,0.34571,0.32724,-0.058126,-0.060082,-0.23847
3.4708,2.308,2.0633,1.1764,1.6027,0.32359,0.42256,0.037251,0.25174,-0.47416,-0.18522,0.12534
2.7433,1.921,1.3095,0.58699,1.5938,1.1508,0.69716,-0.080972,0.19023,0.048481,-0.31968,-0.67598
3.6605,1.3687,1.338,0.62008,0.93368,0.92738,1.1637,-0.37528,-0.18692,0.28123,0.24063,-0.061315
3.3621,1.4433,1.0009,0.26596,1.4248,0.80024,0.52032,-0.48228,0.047567,-0.074424,0.35034,0.45195
2.5436,1.1117,1.0359,0.33187,1.6994,1.3708,0.85573,0.11302,0.479,1.0532,0.4137,0.32802
3.2619,1.979,1.3864,0.93848,1.0849,0.65107,0.84212,0.45509,0.05264,-0.37726,0.35644,0.13401
3.1205,2.2568,0.6806,0.3279,1.458,1.2702,0.80534,0.16983,0.32234,-0.10104,0.25896,0.20341
3.1175,1.6211,0.74681,0.52061,0.95557,1.3079,0.84443,0.19238,0.41499,0.30794,0.69524,0.57081
2.8077,1.2011,0.80691,0.45644,1.0089,0.88604,1.4907,0.82913,-0.0028618,-0.04299,0.59203,0.67041
2.9497,1.5041,1.4605,1.2844,1.9701,1.2796,1.2882,0.22199,0.020282,-0.0557,0.079266,-0.096545
2.9782,0.99153,1.1115,0.51908,0.9328,1.3053,0.91606,0.33197,0.56646,0.32624,0.40037,0.11882
3.1564,1.274,1.3348,0.95537,1.3837,1.1435,0.72647,0.27972,0.52153,-0.18337,-0.13528,-0.26825
2.9493,1.6967,1.567,0.61906,1.6411,0.85069,0.57487,0.32732,0.40268,0.34472,0.012534,0.14274
3.5274,1.3744,0.70968,0.49092,1.4533,0.67933,0.85634,0.41716,0.4849,0.25561,0.14652,-0.57775
3.144,1.825,1.6465,0.80665,1.3043,0.39129,0.43054,0.088765,-0.1288,0.56695,0.63322,0.27449
3.4604,1.5886,1.1584,1.0764,0.76523,0.63613,0.23591,-0.038173,0.39446,0.27286,0.21174,-0.33157
3.7399,2.0494,1.6274,0.96787,1.2049,0.89814,0.3894,-0.18187,-0.22144,-0.088047,0.3306,-0.14936
3.0137,2.0244,1.238,0.45699,1.0138,1.0183,0.4971,0.50115,0.42257,-0.14911,0.66605,0.34812
3.8441,2.3852,1.2477,0.22463,0.96286,0.83829,0.42405,-0.26318,0.082213,0.57302,0.24917,0.040755
3.2806,1.742,0.42738,0.46562,1.5324,1.3443,1.1984,0.4117,0.56171,-0.31189,-0.45731,0.18118
2.7399,1.3544,1.3252,0.82629,2.2117,2.0279,0.87415,-0.1569,-0.076208,-0.42871,0.055791,-0.80336
2.5009,1.6109,1.11,0.83269,1.2521,1.2133,0.99549,0.21535,0.90857,0.77452,0.44207,-0.1869
3.0174,1.8714,1.3868,0.40964,1.0029,1.4249,0.31852,-0.10587,0.65341,0.66026,0.40959,0.39088
3.3169,1.9899,0.99064,0.60084,1.2646,1.0951,0.90301,-0.54713,0.1078,0.15116,0.095522,0.41225
2.9316,1.845,1.5239,0.30192,0.8637,1.1385,1.4111,0.45428,-0.15444,0.10782,0.41931,-0.12604
3.4415,1.9455,1.4575,0.84812,0.85698,0.95155,0.26083,0.11162,0.19443,0.32611,0.26761,-0.16834
2.4751,1.5756,1.2115,-0.089161,0.84565,1.3759,1.1083,-0.21415,0.24187,0.44043,0.28698,0.35378
2.9589,1.9619,2.0288,0.53517,2.0269,1.5752,0.44629,-0.46922,-0.50892,-0.34496,0.44209,0.52895
2.7272,1.7708,1.1442,0.51208,2.1661,1.0667,0.98898,-0.26105,-0.72581,0.010116,0.3649,0.22272
2.9152,1.9269,1.5798,0.97689,0.8456,0.20487,0.95794,0.5296,-0.073079,0.039224,0.19754,0.19054
2.9309,1.7702,2.0736,1.1165,1.7607,0.82027,0.59017,-0.40422,0.11702,0.19641,0.021968,0.20102
3.5347,2.04,2.1073,1.2757,1.3587,0.5088,0.24315,-0.32466,-0.12148,-0.59203,-0.081429,-0.166
5.3964,3.0355,1.1508,0.46156,0.58556,0.21507,-0.0066216,-0.34008,-0.096915,-0.77959,-0.092594,-0.048009
5.397,2.7727,1.1613,-0.040895,0.098849,-0.30558,-0.2488,-0.59546,-0.46732,-1.1075,-0.64141,0.14902
5.4695,2.8481,2.0659,0.63011,0.34218,0.22345,0.4465,-1.2041,-0.11161,-0.73129,-0.79334,0.29752
5.8186,3.33,2.4595,0.91256,0.29665,-0.12296,-0.097035,-0.52937,0.36331,-0.98877,-1.103,-0.1278
6.0738,2.524,1.727,1.2974,-0.24421,-0.19093,0.14695,-0.96666,-0.24152,-0.60413,-0.92208,-0.45389
5.6733,2.7811,2.077,0.60241,-0.33511,-0.087877,-0.15943,-0.68919,-0.38416,-1.3848,-1.044,-0.097399
5.7047,2.4619,2.6122,1.1641,0.29835,-0.065686,-0.010012,-1.3105,-0.22568,-0.21893,-0.90192,-0.25819
5.8135,3.1116,2.3609,1.3092,0.21012,-0.27547,-0.18663,-0.47146,-0.11513,-0.14839,-0.63823,-0.91199
5.9803,2.2036,2.2624,1.2846,-0.15852,-0.27017,-0.14062,-0.99305,0.047084,-0.43917,-0.98635,-0.69696
5.9969,2.2153,2.3489,0.42122,-0.49619,-0.27775,-0.063392,-1.0094,-0.42015,-0.86018,-1.2983,-0.35703
6.4607,2.646,2.4609,0.76709,0.3551,-0.27492,-0.224,-1.3339,0.26205,-0.43999,-0.89753,-0.22478
6.2276,1.9135,2.2856,-0.10439,0.013287,-0.30037,-0.5287,-0.24908,0.086133,-0.62313,-0.90561,0.23545
6.2957,-0.34341,1.1845,0.094405,-1.1919,-1.0347,-1.488,-0.7094,0.62345,-1.0434,-1.4385,-0.22198
6.7419,-0.86067,2.4012,0.17593,-1.1954,-0.73727,-1.132,0.014561,1.6246,-0.80398,-1.2459,0.43845
6.8561,-1.3582,2.2958,-0.02713,-1.2951,-0.27502,-1.1014,-0.035738,1.9019,-0.61972,-0.76112,0.19782
6.3195,-2.0331,0.97101,-0.33251,-1.785,-0.59906,-1.0309,-0.3034,1.7009,-0.79327,-1.5238,0.23038
7.2274,-2.2785,1.5278,-0.02277,-1.5526,0.017598,-0.50772,0.12844,2.2753,-0.57643,-1.3495,0.23424
6.5195,-2.3302,1.4368,-0.25652,-1.9464,-0.24324,-0.75211,0.10017,2.1152,-0.13744,-1.25,0.015519
5.6341,-1.9332,0.68606,-0.16971,-2.0615,-0.42436,-0.81247,0.13032,1.8502,-0.16943,-1.296,-0.14894
6.3529,-3.0411,1.0526,-0.15083,-1.9242,0.0034682,-0.57423,-0.16555,2.2174,-0.13588,-1.5587,-0.25149
5.4254,-1.6974,0.3803,-0.049659,-1.2296,0.097902,-0.4273,0.1269,1.8365,-0.29407,-1.7481,-0.21004
6.7504,-2.5559,0.84053,-0.47234,-1.5597,-0.21874,-0.89511,-0.29277,2.3283,-0.45823,-1.9364,-0.55497
6.4319,-1.5206,0.55143,0.15252,-1.2527,-0.13686,-0.61834,0.059843,1.9718,-0.16499,-1.8201,-0.40118
6.9199,-2.1611,0.87298,-0.2127,-1.042,0.077883,-1.117,-0.297,1.544,0.11846,-1.476,-0.27599
7.1764,-2.0847,0.87101,-0.062984,-1.206,-0.015894,-0.99216,-0.44705,1.6302,-0.074131,-1.1652,-0.17912
6.9496,-2.0905,1.2912,-0.40628,-1.3021,-0.026016,-1.3737,-1.3792,1.7392,0.41292,-0.8827,-0.028802
7.3385,-1.4351,1.3957,0.010519,-1.2366,-0.019107,-1.2639,-1.2498,1.9965,0.032397,-0.92821,0.029735
6.99,-1.3517,1.3101,0.15963,-1.406,0.029684,-1.3781,-0.96299,1.4372,-0.058763,-1.3475,0.13591
6.3261,-0.63065,1.9007,0.67416,-0.51005,-0.36981,-1.1304,-0.96773,2.0933,0.12283,-1.303,-1.0295
6.4374,0.01989,0.6382,-0.0051133,-0.89997,-0.6493,-1.0259,-0.29801,1.2426,0.047282,-1.1077,-0.76932
6.2882,1.3885,1.2066,0.060835,-0.21589,-0.068334,0.10211,0.21385,0.98311,0.25193,-0.7578,-0.42177
6.0379,0.84055,0.15019,-0.20554,-0.47527,-0.60167,0.1537,-0.78293,0.98762,0.58745,-0.30658,-0.62791
5.2547,0.71698,0.68125,0.24938,0.25021,-0.25491,0.47725,1.182,1.4275,0.82495,0.19667,0.046348
4.843,1.0075,1.0952,-0.031234,-0.092291,-0.28531,0.14852,-0.1816,1.352,1.0579,0.37638,0.1555
4.0057,1.1687,1.35,-0.016533,-0.18968,0.058824,-0.13898,0.10051,1.0167,0.48466,-0.2042,0.12144
3.8582,1.0478,1.3442,0.84522,0.69303,-0.0012718,-0.3374,-0.26011,0.62036,0.17113,-0.29146,0.27192
3.0729,1.3544,2.5125,0.96969,0.85841,1.1037,1.1802,0.43428,0.10564,-0.27167,-1.0774,-0.82604
3.5795,0.63228,1.4048,0.045112,0.31329,0.68894,0.45346,-0.0055261,0.58438,-0.0058069,-0.064118,0.3852
3.2451,0.84018,1.6994,0.6497,0.54075,1.0134,1.4032,0.55515,0.47349,-0.13123,0.15192,-0.32678
3.377,0.92102,1.1274,0.47669,0.93922,1.027,0.59497,0.37342,0.6261,0.23993,0.67396,0.7736
3.6687,1.6469,1.5352,-0.19966,0.31761,0.44704,0.42008,0.29412,1.2281,0.49583,-0.12464,0.31774
3.3416,1.7933,2.0345,0.24417,0.42203,0.68039,0.44447,-0.0067323,1.2615,0.33009,-0.061044,0.57361
3.7541,1.471,1.7423,0.89315,0.85256,0.067016,0.52652,0.53086,0.13163,-0.75585,-0.18325,0.70327
4.051,1.0922,1.5072,0.81743,0.60201,0.43553,0.56103,-0.0096451,0.38829,0.011955,-0.038428,0.13736
2.6193,1.2881,1.568,1.012,1.213,0.75838,0.83017,0.26154,0.95881,0.18914,-0.66197,-0.62003
3.2594,1.2564,1.9126,1.1176,1.0229,1.2195,0.64915,0.15267,0.22703,0.17013,-0.14957,-0.14477
3.4397,1.047,1.0868,0.1868,0.77416,0.80972,0.58757,0.39512,0.24611,-0.012802,0.60231,0.76072
3.5448,0.82853,1.6188,0.68164,0.47552,0.021858,0.73114,0.37845,1.09,0.51583,0.2155,-0.16988
3.5232,1.4264,1.1536,0.52147,0.70364,1.1092,0.96683,0.7704,0.81234,0.57366,0.329,0.014327
3.2244,0.36486,0.91188,0.79152,0.55939,0.78212,0.42916,0.72207,0.954,0.36178,0.53927,0.80486
3.0675,1.3584,1.8507,1.1129,1.1177,0.55858,0.87139,0.056024,0.47189,0.071783,0.23187,0.16596
2.4512,0.97383,1.989,1.3858,1.3303,0.94908,1.2633,0.016533,0.44501,-0.13527,-0.34303,-0.41914
3.2012,1.1681,1.4606,1.3611,0.95127,0.92886,1.3113,0.25912,0.60446,-0.39711,-0.15684,0.090272
3.3203,1.5846,1.6057,0.55593,0.73283,1.4045,1.2013,0.081269,-0.18279,-0.00086751,-0.41536,0.33462
2.9578,1.4273,1.4219,1.204,1.465,0.84475,0.80845,0.34277,1.1571,0.040732,-1.1452,-0.2874
3.133,1.0949,1.3534,0.86895,0.5029,0.72703,0.95215,0.34429,1.2065,0.63084,0.29709,0.12936
3.293,1.3945,1.6117,0.28005,1.1976,0.7617,1.0115,-0.21431,0.31935,0.64448,0.63233,0.11846
2.6998,1.4375,1.6091,1.2725,1.6978,0.12448,0.27126,0.31153,1.1187,0.51501,-0.25564,-0.24498
2.9387,0.79026,0.77651,0.32047,0.4849,0.28796,0.72998,0.4461,1.5476,0.16554,0.4298,0.57629
3.4126,1.4078,1.5946,1.2965,1.0429,0.44615,0.074224,-0.27868,0.67304,0.46733,0.25913,0.22186
3.0618,1.4349,1.3692,0.54304,1.0163,1.592,1.0606,0.11067,0.2757,0.029301,0.082779,0.30914
3.0969,0.8441,1.3325,0.98933,1.1085,0.60864,0.92183,0.76679,0.79773,0.64605,-0.092893,0.028017
3.4051,0.96368,1.113,0.95729,1.4652,1.6982,0.72143,0.25952,0.38077,0.79668,-0.079102,-0.55021
2.9247,1.3803,0.83824,0.84506,1.8707,0.67516,0.83058,0.25791,0.08032,0.19452,-0.19158,0.37625
3.5894,1.0711,1.1921,0.85001,1.8124,1.2655,0.74895,-0.009644,-0.057051,0.035553,0.42186,0.017044
3.9596,1.7498,1.1126,0.60166,0.99615,0.33094,-0.20339,-0.052521,0.45609,0.19686,0.67727,0.04066
3.0778,1.5744,0.85587,1.1713,1.4746,0.34926,0.64739,0.59321,0.97497,-0.040748,-0.00011436,0.3232
3.0199,1.5484,1.364,0.84009,1.7152,0.85612,0.22496,-0.50094,-0.5071,0.18185,-0.25933,0.12299
3.0379,0.95644,0.93699,0.60023,1.9164,1.4246,1.059,0.78516,1.5529,0.51031,0.43532,-0.072156
3.2544,0.76808,1.3565,0.81886,1.7508,1.3179,0.48148,0.44636,0.36904,0.72713,0.4366,0.14072
3.2419,1.2441,1.1131,1.0936,0.50923,0.79701,0.98408,0.296,0.28261,0.19331,0.39929,-0.17524
3.8804,2.1976,1.441,0.63437,0.86494,0.010696,0.65201,0.1283,0.24108,0.47842,0.10414,-0.71506
3.1509,1.866,1.6557,0.73658,0.88831,0.71952,1.3887,0.29535,0.020712,0.23031,0.35192,0.073309
1.6636,2.0976,2.0101,1.341,1.329,0.91991,0.94935,1.0122,0.65284,0.35375,0.62783,0.15157
2.5272,0.9488,0.98484,1.3982,1.141,1.1049,1.0009,0.64844,1.0981,0.6642,1.3635,0.5619
3.2178,1.6862,1.1516,1.3602,0.74768,0.52248,0.81803,0.11017,0.47247,0.44639,0.7624,0.35269
3.0762,1.9261,1.1064,0.52268,1.2858,0.48498,0.55813,0.075799,0.27017,0.4318,0.10753,-0.46563
3.3357,2.1227,2.0354,1.1397,1.3416,1.6759,1.1951,-0.64397,-0.55255,0.095267,0.16008,0.60036
3.1554,1.7384,1.1174,0.86376,0.46365,1.1283,1.3882,0.46977,0.4259,-0.1624,-0.17418,-0.24808
3.7442,1.8993,0.75675,0.29979,0.94919,1.3225,1.0312,0.092185,0.19468,0.61494,0.84918,0.06054
3.5671,1.9399,1.5033,1.8361,1.1988,0.3236,0.28549,0.62349,0.46424,-0.27169,-0.30701,-0.33011
3.0796,2.0213,1.714,0.93485,1.1786,0.71997,0.4119,0.24891,-0.2537,0.2064,0.32976,0.25259
3.647,2.2101,1.4827,1.1296,0.9379,0.91644,0.48233,0.28969,0.10878,0.10495,0.15805,-0.40662
3.3905,2.5622,1.5095,0.12132,0.79186,1.2315,1.6014,0.20992,-0.42043,-0.47131,0.079297,0.30221
2.3003,1.4338,1.0714,0.4246,1.2883,1.3352,1.4562,0.47779,0.79004,0.21463,0.5805,0.76546
3.0527,1.127,1.0065,0.90854,1.7338,1.1186,1.0766,0.3173,0.33586,0.20543,0.30141,0.53235
2.9688,1.9501,1.2007,1.0424,1.3833,0.47335,0.39301,0.25096,1.0739,0.73998,0.42727,-0.27682
3.3699,1.7212,0.87427,0.80069,1.448,0.40446,0.82228,0.28473,0.23339,0.33019,0.47322,0.022192
2.7243,0.95836,1.1381,1.1247,1.5595,2.1207,1.3955,-0.23096,-0.26005,0.17624,0.5585,-0.065626
3.0813,2.1695,1.754,0.68455,0.97987,0.67567,1.4611,0.30069,0.14311,-0.38733,0.099161,-0.25434
3.0206,2.4383,1.6775,0.65639,1.0699,0.52318,1.09,-0.12611,0.33704,0.78777,0.32394,0.048494
2.87,1.6326,2.0211,1.4224,1.3559,0.95352,0.44137,-0.13485,0.048821,0.23395,0.099593,0.030348
3.8193,1.6887,0.95631,0.59717,1.2085,0.68556,0.6911,0.30092,0.12414,-0.050644,0.17152,-0.0077598
3.0173,1.3942,1.2306,1.0068,1.0773,1.3682,1.3205,0.43764,0.59939,-0.18017,-0.57132,-0.18607
2.7987,1.6966,1.5426,0.88741,1.8052,0.94767,0.8073,0.48613,0.47311,0.086726,0.47663,0.15626
2.5736,1.7972,1.9182,1.2403,1.507,0.85578,0.75461,-0.20385,0.22575,0.59844,0.3019,0.65361
3.149,1.6231,1.001,0.21179,1.2407,0.78735,0.62775,0.23434,0.30573,0.32273,0.61848,0.42676
2.5599,1.822,1.3111,1.2213,1.8636,1.572,0.88843,0.21464,0.41819,0.48766,0.29269,0.21222
3.4225,2.1679,1.5266,0.64685,1.3047,1.2272,1.2362,-0.012424,-0.21137,0.40186,0.66371,0.39307
3.0284,1.2474,0.79825,0.34235,1.6188,1.5262,0.95489,0.10227,0.17449,-0.24372,0.21296,0.2296
2.7813,1.5911,1.4269,1.7217,2.336,1.352,0.93692,0.060499,0.24886,-0.3217,-0.27702,-0.51087
3.0335,1.5036,1.1356,0.7676,1.99,1.3664,0.61597,-0.16577,-0.20557,-0.093667,0.083589,0.80437
2.9311,1.9596,1.3864,0.98158,1.3778,1.3077,1.1936,0.34713,-0.15575,-0.54804,0.26443,0.19281
2.9566,1.7011,0.53642,0.44649,1.6433,0.89535,1.1122,0.67795,0.45751,0.58911,0.61957,0.40597
2.8576,1.3246,1.0198,0.08734,0.72344,1.3866,1.3478,0.27167,0.81954,0.23894,0.46463,0.4684
3.1336,1.8684,1.4812,0.92883,1.1656,0.9328,0.48943,-0.0025367,0.36389,0.46279,0.25285,-0.14116
3.3436,2.7039,1.0346,0.51274,1.0909,0.88237,1.0767,0.64209,0.092137,-0.3292,0.37489,0.010022
2.6618,1.7332,2.0905,1.1059,0.87928,0.30593,0.79683,0.1085,0.35307,-0.043769,-0.031729,-0.12083
3.2524,1.4575,0.95532,1.495,1.1247,0.44915,0.51314,0.51628,0.57575,0.54186,0.83712,0.058312
2.8651,1.4325,1.4231,1.0032,1.371,1.3234,1.2741,0.27895,0.15558,0.37233,-0.21515,-0.39629
3.2302,1.4091,1.3442,1.0695,1.8485,0.91856,0.68538,0.13247,0.12467,-0.41696,-0.13122,0.76573
2.6155,1.0605,1.7039,1.2009,1.6477,0.92751,0.64213,0.076222,0.82662,-0.071108,-0.19967,0.55704
2.7403,0.73604,2.294,0.88586,1.283,1.0107,0.98206,0.063155,1.1117,-0.12981,-0.38535,0.3333
2.7176,0.51584,2.3707,0.91947,0.99155,0.97655,0.45277,0.23886,1.0426,0.40917,-0.41914,0.80971
2.1247,0.73568,2.4162,0.56752,1.3922,1.0305,0.43635,0.21474,0.92817,0.35519,0.33345,0.64981
2.6576,0.81165,2.2263,0.70511,1.8704,0.75077,0.86293,-0.15017,0.48808,-0.19476,0.53004,0.67104
2.3296,1.2252,2.4303,0.3107,1.1876,1.1064,0.82988,-0.068907,0.090252,0.19365,0.21313,0.77559
1.1487,1.001,2.6275,-0.1428,1.9868,1.7109,1.1665,0.66094,0.60545,0.0094573,-0.016282,0.19756
1.924,0.32754,2.6299,0.3868,1.5182,1.3146,1.7333,0.76652,0.16226,-0.10378,0.18336,0.60237
1.9556,1.4189,3.1862,-0.16079,1.0383,0.61116,0.97471,0.98118,0.53151,-0.51913,-0.36058,0.44357
1.532,1.3784,3.3577,0.0017787,1.4315,0.55736,0.55431,0.47516,0.64194,-0.49018,-0.18251,1.0509
1.4384,1.0743,2.7545,0.25696,1.4724,0.39182,1.5824,0.35992,-0.45616,-0.44778,-0.0040874,0.50086
1.3861,0.59115,2.6728,1.0078,1.5915,0.79203,1.6561,0.64143,0.15124,0.15036,0.52929,0.30294
2.4742,0.96783,2.6441,0.13932,0.85536,0.64522,0.99128,0.025627,0.11965,0.23785,-0.20722,-0.081795
3.162,1.9418,2.9307,-0.1167,1.3216,0.44484,0.3913,-0.32414,-0.44991,-0.015665,-0.4386,0.25266
4.1154,1.6645,2.6543,0.33691,0.99066,-0.76985,-0.37629,-0.53411,0.35782,0.80701,-0.83791,0.42831
4.4135,1.4112,2.2549,0.089468,0.19597,-1.4819,-0.57419,-0.52639,0.67503,0.53886,-0.53015,0.31281
5.4448,1.1973,2.3107,0.090043,0.60578,-1.0919,-1.5573,-0.71598,0.48308,0.069276,-0.25452,0.56672
6.5329,0.8744,2.2891,0.47482,-0.054582,-1.2174,-1.0342,-0.47598,1.0534,-0.44333,-0.9099,1.0026
6.0288,1.2347,2.9209,0.9293,-1.3549,-1.8234,-1.2311,-0.4226,1.1216,-0.010443,-0.82534,0.87978
5.8968,0.38456,2.175,0.92053,-1.0323,-1.2056,-1.3483,-0.48452,0.59786,0.067243,-0.49089,0.7335
6.6623,-0.16139,2.8851,1.0813,-1.3105,-1.1883,-1.1474,-0.75524,1.3955,0.072415,-0.61757,0.69133
5.6104,-0.79729,1.7554,0.444,-1.7038,-0.96782,-1.265,-0.55713,0.89678,-0.18914,-1.0874,0.3077
6.1421,-1.1523,2.1843,0.63054,-1.5424,-0.54878,-0.52828,-0.068057,1.3269,-0.4917,-1.2913,0.39279
6.0248,-1.5632,2.232,0.37472,-2.0201,-0.85805,-0.77921,0.073931,1.5647,-0.2132,-1.2013,0.63789
6.4414,-2.3552,2.2979,-0.22569,-2.335,-1.0167,-0.82629,-0.053704,1.8537,-0.43541,-0.84796,0.68769
6.8523,-2.4153,2.2757,-0.35508,-1.9834,-0.84752,-0.31793,0.30492,1.9072,-0.30455,-1.0117,0.73516
5.8958,-2.1774,1.3542,-0.45806,-2.4085,-0.75957,-0.56659,0.15351,1.5926,-0.35279,-1.2287,0.48097
7.022,-1.5486,1.7582,0.21009,-1.6223,-0.53653,-0.31637,0.35283,2.0244,0.12627,-1.2978,0.47383
6.7217,-1.3955,0.14613,0.016681,-1.0754,-1.0243,-0.55633,-0.52619,1.8487,0.24285,-1.1818,0.11682
6.6223,-0.026393,0.3751,0.25442,-0.024708,-0.79316,-0.51803,-0.37008,1.8033,0.55915,-1.2296,0.23477
7.0027,1.5503,0.74324,0.26412,0.40747,-0.81127,-0.77566,0.22285,1.9622,-0.13557,-1.2151,0.261
6.0949,0.84904,1.2936,-0.088852,-0.64758,-0.59943,-0.033032,0.53242,0.77548,-0.25675,-0.72376,0.1459
4.8621,0.13416,0.63015,0.11813,0.45045,0.0029539,-0.1354,-0.19257,0.80061,0.30536,-0.93671,-0.24466
5.7217,0.9162,0.61648,0.18812,0.78064,0.55446,0.60078,0.8591,1.3404,0.4693,-0.68253,-0.43907
5.1159,0.7819,0.28126,0.80033,0.80297,0.1312,0.12247,0.45524,1.7874,0.60514,-0.039874,-0.26017
4.5863,0.59786,0.21674,0.3988,1.0336,0.11517,-0.27337,-0.3217,1.6474,0.99581,-0.094432,-0.58224
5.2812,0.19737,0.0086554,0.99985,1.149,0.67497,-0.51147,-0.42542,1.1459,0.76531,-0.0071575,-0.3942
4.513,1.6279,1.2932,0.71825,0.57278,0.046296,-0.22274,-0.76005,1.2009,0.96417,-0.1405,-0.80274
5.1767,1.8911,1.0316,-0.17738,1.0884,0.59563,0.52066,0.21366,1.4808,0.57613,-0.31062,-0.23325
5.8151,2.6385,0.81028,-0.37704,0.15401,0.4252,0.42009,0.34429,0.46586,0.19646,-0.51211,-0.88567
6.1862,1.1951,-0.36256,-0.79471,-0.10664,0.015234,-0.44338,-0.68225,0.33357,0.30335,0.035752,-0.78069
7.2992,2.196,0.11518,-0.87496,-0.11294,0.2995,0.041337,-0.59102,0.50045,0.70128,0.38427,-0.39983
7.6947,1.8057,0.14578,-1.0955,-0.84717,0.71116,0.45937,-0.5808,0.24371,0.39783,0.43274,-0.2334
6.9165,1.3236,0.13198,-2.4246,-1.0143,0.23063,-0.080797,-1.3364,0.06233,0.55382,-0.49628,-0.17722
7.3269,1.8075,0.5759,-1.7988,-1.3958,1.1053,0.063478,-1.0264,0.44814,0.39866,-0.10081,-0.035805
7.6807,1.5851,0.566,-1.6295,-1.0221,1.068,0.19779,-1.1941,0.54482,0.39203,-0.16833,0.49375
6.6674,1.2032,0.16825,-1.8088,-1.7561,0.59735,-0.25611,-1.0107,0.063901,-0.29845,0.040404,0.4451
7.788,1.0219,1.0042,-1.7926,-1.1843,0.66491,0.31415,-1.1588,0.43348,-0.116,0.3008,0.26973
7.3855,1.6234,0.86942,-1.6317,-1.2141,0.95892,0.18977,-1.0003,0.29758,0.38108,-0.0046982,0.24353
7.5467,0.72589,0.34409,-2.1368,-1.7029,0.44777,-0.14492,-1.6775,0.41101,-0.31934,-0.41088,0.72367
7.2137,1.616,0.35006,-2.079,-1.3881,0.95769,-0.22529,-1.309,0.30699,0.19406,-0.38391,0.68558
7.8342,1.8014,0.6316,-1.5639,-1.5541,1.299,0.14639,-1.2193,0.67559,-0.1672,0.035379,0.70886
7.8614,1.2519,0.42839,-2.3365,-1.4303,0.83164,-0.44472,-1.3458,0.51739,-0.32378,-0.28088,0.53255
7.6513,1.607,0.37353,-2.335,-0.96665,0.93028,-0.4818,-1.0892,0.39381,0.066017,-0.0064638,0.49077
7.7206,2.0372,0.42859,-1.9168,-1.0407,0.96957,0.097936,-1.1871,0.53805,0.25776,0.13452,0.35158
7.3855,2.2551,0.51061,-2.213,-1.3103,1.0232,0.020289,-0.99112,0.61346,0.27415,0.050537,0.33734
6.7672,2.7165,-0.034664,-1.9842,-1.1713,-0.21897,-0.11356,-0.57444,0.080235,0.30228,0.07591,0.097242
7.6989,2.2307,-0.018665,-1.0953,-0.70384,0.06003,0.27002,-0.46684,0.40219,0.28985,0.36002,-0.011046
6.6058,2.2332,0.32655,-0.81157,-0.64545,0.88954,0.61409,-0.28506,0.0082681,0.19474,0.050319,-0.27775
7.1128,0.32641,-0.17818,-2.4473,-1.2316,1.675,0.18617,-0.89944,0.96536,0.79381,0.24724,0.42131
6.3172,2.1676,0.0084496,-1.1014,0.010097,1.0601,1.0286,0.12006,0.82222,0.18189,0.34051,-0.25143
5.3667,2.8669,0.83127,-0.88142,-0.14714,0.14479,0.51943,0.11809,0.91351,0.52175,0.91054,0.30642
4.7531,1.8854,0.52571,-1.243,-0.38013,0.65283,0.095594,0.27403,0.85231,0.60409,1.2744,0.5437
4.7435,1.885,1.4698,-0.80758,0.21022,0.66899,1.2849,0.62842,0.43307,1.0066,0.58491,0.31059
4.6035,1.8006,0.5489,0.023227,1.147,0.90038,0.99081,0.73349,0.48397,0.13541,0.1644,0.2237
3.9725,1.735,0.41304,-0.32811,1.0007,0.99822,1.0565,0.5264,1.1467,0.44879,0.3676,-0.024608
3.281,2.1118,1.3111,0.49109,0.8616,0.56113,0.88309,0.097412,1.1205,0.72108,0.65568,-0.067535
3.6114,2.087,1.7685,0.26667,0.55356,0.85086,1.4804,0.84585,0.15555,0.35779,0.24494,-0.61737
3.2666,1.6884,1.5393,0.18954,0.35041,1.0028,0.99786,0.43119,0.55853,0.61931,0.51947,0.28733
3.8575,1.2818,1.6641,1.3344,1.1436,0.43066,0.46494,0.59181,0.8432,-0.2014,0.17167,0.048668
3.2318,1.8112,1.455,0.64255,0.25216,0.66673,1.2647,0.64787,1.2575,0.84827,0.20487,0.092168
3.0797,1.7338,1.8906,1.0565,0.8646,0.52229,0.87041,0.7171,0.81377,0.34795,-0.2794,-0.65593
3.1257,1.8168,1.1257,0.42738,0.72429,0.7754,1.4168,0.5207,1.0623,0.87438,0.16919,0.12896
3.3585,1.969,1.824,0.92894,0.73457,0.38388,1.1114,0.25841,0.31187,0.53927,0.12918,0.10292
3.3037,2.1275,1.7007,0.9887,1.0539,1.0885,1.3347,0.66424,0.014993,-0.18662,-0.2214,-0.12973
2.887,1.9981,1.4707,0.79785,1.1353,1.8234,1.0836,0.23197,0.32833,0.050975,-0.18321,-0.6319
2.595,2.0356,2.0531,1.1127,1.4427,1.4196,0.84146,0.42944,-0.017412,0.15916,0.36396,-0.16896
2.8949,2.2391,1.5101,0.29034,1.1749,1.1187,0.58776,-0.096378,0.47033,0.72893,0.25557,0.17064
3.5264,2.2886,1.9577,0.64601,1.0331,1.0469,1.235,-0.29927,-0.22936,0.2083,0.19569,-0.15941
3.2892,1.8917,1.4453,1.035,1.717,1.0266,0.98681,0.058958,0.26241,0.28287,-0.0014556,-0.11077
3.4258,1.5989,1.2614,0.9776,1.5618,1.0928,0.22014,-0.30522,0.61504,0.15987,-0.0057444,-0.6918
3.8221,2.1772,0.96996,0.65851,1.7665,1.2429,0.79194,0.095293,0.14126,0.0088514,-0.17876,-0.19286
3.4337,2.299,1.7117,1.0277,1.155,0.5819,0.88605,0.42114,0.67415,0.20801,0.025068,-0.58321
2.1712,1.3212,1.5447,1.3735,1.4877,1.3,1.084,0.21033,0.29865,0.68246,0.49489,-0.7033
2.7372,0.98968,0.8442,0.78859,1.3197,1.3023,1.9114,0.71292,0.77243,0.45053,0.47433,0.32273
3.2104,1.4783,1.2552,0.81352,1.7595,0.98108,1.3302,0.25125,0.41445,0.75519,0.10655,-0.19958
2.6541,1.4034,0.91833,1.2621,1.9254,1.1112,1.0545,0.30691,0.72152,1.0127,0.32999,0.0023546
2.7946,1.8684,1.0774,0.78589,1.4905,2.0169,1.9328,0.46421,0.84664,0.65447,0.18167,-0.28153
3.3884,1.9462,1.284,0.33957,1.0537,1.092,1.9494,0.59027,0.41156,0.33683,0.57395,-0.19181
3.2881,2.2324,1.0671,0.3751,1.2175,1.2639,0.58765,-0.21762,0.59288,0.24392,0.032103,-0.063674
3.5946,2.0376,1.6166,1.2384,0.8936,0.38386,0.95897,0.7459,0.41613,0.063271,-0.11727,-0.052794
3.1362,2.3523,1.3247,0.83084,1.2973,0.82752,1.359,0.029639,0.087096,0.60118,0.45839,-0.038042
2.6113,2.2893,2.1197,0.90593,1.2606,0.90606,1.1141,-0.16297,0.62599,-0.2219,0.10125,0.61091
3.2535,2.1528,1.248,0.45818,1.1474,0.6951,0.29451,0.4734,0.76137,0.32827,0.13878,-0.15034
2.5897,2.0597,2.3879,1.2513,1.7597,1.2301,0.75085,-0.23131,0.62807,0.24286,0.012656,-0.25705
3.0569,1.2096,1.1556,1.1506,1.5559,1.1635,1.2699,0.18782,0.24002,0.16446,-0.2234,-0.58681
2.9263,1.6652,1.3194,0.96468,1.8759,0.67968,0.75762,0.54313,0.13956,0.18328,0.31387,0.058944
3.1898,2.1568,1.8336,0.94371,1.6216,0.61692,0.36731,0.39023,0.634,0.6933,0.27246,-0.064174
3.1526,1.918,1.7238,0.49246,1.6202,0.42971,0.47576,0.34435,0.77006,0.65133,0.19168,0.033149
2.652,1.821,1.6254,1.4824,2.1567,0.94131,1.0854,-0.0047073,0.64494,0.82085,-0.26291,0.30138
2.6699,1.5375,0.97685,0.63394,1.6128,1.6569,0.75748,0.45584,0.49568,0.76944,0.49169,-0.20505
3.5485,2.5505,1.4302,1.3757,1.446,0.55776,0.86421,-0.15454,-0.2115,-0.14311,0.15927,-0.31766
3.8437,2.5171,1.1014,0.15244,1.0968,0.66548,0.81581,0.15571,-0.23236,0.26579,0.086437,-0.11683
3.7491,2.3107,1.4313,1.1425,1.1681,0.7255,0.73394,-0.21195,0.65856,0.85935,0.17449,0.045753
2.6376,2.4792,1.5151,0.73011,1.4427,0.2235,0.5164,0.85828,0.87327,0.69137,0.22539,-0.13692
2.9447,2.4141,1.624,0.16637,0.71433,0.90837,0.9199,0.89345,0.75288,0.14795,0.21276,0.087991
3.1547,2.0359,1.7966,1.4773,1.4523,0.66148,0.86998,0.15122,0.018086,0.26347,0.5234,0.40054
2.9088,1.0712,0.94273,1.782,1.572,1.3249,0.94241,0.18481,0.53393,0.61281,0.73769,0.72316
2.2815,1.1893,0.75376,1.0655,1.7378,0.86918,1.3511,0.48179,0.65544,0.28806,-0.1827,-0.68485
2.9519,1.9121,1.6487,0.30955,0.81203,1.2175,2.0618,0.38947,0.33085,0.92768,0.98399,0.87933
3.8508,2.1289,2.0031,0.29098,0.60938,0.60622,0.65924,0.74118,0.39098,0.19676,0.20188,0.031018
3.2413,1.2922,0.69233,0.11801,1.1325,1.1665,0.88979,0.51036,0.45551,0.3049,0.33346,0.35673
3.2571,1.4001,1.0464,1.184,1.9954,0.76696,0.73407,0.69231,0.67291,0.21397,0.02144,0.035758
3.1439,2.5021,2.5533,1.0337,0.84007,0.37405,0.93237,-0.3634,-0.37764,-0.28355,0.56835,0.45968
3.4506,2.3011,1.6092,0.40983,0.9695,0.77902,0.50799,0.17924,0.20209,0.40491,0.051272,0.10733
3.6085,2.0484,1.2273,0.40868,1.4545,1.4205,0.82117,0.61239,0.21935,0.25001,-0.081537,0.15001
3.2783,1.9027,1.4125,0.87767,1.6841,0.73222,0.90315,0.26261,0.42129,-0.14434,-0.044863,-0.39589
3.3176,2.0159,1.3804,1.0614,1.2388,0.51442,1.3166,0.73828,0.42468,-0.095665,0.078087,0.0506
3.3649,2.13,1.4866,1.1907,0.98731,0.88295,1.0302,0.5507,0.17239,-0.12497,1.0091,-0.030405
3.5152,1.8199,0.80042,0.98252,1.4968,1.1706,1.2421,0.31161,0.49895,-0.30327,-0.056318,0.28147
4.0777,0.48195,0.95442,0.30033,0.94938,0.4572,0.20788,0.49049,1.2494,0.51264,-0.33412,0.10925
3.0601,0.92931,1.8279,1.0293,0.64825,-0.93633,0.10242,1.3237,1.6247,1.2043,0.36326,-0.13815
3.9151,1.1539,0.40693,0.30945,1.5166,0.5876,0.41699,0.58763,0.88535,0.62981,0.31804,0.036276
2.7749,1.1781,0.7534,1.3386,1.6481,0.371,0.71383,0.10276,0.3108,0.62576,0.65923,0.96155
2.8555,1.6232,1.6083,1.5473,1.6761,0.71644,0.48183,0.37737,0.79454,0.24888,0.23367,-0.06255
2.7646,1.0344,1.2994,0.77213,1.7693,1.159,0.46074,0.26476,0.60544,0.92457,0.86135,0.2611
2.4825,1.4328,0.70331,1.0654,2.3836,1.8668,0.44513,-0.26993,1.2202,0.63266,-0.14009,-0.40552
2.987,1.6261,1.3089,1.079,1.3997,0.72486,0.59686,0.46784,1.2379,0.37688,0.37566,0.11413
3.6533,1.1434,1.3512,0.58467,1.2929,1.3438,1.0112,0.27965,0.74871,0.27409,0.31557,-0.2963
3.057,1.1464,1.2369,0.24376,1.9784,1.8014,0.82409,0.76812,1.0001,0.50146,0.033654,-0.44905
3.0893,0.59338,1.1078,0.79558,1.4196,1.6147,1.5046,0.33591,0.5107,0.42974,0.30261,0.053671
3.5296,0.99124,1.2803,0.46488,1.8207,2.0965,1.0395,-0.1251,0.29254,0.0067956,0.30114,-0.21175
3.5497,1.3462,1.1966,0.10796,2.0082,1.6726,-0.051525,-0.2708,0.28876,0.36052,0.72486,0.24925
3.524,1.8011,1.8572,0.95983,1.5997,1.3952,0.80966,0.13418,-0.31987,-0.16415,0.43975,-0.42767
3.878,1.5071,0.17907,0.05907,1.8041,1.11,1.0602,0.5869,0.54993,0.37483,0.49267,0.0020539
4.0608,1.6601,1.2805,-0.010293,1.2051,0.75316,0.11901,0.1702,0.39599,0.085884,0.51414,0.29052
4.2847,1.5962,1.243,0.51229,0.80231,1.2602,0.9499,-0.19159,0.70516,0.42371,-0.028899,-0.30295
3.9358,2.0905,1.4879,-0.14711,0.61145,0.86276,1.1832,0.57064,-0.21237,-0.73231,0.1217,0.068958
3.7201,2.4389,1.051,0.3253,0.93405,0.71005,0.72139,0.049727,0.81625,0.38998,-0.095513,-0.45057
3.7344,2.1405,1.5645,0.68701,0.93823,0.17012,0.42274,0.58402,0.63376,0.47911,0.71975,0.071859
2.8326,1.7374,1.0834,1.5949,1.7062,0.72049,0.95031,0.13274,0.37119,-0.33473,-0.40391,-0.3364
3.0226,2.0771,1.6946,0.97113,1.018,0.72385,1.5365,0.50556,0.008875,0.43996,0.10805,-0.28768
4.3256,2.7656,1.4754,0.27936,0.87153,0.83355,1.3187,0.28863,-0.16158,0.26013,0.046876,0.046072
5.1347,3.0361,1.3012,-0.69432,-0.4395,-0.45044,0.42586,0.37751,0.13777,0.53095,0.040275,-0.20007
6.5208,2.4695,-0.35115,-1.3605,-0.83318,-0.16705,0.22892,0.22808,1.023,-0.2531,-0.7109,0.498
7.1158,2.5444,-0.20044,-1.598,-1.0998,0.85786,0.63339,0.04093,0.92218,0.38076,-0.18566,-0.19497
7.3975,2.228,0.13864,-2.0317,-1.1695,0.36181,1.3191,0.27946,0.41446,0.2984,-0.49498,-0.11359
6.7474,1.6549,-0.60465,-1.8656,-1.3671,0.69359,1.1705,0.10862,0.10157,0.064749,-0.54825,-0.41093
6.4457,1.1862,-1.1657,-2.5818,-1.5517,0.55751,0.72964,-0.072303,0.24866,-0.20835,-0.91603,-0.54465
6.5667,1.5033,-0.96046,-2.065,-1.2962,1.188,1.224,0.20878,0.43532,0.20144,-0.597,-0.51957
6.7026,1.5527,-0.99463,-2.0606,-0.98165,1.2569,1.2262,0.26711,0.60653,0.38504,-0.53997,-0.27532
7.6441,0.94206,-1.0123,-1.6431,-1.0901,1.2984,1.3232,-0.14776,0.67716,0.60187,-0.4984,-0.49448
6.9163,0.59901,-1.432,-2.3017,-0.96317,1.2878,0.75181,-0.57731,0.54216,0.94374,-0.76438,-0.62103
7.5823,-0.20794,-2.2024,-2.4392,-1.2589,0.87808,0.79158,-0.90369,0.63138,0.41952,-0.42359,-0.28063
8.2053,0.20621,-1.9809,-2.4385,-0.10741,1.6095,1.0683,-0.39077,0.53766,1.0185,-0.15014,-0.32528
7.9833,0.42325,-2.1343,-2.0732,-0.036123,2.0297,1.2307,-0.44892,0.8624,1.3149,0.085875,-0.57794
7.3073,0.016188,-2.0086,-1.691,0.040593,1.4742,1.2204,0.044096,1.1655,1.4261,-0.11363,-0.45191
7.8774,-0.56982,-1.8992,-1.8116,0.18417,2.0728,0.72129,-1.0178,0.86594,1.2779,-0.031596,-0.60635
7.3825,-0.0060473,-2.2614,-1.4118,0.32762,1.4623,0.93864,-0.85562,0.15274,0.61504,0.11354,-0.51989
6.6281,0.33133,-2.1463,-1.5009,0.21003,1.0836,0.70366,-0.383,-0.014118,0.56197,-0.39456,-1.3388
6.1668,-0.011338,-1.4605,-0.94137,1.2885,1.1633,1.1088,-0.11459,0.84637,0.71789,0.34306,-0.79201
5.6876,1.1764,-0.91368,-1.1721,0.77495,1.1542,1.455,0.77334,0.66,0.78565,0.28191,-0.21848
5.1834,1.0145,-0.63185,-0.5725,1.0482,1.9096,1.0908,-0.14588,0.94825,0.8685,0.17557,-0.3971
5.2062,0.88472,-0.43265,-0.62078,0.55698,1.864,1.546,0.031845,0.6435,0.53099,-0.79369,-0.68019
4.5642,0.66581,-0.50924,-0.82985,1.4862,1.3832,1.0284,0.70531,1.3594,1.277,-0.18542,-0.8623
4.9049,1.0635,-0.70627,-0.56807,1.2072,1.5997,1.7236,0.89098,1.1428,1.0647,-0.76203,-1.1248
4.6655,1.1504,0.045255,0.062994,1.6601,1.4012,0.80164,-0.12991,0.90014,1.0252,-0.41639,-0.59546
4.8233,1.1055,-0.031175,0.51514,1.5549,1.5592,0.72049,-0.012977,0.18039,0.53609,0.13215,-0.36062
3.9888,1.729,-0.038674,-0.19408,1.7406,1.3139,1.1067,0.40492,1.1274,0.84333,-0.57867,-0.39911
4.0728,1.1063,0.4868,0.49211,1.4462,1.5241,1.213,0.54155,0.47577,0.29715,-0.58902,-1.0245
3.4402,1.2716,0.30896,0.1834,1.4106,1.751,1.0482,-0.11226,0.45368,0.80058,0.44564,-0.16252
3.9232,1.3609,0.27495,0.52802,1.4742,1.1714,0.62043,0.2412,0.57083,0.65944,-0.48701,0.028226
3.4429,1.4835,1.2591,0.81172,1.4563,0.92559,1.0646,0.14219,0.17807,-0.10766,-0.070674,0.24487
2.8511,2.1863,1.5596,0.44364,1.4733,1.2207,0.50541,0.26848,0.78385,0.55102,0.068554,0.18407
3.4734,2.0191,1.7935,1.2066,0.76419,0.42387,-0.14469,0.078099,0.43183,0.51711,0.45691,-0.037767
3.017,1.4878,1.7135,0.85916,1.1318,0.85682,0.73226,0.12024,0.69095,0.44161,0.22121,0.22853
3.2208,1.8354,1.4292,0.97556,1.137,0.5542,1.0335,0.19813,0.99702,0.6868,-0.19849,0.078316
3.1489,1.6859,1.3425,0.72925,1.4549,0.52637,0.74949,0.79653,0.5066,0.18934,0.48924,-0.099442
3.4646,2.5892,1.6081,0.43629,1.239,0.83991,0.57035,0.12655,0.75711,0.035314,0.38881,-0.085664
3.1496,2.2642,0.6787,0.74147,1.7996,0.44794,0.91594,0.44096,0.15496,0.28432,0.43072,0.40802
2.7295,1.4788,0.73628,1.2789,2.476,1.5959,1.2319,0.34954,0.027001,0.58006,0.656,0.040651
3.602,1.9582,0.82091,0.89351,1.6091,0.85581,0.99588,0.074325,0.31239,0.26886,0.13061,0.17276
3.8583,1.7418,1.0914,0.59811,0.79208,1.0301,1.2856,-0.033301,0.072165,0.2226,0.45843,0.20126
3.3136,1.9882,1.7123,0.65336,1.1427,0.92233,1.1887,0.00027219,-0.61883,-0.32867,0.2173,0.31261
3.6425,1.9606,1.2652,0.76032,1.4395,0.51546,0.97389,0.09905,-0.086199,0.098805,0.18847,0.21624
3.2022,1.9201,1.0193,0.0076691,1.4347,0.98402,1.3899,0.68817,0.19892,-0.010428,-0.055625,0.37843
3.171,2.453,1.3748,0.27786,1.4428,0.94528,0.53745,0.66411,0.97463,-0.37519,-0.22427,-0.077675
4.1004,2.6969,1.0632,-0.14239,1.0901,0.90692,0.34577,0.40202,0.38413,-0.35105,-0.25071,0.050405
2.4835,2.3297,1.7016,1.1745,2.2077,0.71125,0.41867,0.88363,0.41363,-0.63168,0.016241,0.2701
2.8135,1.5345,1.6057,1.0093,1.7882,1.1682,0.64925,-0.10103,0.46791,0.024621,0.025034,-0.16076
2.4762,2.0652,1.4384,0.97682,1.5818,0.6684,1.4804,1.138,0.57711,-0.16494,-0.32988,-0.42189
2.7043,2.0675,1.8837,0.67418,1.2119,1.1434,1.0872,0.24371,0.70254,0.40442,0.33878,-0.69958
3.08,2.2657,1.6714,0.63914,1.8082,0.76842,0.54158,0.0085506,0.20809,0.2321,0.48113,0.33252
3.0067,2.2695,1.483,1.2073,0.44718,0.24217,1.2384,0.38524,0.27411,0.70803,0.27418,0.21823
2.6603,1.6496,1.6076,0.82341,1.5106,1.6977,1.3462,0.46253,0.15316,0.82594,0.18891,-0.20197
3.2105,1.9564,1.1545,0.14311,1.2603,1.0818,1.8196,0.71456,-0.42085,-0.086345,0.57206,0.22527
3.1047,1.6139,1.3841,0.47111,1.2522,0.84036,0.46303,0.52993,0.4783,0.053061,0.13491,-0.15087
3.5254,2.0377,1.8288,0.58585,0.99995,0.54886,0.9159,0.38597,0.17514,0.78617,0.66487,-0.47787
2.9598,1.4044,0.824,0.43608,1.6041,1.3098,0.62091,1.0767,0.34676,0.47087,0.73151,0.62089
2.7636,1.3849,1.3523,0.5529,1.2142,0.88256,1.3963,1.1048,0.63519,-0.028421,-0.056227,-0.052636
2.6854,1.7604,1.2033,0.50403,2.1011,1.3393,1.2691,0.34462,0.58401,0.33823,0.08263,-0.32087
3.6204,1.6518,0.89792,0.51997,1.4815,1.5785,1.2056,0.34113,0.33878,0.35711,0.7434,0.006575
2.9559,1.8996,1.5648,0.89138,0.80196,0.23263,0.88703,0.23491,0.48086,0.80641,0.1849,0.29779
3.7062,2.566,1.7388,0.64002,1.0552,0.97275,0.94977,-0.051335,-0.54197,-0.35883,0.30908,-0.012789
3.7608,2.347,1.4498,0.23717,0.6544,0.6757,0.72059,-0.074406,0.79635,0.45358,0.16681,0.0063776
3.2136,2.0335,1.2226,-0.60526,1.6368,1.5288,0.83928,-0.28604,0.37543,0.3316,0.64771,0.37351
3.4561,2.0757,0.9896,0.28866,1.1821,1.0385,0.84506,0.11412,1.1807,1.068,0.052184,-0.24586
3.2638,2.4407,1.4086,0.27623,1.1289,1.2653,1.055,0.33343,0.32741,0.085655,-0.18363,-0.31153
3.5011,3.1772,1.7283,0.47154,0.66583,0.52641,0.87449,-0.019908,0.30905,0.31404,0.26726,-0.038674
2.933,1.6456,1.1833,1.4444,1.1701,0.46781,1.0456,0.42721,1.0463,0.16765,-0.13399,0.51568
2.2488,1.5956,1.2319,0.67657,1.8381,1.5846,1.8003,0.74308,0.87163,0.32316,-0.30052,0.026264
2.7583,2.2559,1.3836,1.0546,1.1601,0.73747,0.73949,0.54763,0.33995,0.20014,0.50899,-0.59022
1.9395,1.4008,1.695,0.76621,2.022,1.7476,1.4099,0.66947,0.57942,0.30666,0.55459,-0.3266
2.6058,1.6439,2.0354,1.5025,1.5022,0.74263,0.74472,0.28866,0.074772,0.49344,0.52507,-0.10943
3.2957,1.9679,1.5789,1.258,1.0717,1.0533,0.32874,-0.55463,-0.25169,0.84489,0.6512,0.42303
2.839,1.3759,1.6138,0.66149,0.94927,1.28,1.1381,0.23285,0.37759,0.44678,0.013343,-0.46375
3.5941,2.3374,1.4953,0.49041,0.91642,0.95047,0.72921,0.59693,0.65855,-0.09141,0.030901,-0.45661
3.3953,1.6681,1.1411,0.37823,0.86507,1.1938,0.99177,-0.16653,0.26052,0.33612,0.61851,0.53819
3.1485,1.8533,1.4424,0.50053,1.0875,0.8695,1.0168,0.18858,0.18636,-0.1826,0.056331,0.31592
3.1603,1.8617,0.93113,0.79181,2.2651,1.2049,0.94342,0.60262,0.15031,-0.14144,-0.20789,0.27995
3.8248,1.5856,1.3198,0.15208,0.66429,1.2544,0.88647,0.33824,0.33433,0.06979,0.82771,0.48784
3.2036,1.6514,0.83867,0.12532,1.3954,0.94063,1.0223,0.51873,0.3023,0.17496,0.057412,-0.16503
3.7211,1.3258,1.1651,0.72261,1.2735,1.0395,0.9564,0.54671,0.61264,-0.26982,0.40849,-0.13597
2.9358,1.685,1.249,0.61979,1.5961,1.0098,0.96894,-0.14211,0.16908,0.31137,0.43127,0.023408
2.9314,0.83999,1.7263,0.72741,1.7704,1.7992,1.4792,0.18214,0.2193,-0.091404,-0.37824,-0.46308
2.9186,1.3834,1.5801,0.38699,0.97382,1.8546,1.2143,0.3314,0.42455,0.022769,0.36844,-0.46686
3.519,1.7137,1.1697,0.80063,0.96286,0.28961,0.93295,0.0036442,-0.22581,0.49838,0.12287,-0.52823
3.5027,2.0612,0.95505,0.36534,1.2428,0.69305,1.0442,0.22433,0.15176,0.1591,0.30381,0.64123
3.3118,1.2323,1.2102,0.72153,0.79563,1.2069,1.0359,0.54707,0.60522,0.77467,0.40335,0.80679
3.1469,2.4108,1.4298,0.48045,1.7465,0.88436,0.88367,-0.20958,0.39262,0.13263,0.20678,0.086283
3.7376,1.641,1.814,0.79156,0.8192,0.75047,0.7034,0.35618,0.059366,0.063172,0.23309,-0.0405
3.1597,1.6977,1.1967,1.0264,1.7939,0.65037,0.32168,0.44798,0.64952,0.16789,0.36288,-0.22369
2.5516,1.255,1.4637,1.0579,1.8975,1.582,0.78618,0.12987,0.037778,-0.24006,-0.080676,0.15065
2.8055,1.5107,1.5639,1.1393,1.708,1.3621,1.0755,0.17906,-0.0081795,0.18451,-0.071407,-0.15786
3.3122,1.9066,1.4462,1.098,0.66151,1.1978,1.0976,-0.40053,0.57175,0.30023,0.27217,0.087076
2.4971,2.0039,1.8982,0.6224,1.4252,0.78091,1.33,-0.051661,0.019112,0.39416,0.31005,0.13818
4.3729,1.976,0.16069,0.015395,1.0969,1.6597,1.3554,-0.26429,-0.0047108,0.15799,-0.43488,-0.42612
