-1.0234,0.97942,-0.90914,0.81691,-0.70831,0.58961,-0.46738,0.3479,-0.23678,0.13852,-0.056339,-0.0079907
-1.0551,0.99698,-0.90537,0.78756,-0.65265,0.5106,-0.37122,0.24322,-0.13346,0.046373,0.016219,-0.05503
-1.0377,0.98286,-0.89669,0.78635,-0.66078,0.5297,-0.40257,0.28768,-0.19136,0.11747,-0.067208,0.039237
-0.85329,0.80621,-0.73176,0.63554,-0.52455,0.40653,-0.28919,0.17951,-0.083138,0.0039928,0.055959,-0.09666
-0.95048,0.9025,-0.82634,0.72732,-0.61218,0.48845,-0.36377,0.24524,-0.13886,0.049087,0.021369,-0.071625
-0.94366,0.89727,-0.82395,0.72926,-0.62017,0.50436,-0.38947,0.28242,-0.18877,0.11233,-0.054954,0.016586
-0.85742,0.81391,-0.74504,0.65592,-0.55301,0.4435,-0.33466,0.23323,-0.14481,0.073497,-0.021633,-0.010271
-0.99879,0.94367,-0.85661,0.74427,-0.61503,0.47811,-0.34272,0.21721,-0.1083,0.02064,0.043463,-0.084036
-0.90176,0.85421,-0.77913,0.68234,-0.57114,0.45364,-0.33791,0.23132,-0.13986,0.067718,-0.016997,-0.012255
-0.86599,0.81794,-0.74236,0.64551,-0.53518,0.41984,-0.30781,0.20643,-0.12134,0.056096,-0.01194,-0.012089
-0.79409,0.75644,-0.69704,0.62047,-0.53248,0.43929,-0.34699,0.26094,-0.18525,0.12251,-0.073641,0.038034
-0.83103,0.78464,-0.71116,0.61597,-0.5058,0.38813,-0.27046,0.15964,-0.06131,-0.020517,0.083646,-0.1277
-1.0227,0.97545,-0.9002,0.80192,-0.68689,0.56222,-0.43524,0.31287,-0.20115,0.10481,-0.026977,-0.030859
-1.0506,0.99516,-0.90794,0.79604,-0.66832,0.53443,-0.40382,0.28479,-0.18377,0.10473,-0.04907,0.015693
-1.0025,0.95751,-0.88637,0.79432,-0.68794,0.57452,-0.46131,0.35486,-0.26047,0.18179,-0.12065,0.077057
3.0852,0.51312,0.68412,0.19607,0.99724,0.27645,0.59896,-0.030889,-0.076041,-0.34385,-0.03923,-0.40821
3.7046,1.5422,0.5928,0.4148,0.86519,0.81382,0.9226,0.47736,0.92477,-0.018158,-0.43401,-0.26094
3.0042,0.87751,1.2141,0.96584,1.876,1.4505,1.3777,0.79086,0.82949,0.14587,0.67093,0.65222
2.9541,1.3762,1.4626,0.94128,1.0887,0.56569,0.41842,-0.11909,0.27361,0.012561,0.49,-0.26957
3.8378,2.1537,1.1933,0.61145,1.1209,1.1278,0.46518,0.47804,0.55544,0.37121,0.25953,-0.24836
3.1427,1.5901,0.61593,0.80632,1.2876,0.77544,1.0009,0.429,0.7496,0.99086,0.53235,0.39078
3.8401,1.9065,1.6059,0.66808,1.4084,0.4688,0.54723,0.38469,0.62743,-0.030103,-0.05459,0.35644
2.8956,0.69027,0.048033,0.69572,1.8228,1.3843,1.001,0.95963,1.2597,-0.050483,-0.19097,0.66105
3.1997,1.2732,0.95281,1.0216,1.4891,0.99018,1.995,1.0798,1.1456,0.24072,-0.12066,-0.49822
3.6724,1.5987,1.2092,0.60089,1.2057,0.80094,1.0601,0.38118,0.73702,0.58631,-0.011479,-0.50224
2.8287,1.4875,1.3579,0.28562,1.0201,1.2111,1.1991,0.93793,0.58654,0.014602,-0.20383,-0.47688
3.479,1.4157,0.85211,0.65963,1.0258,0.55012,0.37779,0.024484,0.57742,0.41842,0.45306,0.20336
2.5811,1.5132,1.0966,0.39024,1.5974,1.641,1.4366,0.68029,0.52018,-0.12383,0.0015097,0.36999
3.462,1.7322,0.85534,0.76333,1.5413,0.85479,1.3521,0.31813,-0.13564,0.39687,0.26075,-0.17007
3.4441,1.3485,1.6718,1.0608,1.0407,1.0102,0.56294,0.71123,0.53193,-0.12265,-0.27148,-0.13419
3.4386,1.2486,1.5469,1.108,1.3347,1.1948,0.62223,0.37729,0.50275,0.16127,0.040287,-0.1833
3.0212,2.0848,1.5448,0.82691,1.3926,0.90588,1.0901,-0.073184,0.25874,0.32807,0.163,0.34148
3.3906,2.4442,1.3401,0.85788,1.915,1.3355,0.80797,-0.71756,0.1739,-0.22747,0.25945,0.21767
3.3333,1.7634,0.9053,1.1448,1.4455,0.54098,1.2463,0.15395,-0.26479,-0.11495,0.12366,0.3621
3.2813,2.4312,0.80757,0.1242,1.0937,1.1483,1.273,-0.08001,0.13799,0.58945,0.36659,0.28194
3.001,1.6141,1.1948,0.8472,1.8595,1.277,1.994,0.79395,0.016516,0.095071,0.56765,-0.22132
2.2794,1.8144,1.7038,0.81946,1.6533,0.90307,1.0209,0.53969,0.52709,0.52297,0.4708,-0.42982
3.3676,2.0529,1.4357,0.84894,1.0686,1.1857,0.92264,0.029116,0.62827,0.61862,0.21268,-0.1415
2.9939,1.5814,1.6653,1.0883,1.1344,0.52706,0.82003,0.4458,0.52701,0.17883,-0.093739,0.059921
2.8014,1.726,1.9306,1.4626,0.74727,0.6119,0.34966,0.13386,0.17417,0.36822,0.65294,0.45829
2.894,1.9526,1.4165,0.55339,1.5424,1.1231,1.0073,0.31157,-0.17248,0.013122,1.0003,0.72799
3.16,1.9992,1.039,0.29189,1.6929,1.2181,0.8675,0.23691,0.59887,0.74771,0.47304,-0.54699
3.391,1.5362,1.1124,0.92611,1.8584,1.2648,1.0341,0.47692,-0.14586,0.3809,0.59445,-0.24107
2.9256,1.9021,1.3271,0.69499,0.8986,1.0622,1.2026,0.18307,0.51934,0.14143,0.3274,-0.27123
3.6919,2.0427,1.3066,0.68637,0.93383,1.1965,1.236,-0.17287,0.74335,0.39349,0.67897,-0.066691
3.2478,1.8203,1.1256,1.4558,1.9789,1.2346,1.2453,-0.20782,-0.19854,-0.049486,0.4099,-0.018987
3.0697,2.2973,1.1153,1.1852,1.4297,0.7854,0.83291,0.96748,0.11361,-0.044357,0.47621,0.73241
3.29,2.102,1.1009,0.67608,1.0201,0.59438,0.79972,0.31347,0.21927,0.2938,0.21402,0.078266
2.9021,1.9632,1.1782,0.18564,1.1382,1.1403,1.7604,0.81024,0.83703,0.60024,0.66443,0.28479
2.9363,1.0872,0.34537,0.31817,1.3542,1.5847,1.5689,0.56343,0.84751,0.72365,0.16835,-0.20147
3.6825,1.9544,1.0038,0.69228,1.3195,1.0246,0.96135,0.073438,-0.59113,0.17398,0.37628,0.30601
2.8832,1.9829,2.1603,1.418,1.1584,0.33817,0.56085,-0.54788,-0.41375,-0.26403,0.26657,0.75284
2.5832,1.5012,1.2787,1.1544,2.0467,0.90387,0.91635,0.25555,0.31468,0.33469,0.71318,0.36435
3.1363,1.6217,1.2981,0.77958,1.3456,1.6522,1.4321,-0.088751,-0.40695,-0.25393,0.14656,-0.23751
2.7183,1.752,1.3972,1.0968,1.3488,1.2892,1.0062,0.074378,0.41167,0.46493,0.51111,0.4893
3.649,2.3603,1.1027,0.73104,1.1113,0.6632,0.81739,0.57263,0.76148,-0.067487,0.52992,0.044907
2.6121,2.318,2.0941,0.5965,1.2396,0.88642,0.93864,0.1755,0.062601,-0.11531,0.26943,0.13288
3.9727,2.1576,0.85841,0.39062,1.1136,0.81883,0.92135,0.093838,0.44529,0.30045,0.52366,0.36451
2.6786,2.0153,1.4729,0.86064,1.2961,1.0003,1.3086,0.18076,0.0463,0.036153,0.22827,0.105
3.2188,1.4721,0.70553,0.61831,1.5523,1.1317,0.96906,0.84843,0.59252,-0.11457,0.32868,0.12737
2.6733,1.5825,1.5079,1.0763,1.4163,1.2261,1.7391,0.36482,0.37709,0.50588,0.80513,-0.3115
3.3191,1.9496,1.1396,0.11661,0.86386,1.0394,1.303,0.35898,0.64612,0.37034,0.5055,0.58662
3.2262,1.7524,0.99395,1.4049,1.6591,0.77368,0.67325,-0.57377,-0.021978,-0.14686,0.13295,0.34966
3.6672,1.8909,0.9392,0.90705,1.1805,0.3207,1.0499,-0.16184,-0.11534,0.48508,0.48405,0.69176
2.5727,1.8839,1.6816,1.024,1.1397,1.3254,1.281,0.0077984,0.30257,0.37899,0.78549,-0.036407
2.6757,1.8447,1.0076,0.97951,1.8405,1.5987,1.3652,0.31889,-0.11849,-0.12628,0.21094,0.49505
2.8307,1.801,1.538,0.75993,1.1925,0.68748,1.1396,0.4579,0.33559,0.24821,0.56963,0.26767
3.4996,1.953,1.0851,0.58384,1.207,0.9593,1.3355,0.14881,-0.16943,0.14706,0.8698,0.31551
3.0936,1.4763,0.92883,1.0769,1.7123,0.76997,1.0983,0.41537,0.3721,0.19294,0.52911,0.41922
3.1516,2.2614,1.4348,0.61438,0.94425,-0.011106,1.3429,0.33667,0.20318,0.84155,0.77893,0.37285
3.1805,1.8185,0.70958,0.62562,1.4957,1.0472,0.90489,0.35967,0.63557,0.6195,0.60944,0.069611
3.5554,2.0407,0.95814,0.44569,1.3129,1.2445,1.2732,0.063544,-0.34432,-0.017527,0.53195,0.30311
3.2972,2.1474,0.9272,1.0861,1.6399,0.76343,1.0543,0.29996,-0.080061,0.31685,0.27476,-0.21193
3.6999,2.3461,0.75772,0.47536,1.0319,0.68704,0.55674,-0.4324,0.19112,0.43742,1.0233,0.27855
3.4305,1.7056,0.93123,0.99839,1.3663,0.97816,1.9962,0.7642,0.50584,0.52882,-0.059161,-0.63336
3.1477,1.389,0.74065,0.11005,1.1674,1.122,1.3891,0.54732,0.15495,0.72508,0.55379,0.26389
3.276,1.5133,1.3329,0.4439,1.3939,0.92771,0.7963,-0.22178,0.60815,0.015223,0.09918,0.44919
2.5321,1.5392,2.1102,0.84497,0.84588,0.88565,1.2143,0.542,0.59248,0.58749,0.77594,0.21446
3.1772,2.0788,1.6884,1.2028,1.8175,1.0477,1.1835,0.11628,-0.14179,-0.20571,0.68054,-0.16613
3.4875,1.6692,0.91536,1.1364,1.6554,0.96692,0.698,-0.025353,0.041603,0.046543,0.46827,0.29441
3.1446,1.807,1.3429,1.7224,1.3697,0.77117,0.76008,-0.40902,0.20738,-0.16974,0.29963,-0.049615
4.0812,2.6355,1.935,0.48469,0.43576,0.23951,0.61481,-0.18947,-0.27388,0.18153,-0.097829,-0.23908
3.7033,2.5792,1.6433,1.2681,1.3634,0.70214,0.78492,-0.35594,0.018602,0.37066,0.23227,0.11767
3.638,1.9581,1.141,0.93097,1.5236,0.18791,0.24354,0.33343,0.049147,0.26171,0.20218,-0.26734
4.3155,2.7584,1.1738,0.96629,1.7086,0.22542,0.077015,-0.16593,-0.33251,-0.21204,0.32462,-0.32188
4.6844,3.2447,2.3598,0.65073,0.9009,0.040241,0.40018,0.022298,0.095468,0.61239,-0.0097964,-0.84654
3.9731,2.9346,1.9709,1.1281,0.88026,0.20962,-0.075666,0.22296,0.096193,0.17013,-0.23955,-0.78901
4.0682,2.3478,1.7133,0.81908,0.77605,-0.18662,0.34229,-0.38828,0.049887,-0.31237,-0.055715,-0.1805
4.2058,2.3107,1.5821,0.78054,1.4271,1.1128,1.0095,-0.14174,-0.47583,0.3214,0.002392,-0.80487
4.7669,2.9218,1.6483,1.3437,1.3791,0.56962,0.49708,-0.18508,0.10905,-0.31439,-0.071464,0.28464
3.3729,2.2189,1.4354,1.2233,1.1841,0.94047,0.45177,-0.18096,0.17648,-0.15217,-0.0014818,-0.27875
2.5762,1.8388,1.4029,0.68146,0.48417,-0.2474,0.17168,-0.017227,-0.49983,0.025832,0.57714,0.47551
3.1255,1.2319,1.7515,0.88899,1.2433,0.45363,-0.017182,-0.41555,-0.46726,-0.36256,0.45266,0.10535
3.6455,2.4026,2.1965,0.62905,1.0848,1.1291,1.0256,0.71845,0.22575,0.00082666,0.069351,0.088439
4.1217,2.7313,2.189,1.117,1.1352,1.1758,0.66134,0.26349,-0.25611,0.42741,0.2922,0.075512
4.2697,2.9276,0.9749,-0.080384,1.4017,1.0046,1.1479,0.28897,-0.038746,-0.25124,0.20077,-0.22136
3.6991,1.7506,1.0564,-0.11026,0.75083,0.25123,1.067,-0.12091,-0.59816,-0.41098,-0.23316,-0.59538
3.7336,2.7419,1.6712,0.56131,1.0049,0.79758,0.43623,-0.29651,-0.083431,0.059712,0.42959,-0.85739
3.929,2.5765,2.3165,1.3636,1.1934,0.28211,0.53743,0.22214,0.18661,-0.0072443,-0.19489,-0.097765
3.5124,2.8877,2.3069,1.6133,1.4778,0.299,0.62787,0.45957,0.34134,-0.25073,-0.26047,-0.53218
4.1696,2.0189,0.96729,0.84323,1.4078,0.97652,0.70632,-0.51228,0.068176,-0.18284,-0.18842,-0.5268
3.7126,2.1058,1.2732,0.28109,0.19554,-0.078744,-0.41056,0.042977,0.23862,-0.16233,0.075257,-0.054794
3.9315,2.6513,1.5478,0.63921,1.4793,1.1202,0.85751,-0.26134,-0.30578,-0.35384,0.24461,-0.097154
4.3859,2.4045,1.1713,0.33772,1.6314,1.3234,0.81665,-0.4511,-0.22661,-0.14891,-0.31112,-0.076295
2.5584,0.23246,1.4403,0.33174,1.5024,0.10656,0.8505,-0.37677,1.1037,0.64085,-0.47187,0.8819
3.1405,-0.64731,1.6115,-0.10586,1.6743,-0.78818,-0.13183,-0.6384,1.1746,1.0129,-0.30297,1.082
4.1578,1.2726,1.6836,0.32635,0.76309,-0.30961,-0.09504,-0.98183,0.73907,0.24315,-0.34326,1.1532
5.1199,0.70942,3.4238,0.5594,0.34815,-0.48312,-1.4415,-0.91068,0.97227,0.13442,-0.58171,0.44935
5.1256,0.94288,2.1782,0.69692,-0.72026,-1.0913,-2.2646,-0.91642,0.49842,-0.76292,-1.4976,-0.33111
6.5789,1.0025,3.0065,1.201,-0.39822,-0.43857,-1.5679,-0.7838,1.231,-0.49822,-1.1858,0.021592
6.127,0.95134,1.9841,0.96606,-0.55089,-0.94422,-1.9386,-0.95365,1.1563,-0.050846,-1.4193,0.046914
6.1858,0.70561,1.8302,0.856,-0.97494,-0.68067,-1.5634,-1.0923,1.0332,-0.12823,-1.5656,0.015751
6.7782,0.45875,2.5086,0.79952,-0.95552,-0.88971,-1.2952,-1.0114,1.1036,0.26951,-1.3891,0.038303
5.2017,0.64774,1.531,0.93806,-1.0045,-1.2899,-1.9118,-1.1768,0.75055,0.054136,-1.3182,-0.32952
5.6655,0.45311,1.953,1.09,-0.71523,-0.37613,-1.5176,-1.1632,0.886,0.13164,-1.1782,-0.48651
6.4565,-0.47304,2.2585,0.81679,-0.75434,-1.1899,-1.9257,-1.5273,0.97111,0.55188,-1.2604,-0.89475
6.2291,-0.12521,1.5286,1.2615,-0.4446,-0.71927,-1.7277,-1.327,0.78838,0.38555,-1.2732,-0.85041
6.4216,-0.36192,1.0871,0.94126,-0.51907,-0.63781,-1.8367,-1.6634,0.99706,0.058999,-1.6638,-1.0123
6.9338,-0.002638,1.4498,1.2474,-0.17568,-0.28066,-1.6891,-1.6358,1.3022,-0.15755,-1.9217,-0.72468
6.5133,-0.48696,2.0885,0.87839,-0.5162,-1.0139,-1.865,-1.5117,1.3262,-0.35061,-1.8166,-0.80764
6.8217,-0.36445,2.1313,0.97191,-0.48392,-0.76179,-1.1269,-1.4731,1.1243,-0.49032,-2.0529,-0.36328
6.4807,-0.52804,1.6926,1.0449,-0.75082,-0.71684,-1.8092,-1.5381,1.1347,-0.05757,-1.5169,-0.64685
7.0781,-0.11038,1.6399,1.2582,-0.53631,-0.54539,-1.4032,-1.7312,0.97752,0.2536,-0.80307,-0.66361
6.5816,-0.39635,1.2819,0.39482,-0.92206,-0.65669,-2.0291,-1.7402,0.73884,-0.14476,-0.97628,-0.67938
7.5782,-0.32797,1.7636,0.7033,-0.51793,-0.28336,-1.7898,-1.6867,1.3844,-0.067623,-0.8307,-0.52486
6.7829,-0.45275,1.5813,0.60649,-1.3059,-0.67929,-1.9264,-1.7283,1.1607,0.18028,-0.96976,-0.32646
7.6389,-0.10822,1.8058,0.99463,-0.6692,-0.46096,-1.664,-1.6547,1.4294,0.20145,-0.7785,-0.20683
6.0383,0.032197,1.1033,0.68827,-0.97628,-0.83073,-1.7439,-1.8261,0.62378,0.14712,-1.1077,-0.42277
7.0635,-0.142,2.1156,1.2209,-0.70866,-0.55781,-1.8995,-1.8067,0.98791,0.54624,-0.80672,-0.093115
6.0594,-0.39624,1.2489,0.5247,-1.2327,-0.62802,-2.1242,-1.9137,1.0614,0.14457,-1.0286,-0.22755
6.902,-0.65301,1.8586,0.75994,-0.52301,-0.16465,-1.7498,-1.6055,1.2735,0.42065,-0.90444,-0.26538
6.5257,-0.98595,1.1143,0.48356,-0.94667,-0.43787,-1.8626,-1.4528,1.1449,0.24711,-1.2164,-0.67569
6.8843,-0.33466,1.8598,0.5508,-0.51475,-0.1962,-1.0839,-0.79362,1.2157,0.43942,-1.6205,-0.67184
6.4566,0.73219,1.1418,0.081994,-0.79885,-1.48,-1.8303,-0.56623,1.7945,0.74148,-0.41624,-0.27374
6.3403,0.59732,0.98802,-0.020432,-0.47577,-1.3595,-1.6519,-1.0631,1.5889,1.0451,-0.71932,-0.38399
6.2087,1.7334,0.98545,-0.1779,-0.49897,-1.1266,-1.0467,-0.83918,0.51331,0.69416,0.18399,-0.4319
4.993,1.8172,1.3547,0.49492,-0.15764,-0.54879,-0.46515,-0.32728,0.62191,0.56799,-0.10415,0.036664
4.9574,1.5396,1.0981,0.14692,-0.21891,-0.77939,0.38994,-0.12839,0.892,0.48764,0.24074,0.051888
4.5439,1.5634,0.9786,0.15429,0.45354,-0.54037,0.1559,0.020658,0.7189,0.70493,0.57146,0.20878
4.0491,1.7317,0.92414,0.017337,0.39377,-0.64236,0.41712,0.23832,0.19774,0.54292,0.92013,0.29993
4.4517,2.2199,1.3204,0.31064,0.77438,-0.20375,0.45543,0.0032931,-0.075239,0.18602,0.29072,0.32882
3.5843,2.0647,1.0042,-0.16174,0.48805,0.022244,0.51589,0.40232,0.66563,0.1174,0.43988,0.025086
3.1687,2.4288,1.6402,0.35809,1.1164,0.49409,0.91034,-0.1542,0.57521,0.17615,0.51603,0.24666
3.2402,1.6605,0.27712,0.27972,0.7426,0.74555,0.65458,0.81409,0.99338,0.35448,0.4097,0.38375
3.7803,1.8433,0.98729,0.61571,1.4025,-0.13026,0.39718,0.28785,0.47914,0.5379,0.81794,0.80445
3.3397,1.5663,1.0575,0.45076,1.0134,0.50863,0.79,0.36592,0.27656,0.61512,0.21813,-0.17999
2.7353,1.5411,1.4923,0.6037,1.1325,1.3468,0.79986,-0.55614,0.34632,0.51621,0.71285,0.82527
3.2554,1.534,1.5996,1.1762,1.2082,1.0257,0.31559,-0.54189,0.018042,0.019984,0.53169,-0.21116
3.6638,2.379,1.6582,0.38775,1.1287,0.34185,0.44691,0.085855,-0.32506,0.039382,0.35309,0.29311
3.9134,1.9264,1.1971,0.873,1.2042,0.74314,-0.095393,-0.37258,0.20516,0.077423,-0.013632,0.28977
3.2423,2.1092,1.2951,1.1529,1.1271,0.1248,0.50446,0.41215,-0.21303,-0.18626,0.14624,-0.016168
3.0898,2.0022,1.22,0.54536,1.1122,0.77614,1.1528,0.0073324,0.25796,0.17504,0.11789,0.11788
3.4795,2.6093,1.463,0.85855,1.1187,0.46936,0.6673,0.45189,0.20037,-0.21397,-0.49568,-0.10373
3.38,2.0101,1.6016,0.41581,0.78183,0.27901,1.0054,-0.39568,0.40998,0.29276,0.15357,0.097221
2.8775,1.6979,1.5756,1.4482,1.5891,0.78778,0.32099,0.096462,-0.43274,-1.0189,-0.55798,-0.1341
3.8817,2.3651,1.4371,1.4158,0.97254,0.54507,0.59266,-0.38761,0.15508,0.36702,-0.018626,-0.1787
3.1118,1.9572,1.1974,0.67938,1.0069,0.86571,1.3148,0.1514,-0.42755,-0.36148,0.1375,0.48314
3.802,1.8872,1.0927,0.41051,1.0349,0.45271,0.67416,0.11602,0.070795,0.084152,0.33064,0.29103
3.1115,1.9391,1.5055,1.2002,1.4219,0.28163,0.31447,-0.27847,-0.067643,0.49125,0.75586,0.5862
3.2252,1.8916,1.1171,0.57799,1.3491,0.97367,1.13,0.32762,0.13027,0.78263,0.65439,0.020457
2.8681,1.9272,1.3748,0.52392,1.0523,0.5328,1.3196,0.68332,0.14814,-0.084242,-0.38633,0.071958
3.0419,1.8732,1.2694,0.98988,1.217,0.84341,1.7185,0.55619,0.50907,-0.17836,0.017199,0.13897
3.4182,1.2399,1.158,0.33825,1.0166,0.92496,0.6766,0.38526,0.76722,-0.032092,0.052428,0.57586
4.0328,1.4769,1.7998,-0.0034469,0.20982,-0.20401,0.19505,0.2242,0.87126,0.83274,0.22942,-0.1631
3.7394,0.84835,1.1243,0.52334,0.17541,0.49275,0.44031,0.71277,1.1019,0.55845,-0.072152,-0.20378
4.0467,0.58482,0.43814,1.112,0.80944,0.25837,0.62184,0.38886,1.3668,1.1487,-0.012532,-0.2075
3.2971,0.26754,0.41547,1.3711,1.3562,0.07185,0.41395,0.61621,0.99246,0.015863,-0.16363,0.58272
3.1512,0.61558,0.78805,0.64927,1.194,0.59926,0.66772,0.74674,1.376,0.3747,-0.27048,0.33853
3.6203,0.62371,1.2863,0.034974,0.19097,1.0635,0.93865,0.34593,0.93568,0.10346,-0.1966,0.74751
3.4011,1.3831,1.7354,0.96971,0.94074,0.37753,0.42309,-0.25833,0.27554,-0.39213,-0.29571,0.72706
3.5663,0.96194,0.82513,1.1513,1.1662,0.54705,0.33898,0.10984,0.90494,0.14273,-0.59422,0.41135
2.9648,1.0825,0.82398,0.38193,0.94228,1.087,0.94289,0.55036,0.92404,0.38283,-0.32281,0.40401
2.981,1.1294,0.89033,1.3515,1.1889,0.7779,1.0345,0.45538,1.0504,0.28819,-0.20711,-0.02564
3.4754,1.3081,1.0989,0.35976,1.2036,1.0763,0.93568,0.30007,0.42646,0.62263,0.015528,-0.31343
4.1732,1.0502,0.7751,0.19857,0.73295,1.2729,1.3561,0.49208,0.73706,0.34996,0.48502,-0.54842
2.3726,1.5566,1.4694,0.21244,0.95712,1.4795,1.2515,0.33035,1.0088,0.7962,0.38149,-0.35013
2.6001,1.4451,0.84634,0.82862,0.9072,1.2138,1.5266,0.35564,0.79548,0.10749,0.054334,0.069961
3.3733,1.6593,1.1542,0.22298,0.99379,0.82951,1.0569,0.20734,0.27252,-0.061355,0.53038,0.11633
3.4019,1.2263,1.1573,0.99822,1.3195,0.78178,1.1411,-0.17738,0.035334,0.16598,0.24951,-0.045577
2.74,2.0123,0.87004,0.76707,1.4265,1.1042,1.5957,0.25769,0.56717,0.5114,-0.34399,-0.49835
3.0473,1.6457,0.93118,1.1322,1.1229,0.85501,0.93807,0.16905,-0.2995,-0.16944,-0.16463,-0.044547
3.4778,2.0162,1.8722,1.239,0.46879,0.098109,0.62611,0.21891,0.074535,-0.090894,0.16741,0.49429
3.8399,1.6414,0.97169,0.45065,1.0984,1.0446,0.79687,0.10019,0.41825,0.15817,0.38965,-0.53966
2.7755,1.6509,1.0914,0.10448,0.50188,0.97959,1.5216,1.2805,1.4397,0.19789,-0.1779,0.42139
3.167,1.795,0.85331,0.70208,1.4241,0.8487,0.99558,1.0367,0.68378,-0.28958,0.27304,-0.024257
3.1865,2.0236,1.0956,0.82043,1.8341,0.45024,0.41764,0.421,0.67081,0.096169,0.62621,0.17428
2.9842,2.086,0.898,0.63981,0.96425,0.7067,1.2751,0.49342,1.0923,0.72471,0.6029,-0.2124
3.4571,1.8234,1.1047,0.48672,1.0714,0.7585,0.69488,0.39365,0.36342,0.12119,0.68013,0.17679
2.8899,1.2483,0.71488,1.3931,1.5738,0.97524,0.67368,0.45169,0.46661,0.38845,0.12046,0.0065489
3.3965,2.0362,1.0338,0.35074,0.8756,0.94869,0.42628,0.3914,0.34381,0.46417,0.6098,-0.050598
2.8948,1.8099,1.6743,0.79808,1.1751,1.01,0.77668,0.20301,0.44725,-0.056082,0.0086749,-0.025629
3.4301,1.5279,1.3709,0.031054,0.82662,0.73118,0.61563,0.52433,0.11332,0.24808,0.52276,-0.16813
3.4331,1.5061,1.5942,0.55655,0.91681,0.61129,0.43294,-0.13571,-0.10041,0.24459,0.73798,0.62951
2.6234,1.7466,1.3823,1.2719,1.2418,0.60429,0.70413,0.16549,0.90515,0.42063,0.81463,-0.056889
3.4628,2.3306,1.6047,0.20831,0.79362,0.41698,0.34681,-0.14691,0.32082,0.54967,0.75685,0.58005
2.2302,1.2499,1.5725,1.3185,1.7726,0.67103,1.0312,0.19387,0.61951,0.48796,0.58001,-0.20841
2.8246,1.7282,0.84917,0.36575,1.5936,0.70305,1.4921,0.36766,0.1729,-0.11482,0.11188,-0.19058
2.4329,1.5263,1.8649,1.4531,1.6283,0.84064,0.61584,0.53877,0.41092,0.10689,0.18792,-0.36516
2.7954,1.8843,1.73,0.56537,1.5794,1.1215,0.78533,0.032212,0.26896,0.3239,-0.077004,0.35961
3.26,0.7005,1.7469,1.1689,1.3686,1.1265,0.65638,0.11784,-0.32275,0.23252,0.84423,0.19627
3.2568,1.6273,1.2381,0.87645,1.2591,0.86163,1.0887,0.72286,0.030805,0.16001,0.54093,0.20914
2.9648,1.8333,1.1516,0.97931,0.95258,0.51562,0.77596,0.36441,-0.2872,-0.0084588,0.35732,0.33277
2.5615,0.74222,1.788,0.59057,0.90482,0.63792,0.66083,-0.14746,0.23187,0.15672,0.27277,0.55765
3.9275,-0.62346,0.7275,-1.4846,0.65272,-0.031498,-0.14606,-0.10953,1.1153,0.98369,0.006164,0.34285
3.7638,0.38181,0.97801,0.14049,1.6163,0.26354,-0.36389,-0.28574,1.0017,1.1079,-0.012143,0.15285
3.8308,1.3177,1.8648,0.17114,0.92675,1.4827,0.81245,0.059701,0.73225,0.13982,-0.0046249,0.0028164
3.1907,0.65272,1.6876,0.13514,1.272,0.8881,-0.25823,0.026561,0.88048,0.58304,0.039395,-0.20071
4.0803,1.1185,0.17808,-0.77133,1.193,1.1054,0.39389,-0.68415,1.1116,0.97702,0.7192,0.33696
5.8973,1.8359,0.024755,-1.7356,0.48756,1.5479,0.6811,0.17161,0.73903,0.25455,0.2053,0.24874
4.5358,1.0731,0.62901,-0.33052,0.96361,1.4103,0.5232,-0.30032,1.1731,0.1433,-0.17782,-0.11548
4.5771,1.4511,0.25089,-0.5912,0.66559,1.3968,1.1583,0.012148,0.18924,-0.26576,0.090031,-0.54858
5.3536,0.76263,-0.29311,-1.3966,0.32993,1.3421,0.58938,-0.42693,1.4474,0.48024,-0.28464,-0.15327
4.6098,1.3673,-0.38014,-1.7154,-0.071796,0.77931,0.92187,0.0058754,0.099224,-0.23615,0.19253,-0.049306
5.052,1.201,0.014467,-1.6777,-0.67793,0.055598,0.66819,0.12051,0.57609,0.16518,0.02964,-1.0315
4.5249,1.6043,0.92778,-0.099594,0.21891,0.61762,0.84962,0.63219,1.0896,0.35476,-0.13356,-0.57255
4.6418,1.9103,0.47097,-0.10916,0.36756,0.24083,0.66482,0.15415,1.1989,0.75925,0.15722,-0.34368
6.3042,2.5866,0.55924,-1.333,-1.0398,-0.70074,-0.45125,-0.11324,1.1305,0.75082,-0.43645,0.038876
5.5574,2.5959,-0.036189,-1.8759,-1.2304,-0.88564,0.61561,1.592,2,0.70053,0.49399,-0.13588
5.1573,2.7033,1.6029,-0.99326,-0.44686,0.60141,1.3517,0.68825,0.67298,-0.061229,-0.15979,-0.31478
5.9034,2.9544,1.3721,-1.283,-0.80827,-1.0332,-0.59331,-0.11599,0.66225,-0.6471,-0.70043,-0.50284
7.0394,3.5509,0.82123,-1.4235,-1.38,-1.1604,-0.30927,-0.16472,0.48733,0.043929,-0.079034,-0.57689
7.0267,4.111,1.331,-1.3635,-0.83298,-0.76981,-0.11056,0.098665,0.58596,0.26126,-0.22611,-0.246
7.56,3.6992,0.90088,-1.8685,-1.3283,-0.76758,-0.29111,-0.28715,0.61994,-0.17052,-0.73795,-0.32898
7.0468,3.0778,1.0405,-2.1426,-1.9046,-0.97449,-0.68405,-0.74511,0.32666,-0.1586,-0.72335,-0.75451
7.7832,3.7229,1.1536,-1.7126,-1.5167,-0.30962,-0.23449,-0.27734,0.58739,0.11715,-0.36175,-0.2071
8.3142,4.0674,1.1592,-2.0136,-1.6018,-0.49998,0.23542,-0.32915,0.68624,0.25101,-0.45109,-0.5658
7.4412,2.928,0.59349,-2.7123,-2.1343,-0.23585,-0.85127,-0.67605,0.55559,-0.091105,-0.79804,-0.89715
7.7678,3.3938,0.092638,-1.7534,-1.8298,-0.65105,-0.090445,-0.018801,0.39257,0.20082,-0.527,-0.48882
7.2668,3.4033,0.31563,-1.6803,-1.7947,-0.15304,0.16461,0.070906,0.63005,0.32565,-0.33209,-0.25746
8.1607,2.0228,0.29335,-2.7475,-1.8965,0.27394,-0.085742,-0.79957,0.85057,0.19689,-0.69078,-0.2466
6.9503,2.2753,-0.44561,-2.1904,-1.9193,-0.049245,0.019059,-0.15721,0.35793,0.099497,-0.51405,-0.21762
8.8146,1.9842,-0.058021,-2.7517,-1.642,0.87268,0.43316,-0.29927,0.61399,0.39684,-0.27266,0.14148
7.539,1.3849,-0.83369,-2.5381,-1.9883,0.96114,0.52435,-0.64324,0.57951,0.54061,-0.44925,0.013239
7.2675,0.78463,-1.1929,-2.6017,-1.8259,1.0832,0.34141,-0.75895,0.75302,0.57533,-0.6481,-0.056726
8.777,0.18622,-0.53909,-2.6555,-1.1766,1.5569,0.52431,-1.0828,1.4213,0.65184,-0.3919,-0.35056
7.1217,0.53202,-1.4374,-2.3416,-1.3578,1.3493,0.30245,-0.94172,0.95362,1.0282,-0.53693,-0.39637
7.1025,-0.065319,-1.6695,-2.3396,-1.0455,1.4507,0.14907,-0.92285,0.85097,0.92721,-0.48664,-0.38253
8.49,-0.75803,-1.1683,-2.3268,-0.70583,2.1276,0.089112,-1.3278,1.408,0.89109,-0.30093,-0.66565
8.3977,-1.6215,-1.2805,-2.863,-0.64367,1.7031,-0.29463,-1.6989,1.2518,0.71696,-0.74917,-0.59879
7.6298,-0.80737,-1.4224,-2.005,-0.7397,1.9155,-0.31135,-1.2699,1.2893,1.0037,-0.80856,-0.70245
8.3654,-1.8731,-0.33065,-1.89,-0.47789,1.6607,-0.056338,-1.0868,1.5041,0.59725,-0.68368,-0.93678
8.0085,-2.1769,-1.2085,-2.1476,-0.69721,1.4767,-0.3961,-1.508,1.3925,0.54318,-1.0438,-1.1515
7.7145,-1.7077,-1.2937,-1.4081,-0.43067,1.7273,-0.27025,-1.1191,1.5061,0.7799,-1.1263,-0.74788
7.8879,-2.189,-0.99049,-1.6021,-0.027823,1.8699,-0.48977,-0.77328,1.6491,0.62868,-1.0102,-0.80016
7.6423,-2.828,-1.2493,-1.9884,-0.20323,1.364,-0.46717,-1.2251,1.4701,0.48219,-1.1886,-1.0595
6.7388,-1.5486,-1.5536,-1.0398,-0.15614,1.6622,-0.14194,-0.80883,1.5104,0.98475,-1.1852,-0.86144
6.4804,-1.2493,-1.5453,-1.203,-0.27558,1.5315,-0.3488,-0.92628,1.5595,1.1495,-1.0248,-0.87411
7.1221,-2.4396,-1.5413,-1.8665,-0.57509,1.0614,-0.87038,-1.4372,1.58,0.70418,-1.3113,-0.73229
6.3839,-1.1943,-1.3391,-0.90643,-0.24434,1.5083,-0.21029,-0.90533,1.4693,1.0989,-1.1421,-0.66747
7.383,-2.0498,-1.0106,-1.5796,-0.32737,1.5273,-0.46531,-1.088,1.4366,0.5774,-1.1854,-0.79875
7.0632,-2.0197,-1.7386,-1.2128,-0.67976,0.95553,-0.51049,-1.3315,1.244,0.69281,-1.1815,-0.74442
7.8775,-1.7286,-1.1775,-1.0727,-0.061292,1.6447,0.12681,-1.0034,1.8066,0.9035,-1.1445,-0.66755
7.3734,-1.304,-1.4574,-1.1643,0.35777,1.2652,0.19287,-0.96892,1.8601,1.0391,-1.5448,-1.5286
6.1083,-3.1281,-0.99986,-2.1578,-0.65376,1.339,0.014092,-0.43706,1.677,0.44913,-0.92529,-0.45001
6.7049,-1.1192,-1.5832,-1.6001,0.11152,2.0481,1.372,-0.14337,1.913,1.038,-1.106,-0.71517
5.2531,-0.60144,-1.4887,-0.87571,0.82835,1.7909,1.2915,0.12138,1.6566,1.0871,-0.21847,-0.54645
5.7202,0.57864,-1.4023,-1.3476,1.3074,1.4206,0.57885,-0.26937,1.0079,0.28486,-1.2024,-1.2619
5.3693,0.88769,-0.95404,-0.93871,0.59301,1.1099,1.5336,0.36328,1.0562,0.96845,-0.28617,-0.59164
4.3787,0.42285,-1.1347,-0.87228,0.88853,1.9486,1.5767,0.66433,0.92059,0.48892,0.20156,-0.40991
3.5162,0.56357,-0.4876,-0.22651,1.2942,1.9707,1.8372,1.3176,1.3404,0.67605,-0.2053,-0.43882
4.0301,0.76294,-0.19344,-0.53393,1.3202,1.7375,1.539,0.61292,0.51212,0.10592,-0.52351,-0.47024
3.5778,1.3773,0.79731,0.082824,1.5952,1.2027,0.97267,0.21514,0.27102,0.005166,-0.034583,-0.036438
3.1535,0.80618,0.051045,0.38146,1.6358,1.1913,0.86984,0.33723,0.546,0.23772,0.46705,-0.32222
3.4479,1.3672,0.91006,-0.13988,0.91564,0.90214,1.1751,0.13915,0.59087,0.37948,-0.26475,-0.81427
3.8505,1.5759,0.38339,0.24157,1.3112,1.4395,1.3867,0.25773,-0.11229,0.016405,-0.22054,-0.46265
3.3219,1.6555,0.31574,0.62707,1.3933,0.93502,0.94726,0.64012,0.13495,0.4006,0.553,0.587
3.0555,1.7507,1.3035,0.98515,2.0048,0.49027,0.3306,-0.19771,0.29353,-0.16467,-0.34182,0.87022
3.1111,1.3923,1.2161,0.49976,1.0308,0.82219,1.0343,0.42259,0.36197,0.28149,0.55185,0.55617
3.0744,1.6454,1.4311,0.41478,0.78603,0.95335,0.88461,-0.2633,-0.36509,0.46288,0.78021,-0.55506
2.6543,1.3783,0.53026,0.35355,1.1657,1.1263,1.0933,0.42856,0.21431,-0.028183,0.4447,0.084357
3.163,1.8387,0.86865,0.52704,1.2642,0.88608,1.4073,-0.085956,0.16338,-0.0082208,0.14397,0.4525
2.1701,1.4128,0.65893,0.988,1.9917,1.5297,1.3026,0.076063,-0.032132,0.28517,0.07679,0.29095
2.6344,1.2855,1.3205,0.69569,1.3712,1.0303,0.70734,-0.092746,0.51927,0.3905,0.50359,0.47864
2.5833,1.7934,1.2439,0.50253,1.1648,1.0545,1.4315,-0.086377,0.057752,0.5552,0.65044,-0.061038
3.2447,0.87826,1.6867,0.082217,1.0784,1.3571,0.12734,0.18773,0.76036,0.30666,-0.13895,-0.081154
4.1002,0.33925,0.28107,-0.072855,1.1849,1.2732,0.13902,-0.10085,1.725,0.59765,-1.0283,-0.70756
3.7544,-0.8198,-0.37507,0.068998,0.69029,0.68466,0.97641,0.94213,1.9281,0.031494,-1.0621,-0.4641
4.7113,0.33088,0.23018,0.05134,0.8571,1.1219,1.4656,0.23491,0.83446,-0.44013,-0.73267,-0.048101
3.8713,-0.97465,-0.79131,0.24428,1.2593,0.69705,0.87143,0.37738,1.8205,0.32191,-1.2978,-0.2074
4.6864,-0.84874,-0.6541,0.77061,1.2425,-0.18392,0.93827,1.2971,2.3152,0.25961,-1.3206,-0.44042
4.2417,-1.0111,0.11277,0.87375,1.3982,0.13187,0.18397,0.5394,2.1682,0.57431,-0.97315,0.067664
3.4777,-0.40377,0.00046062,0.29441,0.66499,-0.031491,0.99681,1.218,2.0911,0.47892,-1.2362,-0.1517
3.7419,0.21288,0.72884,0.51699,0.78037,0.25887,0.32959,1.3546,2.1074,-0.029929,-1.0881,-0.0384
3.4999,0.30769,0.52683,-0.17259,0.37353,0.62661,0.84815,1.35,2.2003,0.060218,-0.64678,0.45148
2.9263,0.2082,1.124,1.0569,1.2748,0.59822,0.27566,0.20101,1.0747,0.25214,-0.18697,0.47516
2.9819,-0.13703,0.64595,0.42532,0.73052,0.89548,0.8502,0.80631,1.4048,-0.14628,-0.61028,0.47609
4.0915,0.1822,0.51897,-0.11691,0.84602,1.0804,0.88635,0.67172,1.1379,0.25783,-0.47327,0.18622
3.4923,0.029076,0.86862,0.44579,0.50715,0.58177,0.55532,0.41854,0.5214,0.56042,-0.024636,0.4611
3.3047,0.034835,1.3085,1.106,0.49787,-0.17106,0.82946,-0.12581,1.2803,-0.070076,-0.84998,0.55349
3.0621,0.6066,1.4267,0.91713,1.279,0.5965,0.86422,0.035109,0.83528,-0.16047,-0.98483,0.18508
3.6532,0.87734,1.1847,0.50214,0.90231,0.64196,-0.014731,0.11091,0.76771,-0.21185,-0.88911,0.52736
3.197,0.99451,1.2169,0.47416,1.0336,0.67444,0.28257,0.29923,1.1448,0.68843,-0.21829,0.06276
3.2459,1.2033,1.412,0.66131,0.91648,0.77063,0.43483,0.28635,1.2316,0.16904,-0.59149,-0.26282
2.9707,1.0949,1.9383,0.60282,-0.04789,0.13358,1.1997,0.49177,1.4118,0.11463,-0.2428,0.40149
3.7918,0.90853,0.82231,0.6627,1.0624,0.88335,1.1814,0.18442,0.50459,0.32784,0.075977,0.431
3.3047,0.81203,1.3791,0.68972,1.2873,0.76437,0.46044,0.53117,0.63723,-0.21671,-0.36785,0.18253
3.5168,0.87667,0.80206,0.60211,0.98498,1.0688,1.0315,-0.13102,0.85873,-0.27186,-0.57989,0.24851
3.2254,1.3283,1.2093,0.55217,0.75077,0.76977,1.2148,0.59724,1.2111,0.4367,-0.53507,-0.32476
3.6181,1.4294,1.1883,0.71762,0.6946,-0.1761,0.90953,0.51586,0.65333,0.32736,-0.16334,0.11364
3.6132,1.9452,1.3655,0.43041,0.73506,0.75835,0.16148,0.049172,0.29045,0.11916,0.18036,0.47966
3.3785,1.5717,0.94713,0.35458,1.3884,0.57392,0.64489,-0.069858,-0.019864,0.11315,-0.066955,0.20595
2.6929,1.5708,0.95714,0.57512,1.099,0.77631,1.0318,0.68839,0.51594,0.34536,-0.11502,0.36384
3.0342,1.3969,1.1198,0.34483,1.1966,0.51674,0.80281,0.48045,0.45641,-0.22266,-0.16809,0.24956
3.2504,1.4805,1.0758,0.86999,0.145,0.73997,0.44404,0.45701,0.75571,-0.1179,0.47144,0.53905
3.2431,1.13,1.2021,0.36904,1.0659,1.1918,0.74717,0.28812,0.68192,0.44782,0.47358,-0.0061503
2.7107,1.2593,1.3349,0.37392,1.1186,0.99924,1.0849,0.34297,0.43811,0.59875,0.17897,-0.19632
3.3711,1.6308,1.2884,0.56988,0.83908,0.62622,1.2036,0.46217,0.45717,0.44715,-0.52813,0.067932
3.7478,2.1216,1.0272,0.54861,1.0959,0.35418,0.37426,-0.17471,0.31257,0.034574,0.06608,-0.18966
3.4728,0.97626,1.2335,1.1126,0.53318,0.49987,0.63746,-0.052232,0.67988,0.37232,0.17342,-0.14958
2.8616,0.83721,1.6617,0.60584,1.452,0.97791,0.72618,0.16635,0.54773,0.16336,0.30402,0.25852
2.8533,1.1366,1.5218,0.69753,0.96714,1.158,0.87465,0.59584,0.92571,-0.057183,-0.15354,0.41856
3.3175,0.61664,1.0054,0.67395,0.68607,1.462,1.0736,-0.1556,0.53144,0.23336,0.15631,0.32244
3.6353,1.6637,1.0673,0.0736,0.753,0.43881,0.44506,-0.18263,0.15283,0.10042,0.25353,0.8633
3.0434,1.5158,1.1272,0.85814,1.4304,1.2052,0.79605,-0.13207,0.20967,-0.18815,0.54904,0.56266
3.1038,1.2996,1.2296,0.47561,0.92592,0.92629,0.64638,0.11226,0.45899,0.016803,-0.41412,0.048207
2.9763,1.887,1.6383,0.17522,0.12588,0.57484,1.0271,0.51053,0.55173,0.44126,0.56602,0.36826
2.8138,1.9919,1.7318,1.6001,1.3269,0.75482,0.88807,-0.43034,-0.09266,0.15962,-0.098233,-0.058212
3.0103,2.455,1.5655,0.11896,1.2437,1.1665,1.013,-0.0090522,-0.13108,0.043807,0.12391,0.094777
2.7928,1.9492,1.5793,0.15033,0.45908,1.0622,1.2093,0.3361,0.84977,0.39408,0.10005,-0.68447
3.5301,1.5689,1.3132,0.14983,0.92734,0.84164,0.93723,0.31246,0.4775,0.28889,0.46269,-0.10201
3.5512,1.1818,1.5476,1.3076,1.7544,0.64499,0.81281,0.58765,0.34107,-0.12668,0.033599,0.082411
4.2395,2.6357,1.4349,0.8604,0.73449,-0.25134,-0.39334,-1.1638,-0.28525,0.23489,0.22595,-0.70586
5.2593,2.4817,2.96,1.1461,-0.32396,-0.0765,0.44137,-1.2639,-0.55214,-0.26317,0.37611,0.29421
5.2342,2.9521,2.3586,1.1976,-0.017732,-0.80603,-0.23839,-0.85505,-0.57598,0.0075676,0.5674,0.088146
5.5955,2.8453,1.5235,-0.36405,-0.64082,-0.49521,-0.20979,-1.4941,-0.88408,-0.77345,-0.068983,-0.19111
5.9491,3.7099,2.7211,0.50378,-0.45088,-0.58987,0.17226,-0.69518,-1.1683,-0.21548,0.4335,0.044869
5.8927,4.0334,2.6059,0.85051,0.24638,-0.63961,-0.37097,-0.56397,-0.58366,-0.48429,0.49284,0.12799
5.846,3.3285,2.2949,0.73553,-0.38067,-0.46516,0.074149,-0.86684,-0.57755,-0.39986,0.24546,-0.0018085
5.5704,2.9605,2.2866,0.38634,-0.40564,-1.4898,-0.6427,-0.87487,-0.95585,-0.53895,0.5817,-1.1331
5.881,3.1758,2.2074,0.73193,-0.16592,-0.29578,-0.13529,-0.50696,-0.66454,-0.88586,0.61177,0.36608
6.0263,3.0389,2.2042,1.1334,0.24669,-0.77409,-0.45629,-0.20925,-0.44059,-0.36971,0.90654,-0.016423
6.0237,3.471,1.8362,1.0119,0.43247,-1.2425,-0.35442,-0.44083,-0.70506,-0.78175,0.36492,0.29804
5.4987,2.5525,1.2776,0.173,-0.10957,-1.4491,-0.6132,-1.3261,-1.1636,-1.1989,-0.30065,0.35804
6.0127,3.3948,2.6277,0.74827,-0.11794,-0.92165,-0.42009,-0.60168,-0.49625,-0.55167,0.36394,0.39626
6.5247,2.9796,2.4254,0.87526,-0.10235,-1.1332,-0.67235,-0.12527,-0.56364,-0.28603,0.71018,0.54939
6.6683,2.7815,1.7864,1.1652,-0.5805,-1.9109,-0.22251,-0.52332,-0.28374,-0.23217,0.43399,-0.14745
6.2287,2.8221,2.3381,1.0017,-0.86054,-1.816,-0.66764,-0.28651,-0.56484,-0.2578,0.61663,-0.15789
6.325,2.8706,2.3158,1.2265,-0.58257,-1.2693,-0.30382,-0.56677,-0.57806,0.13585,0.43502,-0.21967
6.5075,2.0365,2.6402,1.1578,-1.1508,-1.4654,0.19859,-0.87229,-0.90445,-0.19404,0.61905,-0.27303
5.395,1.5939,3.4319,1.3245,-2.3037,-1.5049,-0.13942,-1.6181,-0.91419,-0.28366,0.2863,-0.26505
5.8355,1.8199,3.4052,1.0562,-1.6846,-0.28869,0.065897,-1.5863,-0.86862,0.11767,-0.20127,0.052565
5.6651,1.6116,4.2313,1.3266,-2.0588,-0.31304,-0.49742,-1.9224,-0.19685,-0.0013252,-0.15608,0.00054652
5.3254,1.1384,4.1216,0.65573,-2.6651,-0.42174,-0.81317,-2.1203,-0.24474,-0.15378,-0.66633,-0.32436
6.0971,1.242,5.0342,0.091355,-2.1628,0.64138,-0.57828,-1.5671,0.146,-0.52819,-0.25142,0.37018
5.0314,1.66,4.8954,0.56895,-2.2241,0.089381,-1.2392,-1.7022,0.32845,-0.082867,-0.40255,0.25578
4.7643,1.1055,4.6677,0.1596,-2.4435,0.21924,-1.552,-2.3992,0.12043,-0.38955,-0.12208,0.18567
5.0653,1.1971,5.3629,0.41173,-2.1731,0.19753,-1.3044,-1.601,0.39761,-0.33888,-0.15825,0.2409
5.5458,1.3614,5.4696,0.11651,-2.288,0.034743,-1.042,-1.6106,0.69877,-0.58619,-0.49853,0.23796
5.6429,0.67003,4.0024,-0.49467,-2.1377,0.19743,-1.3347,-1.6013,-0.10758,-0.87728,-0.63546,0.25428
5.5938,2.0728,4.3845,0.22322,-1.6,0.24693,-0.667,-1.3542,0.20094,-0.32032,-0.2386,0.73506
5.4379,2.4184,3.137,0.74658,-1.4691,-0.72036,-0.67129,-1.2462,-0.32794,-0.21673,0.18322,0.46627
5.8173,2.2924,2.9199,0.3442,-1.1321,-0.46982,-1.0235,-1.6527,-0.49293,-0.045543,0.20718,0.055121
5.0208,3.2751,4.2005,0.0034949,-0.61482,-0.24922,-0.94244,-1.0301,0.049548,0.15406,0.2034,0.17163
5.6646,2.6761,2.5207,0.38552,-0.14907,-0.26257,0.011653,-0.71484,0.4873,0.42529,-0.16721,0.00039072
4.5055,1.7909,1.4396,0.01453,-0.60469,-0.19169,0.63322,-0.7005,-0.3166,-0.19526,-0.073621,-0.17728
4.3522,2.2638,1.2704,-0.031352,0.84047,1.0375,0.39763,-0.65778,0.21557,-0.31027,-0.16801,-0.083385
4.3982,1.8315,1.3682,0.8159,1.2464,0.83693,0.5729,-0.46626,0.16426,0.33775,-0.40434,0.28822
3.7008,1.8784,0.65144,0.48728,0.55142,-0.2192,0.36994,-0.42799,-0.24,0.62075,0.42821,0.54207
3.5726,2.0784,1.6494,0.25559,0.49481,0.576,0.82256,0.18819,0.66386,0.21244,0.86308,0.26883
3.1213,1.1037,1.9947,0.931,1.1745,1.134,1.0406,0.2125,0.18851,0.27778,0.13101,-0.67243
3.2401,1.7496,1.3683,0.18622,0.95658,0.73289,1.3229,0.5168,0.021134,-0.070589,0.31573,0.070413
3.0195,1.9582,1.6005,0.79202,1.0974,0.75218,0.69804,0.3211,-0.2116,-0.42353,0.37595,0.057269
3.641,2.1074,1.1039,0.62722,1.3825,0.42784,0.79541,0.36302,0.35558,0.32092,0.35934,-0.14191
3.0447,1.4975,1.2983,0.83742,1.5718,0.024816,1.0969,0.013119,-0.21684,0.45125,0.18243,-0.23774
3.6961,1.7921,0.84748,0.95019,1.7964,1.3128,0.70203,-0.333,0.021522,0.57186,-0.010523,-0.2601
3.0857,1.938,1.1417,1.0408,1.8583,1.3481,1.0646,0.41075,-0.070223,0.077813,0.23405,-0.51853
3.8669,1.994,1.0651,1.3233,1.2877,0.2679,0.76651,-0.11862,-0.40624,0.30498,0.26432,0.21207
2.95,2.3789,1.2631,0.24746,0.88064,0.38545,0.065221,-0.38429,0.5247,0.31225,-0.39825,0.26063
3.0959,1.4166,1.275,1.1497,2.0368,0.72282,0.49329,0.25568,0.24154,0.2422,0.19747,0.42925
2.8258,1.5263,0.81511,1.1749,1.6497,0.77916,0.64006,0.67473,0.63272,0.68778,0.11864,0.38618
2.8806,1.7759,1.1845,1.308,1.0406,0.42559,0.85732,0.081135,0.17817,0.53996,0.48642,0.13385
2.4027,1.4112,1.2646,1.0062,2.0481,0.94536,1.2355,0.59086,0.25703,0.53344,0.84014,0.80387
3.2472,1.5002,0.84402,0.36662,1.2146,0.97691,1.4928,1.1139,0.83995,0.83566,0.084883,0.34077
2.8585,1.5369,1.1979,0.46947,1.2647,1.0143,0.97428,0.23447,0.27923,0.42817,0.11003,-0.23687
3.7469,1.7415,1.22,0.58997,1.1403,1.3104,0.7841,-0.27426,0.37686,0.4204,0.15798,-0.47998
3.2562,2.1688,1.1794,0.6764,1.0411,0.77682,0.79876,-0.048244,-0.053792,-0.011091,0.7073,0.25994
2.7739,1.1099,1.1747,0.54611,1.0128,1.3102,0.94475,-0.19342,-0.082029,-0.10699,0.57666,0.20214
2.9285,1.6631,1.3429,0.25195,1.6267,1.5813,1.5361,0.057158,-0.014214,0.41228,0.37238,0.67051
2.8425,1.9669,1.0529,0.45645,1.0872,0.82462,1.2137,0.33132,0.15553,-0.21704,0.64995,0.60064
3.3017,1.7624,1.1507,0.95676,1.4424,0.94207,0.27292,0.018775,-4.9573e-05,-0.10731,0.4251,0.21712
2.704,1.9267,0.97746,0.42832,0.83836,1.5119,1.4927,0.46733,0.71914,0.4384,0.77321,-0.027364
3.2121,2.2457,1.4692,0.28507,1.1344,1.3957,0.77084,0.045596,0.13266,0.15441,0.21444,0.39386
3.4026,2.1487,1.3999,0.81684,1.7065,1.265,0.59493,-0.030864,0.03865,-0.3131,0.11112,-0.21662
4.2771,0.2138,1.2598,-0.15895,0.89655,-0.065803,0.052832,-0.34447,0.67621,0.36146,0.00019581,0.3078
3.6879,1.6433,1.0788,-0.91575,0.56083,-0.26541,0.35994,0.059429,1.03,0.50256,0.56441,0.26029
3.6521,1.7789,1.3095,0.0032587,0.53299,-0.29203,0.525,0.65224,0.83635,0.87867,0.55901,0.16073
2.6838,1.4357,1.3388,0.2982,1.0949,0.54481,0.94924,-0.061411,1.0786,0.79739,0.34166,-0.12887
3.1166,1.616,1.4184,-0.22023,1.1067,0.62126,1.1377,0.71854,0.021842,0.46815,0.76223,0.28273
2.6369,1.9595,1.3651,0.66502,1.7016,0.81103,0.4792,0.16134,0.47124,0.0043551,0.5108,0.36921
3.2571,1.4559,1.4909,0.88369,1.7733,0.88374,0.40845,-0.037305,0.79437,0.40137,-0.53352,-0.46135
3.1131,1.4427,2.0779,0.61781,0.55053,0.47919,1.3286,0.3299,0.34512,-0.027943,-0.39938,0.24909
3.5774,1.8822,1.7846,0.93164,0.71187,0.88366,0.5025,-0.028149,0.24328,0.034502,0.38938,-0.183
2.25,0.76048,1.3449,0.46244,1.2218,1.1101,1.2517,0.89438,1.1143,0.98224,1.0445,0.27229
3.5717,1.2978,1.8685,0.65763,0.63596,0.89909,0.78516,0.3213,0.53086,0.82959,-0.13679,-0.0029999
2.9402,1.3942,1.6265,0.43169,0.85137,0.87189,0.93214,0.61423,0.82695,0.26877,0.14339,0.35641
2.5467,1.1055,1.5255,0.53041,1.1292,0.72503,1.2797,0.77577,0.90687,0.78303,0.39935,0.028542
3.9042,1.9515,0.99585,0.33759,1.2722,0.84282,0.9077,0.088848,0.021966,0.46939,0.19436,0.28178
2.9248,1.3121,1.3237,0.53577,0.78714,0.28786,0.669,0.28391,0.33831,-0.038214,-0.3158,-0.097918
3.1891,1.2174,1.3609,0.94937,1.4417,0.88587,0.57416,0.29282,0.10164,0.98836,0.52767,0.32601
3.1575,1.456,1.1372,0.35364,0.80376,1.046,0.95753,-0.074418,0.29542,0.29001,-0.070804,-0.074012
3.0735,1.8824,1.8205,0.59745,0.99249,0.57061,0.97162,0.25631,0.94164,0.1283,0.10637,0.0012467
3.1191,1.1302,1.3431,0.84275,1.1264,0.75506,0.86385,0.56466,0.54732,0.30458,0.47401,0.24574
3.3301,1.6575,1.7096,1.0654,1.1356,0.67178,1.2218,0.47904,0.22839,0.012273,0.7614,-0.016552
3.3612,1.3175,0.93779,0.49391,1.5634,0.95372,0.81734,-0.37112,0.2108,0.44175,0.71327,0.40625
3.2438,1.4044,0.62413,0.26824,1.8015,1.6442,1.6017,0.597,0.47232,0.61397,-0.15629,-0.18637
2.9742,1.6108,1.184,0.66277,1.4656,1.0727,0.49984,-0.51037,0.41578,0.41762,0.42976,-0.019147
2.6388,2.2632,1.7107,0.6374,1.0412,-0.16526,0.21145,-0.14198,0.61106,0.59084,0.9183,0.18957
2.6936,1.6245,1.8238,0.48308,1.2518,0.88431,1.2815,0.17449,0.49772,0.47032,0.13071,0.42319
3.7547,1.4084,1.5949,0.79083,1.0504,0.61926,1.0664,0.44433,0.69387,0.111,0.32885,-0.085428
3.8989,2.0767,1.6399,0.17163,0.26485,0.48672,1.5631,0.24907,0.0037048,-0.15908,-0.25949,0.305
2.9027,1.4288,1.0875,0.4951,1.0282,1.0709,2.0844,0.93205,0.60202,0.13761,0.75429,0.18907
2.7189,1.6806,0.79025,0.4787,1.4246,1.2824,1.4304,0.49303,0.17344,0.48925,0.75255,0.63401
3.2835,1.7679,0.74005,0.74543,1.1244,0.50655,1.1368,0.30837,-0.041537,0.23091,0.92812,0.3562
3.0665,1.3695,0.80342,0.27776,1.3882,1.1962,1.5292,1.2931,0.20201,-0.3736,0.0066415,0.46486
2.7845,1.3113,1.0603,0.25663,1.5811,1.1484,0.86616,0.43695,0.60792,0.71333,0.94494,0.83785
3.1305,1.4669,1.7826,1.0398,0.98184,-0.50573,0.49936,1.195,0.76142,0.19755,0.19387,-0.042259
3.5575,1.5526,1,1.1215,0.98321,0.62256,1.2603,0.60705,-0.019986,-0.29732,0.16493,0.046803
3.024,1.179,1.3575,1.8268,1.2286,0.57804,1.5033,0.41714,0.4144,-0.95644,-0.29078,0.7149
3.3163,1.3256,1.1505,0.68128,1.3252,0.87284,0.84858,0.5228,0.23324,-0.082801,0.20018,0.14125
2.5835,0.59458,1.6818,1.7348,0.99917,-0.043214,0.76147,1.1743,0.96628,0.10705,0.10959,1.1621
3.1288,0.60299,1.403,1.1713,0.51961,0.13638,1.0654,0.78091,0.89575,0.043589,0.070512,0.894
2.8862,1.2592,1.0499,0.86409,1.7512,1.3431,1.4668,0.93489,0.14078,-0.31105,-0.087581,0.54733
2.2216,1.0863,1.5007,1.6542,1.2188,0.27359,0.95005,0.64994,-0.092748,0.0602,0.8371,0.79888
2.8237,0.44579,1.3792,1.059,1.4581,0.51025,1.4799,1.3471,0.38117,0.2105,-0.22787,0.54978
3.6557,0.26909,1.242,1.2348,0.57302,-0.34056,0.72747,1.3507,0.93211,0.11898,-0.21751,0.39043
2.7896,0.47577,1.6461,0.9882,0.97127,0.49246,0.67016,0.09717,1.227,0.55708,0.25875,0.50897
2.605,0.16568,2.0539,0.89933,1.6364,0.60535,1.3193,0.68831,0.25977,-0.059817,-0.22028,0.53164
2.1077,0.90811,1.3965,0.06519,1.6441,1.0207,1.2325,-0.001049,0.22709,-0.01415,-0.14759,0.16783
1.6067,1.5927,1.7236,0.96355,1.6285,0.7262,1.4779,0.25767,0.63019,0.73589,0.48265,-0.18958
1.6504,0.67234,1.2493,-0.56688,1.7768,0.76686,1.5165,0.40693,1.7542,1.7809,-0.050718,0.26764
1.8227,1.1874,1.3744,0.60252,1.9206,1.2254,1.315,0.18292,1.1768,0.071063,-0.19995,0.38395
2.6386,2.0552,1.4867,-0.69148,0.9418,0.49548,0.99107,-0.27731,0.87234,0.23623,0.4369,1.0105
1.7987,1.4966,1.8791,1.0086,2.3783,0.33198,1.3793,-0.11324,0.45558,0.029521,-0.69896,0.8062
1.9511,1.4896,2.6627,1.0101,1.6906,0.019698,1.3477,-0.59432,-0.031762,0.11933,-0.44817,0.7612
1.6567,1.7573,2.4734,0.87672,1.7928,0.3063,1.2968,0.35146,0.91844,-0.71394,-1.1024,0.74519
1.7017,1.7994,2.6322,-0.22174,2.1382,0.8433,1.2171,-0.28757,0.79481,-0.42496,-0.43127,0.6708
0.82913,0.96651,2.5583,-0.2207,1.7356,-0.38131,0.63745,0.27499,0.50957,0.267,-0.18927,0.95789
1.7834,1.7085,1.8363,-0.3256,1.7741,-0.26866,1.1401,-0.15175,0.82391,-0.2788,-0.50228,1.4053
0.81684,1.4786,2.0284,0.25831,1.9021,-0.5904,1.1691,-0.20213,1.2404,0.039435,-0.8728,0.15644
0.78076,1.8563,2.4214,-0.67273,1.7736,-0.4389,1.7066,0.43685,1.4001,0.64104,-0.14008,0.66042
1.0185,2.188,2.7035,-0.54655,1.6226,0.013563,1.6706,-0.45607,0.69306,0.38126,-0.13138,0.23098
0.78791,1.9408,2.1402,0.81129,2.1319,-0.49035,1.849,-0.0011744,1.0561,0.25188,-0.65511,0.056228
0.85065,1.2629,1.9849,-0.0097516,2.2077,0.15077,0.99487,-0.62945,0.64651,0.771,-0.28058,0.81221
1.4777,0.77294,2.008,-0.06582,1.7277,1.198,1.7335,-0.35855,0.61269,0.33631,0.01062,0.9308
1.9933,0.55419,1.702,0.20637,1.1536,0.51025,1.408,0.031603,1.0722,0.6007,-0.072411,0.77855
2.838,1.2299,1.7184,0.41652,1.3945,0.62364,1.1705,-0.062088,0.49179,-0.82187,-0.70512,1.0951
5.7015,1.9029,1.574,0.75673,0.13312,-0.17618,0.042072,-0.60519,0.086727,-0.102,-0.044153,0.21224
6.5304,-0.67468,1.6429,0.19309,-1.1755,-1.0614,-0.8579,-0.70329,1.7519,0.20621,-0.89624,0.9544
5.8955,-1.7995,2.1992,-0.61001,-1.3635,-1.1625,-1.0537,-0.61125,1.7142,-0.05972,-1.0217,0.57055
6.4604,-1.31,2.3838,-0.23378,-1.4603,-0.894,-0.78365,-0.026881,1.6522,0.16966,-0.75957,0.80887
7.3325,-1.4197,1.9728,-0.33885,-1.953,-0.79286,-0.41283,0.0047401,1.688,-0.003234,-0.63448,0.75805
6.5481,-2.2882,2.0002,-0.84568,-2.3226,-1.1196,-1.2551,-0.22951,1.6263,0.26602,-1.0826,0.47743
7.2093,-1.7357,1.6763,-0.36243,-1.8546,-0.92397,-0.56862,0.14961,1.6603,0.02002,-0.53211,0.32295
7.0007,-0.88668,1.9521,0.62951,-1.8589,-0.88637,0.040065,0.16161,1.8363,0.049659,-0.69377,0.33012
7.0837,-0.60338,1.4217,0.26421,-1.428,-0.82874,0.45162,0.35551,1.1036,-0.13559,-0.75582,-0.051746
6.2363,-0.49522,1.005,-0.21111,-2.0396,-0.56098,-0.56353,0.035072,1.1963,-0.13656,-0.91514,-0.010951
5.2632,-0.91416,1.8416,0.32171,-1.54,-1.1481,-0.63362,-0.52364,0.90941,-0.41661,-0.24668,0.23678
5.7164,0.69738,1.6832,0.03636,-1.3253,-0.59403,0.31831,0.37341,0.73188,-0.36075,0.15741,0.26577
6.1247,1.4887,1.6978,0.23591,-0.75226,-0.83314,0.092906,0.40033,0.89636,-0.17024,0.59688,0.77112
5.3377,1.6616,1.2654,0.61915,0.2473,-0.22932,0.21404,0.5618,1.1852,0.50825,0.5343,0.25542
4.9036,1.5542,0.89301,0.051522,0.43151,-0.021672,1.0076,0.40518,0.013096,-0.11494,0.49916,0.54367
3.3819,0.8074,1.2689,1.229,0.65214,0.18833,0.73586,0.16588,0.39557,0.016663,-0.068945,0.15196
4.164,1.6831,1.0195,-0.24806,0.61531,0.89339,1.1287,0.35687,0.56225,0.82495,0.22237,-0.060274
4.1208,1.4698,1.6301,-0.013695,-0.12589,0.29058,0.68209,1.191,0.95996,0.55435,0.47435,0.49088
4.0337,1.6178,1.4543,0.78905,0.47522,-0.034776,0.84996,0.20325,0.43698,0.60126,0.68393,-0.063943
3.1117,1.7365,1.3038,0.25857,0.75274,0.4285,0.92791,0.94147,0.99057,0.7294,0.67871,0.15103
3.4105,2.0365,0.70549,-0.017052,1.0141,0.75009,1.4653,1.1834,0.22873,0.49463,1.1526,0.016343
3.262,2.0249,0.80508,0.042202,0.98771,0.75874,0.84645,0.5002,0.85176,0.46618,0.61865,0.17273
3.8524,2.5927,1.4804,0.36635,0.911,0.61029,0.79755,0.15411,0.33561,-0.15824,-0.12671,0.0049743
3.1379,2.026,1.2479,1.0652,0.80458,0.53343,1.2781,0.41262,0.63607,0.17757,0.45559,-0.1756
3.4126,1.6213,0.85086,0.9911,0.92157,0.41054,1.0865,0.78834,0.010667,-0.10126,0.24816,0.37855
3.3309,1.9901,0.8195,0.68845,2.0141,1.1727,0.79998,-0.056024,0.17746,0.49727,-0.041876,-0.2359
3.3591,1.7952,0.77723,0.79733,1.6782,1.1081,0.66337,0.12549,0.14179,0.37598,0.22914,-0.40816
3.1685,2.3161,1.6788,0.95981,1.4548,0.81725,0.61214,-0.3977,-0.054379,-0.018319,-0.14907,0.29286
3.001,1.9917,1.9558,1.1055,1.0416,0.83712,0.60035,0.085434,0.17796,-0.17008,0.24439,0.23591
3.6869,1.8085,0.74105,0.24075,1.4382,1.0159,0.57446,0.54574,-0.024461,-0.39613,0.31645,0.29234
3.6002,1.7451,0.73594,0.9197,2.1165,0.56893,0.70655,0.16912,-0.1146,0.50746,0.78188,0.11184
3.1899,1.7957,0.58446,0.89784,1.7239,0.54947,1.0851,0.20135,-0.28309,0.12231,1.0271,0.73272
3.3458,1.8656,1.0929,0.77369,1.5691,1.0417,1.4667,0.66159,0.60501,-0.31559,-0.42601,-0.12373
3.135,1.9865,0.85763,1.2312,1.2382,1.0205,1.0081,0.22697,9.1679e-06,0.19272,0.77069,-0.17936
3.1783,2.1724,1.2321,0.67287,0.65043,0.7724,1.2609,0.93785,0.29859,0.34601,0.54072,0.18086
3.3525,1.6273,1.1743,1.0706,1.448,1.1313,0.87015,-0.2528,-0.48689,-0.046795,0.39283,0.054912
3.253,2.1706,1.3792,1.3447,1.4375,1.1365,1.0485,-0.4429,-0.49036,-0.43492,0.1585,-0.11156
3.2793,2.1115,1.5655,0.81214,1.652,1.2139,0.97203,-0.078077,-0.099716,-0.1556,-0.086265,0.031098
2.6911,0.94937,0.98234,0.79321,1.5747,1.4396,1.5138,0.50286,0.50874,0.36387,0.24127,-0.30422
3.3289,2.089,1.5144,0.83275,1.4966,1.0188,0.94882,-0.61862,-0.58222,0.2298,0.76543,0.17812
4.2272,2.2439,0.49261,0.47399,1.453,0.84862,0.79289,-0.12718,-0.34005,0.1182,0.36776,0.0033496
3.544,2.6535,2.2596,0.428,0.5453,0.80405,1.0771,-0.3014,0.52162,0.17335,-0.038971,-0.44808
3.2599,2.413,1.3734,0.92706,0.69662,0.64054,1.2183,0.47642,0.55947,0.21765,0.35311,-0.71674
3.6891,2.3929,0.97662,0.52977,1.1948,1.0588,1.0088,-0.10187,0.59043,0.31832,0.53794,0.20865
2.4519,1.8892,1.9873,0.88866,1.242,0.53293,1.1169,0.12572,0.1834,-0.54806,-0.098366,0.044922
3.0849,1.6501,0.83339,0.8521,1.8513,0.61727,1.361,0.38877,0.3496,0.44095,0.56862,0.50494
2.8016,1.344,1.6449,1.2075,1.6064,0.86961,1.3981,0.14609,-0.19709,-0.041113,-0.18088,0.033188
4.2036,0.4082,0.86048,-0.60807,1.165,0.21335,1.2473,0.13671,0.49374,0.68403,-0.4989,0.30197
3.8408,1.4366,0.85868,-0.50073,1.0052,-0.43413,0.97363,0.589,0.14362,0.91973,0.16351,0.72033
4.1071,1.8133,0.93837,-0.51185,0.48628,-0.25151,0.85079,0.52455,1.057,1.5057,0.50787,0.89195
3.5828,1.7048,1.4105,-0.24174,0.93929,0.75187,0.88173,-0.060951,0.88274,0.34795,-0.2351,0.64746
3.8402,1.2339,1.1433,0.10814,1.3627,1.1359,0.15919,0.073098,0.32533,0.41549,0.014741,0.71217
3.7914,1.9424,1.2007,0.75669,1.451,-0.028539,0.62219,0.32588,-0.18361,0.65544,0.50646,0.22341
2.9474,1.7344,1.3212,0.10851,1.0411,0.57057,0.97478,0.99632,1.2985,0.38654,0.068775,0.044393
2.3218,0.95968,1.9256,1.5389,0.93223,0.39831,0.61033,1.1646,1.0548,0.35357,0.14433,0.031439
2.4629,1.2832,1.1436,1.2073,2.0237,0.97143,0.93361,1.2095,1.1608,0.24513,0.36905,-0.1674
3.0252,1.4912,0.77035,0.59246,0.93974,0.83322,1.2927,1.0244,0.90203,0.40613,0.097448,-0.15502
3.0607,1.8311,1.8385,0.86456,0.73094,0.014644,1.2233,0.64411,0.54026,0.38697,-0.0096571,-0.16601
3.5082,1.5715,0.6666,0.5532,0.6677,0.44621,1.2831,0.81386,0.36307,1.0945,0.84645,-0.4295
3.0124,1.6293,1.3651,0.62597,1.5904,0.92961,0.8547,0.39211,0.44305,0.007869,0.039084,-0.18233
3.6727,1.8411,0.98796,0.43323,0.71748,0.62638,0.90945,-0.12538,0.22395,0.06769,0.31253,0.43991
3.6539,1.4474,0.6129,0.85999,1.2133,0.77332,0.80163,-0.13975,0.41353,-0.012616,0.0049772,0.20314
2.922,1.4854,1.2673,1.4651,1.5115,0.54574,1.4378,0.42594,0.22194,-0.44334,0.13345,0.31324
3.2805,2.1909,1.0151,0.13042,0.71314,0.25539,0.85792,0.80493,0.84862,0.035089,-0.051484,0.0053997
3.5112,2.206,1.1425,1.671,2.397,0.92068,0.3777,-0.031483,0.36535,0.24487,-0.22614,-0.17215
3.4173,2.6647,1.5513,0.33471,0.47822,0.72704,0.77146,-0.017533,0.15927,0.5033,0.063456,-0.14833
3.6134,2.3235,1.9909,0.94503,1.0563,0.79809,0.55307,-0.11043,-0.16723,0.016124,0.21247,-0.27468
2.7015,1.6264,1.4397,0.8415,1.7884,1.5168,0.87745,0.14556,0.52078,0.2599,0.45031,-0.30557
2.8221,1.1233,1.2037,1.2552,1.2795,0.43295,1.06,0.019992,1.0143,0.56519,0.46877,-0.18
3.35,1.7301,1.609,0.79534,1.6865,0.54849,0.22187,0.11481,0.14239,0.12409,0.53135,0.34232
3.4555,1.4207,1.4457,0.80524,1.4199,0.58684,0.73258,0.20341,-0.15602,0.072571,0.42688,0.31363
2.985,1.4171,1.5161,0.99204,1.4042,0.98122,0.95685,0.64489,0.53903,0.42757,-0.10234,-0.41899
3.1771,2.4064,1.6139,1.2114,0.78491,0.086804,0.4227,0.35612,0.46096,0.42031,0.47581,-0.022578
2.7197,1.983,1.1813,0.54904,1.5852,1.6848,1.2737,-0.07852,0.66579,0.37803,0.056702,0.13935
2.8825,1.6105,1.2656,0.59306,1.3152,1.0717,1.381,0.57621,0.17698,-0.25181,-0.081775,0.0068002
2.951,1.1909,1.3025,0.96805,1.6084,0.99712,0.68627,0.23905,0.0867,0.31525,0.31188,-0.14597
2.3211,1.9709,1.8414,1.1515,1.8057,1.5421,1.1005,0.060868,0.41935,0.31965,0.3873,0.20604
2.863,1.9716,1.1852,0.99259,1.4393,0.44386,0.72725,0.016684,0.25611,0.9517,0.9211,-0.19342
2.6992,2.0327,1.1162,0.29967,1.1432,0.39962,1.1869,0.14966,0.43995,0.29954,0.84519,0.28405
3.0314,1.5753,0.6881,1.0214,1.3679,0.98963,1.2685,0.34023,0.79165,0.46131,0.39336,-0.24582
2.7076,0.79464,0.90407,0.51816,1.1863,1.6674,1.6063,0.4734,1.1225,0.53802,0.0023784,-0.068835
3.2663,1.5657,1.1571,0.37801,0.64955,0.75026,1.0515,0.16365,0.38119,0.57282,1.0986,0.55717
3.2968,2.1523,1.3294,0.72935,1.4415,0.67707,0.51458,0.17408,0.69303,0.30343,-0.042525,-0.16414
3.0917,1.6415,0.80611,0.80326,1.7869,1.1506,1.069,0.30988,0.55152,0.60945,-0.057702,0.36091
3.124,1.5559,1.2745,-0.35997,1.099,0.76018,0.42871,0.42968,0.63918,0.35406,0.5607,0.62835
3.4507,1.6859,1.2737,0.75266,1.4444,1.0116,0.3311,0.3096,0.34331,-0.17833,-0.17466,-0.042453
2.9749,1.5851,1.3606,0.52987,1.4373,1.3459,0.94635,0.61448,0.38335,-0.30434,0.029122,-0.092728
3.2114,1.4022,1.0366,0.86571,1.3097,1.0191,0.72737,0.27674,0.71051,0.59869,0.32022,-0.32047
2.8639,1.1734,1.0379,1.5854,2.5894,1.3505,1.1484,0.10479,-0.2084,-0.12161,0.81587,0.06351
3.0326,1.6389,1.4427,0.75766,1.5757,1.1128,1.1004,0.18502,0.11146,0.07008,0.58291,0.092534
2.2586,1.2562,0.81205,0.53946,1.0604,0.99644,0.91718,0.85743,0.72673,0.84489,1.1363,0.68232
3.8788,2.1275,1.1951,1.0552,1.2936,0.61527,0.93428,-0.27515,-0.028683,-0.62635,0.11627,0.70578
3.6277,2.0307,0.84198,0.042014,0.82569,0.81829,0.99085,-0.1683,0.16981,0.37876,0.46898,0.55426
2.988,2.0856,1.416,0.75923,1.3199,1.2878,0.83792,-0.17575,0.55989,0.21251,0.43664,0.85695
3.0811,1.1795,1.4257,0.95543,1.2044,0.68855,0.45582,0.83287,0.47833,-0.15383,0.2304,-0.19884
2.9063,1.5506,1.5069,1.4615,1.5031,1.0192,0.97013,0.4439,0.27159,0.11953,0.06292,-0.043198
