-0.67502,0.65174,-0.61436,0.56488,-0.50594,0.44059,-0.37212,0.30386,-0.23891,0.18,-0.12933,0.088416
-0.81157,0.78216,-0.73548,0.6748,-0.60417,0.52808,-0.45094,0.37675,-0.30868,0.24893,-0.19854,0.15754
-0.65909,0.61153,-0.53698,0.44195,-0.33456,0.22362,-0.11772,0.024368,0.050702,-0.10403,0.13461,-0.14377
-0.64321,0.62203,-0.58773,0.54174,-0.48598,0.42269,-0.35437,0.28362,-0.213,0.14491,-0.081475,0.024459
-0.65037,0.63293,-0.60463,0.56658,-0.52024,0.46735,-0.40985,0.34977,-0.2891,0.22976,-0.17346,0.12164
-0.80181,0.76688,-0.71163,0.64018,-0.55765,0.46967,-0.38179,0.29895,-0.22504,0.16266,-0.11295,0.07565
-0.76014,0.7343,-0.6926,0.63706,-0.57029,0.49537,-0.41567,0.33461,-0.25554,0.18147,-0.11495,0.057929
-0.76069,0.7347,-0.69278,0.63698,-0.56994,0.49479,-0.41494,0.33388,-0.25497,0.18124,-0.11527,0.058997
-0.56647,0.54663,-0.51532,0.47495,-0.42845,0.37896,-0.32941,0.28224,-0.23913,0.2009,-0.16748,0.13805
-0.88973,0.85087,-0.78845,0.70583,-0.60739,0.49829,-0.38408,0.27041,-0.16263,0.065488,0.017135,-0.082465
-0.97512,0.93218,-0.8638,0.77441,-0.66968,0.55595,-0.43968,0.32698,-0.22306,0.13196,-0.056269,-0.0028631
-0.72948,0.70795,-0.67319,0.62677,-0.57081,0.50776,-0.44032,0.37127,-0.3033,0.23885,-0.18002,0.12843
-0.70731,0.67721,-0.62951,0.56765,-0.49591,0.41904,-0.34173,0.26822,-0.20192,0.14517,-0.099136,0.063843
-0.54946,0.5322,-0.50506,0.47025,-0.43049,0.38861,-0.34727,0.30862,-0.27406,0.24417,-0.21866,0.19656
-0.71583,0.6733,-0.60687,0.52268,-0.42828,0.33182,-0.24106,0.1626,-0.10121,0.059353,-0.037145,0.032486
3.4741,0.83941,1.1667,0.46443,0.5842,0.035105,0.83895,-0.18287,0.18421,0.083873,0.25655,-0.063978
3.7989,1.1234,1.9423,-0.0080406,0.61359,0.36934,1.1221,0.56261,0.53551,0.40316,-0.35282,0.24556
3.2791,0.65955,1.2699,0.25225,0.61036,0.71303,1.1577,0.98831,1.5941,0.14245,-0.33961,0.43374
3.1607,1.6409,1.5035,0.37364,1.0055,0.17317,0.44636,0.49776,0.98966,0.084742,-0.21133,0.4371
3.5015,1.1388,1.738,1.2261,0.80127,0.15803,0.76392,0.56243,1.1817,-0.096104,-0.37576,0.45691
3.9246,1.17,1.4643,0.51801,1.1035,0.014762,0.37006,0.049448,1.0076,0.18587,-0.60052,0.31393
3.0082,1.724,1.9157,0.82546,1.0767,0.73947,1.5744,0.65853,0.80989,-0.45781,-0.93348,-0.33196
2.8821,0.81209,2.255,1.3049,1.5945,0.34215,0.19051,0.094999,0.43388,0.23569,-0.22582,0.037521
3.2466,0.45939,1.3045,1.0887,0.5788,0.17556,0.43316,0.63911,1.3242,0.16537,-0.067392,0.64202
3.139,0.9737,1.6309,1.1104,0.86625,0.42806,0.28476,-0.20023,1.3213,0.75109,0.21545,0.54393
2.473,0.82314,1.5065,0.9837,1.5197,1.3737,1.0763,0.62218,1.1382,-0.25299,-0.53455,-0.094995
3.0136,0.30916,0.8407,0.69131,1.0707,1.0783,0.84124,0.74177,1.2366,-0.14587,-0.093646,0.28658
4.5031,-0.01606,0.67253,0.53915,1.0406,1.6959,0.88915,0.58949,1.3168,-0.66621,-0.88241,-0.85186
3.0988,0.46278,1.2071,0.48901,0.85181,0.92665,1.5353,1.0585,0.98081,0.25244,-0.17272,0.056134
3.2119,1.2268,1.4375,1.0007,0.95058,0.25647,0.71764,0.93916,1.0189,0.24368,-0.23621,-0.049215
3.1368,0.65786,1.4099,0.27587,1.2292,0.76975,0.85308,0.59152,1.3786,0.53547,-0.11427,0.18245
2.9106,0.071808,1.5985,1.1672,1.4006,0.76019,0.2453,0.0096651,1.3696,0.17695,-0.31636,0.12552
2.8679,0.60011,1.9658,0.81522,0.37253,0.93166,0.99206,0.39809,1.0702,0.32168,0.51761,0.37706
3.0994,0.49063,1.2832,0.015146,0.39497,0.90849,0.7432,0.58929,1.7483,0.92786,0.018302,0.47051
3.7598,0.55055,1.1472,0.44332,0.22757,0.68578,1.272,1.3559,1.658,-0.64398,-0.35752,0.63133
2.7511,0.27502,1.7795,1.1328,0.60005,0.83231,1.0807,0.96243,1.3216,-0.64931,-0.76642,-0.133
3.6087,-0.31786,1.1154,0.89168,1.5808,1.0699,1.3588,0.85021,1.1484,-0.0027803,-0.70657,0.32353
3.02,0.71897,1.8079,0.64846,0.83157,0.42031,0.43963,0.36856,0.8105,-0.086142,-1.0162,0.14538
3.8088,0.58503,1.6455,0.83284,0.96647,0.42193,0.492,0.32872,0.8351,0.40163,-0.38711,-0.15949
3.3205,0.66118,1.8387,0.80597,0.37345,0.57915,0.89535,0.1063,1.0255,0.18669,0.43964,0.55258
3.4254,0.4924,1.025,1.2145,0.76677,0.39977,0.99248,0.49517,0.99164,-0.073538,0.1084,0.33365
3.0352,0.40897,0.95216,0.70732,2.1195,1.118,1.1424,0.48878,1.0557,0.12834,-0.53479,-0.43395
3.5992,1.1008,0.89082,0.36888,0.85396,0.44097,0.60719,0.28667,0.75171,0.13709,-0.42253,0.053046
3.0563,0.84715,1.6682,1.0032,0.97748,0.65575,0.90262,0.19828,1.0457,0.15044,-0.17957,-0.16324
3.274,1.0271,1.5418,0.66207,1.2561,0.89087,0.70859,0.15926,0.73693,0.050127,-0.2273,-0.013702
3.5081,1.0563,1.1375,1.4416,1.4846,0.79087,0.28662,1.1014,0.33244,-0.53483,0.016542,0.20595
4.0364,0.90199,0.53587,0.5028,0.88128,0.62382,0.85182,0.44452,0.71802,0.31925,0.14252,0.16548
3.0535,1.4082,1.5012,0.6348,1.0422,1.4203,1.1931,0.27506,0.71037,-0.17446,-0.10375,0.15867
3.8034,1.3845,1.0824,0.51989,0.98083,0.50372,0.24217,0.45253,0.68333,0.5231,-0.45878,-0.28503
2.825,1.2733,0.52196,0.22756,1.272,0.89787,1.5371,1.3904,0.3606,0.24246,0.43421,0.028747
3.1691,1.3604,0.45772,0.78385,2.5248,1.0568,0.8206,0.93036,0.42269,-0.52316,-0.25647,-0.52191
2.5576,1.4282,1.2606,1.1467,1.2283,0.35762,0.84516,0.40765,0.91919,0.41387,0.50701,0.4252
3.6903,1.0297,0.58492,1.0031,1.3995,0.7469,1.5411,0.34293,1.2783,0.76857,-0.51461,-0.0013983
3.0819,2.0084,1.4742,0.40984,0.78442,0.84448,1.1473,0.23476,0.16766,0.027346,0.50223,0.42514
3.194,2.6333,1.6083,0.58006,1.1918,1.3314,1.1559,-0.47039,0.12586,0.23456,-0.011008,-0.4473
3.1081,1.7448,2.0343,1.2644,1.272,0.86177,1.0504,-0.043876,-0.36573,-0.019557,0.14578,0.87158
2.8907,2.442,1.3546,0.44984,0.81557,1.0285,1.5942,0.13401,0.22814,-0.026134,0.54499,0.29197
3.6646,2.2056,0.99073,0.91353,1.4445,0.58872,0.72619,0.54181,0.046112,-0.42729,0.25473,0.0056412
3.3808,1.7255,1.0763,0.8811,1.1747,1.1158,1.0037,0.44939,0.47219,-0.36361,0.076978,-0.11446
3.1576,1.238,1.3732,0.79837,1.5142,1.0837,0.79334,-0.43634,0.22589,0.22424,0.89458,0.4386
3.245,0.8643,1.0156,1.2081,2.0977,0.36154,0.39289,0.071963,0.42696,-0.010256,0.56441,0.19565
3.2978,1.859,1.3431,1.0088,1.1018,0.34353,0.76757,0.21895,-0.12957,0.22928,0.66749,0.010208
2.6013,1.5065,1.1497,0.73684,1.4157,1.8224,1.3208,0.073427,0.35036,-0.29677,0.15506,-0.18814
2.4923,2.0689,1.8849,1.6531,1.192,0.98665,1.2211,0.45439,-0.077047,-0.99849,-0.40255,-0.097984
3.7766,2.6292,0.9731,0.4636,1.1421,0.8368,0.72818,0.05375,0.083475,0.49653,0.099627,-0.64148
3.706,2.3157,0.95202,0.64085,1.1993,1.2027,1.2163,0.13963,-0.007302,-0.43495,0.12863,-0.035294
3.0448,2.132,1.2622,1.2667,1.7537,0.62907,0.57957,0.020516,-0.099719,0.4171,0.49114,0.015195
3.353,1.7964,1.2908,0.60161,0.98565,1.063,0.99094,0.5948,0.16315,-0.13508,-0.10751,0.062474
2.5222,2.3982,1.8903,1.4447,1.0508,0.45142,1.0364,0.54309,0.19383,-0.21869,-0.39001,-0.16998
2.9765,0.75376,1.4758,1.4457,1.3136,0.60314,1.2305,0.067925,-0.19479,-0.27811,0.048722,0.16791
3.1231,1.7501,1.7587,0.84705,1.2812,0.10398,1.3101,0.070219,0.2648,-0.22306,-0.16613,0.488
2.2896,1.3086,2.2645,1.0344,1.374,0.11154,1.0109,0.20378,0.16971,-0.047886,-0.25477,0.65442
2.3551,1.712,1.9364,0.37641,1.1438,-0.37506,1.2971,0.40695,0.75235,0.23582,-0.49893,1.1055
2.1219,1.1931,1.2885,0.50843,2.2451,0.57623,1.085,0.38504,1.067,-0.22357,-0.8873,0.24361
2.1831,1.4544,1.3784,-0.27959,1.5889,0.9539,1.7341,0.37017,0.63637,0.28021,-1.0701,0.69803
2.2128,1.2231,1.7482,0.41181,1.7005,0.38659,1.4664,0.29066,0.80475,0.16729,-0.7553,0.050151
1.2359,1.2781,2.4724,0.044128,1.4568,0.21135,0.84571,-0.12882,0.90667,0.73089,-0.3275,0.48366
1.4444,1.05,2.0832,0.49317,1.6889,0.34718,1.5965,0.7959,1.2776,0.19272,-0.32207,0.76735
1.1173,0.94115,1.7204,0.18854,2.3001,0.27457,1.0137,0.28339,0.32693,0.67821,-0.65354,0.52985
1.3707,1.7413,2.174,0.39132,1.9827,-0.34411,0.96396,-0.30021,0.35241,0.23238,-0.25584,1.2345
0.65771,1.5683,1.2815,-0.54339,2.221,0.16151,1.5931,0.43736,0.97333,0.38515,-0.51549,0.23599
1.3243,1.6643,1.94,-0.14357,1.3745,-0.26447,1.3018,0.39282,0.79275,-0.16972,-0.90071,0.63826
0.53456,1.6146,1.5735,-0.1468,2.0354,-0.033793,1.7458,0.41869,0.18955,0.11817,-0.22343,1.1196
1.2784,1.8418,1.4613,-0.76026,1.4276,-0.38763,1.6466,1.1036,0.70342,0.97669,-0.41157,1.0248
0.61274,1.6059,1.0103,-0.73243,2.5347,0.61453,1.3138,0.3393,1.2422,0.76571,-0.92616,0.57314
0.9961,1.8251,0.94927,-0.15617,1.5263,0.034153,1.8909,0.88335,1.2121,-0.06197,-0.56984,0.50902
0.48395,1.2335,1.4493,0.38817,2.5029,-0.023884,1.4748,0.70166,0.49964,-0.17298,-0.56122,0.39641
1.0831,1.4783,1.2603,-0.33312,1.8167,-0.097056,1.1086,0.38725,1.4916,0.58407,-0.31554,0.6474
0.60058,0.56574,1.5182,0.21341,1.8329,0.27392,1.8575,-0.11342,1.3564,0.52392,-0.53659,0.67609
1.8482,1.0784,1.4417,0.25949,1.4104,-0.57605,1.272,-0.25295,0.56612,0.50302,-0.26174,1.0011
1.5269,0.64991,1.0667,-0.47555,1.6688,-0.21595,1.6735,0.52976,1.292,0.43028,-0.50481,0.77075
1.0258,0.70187,1.3201,-0.96526,1.7118,0.4469,1.6532,0.37905,1.565,0.52942,-0.57413,1.2716
1.4235,1.584,1.4103,-0.42615,1.5082,0.31233,1.0486,-0.4444,0.71403,0.0013251,-0.15586,0.65178
0.20157,1.1078,2.4377,-0.23369,1.6372,0.17585,1.1741,-0.19076,0.80582,0.48019,0.27576,0.94458
0.87836,1.3085,2.527,-0.41998,1.3602,-0.00027237,1.0767,-0.25922,0.066539,0.82077,0.15449,1.2091
3.0955,2.8238,2.9871,-0.37689,1.2889,-0.31955,0.22566,-1.1874,-0.071923,-0.10208,-0.55951,0.38383
4.3043,0.5311,3.984,-0.077124,-0.80589,-0.93393,-0.64586,-0.68509,0.61085,-0.63923,-0.63331,0.81767
4.4434,0.90827,3.5149,-0.033013,-1.4229,-0.7912,-1.026,-1.3896,0.3104,-0.27852,-0.13894,1.379
4.58,0.19818,4.68,0.11523,-1.901,-0.69764,-1.1137,-1.5577,0.5069,-0.59517,0.39129,1.4595
4.8005,-0.42758,4.6623,-0.70107,-1.8694,-0.52722,-1.1653,-1.2901,0.37571,-0.18813,0.49241,1.3678
4.4404,-0.56289,4.946,-0.529,-2.1451,-0.75442,-1.3902,-0.99548,0.60389,-0.11314,0.42778,0.63581
4.3823,-0.085573,5.3771,-0.81451,-2.5517,-1.0241,-1.5507,-0.64997,0.60551,-0.14064,0.20596,0.48156
4.8199,-0.0015727,5.4602,-0.66314,-2.9284,-0.54215,-1.6708,-0.49768,1,-0.47133,-0.19726,0.48607
4.0481,0.75776,4.5666,-0.65272,-2.5681,0.079577,-1.514,-0.88987,0.66798,-0.39482,-0.13724,0.50737
4.9175,0.36365,5.1175,-0.8894,-2.5266,0.071909,-1.4055,-1.0651,0.7852,-0.18966,-0.13357,0.29356
4.3233,0.69202,5.1026,-0.46682,-2.9594,-0.32268,-1.7285,-0.67945,0.8987,-0.27497,0.0319,0.030138
5.1822,0.010763,5.2226,-0.93525,-2.8257,0.054734,-1.2548,-0.78123,0.64793,-0.47157,0.1176,0.12864
4.4986,0.27998,4.7725,-0.59265,-3.1509,-0.21723,-1.3264,-0.88549,0.58667,-0.3898,0.049561,0.24913
4.9858,-0.25353,5.1285,-0.8824,-3.0757,-0.28124,-1.4702,-0.65723,0.52249,-0.38755,-0.020962,0.13367
4.7166,0.095089,5.0898,-0.96689,-3.1266,-0.44418,-1.2196,-0.62921,0.54363,-0.61499,-0.27596,0.31234
4.9795,0.10766,4.8088,-0.69068,-2.7372,-0.1224,-1.5139,-0.78391,0.5685,-0.3076,0.044035,0.32089
5.4745,0.22062,5.3583,-0.42462,-2.5801,-0.5091,-1.8638,-0.76065,0.70387,-0.085199,0.16092,0.15006
4.8718,1.1107,4.6257,-0.24229,-2.6628,-0.62084,-1.4876,-1.1885,0.28462,-0.088248,0.21966,0.51335
5.0351,1.2988,4.2668,-0.28798,-1.8994,-1.4373,-1.3602,-0.88213,0.063625,-0.21184,0.26922,0.80783
4.9431,0.95495,3.2888,-1.715,-1.2273,-0.20486,-0.38668,-0.92586,0.42057,0.39898,0.59422,0.66562
5.0455,1.5334,3.7411,-0.45281,-0.69628,0.22833,-0.76507,-0.89523,-0.14996,-0.24899,-0.077701,-0.11409
4.0225,1.7116,3.3624,0.081805,-0.51597,-1.1211,-0.56933,-0.50019,-0.12013,0.04661,-0.54018,0.23573
4.0466,1.6196,3.7449,-0.52933,-0.35356,-1.5054,0.15584,-0.1376,0.13812,0.38047,0.016142,0.83198
2.9856,1.129,2.7826,-1.0143,0.10357,-0.63324,1.0131,0.16751,-0.0575,-0.12163,-0.61564,0.33051
2.0846,1.7917,3.2121,-0.60447,1.2461,-0.36884,1.0325,0.17835,-0.30024,-0.014884,-1.0969,0.10088
1.5664,1.2836,2.9559,-0.2928,1.8332,-0.72446,0.8544,0.038374,0.17898,0.29065,-0.20812,1.3035
0.98211,2.0306,3.4842,-0.62724,1.3317,-0.72304,1.024,0.50794,0.035311,-0.6475,-0.13847,1.2767
1.1371,1.4629,2.9756,-0.61606,1.8347,-0.49144,1.2555,0.11215,-0.1082,-0.17746,-0.82857,0.29078
1.1038,0.60327,1.7034,-0.58735,1.8496,0.066979,1.2654,-0.085074,0.72695,0.67365,-0.39359,0.50829
0.63583,1.2012,2.8164,-1.0204,1.9032,0.1184,1.0461,-0.0027247,0.41894,0.94402,-0.28446,0.82255
0.99349,0.91163,2.6775,-1.1873,1.6586,0.2178,1.4726,0.52884,0.61202,0.075607,-0.91052,0.46136
0.41973,1.2922,1.7723,-1.0668,1.35,0.42258,1.3628,0.76339,1.3374,0.29829,-0.65803,0.6958
1.5658,1.1889,2.1954,-0.19422,1.6517,-0.20722,1.2979,0.098218,0.080397,0.18235,-0.81118,0.53223
1.4931,1.2279,1.9002,-0.77055,1.4276,-0.49271,0.76719,0.30895,0.39717,0.45007,-0.053386,0.70131
1.0154,0.53017,1.593,-0.24719,1.7232,-0.098033,0.99716,1.0627,1.3872,0.32738,-0.41526,0.86536
1.2498,1.0252,1.8371,-0.10218,2.6096,-0.3824,0.53662,0.82053,1.1053,0.53676,-0.18078,0.85821
1.0437,0.33984,1.5196,-1.0896,1.4237,-0.30356,1.7901,1.0155,1.0365,0.57514,-0.021076,1.0667
1.3861,0.40581,1.425,-0.1748,1.9744,-0.17891,1.8672,1.2231,1.3533,0.62007,-0.56598,0.43097
1.5483,0.96986,1.9752,-0.68485,1.8652,-0.20118,0.91167,1.0947,0.34514,0.0080092,-0.23745,1.4415
1.5511,0.81566,1.6666,-0.55974,1.8372,-0.40053,1.3513,1.1219,0.7302,0.085386,0.33686,0.81373
0.95277,0.32459,1.6231,-0.067351,2.5676,0.69052,1.0363,0.43303,1.2324,1.0956,0.11698,0.35847
0.78249,1.1379,1.7192,-0.86257,1.8921,-0.75989,1.1616,0.75718,1.3942,0.84525,-0.24771,0.38105
0.73865,1.1216,1.7737,-0.13548,2.5785,-0.12311,1.2352,1.4001,0.90272,0.084976,-0.71312,0.41458
0.20597,0.8817,2.0958,-0.16686,2.6618,-0.89957,1.4185,1.8575,0.45344,-0.31379,-0.96456,0.29084
1.1447,1.0731,1.9935,-0.19567,2.1367,-1.0792,1.3676,1.2857,1.1323,-0.25457,-1.1942,0.9108
1.2097,1.7304,2.1141,-0.056208,1.9861,-1.0887,0.85222,0.088735,0.84819,-0.45218,-0.31777,1.5697
1.3708,1.1495,1.1507,-1.0047,1.7926,0.25407,1.9236,0.71522,0.45497,0.11815,-0.32394,0.97532
1.1192,1.387,1.6036,-0.70497,2.0872,0.28288,1.8663,0.68992,1.0461,0.74236,-0.14583,0.69517
1.6168,1.0772,1.8695,-0.32504,1.8886,-0.32469,1.4236,0.85313,1.4358,0.42796,-0.58269,0.43512
1.2013,1.9028,2.2151,-0.40502,1.7175,-0.81609,0.50112,0.83857,1.448,0.73378,-0.63906,0.80003
1.6004,1.5554,2.0851,-1.0478,1.6195,-0.76643,1.6792,0.90479,0.98274,0.37347,-1.2827,0.79162
1.3834,1.1877,1.6866,-0.50056,1.4976,-1.2109,1.3717,1.3655,1.0847,0.38061,-1.0103,0.84113
1.4088,1.4808,2.2661,-0.71613,1.4429,-0.27308,1.2361,1.1612,0.73091,-0.069178,-1.1858,1.0252
0.77324,1.4054,2.1232,-0.45593,2.3126,-0.45963,1.5225,0.65813,0.84284,1.0348,-0.40157,0.34913
1.0171,1.1701,1.6511,-0.93309,1.7661,0.42139,1.8823,0.19691,0.86953,0.23089,-0.96621,0.49894
1.5736,1.5675,2.873,-0.11956,1.8428,-0.56871,1.1099,0.216,1.2456,0.18348,-0.46187,0.51323
1.3038,1.417,1.7293,-0.40882,1.5736,-0.67172,0.54816,0.855,0.96226,0.19623,0.17101,1.2102
1.6987,0.99945,2.5209,-0.2222,1.4146,-0.27457,0.8951,0.89402,0.51833,0.34793,-0.39977,0.81672
2.3369,0.79842,2.0136,0.1686,1.0239,-0.99759,0.48481,1.2162,0.75842,0.1459,-0.57003,0.074115
2.9152,0.44611,1.4075,0.14484,1.1762,-0.96079,0.59157,1.3887,1.7415,0.13219,-1.2272,0.58612
3.0025,0.69842,1.5303,0.49399,0.53419,-0.90438,0.70176,0.98654,1.5603,0.13699,-1.0283,0.99291
2.8536,0.30015,1.9368,0.24051,0.87477,-0.31755,0.77265,0.81402,1.107,0.52608,-0.41491,0.60714
3.4607,0.99815,1.3707,-0.27937,0.59731,-0.5701,0.75735,1.9499,0.86806,0.27408,-0.036663,1.0866
3.1333,0.7508,1.4617,-0.32301,0.46357,0.25189,1.5922,1.3038,1.0801,-0.35451,-0.5698,0.8358
4.5026,1.2164,1.0795,0.73484,0.51775,-0.20964,0.56625,0.76917,0.89004,-0.64897,-0.40883,0.97573
3.0917,1.1634,1.7589,0.94634,0.61392,-0.45242,1.0621,0.20717,1.3596,0.61135,-1.0173,0.21754
2.8834,0.75167,2.0116,1.1943,0.83216,0.48442,0.69133,0.6581,0.46688,-0.72159,-0.52822,1.1005
2.7649,0.58657,1.8511,1.0569,0.67978,0.94548,0.84143,1.0882,1.7348,-0.54649,-0.88396,0.87459
3.5451,0.26787,1.2148,0.57873,0.065388,-0.35369,1.2375,0.86525,1.5125,-0.12082,-0.876,1.1736
3.9382,0.43055,1.1418,0.84632,0.49927,0.39744,0.20817,0.087638,1.1746,-0.041008,-0.83384,0.3327
3.8715,0.44138,1.2135,1.0019,0.30613,-0.13895,0.60167,0.76514,1.5781,0.028747,-0.53754,-0.13886
3.4947,1.4643,1.403,0.84968,1.1127,0.17802,0.80561,0.13774,0.71813,-0.074074,-0.52358,0.14676
3.7443,1.0019,1.4045,0.82979,-0.40216,0.029752,1.1492,0.85904,0.58827,-0.55946,-0.47656,0.28158
3.1337,0.73997,1.9949,0.27504,0.86468,0.79148,1.3157,0.36434,0.75701,-0.048873,-0.52426,0.40553
3.4077,0.30951,0.88285,1.3262,1.5009,0.47115,1.3354,0.55249,0.56859,-0.16425,-0.62685,0.4654
3.357,0.55385,1.6381,0.91165,1.1407,0.29114,1.2521,0.86498,0.98746,-0.74614,-0.49673,0.29252
2.4897,1.1662,1.8744,1.1913,0.86658,0.71496,0.17634,0.25415,0.94269,0.47765,0.2428,0.43864
3.3361,0.28962,1.0728,0.20054,0.55644,0.41563,1.1366,0.59322,0.9496,-0.17151,0.092186,0.52066
2.4555,0.65655,1.1253,1.2456,2.4775,1.3212,1.3191,0.84552,0.57199,0.075011,-0.72578,-0.13408
3.0598,0.26985,1.7081,1.3522,1.0719,0.80372,1.1069,0.44634,0.11194,-0.24202,-0.43856,0.50319
3.6707,1.1824,1.3015,0.57496,0.30018,0.41294,1.0481,0.82788,0.65417,-0.4375,-0.13808,0.21271
3.5551,1.0521,1.5821,0.62883,0.15516,0.40625,0.90187,0.7007,0.66799,0.13246,-0.37394,0.32161
2.9433,1.6572,1.5547,0.5326,1.0416,0.34071,0.80735,0.35949,1.2094,0.025236,-0.59291,1.0388
2.3282,1.2275,1.582,1.3595,1.7173,0.73261,0.95881,0.17851,0.1941,-0.63991,-0.47729,1.1452
3.6362,1.0633,1.9048,0.72356,0.96458,-0.31724,0.68239,0.68752,0.60051,-0.21515,-0.64425,0.25738
3.2219,1.0304,1.2879,0.60826,0.81383,0.35644,1.5006,0.70622,0.17196,0.050252,0.37166,0.37068
3.3408,1.0951,1.7816,-0.051774,0.20115,0.90997,1.6028,0.012348,0.4128,-0.17639,-0.24606,0.60213
2.9956,0.35736,1.6809,1.0878,1.3758,2.207,1.4814,0.21353,0.0035802,-0.52666,-0.68952,-0.22596
2.8453,0.8285,1.4692,0.15645,0.50636,1.4087,1.8194,0.3456,0.44735,0.37492,-0.088984,0.10795
3.0126,0.79096,2.0877,0.84195,0.75634,0.74512,1.0726,-0.21734,0.31659,0.44559,0.14857,0.67062
2.9266,0.89757,1.5287,0.075037,0.6325,1.5816,1.3365,-0.081107,0.76001,0.24841,0.1401,0.35542
2.8733,0.80229,1.9907,0.71101,0.68874,1.2801,0.80745,-0.34975,0.94058,0.43206,0.018517,0.2531
3.3637,1.3974,1.9809,0.96838,0.64292,0.84794,0.9851,0.063281,-0.0139,0.058413,0.55145,0.17317
3.8849,1.5154,1.6194,0.96617,0.17591,0.12556,0.57074,-1.4676,-0.63575,-0.57809,0.024438,0.50695
5.3965,2.9069,2.7097,0.39114,-0.80093,-0.71273,0.12629,-0.70215,0.046684,-0.051391,0.1411,-0.16433
5.9557,2.7967,2.2936,0.73538,-0.41793,-0.91054,-0.26089,-0.60713,-0.24264,-0.19364,0.27913,0.090899
5.4306,2.3378,1.863,-0.27689,-0.85476,-0.82438,-0.95528,-1.0211,-0.62447,-0.10369,0.14502,-0.34236
6.3981,3.4143,2.4663,0.064143,-0.0046433,-0.59686,-0.4763,-1.3438,0.19827,0.14237,0.27361,0.059057
6.3024,3.0529,2.1023,0.29806,-0.46827,-0.62964,-0.36439,-0.58736,-0.64804,-0.074115,0.33091,0.25825
5.7813,2.8166,1.8042,-0.0094518,-1.3866,-1.1155,-0.76937,-0.97384,-0.9264,-0.57568,-0.077459,-0.21385
6.5919,3.0915,2.2903,0.943,-0.28816,-1.0322,-0.2018,-0.44343,-0.41294,-0.8688,0.051062,0.77884
6.4206,3.0953,2.6176,0.79493,-0.25526,-0.70214,-0.58888,-0.7744,0.30292,-0.70412,-0.19818,0.048888
5.7754,2.8687,2.5154,-0.27645,-0.9008,-1.4009,-0.73778,-0.52161,-0.49847,-0.71867,-0.76071,-0.29312
6.8826,2.3411,1.9973,1.6946,0.27851,-1.7184,-0.81043,0.28587,-0.31166,-0.63867,-0.18694,0.39896
6.7659,2.452,2.0987,1.5095,0.24765,-1.1824,-0.50882,-0.13425,-0.50064,-1.0041,-0.090225,0.58465
5.5142,2.8797,1.5427,0.66752,-0.4134,-1.3035,-1.1394,-0.81569,-0.92126,-0.92314,-0.12588,-0.091291
6.1501,2.1338,1.6588,1.8536,0.40872,-1.5735,-0.69883,0.21331,-0.17856,-1.0816,-0.51709,0.066394
6.5206,2.1997,1.5691,1.6193,0.58377,-1.3379,-0.46054,-0.29935,-0.59469,-0.60277,-0.44816,-0.2352
5.5137,2.1318,1.7348,1.4425,0.28232,-1.1816,-0.81523,-0.32211,-0.78964,-1.7681,-0.64079,0.50035
6.0983,1.8813,2.5277,1.4528,-0.1578,-1.6873,-0.81552,-0.25819,-0.61628,-1.4307,-0.10433,0.74871
5.5924,1.4076,2.7571,1.6844,-0.79771,-1.6186,-1.1082,-0.20893,-0.79389,-1.6547,0.032228,0.97943
5.638,0.68147,3.8545,1.8562,-1.5901,-1.4515,-0.75038,-0.80433,-0.83094,-1.8745,-0.18882,0.93998
5.3191,0.80055,4.4501,1.4066,-1.6564,-1.1686,-0.84809,-0.91022,-0.84223,-1.3648,0.33883,0.51899
4.6465,-0.057961,4.3991,1.336,-2.1292,-1.0083,-0.98164,-1.0414,-0.62507,-0.98899,0.33783,0.58778
5.0458,-0.035284,5.0636,1.1811,-2.6389,-0.79602,-1.2235,-1.2882,-0.050716,-0.42938,0.30557,0.4345
4.6514,-0.20631,5.0877,0.51513,-3.4576,-0.81865,-0.88707,-1.0407,-0.014686,-0.39125,0.085626,0.56996
5.2241,-0.54711,4.6991,0.21957,-3.3474,0.078513,-1.1134,-1.1693,0.21131,-0.48416,0.35484,0.84353
4.8821,-0.42957,5.424,-0.14728,-3.6452,-0.42764,-0.8547,-1.1866,0.37774,-0.55083,0.49204,0.4451
4.2935,-0.16939,4.1769,-0.093257,-3.39,0.12819,-0.69679,-1.3489,0.056062,-0.37434,0.41995,1.0114
4.822,-0.64458,4.7512,-0.39687,-3.2039,-0.32729,-1.2567,-1.4725,0.31255,-0.59443,0.33398,1.0611
4.6762,0.13942,5.0133,-0.15986,-3.2095,0.063351,-1.3177,-1.1781,0.42897,-0.56783,0.46566,0.95688
3.5943,0.31076,4.9019,-0.36366,-2.9697,-0.26696,-1.4261,-1.0948,0.044655,-0.65075,0.32897,1.0678
4.5124,-0.54488,5.333,-0.97187,-2.8036,-0.098717,-1.9521,-1.6889,0.19745,-0.67059,0.90695,0.764
3.5302,1.1159,4.5956,-0.55134,-2.2888,0.29578,-1.7585,-1.284,0.50713,-0.48796,0.16312,0.9482
4.9484,0.37495,4.9391,-1.3226,-2.5277,0.37236,-1.6043,-1.0728,0.095435,-1.3387,0.27164,0.91811
4.2502,1.0136,3.4634,-0.73,-1.8689,0.040962,-1.542,-1.2789,0.099007,-0.60603,-0.12285,1.0598
5.087,1.6305,4.3893,-0.63084,-1.2027,-0.21851,-1.1314,-1.0933,-0.22793,-0.63841,-0.41843,0.84073
4.5498,2.0522,4.16,-0.36937,-0.56591,-0.27733,-0.31826,-1.1138,-1.0692,-0.89168,-0.44783,0.33713
4.5552,1.8467,3.032,0.31785,0.18955,0.3217,0.037219,-0.70688,-0.56612,-0.46268,-0.070471,-0.21942
4.0199,2.1772,1.8003,-0.063236,0.11895,0.32821,0.425,-0.3481,-0.11096,-0.52627,-0.16463,-0.45485
3.0242,1.2074,1.9822,1.2921,0.78102,0.90072,1.2006,0.081217,-0.32242,0.13736,0.44393,-0.00673
3.7716,1.7809,1.6156,0.63435,0.59443,0.47958,0.004712,-0.11184,-0.39464,-0.13141,0.32208,0.54091
3.4858,1.8941,1.488,0.49849,0.77819,0.29081,0.42466,-0.60559,-0.13764,0.48499,0.35312,0.20943
2.8601,1.9586,2.0251,1.2857,0.83468,0.16655,-0.54795,-0.31134,0.40756,0.20895,0.12444,-0.29783
4.0159,1.8796,1.3696,0.72069,0.54947,0.65036,0.48358,-0.72496,0.22559,0.30808,0.18077,-0.016554
3.2035,2.065,1.4091,0.92175,1.2501,0.21673,0.61739,-0.097367,-0.10471,-0.22716,-0.16898,0.25117
3.1144,1.5666,0.9839,0.64144,0.97912,0.49606,0.73299,-0.35185,0.11347,-0.32354,0.41515,0.65073
3.1619,1.5125,1.1648,0.74144,1.0679,1.135,1.4286,-0.032447,-0.39023,-0.55571,-0.82514,-0.47833
3.7043,1.9373,1.2749,0.4298,1.3091,1.393,1.3556,0.11889,-0.12552,-0.81835,-0.65318,0.071792
3.4794,1.6709,1.1785,0.45536,0.57957,0.85818,0.96081,0.07562,-0.14151,0.4873,0.0093575,0.076216
3.1488,2.1785,1.4817,0.61265,1.2513,1.1962,0.86647,-0.17037,-0.21797,0.30284,0.16238,0.22122
3.2883,1.4359,0.74924,0.022974,1.2962,0.71136,1.2079,0.49432,0.8388,-0.48118,-0.079302,0.22552
2.3246,1.696,1.094,-0.020144,1.6427,0.99076,0.9185,-0.49145,0.3421,0.25916,0.76719,0.82918
3.1209,1.5752,1.3147,1.0751,0.9898,0.33285,1.3908,0.44828,0.053355,0.18938,-0.0069676,-0.0087132
3.2327,2.4794,1.0042,-0.016473,1.3172,0.52504,1.1091,-0.39127,0.48073,0.37274,0.51457,0.23187
2.9193,1.5915,1.4873,0.4579,1.0028,1.1137,1.5938,0.22752,-0.15686,-0.10359,0.11588,0.57438
3.4319,2.0587,0.76326,0.4069,1.3363,0.033061,1.0406,0.39758,0.048198,1.0744,0.39905,-0.12461
3.7996,2.1724,0.77193,0.29439,0.65715,0.046014,0.21271,0.16064,-0.087535,-0.11224,0.18668,0.06038
3.1682,2.1936,1.7341,0.13201,1.3523,0.31773,1.0333,0.23128,0.22891,-0.27354,0.019932,-0.33977
3.1042,1.3632,1.093,0.66058,1.3309,0.87938,1.2996,0.3426,0.76548,0.25649,0.076705,0.056919
2.3193,1.5457,0.82918,0.72112,1.1554,1.0696,1.2844,0.59744,0.53504,0.2218,0.31597,-0.65717
2.238,1.4795,0.94075,0.807,0.93613,0.84656,1.03,0.75007,0.47931,0.79894,0.93148,0.53365
2.5412,2.1576,1.1689,1.2566,1.2732,0.34498,1.3365,0.54128,-0.5775,-0.46691,-0.053817,0.087229
2.3297,1.798,0.96424,0.70382,1.5886,1.644,1.2377,-0.10035,0.05805,-0.049298,0.44822,0.60591
2.936,1.6534,1.0966,0.79424,1.0227,0.91327,1.5079,0.21095,0.2226,0.57091,0.47366,-0.061014
2.4618,1.5902,1.1472,0.44899,1.0031,0.99642,1.8102,1.0216,0.51872,0.35254,0.28844,-0.13153
3.3268,2.0159,0.73738,0.00076912,0.53726,0.38401,0.5826,-0.11853,0.21159,0.66283,0.50367,-0.090276
2.9272,1.5589,0.85545,1.26,1.3425,0.79035,0.88896,0.17179,0.13973,0.20523,0.49067,0.36624
2.1592,0.78071,1.5199,1.3035,1.4478,0.91204,1.1018,0.12386,-0.25906,-0.18239,0.84452,0.70058
3.1919,1.1684,1.2346,1.0493,0.78827,0.178,1.3306,0.34837,0.28765,-0.078683,0.24278,0.099694
3.5475,2.1656,0.68411,0.075814,0.44503,0.60733,1.4717,0.89315,0.36474,0.0048074,0.32921,-0.28788
2.8536,2.427,1.4078,0.46571,1.0076,1.168,1.2595,0.069897,-0.39597,0.087629,0.29291,-0.10034
2.6012,1.4187,1.1367,1.0533,1.2196,1.341,1.9777,0.64022,0.084186,-0.46234,-0.36264,0.15173
3.9025,-0.087866,0.79896,-0.64582,0.26792,0.07635,0.36556,0.43606,1.3215,0.72488,0.10656,0.6758
4.8515,-0.14237,0.17371,-1.5313,-0.011865,-0.78452,-0.15319,-0.10494,1.0462,0.80226,-0.56081,0.60679
3.4844,0.18667,0.052258,-1.3438,1.0087,0.33099,1.2148,0.46351,1.2423,0.12109,-0.46159,0.41742
3.2846,0.57775,0.78968,-1.033,0.56063,0.61833,0.60215,0.62063,0.90962,0.58938,0.080847,0.59687
2.4672,0.15056,1.5434,-0.52782,1.0795,0.40499,1.0107,0.52095,0.82513,-0.19966,-0.42294,0.55601
2.572,1.0715,2.061,-0.09864,0.56897,0.51619,0.96207,-0.033382,1.0213,-0.21184,-0.58668,0.95528
2.1817,0.62808,1.3673,0.44889,1.1508,-0.12438,0.60298,0.89879,1.3679,0.22467,0.2969,1.3539
3.0206,0.17874,1.3116,-0.17424,0.79723,0.95804,0.73399,0.33322,0.81366,0.085388,-0.21632,0.60584
2.9607,-0.038939,1.233,0.11135,0.74634,0.62867,0.98148,0.9795,1.5883,0.78196,0.33935,0.64451
3.6861,0.75786,0.78038,0.040731,0.57971,0.24289,0.84938,0.57975,0.97365,0.14616,0.34931,0.67876
3.4406,0.40791,1.6094,1.202,-0.028365,-0.25486,1.082,1.1297,1.1495,0.41504,0.5521,0.40179
3.2441,1.3918,1.1746,0.64136,0.62835,-0.14436,0.57395,0.80299,0.80862,-0.99079,-0.60507,0.44327
2.8214,0.33386,0.82018,0.18401,0.9173,1.1893,0.8625,0.76389,1.2758,0.3542,0.11342,1.0125
2.7772,0.5707,0.9136,0.74244,0.79253,0.24672,1.4409,0.63045,1.127,0.39495,-0.45054,0.50715
2.2958,1.2052,1.0638,0.72772,1.4231,0.99848,1.401,0.82591,0.40827,0.34978,-0.091961,-0.042742
3.3833,1.5514,0.45077,0.19805,1.3702,0.90976,1.3342,0.62591,0.84566,0.13093,0.024865,0.38381
3.0751,0.18506,0.42799,0.14155,1.0066,0.45807,0.97477,1.0879,0.7961,0.22729,0.41024,0.64441
3.0598,0.56637,1.16,0.62318,0.80546,0.10084,1.0118,0.97398,0.5175,-0.41853,0.014743,0.47193
3.7606,0.89326,0.80145,0.37622,0.63366,0.7123,0.56794,0.30671,0.47788,0.29918,0.2985,0.39012
2.7572,0.63133,0.71858,1.119,1.1492,0.63063,1.1298,0.053713,0.99197,0.20588,-0.1823,0.19201
2.7729,0.74342,1.2079,0.92004,1.0396,0.79456,1.4654,0.79946,1.2602,0.58228,0.064975,-0.4938
3.4457,1.0017,1.0889,0.60023,0.31703,0.2177,0.87509,0.34181,0.68298,0.1635,-0.55714,-0.018119
2.848,1.1252,0.80485,0.43662,1.4354,1.0092,0.94112,0.023707,0.25911,0.16753,0.40353,0.95118
2.3287,0.6729,1.4076,1.6973,1.274,0.48269,1.6035,0.94471,0.54798,0.29298,-0.62644,0.11819
2.872,1.047,1.3005,1.5949,1.1154,0.04858,0.6932,0.62278,0.94395,-0.19175,0.076032,0.42426
3.164,1.3524,0.88146,0.072998,0.98753,-0.1759,0.49646,0.32331,1.2675,0.069627,0.074731,0.10206
2.9902,0.66848,1.6728,1.0459,0.95667,0.61895,0.70521,0.44052,0.31288,-0.2099,-0.57247,0.056197
3.5893,1.7561,1.1426,0.97155,0.77262,0.10015,1.07,0.21697,0.2544,0.0058057,-0.17194,-0.10847
2.8882,1.5428,1.2328,1.1141,1.1688,0.56547,0.86608,0.45343,0.42679,-0.13121,-0.78778,-0.11805
2.7705,1.4591,1.2587,0.76913,0.29786,0.41914,1.5004,1.0815,0.60566,0.088107,0.48504,1.0313
2.5493,0.84296,1.3602,1.4001,0.86529,0.3456,1.5919,0.71983,0.42926,0.13622,0.066452,0.28385
3.0717,1.2592,0.89164,0.26097,1.0769,0.30052,1.369,1.0265,0.50171,-0.036833,-0.27835,0.4464
3.4535,1.2692,0.68539,0.84402,0.49757,0.48734,1.5674,0.69898,0.66339,-0.60035,0.037178,0.39441
2.8596,0.99679,1.0862,1.01,0.72924,0.55765,1.3327,0.45841,0.1566,0.010413,-0.26021,0.11987
3.3121,1.3857,0.66912,0.38262,1.0383,0.55639,0.80878,0.65772,0.72059,0.10768,0.31793,0.32678
2.7441,1.1057,0.82855,0.5671,1.4102,0.96115,0.49384,0.52185,0.94162,0.080647,0.38735,0.54835
4.0811,1.2596,1.0415,0.7583,0.53589,0.34122,1.0873,0.30239,0.44418,-0.073128,0.14785,0.70672
3.6197,0.85851,1.2884,0.53229,0.54264,0.11002,1.1237,0.51258,0.48091,0.16601,-0.20869,0.33587
3.2493,0.02924,0.87351,0.62823,0.75841,0.7075,1.169,0.83649,0.37637,0.23694,0.67902,1.4316
3.4657,0.023965,1.2767,0.72578,0.56891,-0.35709,0.17734,1.0561,0.57425,-0.14566,-0.19342,0.76833
2.9913,0.61844,1.559,1.0172,1.0347,0.21464,0.82714,1.1027,0.59996,-0.3209,-0.17237,0.34418
2.1998,0.93291,1.6715,0.18012,0.75522,0.088565,0.85447,1.3416,1.3518,-0.12794,-0.099541,0.86933
2.1309,-0.069086,1.1773,0.65272,1.4619,1.1009,1.2973,1.4023,1.933,0.24027,-0.66943,0.77475
2.3291,0.73366,1.3621,0.4384,1.0279,0.43503,0.92249,0.52623,0.91232,-0.26085,-0.21918,0.97768
2.7366,1.0446,1.4646,-0.16115,1.3214,0.47829,1.2227,0.44949,0.02451,-0.27888,-0.56821,0.71777
1.7506,0.62013,2.4901,-0.1187,1.42,-0.41196,1.2608,1.178,0.78607,-0.11885,-0.9813,0.56851
2.6842,0.3072,2.4579,0.56878,0.7426,0.14801,1.2881,0.8436,-0.076896,-0.13593,-0.35013,1.2054
1.8423,0.22428,1.0455,0.078303,0.83433,-0.046517,1.2627,1.0449,1.1704,0.59131,0.21608,0.54996
2.088,1.4578,1.639,-0.32585,1.3241,0.45576,1.1294,0.83077,0.51192,0.31508,-0.13971,0.10008
1.4601,1.2759,1.3338,-0.40485,1.5755,0.014624,1.179,0.41752,1.2439,0.62876,-0.29945,0.66217
1.6371,1.3803,1.4034,-0.64912,1.3355,0.24617,1.6886,0.3456,0.60577,0.60762,-0.99451,0.33957
1.2166,1.1637,1.2748,-1.0206,1.5487,0.47663,1.6732,0.8203,-0.036505,0.44796,0.2044,1.0862
1.3594,1.5597,1.8244,-0.53819,1.6178,0.23441,1.4732,0.84515,0.78776,0.25331,-0.15203,0.63413
0.57208,1.7324,0.68769,0.11939,2.0999,0.422,1.806,0.036318,0.16997,0.018111,-0.29969,0.858
1.5741,1.0773,1.4224,0.19371,0.92837,-0.020156,1.3762,0.3876,0.64633,0.51521,-0.28325,0.87286
0.88253,1.6105,1.5741,0.043055,1.5511,-0.024988,1.4662,0.27312,0.835,0.82777,-0.4199,1.1451
1.6507,1.4691,1.0941,-0.95538,1.0189,-0.25959,0.86188,0.67899,0.89625,-0.29354,-0.61259,1.0492
1.1781,1.3423,1.7278,-0.17161,1.1306,0.15332,1.0585,1.285,1.0907,0.0028358,-1.189,0.11119
1.6271,0.83144,1.7759,0.20689,1.924,-0.25296,0.58027,0.4484,0.82856,0.38249,-0.45769,0.85845
1.3334,0.90822,1.9385,-0.35149,1.1811,-0.079545,1.3826,0.85034,0.91286,0.19592,-0.74102,0.34304
1.0622,1.6063,1.8346,0.11301,1.2767,0.029622,0.62523,-0.02744,0.62103,0.8092,-0.0055026,0.26997
2.1486,1.4551,1.3627,-0.03009,1.0332,-0.34217,0.83665,0.62738,0.74716,0.060402,-0.43962,0.43654
1.41,1.3212,1.1901,-0.12995,1.2335,0.080837,1.1287,0.51415,0.77437,0.37562,-0.65917,0.76731
0.73237,1.9631,1.6728,-0.17809,1.8687,-0.62728,1.1646,0.79122,-0.14266,1.0209,-0.63645,0.22615
2.7045,1.7068,2.5802,0.72059,1.2609,-2.0542,0.2865,0.25058,-0.37042,0.21489,-0.90017,0.46142
5.2276,-0.066898,2.4958,0.041971,-0.61441,-1.3695,-1.3935,-0.1499,1.15,-0.37322,-1.435,0.86744
6.0617,-1.6302,2.845,-0.15346,-1.5464,-1.5309,-1.6282,-0.24804,1.8158,-0.10106,-1.4996,0.58611
6.7223,-2.1858,2.5534,-0.32922,-1.8498,-1.2911,-1.7406,-0.14446,1.5038,-0.099817,-1.3556,0.56361
6.0583,-2.6993,2.3502,-0.74672,-2.3519,-1.2134,-1.9571,-0.077622,1.5509,-0.018409,-1.0118,0.46221
6.3274,-2.5354,2.6248,-0.47484,-2.4797,-0.97825,-1.5286,0.27425,2.0406,0.13651,-0.94539,0.65397
5.6369,-2.3524,1.6293,-0.60469,-2.978,-1.1685,-1.4003,0.17812,1.8736,-0.26164,-0.87984,0.77411
7.2299,-3.4502,2.6227,-0.642,-2.7464,-0.90354,-1.0848,0.65271,1.9733,-0.31608,-0.6906,0.41477
6.4391,-3.8406,2.5776,-0.75812,-2.3886,-1.1184,-1.0719,0.47606,1.5427,-0.12108,-0.89724,0.42472
5.8936,-3.3164,2.2443,-0.22948,-2.4797,-0.57842,-0.97331,0.44627,1.6297,-0.36482,-1.0967,0.44485
5.7928,-3.1984,2.6918,-0.087474,-2.0277,-0.61299,-0.88559,0.38933,1.4667,-0.66242,-1.1465,0.36124
5.6905,-3.4702,2.665,-0.21877,-1.8886,-0.75847,-1.1981,0.22583,1.033,-0.52525,-1.301,0.74049
6.4635,-3.2352,3.0533,-0.18172,-1.685,-1.1067,-0.93804,0.14409,1.2368,-0.50424,-1.1642,0.87295
5.5854,-1.8455,2.018,0.20701,-1.947,-1.2064,-1.4179,-0.12664,0.91738,-0.46442,-0.39988,0.88287
6.836,-1.0857,2.0494,0.22592,-1.7557,-1.2541,-0.77397,-0.016659,0.73381,-0.24364,-0.42167,0.60862
6.7972,0.12138,1.3209,-0.13853,-1.8511,-1.2435,-0.49494,0.12046,0.72836,0.13178,-0.51549,-0.062899
6.3752,0.58109,1.4269,0.19811,-1.1656,-1.0617,0.014695,0.43683,1.1366,0.22436,-0.019054,0.32439
4.7187,0.30089,1.1294,-0.25878,-1.537,-0.87336,0.24134,0.15689,1.1192,0.5952,0.38813,0.84827
5.1199,0.67267,1.0394,-0.39282,-1.7444,-1.442,0.51204,0.73357,1.1968,0.10414,0.29356,0.7784
4.782,1.2393,0.68476,-0.017851,-0.24327,-0.20177,0.28021,0.42523,0.81801,0.55915,0.081653,0.68463
4.3674,1.1503,0.35753,-0.080845,-0.68659,-0.20752,1.3155,0.88801,1.0885,0.62869,0.65551,0.62959
4.206,1.685,0.76781,0.46468,0.57702,-0.35123,0.21469,0.21403,0.38207,0.29178,0.81352,0.43238
4.2037,1.6793,0.66806,0.70628,1.0982,0.44853,0.40312,0.4482,0.08928,-0.31268,0.78675,0.8749
3.3044,1.3065,1.1044,0.24255,0.39032,0.38646,0.92206,0.93875,0.82594,0.58914,0.82282,0.31358
3.6211,1.1405,1.3002,1.1416,0.79753,1.1418,0.92606,0.25465,0.092489,-0.46598,0.073389,0.20099
3.4715,1.9765,1.0794,-0.11554,0.55261,0.77429,0.61543,-0.31979,0.70385,0.47246,0.43628,0.094759
3.3776,1.1282,1.5279,0.76941,0.62625,0.49087,0.86319,-0.057966,0.61683,0.69981,0.52766,0.45019
3.3823,2.1137,1.0637,-0.34314,0.90556,0.99699,0.82202,0.19999,0.67645,0.31719,-0.18774,-0.36224
3.0195,1.9821,1.4895,0.57643,1.4889,0.94439,0.46952,-0.23303,-0.43134,-0.14034,0.65282,0.2983
3.401,1.967,1.0339,0.37377,1.2794,0.98276,0.74433,-0.45857,-0.50315,0.055456,0.41159,0.080354
2.6973,1.4223,1.1073,0.66565,1.0375,0.58869,0.44262,0.15695,0.91657,0.92801,0.66176,0.23935
3.1513,1.6974,1.4787,0.34079,0.97925,0.28476,0.92228,0.72962,0.61472,0.0099131,0.1827,-0.12959
3.6714,1.8151,0.95186,-0.22156,0.44343,0.84135,0.83298,0.42784,0.090478,0.28007,0.36573,-0.015539
3.1149,1.9661,1.1255,1.0232,1.2247,0.4834,0.13768,-0.45669,0.2096,0.6903,1.5526,0.38784
2.5659,1.8333,1.2361,1.2769,1.3221,0.45341,0.46517,0.21816,-0.085977,0.3062,0.58064,-0.51782
2.7639,1.8938,1.5726,0.61386,1.2582,1.3333,1.4565,0.31972,-0.13686,-0.37457,0.34332,0.22348
2.8646,1.586,1.0804,1.026,1.6902,0.59571,0.63466,-0.15157,0.13873,0.0071228,0.37716,0.33867
3.1075,1.8841,0.99244,0.15236,0.98683,0.8888,1.0155,-0.0003383,0.10916,0.36065,0.86497,0.45303
3.2822,1.5033,1.2681,0.57708,1.0384,0.81629,0.42418,0.023135,0.45581,0.54261,0.43122,0.33657
3.2609,2.3426,1.6552,0.83585,0.72369,0.66814,0.79418,0.20741,-0.52922,-0.2723,0.26902,0.46717
2.4541,1.6748,1.1536,0.94892,1.0285,0.26748,0.95138,1.0062,0.95099,0.14279,0.38854,0.3023
3.3309,1.6773,0.66391,0.27778,1.7314,1.2452,0.96831,0.46635,0.64531,-0.31364,-0.19347,0.37659
3.5617,1.3834,0.55496,0.32589,1.1396,0.94076,1.0287,0.019072,0.083926,0.45621,0.5551,0.45629
2.8666,1.9534,1.472,1.4886,1.004,0.52393,0.77734,0.43794,-0.11291,-0.54072,-0.18494,0.18575
3.4344,1.5562,1.2393,0.68645,1.0012,0.53166,1.0647,0.41823,0.19612,-0.50758,0.18546,0.37585
2.5822,1.9292,1.8077,0.82739,0.75407,0.55926,0.94561,0.069331,0.65911,0.11723,-0.0015307,0.30254
3.3191,1.9217,1.0504,0.1436,1.6589,1.1091,1.3378,0.19305,-0.26033,0.24315,0.051233,-0.040876
3.4765,0.76202,0.86442,0.75425,1.1605,0.33165,0.74142,0.39369,0.81765,-0.10445,-0.49129,0.014113
3.8897,1.0861,0.584,-0.32063,0.35774,0.31873,1.0899,0.94889,1.2785,0.010031,-0.5376,-0.19412
1.8589,1.233,1.4587,0.57111,0.68335,0.24741,0.96198,1.0884,1.4219,0.49438,0.64741,0.21865
2.3362,0.81078,1.7612,0.46435,1.5938,-0.32672,1.072,0.65699,0.32168,0.41984,-0.54589,0.37613
2.4449,0.91576,1.7432,-0.41408,0.65133,-0.045936,0.81385,0.45905,1.3291,0.28295,-0.17449,0.98353
1.9411,0.52498,2.0028,0.79218,1.6081,0.58399,0.76156,0.5818,0.20481,-0.32951,-0.55091,0.58639
2.1125,0.28244,1.3854,1.0723,1.2944,0.23114,1.1962,0.80194,0.2954,0.4433,0.1989,0.93425
3.3526,0.83808,0.85013,0.28178,0.8103,-0.14898,1.1252,0.67035,0.86381,0.49629,0.20684,0.28029
3.0547,0.49219,0.98497,1.1855,1.1671,0.83712,0.89938,0.66751,0.69148,-0.083123,-0.15393,0.77809
2.9397,0.76057,1.1963,0.7231,0.86463,0.1179,0.38068,0.44717,0.51426,-0.094332,0.19195,0.24697
3.5017,0.99167,0.54996,0.70156,1.4841,0.90637,0.71377,0.4151,1.0946,0.13407,0.50449,0.25324
3.5786,0.79784,1.052,0.44672,1.0641,0.63286,1.2641,0.49711,0.83545,-0.74833,-0.58837,0.70413
3.3056,1.1548,0.80663,0.77647,0.612,0.94174,1.0732,0.46076,0.7035,-0.68494,-0.56967,0.22102
2.5163,0.75972,1.4399,0.46206,1.2071,1.1532,1.4187,0.4259,1.1243,0.17657,-0.57633,0.08995
3.3767,0.6254,1.1457,0.94007,0.71956,0.38785,1.3598,1.1583,0.61915,-0.038304,0.19096,0.26003
4.0201,1.0838,0.82544,0.51603,0.13994,0.84812,1.53,0.29502,0.41932,0.029223,-0.44231,0.28272
3.4395,1.2019,0.52555,0.29502,1.0635,1.0751,1.1858,0.59789,0.37758,-0.0097863,0.36335,-0.10483
3.3024,1.4557,1.3402,0.60029,0.52207,0.64194,1.4211,0.22306,0.48203,0.57067,-0.2725,0.19098
3.2706,1.2755,0.96373,0.38668,0.96312,0.47991,0.72112,0.48354,0.9482,0.018306,-0.029115,0.88777
2.6525,1.6374,1.0855,1.296,1.3783,0.66537,1.3354,-0.41591,-0.24589,0.007133,0.30658,0.73772
3.0273,1.6634,1.7031,0.99419,0.58078,-0.090422,0.91257,0.23542,0.36901,-0.16489,0.039091,0.1074
3.0405,1.3442,1.5893,1.0423,1.1537,-0.096252,0.78981,0.72369,0.5143,1.0014,0.55053,0.25841
3.2232,1.489,1.2947,0.82217,1.1371,0.41601,0.86064,0.4932,0.2603,0.12316,0.056551,-0.45916
3.3339,1.2988,0.75874,0.31064,1.0029,0.84167,1.3217,0.6226,1.006,0.46722,0.42091,0.1232
3.1436,1.2463,0.73231,0.46559,1.3153,0.079581,0.40414,1.0161,0.82219,0.64015,1.0381,-0.1479
3.6885,1.3887,1.0657,0.80364,0.779,0.74728,1.0438,0.60296,0.54384,0.12492,-0.16513,-0.033162
3.1526,1.5779,1.441,1.0136,1.5157,0.93127,0.8929,0.50291,0.2141,-0.11976,-0.088905,-0.1389
3.5763,2.2203,0.89122,0.35289,1.1275,0.5827,0.44664,0.036209,0.024864,0.33285,0.11308,-0.33819
3.4477,1.7817,1.8106,0.49502,1.2246,0.37748,0.55065,-0.19105,-0.26471,0.39283,0.39327,0.32484
3.5421,1.3918,1.0208,0.599,1.2332,0.80425,1.1084,0.20233,0.28583,0.41579,-0.13091,0.38757
2.5125,1.1047,1.3999,1.2896,1.58,0.4115,1.07,0.37423,0.39257,1.0333,0.027596,-0.11844
3.3591,1.909,1.3107,0.67074,0.54716,1.2023,1.1718,0.043241,-0.23394,-0.16039,0.12201,-0.065135
3.8182,1.7617,0.5875,0.80804,0.87328,0.91976,1.0945,-0.23656,-0.22332,-0.18334,-0.15383,0.050807
3.4051,1.7418,0.76818,0.57229,1.5875,1.2657,1.4518,0.44408,-0.26467,-0.33394,0.098485,-0.056886
3.6188,1.0315,0.78703,0.55763,0.90313,1.5909,1.396,-0.17527,0.38155,0.71529,0.42053,-0.27095
2.8428,1.4436,1.1657,0.34244,0.95533,1.3473,1.3623,0.56128,0.75814,0.49635,1.0965,0.14423
2.2586,1.2908,1.3624,1.3003,1.5574,1.0506,1.31,-0.38177,0.5025,0.63946,0.47147,-0.5013
3.0103,1.5445,0.89279,0.58334,1.2566,0.74617,1.2597,0.24886,0.66799,0.17284,0.14742,0.41202
3.778,1.1314,0.63843,0.62074,1.4326,0.75758,0.79415,-0.025149,0.47372,-0.25611,0.23067,0.47577
3.016,1.6621,1.0045,0.85242,1.1199,0.78289,1.2706,0.71632,0.48897,0.012549,-0.21024,0.13868
3.2634,1.9312,1.5462,0.59561,0.81542,0.65723,0.49917,0.055083,0.15994,0.25253,-0.27598,-0.041521
2.7466,1.9114,0.61102,0.534,1.2368,0.79903,1.199,1.1249,0.85042,0.29498,0.74216,0.67359
2.7428,1.909,0.97696,0.1648,0.96018,1.124,1.36,0.46775,0.18207,-0.1035,0.28711,0.19688
2.9256,1.4455,1.3264,0.9514,1.4018,1.3641,0.43607,0.15083,0.0329,0.382,0.70995,0.23962
2.7963,1.5788,1.4725,0.68628,1.448,1.0505,1.429,0.35781,-0.018429,0.053116,0.042207,-0.17076
2.3681,1.8243,1.4417,0.72865,1.9562,1.343,0.64369,-0.4574,-0.10742,0.36893,0.76503,0.33106
3.2252,1.2579,1.0811,0.50344,1.2737,1.3649,0.52523,-0.31251,0.66405,0.66096,-0.22127,-0.59395
4.0256,1.1599,0.94732,0.81519,1.2102,0.96057,1.0915,1.0089,0.13158,0.52724,-0.014762,-0.98434
3.1272,1.6605,1.2066,1.2169,1.0528,0.34788,0.94031,0.70656,0.27223,0.13605,0.11539,-0.08658
3.2577,1.7173,1.1326,0.7569,1.8754,1.0364,0.98967,-0.0081223,-0.23708,0.40095,-0.0016561,-0.56536
3.0156,1.9909,1.1786,0.29805,1.3464,0.87052,0.60143,0.031512,0.19695,0.95206,0.58508,-0.15466
2.1057,1.9168,1.5288,0.85039,0.99778,0.37723,1.3722,0.79188,0.66584,0.65327,0.1517,0.069705
3.0987,1.8163,1.3032,0.5424,1.4909,0.87879,0.3506,0.11778,0.48829,0.56075,0.56858,0.16483
2.8816,1.8273,0.79071,0.26483,0.80852,0.95659,1.2967,0.59083,0.068505,0.49464,0.14782,-0.076711
3.233,1.4456,0.89527,0.97606,1.0834,1.1591,0.838,0.096185,-0.25476,0.52299,0.72492,0.13673
2.8168,1.0548,0.71347,0.017181,1.5011,1.569,1.3117,0.25862,0.39752,0.30646,0.31808,-0.036217
2.2116,1.7668,1.9198,1.6253,1.8656,0.56415,1.1813,-0.029335,0.057686,-0.39072,0.2469,0.11531
3.3693,1.8394,1.0384,0.78442,1.4401,0.76001,0.56631,0.33395,0.22009,-0.3867,0.24607,0.074224
3.9341,1.8266,0.736,0.63491,0.58059,1.0565,0.81348,0.1814,0.55329,-0.35331,0.042472,0.14815
3.1706,1.9465,1.3697,0.54468,1.0473,0.44806,1.3034,-0.20383,-0.12918,-0.0039736,-0.2885,0.28666
2.7654,1.8,1.265,0.96484,0.60134,0.58873,1.442,0.12744,-0.15717,-0.36284,0.25309,0.36617
2.9753,1.7945,1.8278,0.89238,1.2456,0.47211,1.1266,0.14421,-0.31051,0.020161,0.62419,-0.043171
2.6866,1.4299,1.4283,0.86959,0.98529,0.95198,0.67371,0.5018,1.0132,0.022367,0.54952,0.24995
3.8141,1.4578,1.766,0.48382,0.5395,0.85909,0.6652,0.26724,-0.28917,0.13074,0.23243,-0.14857
3.3323,1.7915,0.71076,0.88612,1.4746,1.1742,1.4958,0.5795,-0.1068,0.82084,0.53211,-0.36765
3.2503,1.3583,0.71022,0.20908,1.3856,1.5607,1.4985,0.5684,-0.008643,0.57206,-0.0010881,-0.23423
3.0457,1.4553,1.2609,0.82704,1.2588,1.4723,1.3726,0.14126,-0.1769,0.49885,0.26756,0.18514
3.0663,1.9825,1.6435,0.69261,1.22,0.81391,0.71445,-0.31479,-0.21311,0.52738,0.042453,0.13337
3.5538,-1.022,2.8264,0.3815,-0.52846,1.0897,0.41393,-0.57446,1.1793,0.43313,-0.42461,0.27704
2.5751,-0.3836,2.8628,-0.45591,-0.55323,0.49575,-0.046823,-0.64564,1.5042,0.86892,-0.58618,0.80627
1.6734,0.39213,3.1268,-0.3468,0.4153,1.6245,0.5142,-0.52766,1.0255,0.37188,0.18749,1.194
3.9428,1.7459,3.0176,-0.065674,-0.34105,0.29478,-0.63844,-0.78177,0.26328,0.079993,-0.27259,0.51793
5.1333,-1.3394,4.0231,-0.70712,-2.5097,-0.95384,-0.99444,0.13928,1.0295,-0.67947,-0.48837,0.55206
5.4164,-2.8742,4.0084,-0.84048,-2.0735,-0.50504,-0.60441,0.70488,1.27,-0.60751,-0.85568,0.42566
6.035,-3.6662,2.4855,-1.5167,-2.4195,-1.3069,-0.63319,0.73382,1.6555,-0.46626,-0.70071,0.22884
5.8205,-2.8497,1.4736,-0.47422,-2.5043,-0.55853,-0.12021,1.0898,2.2954,-0.2068,-1.1222,0.49688
6.3178,-2.4316,0.57534,-0.49423,-2.2641,-0.52136,-0.23213,1.0839,2.4061,-0.44649,-1.594,0.4768
5.4644,-3.0923,-0.466,-0.50677,-2.0411,-0.63876,-0.44044,0.49807,1.5549,-0.80609,-1.9272,0.11333
7.1585,-3.6292,0.10548,-0.19079,-1.6093,0.01794,0.17502,0.64345,2.1224,-0.54359,-1.8181,0.28358
7.5991,-3.6691,0.056241,-0.56423,-0.87182,0.26054,0.46606,1.0155,2.3709,-0.46553,-2.1396,-0.024823
7.5458,-4.1692,-0.64307,-0.73723,-0.99122,0.27204,0.33347,0.77427,2.1498,-0.72306,-2.1009,0.037396
5.5571,-2.9643,-1.7583,-0.41379,-1.1053,-0.030662,0.2527,0.61982,1.5919,-0.40284,-2.1641,-0.19834
5.9976,-2.5889,-1.416,-0.077149,-0.55112,0.40713,0.47323,1.1382,2.1578,-0.28567,-1.8745,-0.095243
5.8884,-1.8618,-1.2055,0.27271,0.1539,0.11,0.61486,1.4099,1.9547,-0.44291,-2.336,-0.40319
7.5354,-2.313,-1.3343,0.19464,0.0015605,-0.64561,0.24492,0.61384,1.5517,-0.40045,-1.2617,-0.27639
6.061,-1.6884,-1.906,-0.076628,-0.20326,-0.68955,0.79204,0.3152,1.0539,-0.72306,-1.6331,0.26447
5.7561,-0.6028,-0.52857,0.38824,0.69291,-0.0075491,0.6267,0.79446,1.252,0.053117,-0.73933,-0.13271
5.7866,-0.30015,-0.49288,0.13265,0.72527,0.55999,1.3948,0.61319,0.52813,0.055762,-0.93824,-0.077338
4.9386,-0.8447,-0.64324,0.046888,1.1848,0.35411,1.7755,1.681,0.97515,-0.45982,-0.85925,0.40284
4.3932,0.0016518,-0.1248,0.0042215,0.81212,0.33058,1.5566,1.3067,0.98255,-0.92244,-1.3715,-0.096017
4.4714,-0.33275,-0.22633,0.175,0.59015,0.69452,2.1217,1.5775,0.63796,-0.31176,-0.72197,-0.094809
4.6742,0.44018,0.19971,0.43733,1.0378,0.87088,1.0684,1.0264,1.1816,-0.65113,-1.3073,-0.088979
4.3839,0.89578,0.70257,0.061484,1.0216,0.35169,1.2152,1.4346,1.2438,-0.62339,-1.2273,-0.17579
4.3725,1.2326,0.71902,1.1922,1.1598,-0.37795,0.2638,-0.035903,1.3629,-0.057403,-0.67842,-0.22176
4.134,1.7005,0.60845,0.33852,1.0644,0.044184,0.60514,1.2069,1.1352,-0.15192,-0.22874,0.57458
3.2123,1.0274,1.1947,0.56978,1.458,0.8726,1.0156,-0.30349,0.081249,0.60659,0.56103,1.0632
3.7566,1.9112,0.81073,-0.1923,0.87477,0.87736,1.3659,0.58172,0.51598,0.28542,-0.56057,0.20209
3.5713,1.2853,1.4322,0.52637,1.0287,0.50095,1.8647,0.59666,0.41676,-0.22529,0.22589,0.0093765
2.7899,2.0989,0.99459,1.2393,1.1243,0.34399,1.0952,0.35471,0.59437,0.41693,0.30122,0.10092
2.9236,1.7513,1.5394,1.2098,1.7079,0.44697,0.90954,0.18191,0.69142,0.41057,0.41421,0.30459
3.3582,1.4327,0.073101,-0.080524,1.2263,1.6651,0.94981,0.98284,1.0101,0.68494,0.34524,0.030411
3.4682,1.7838,0.98826,0.3073,1.5704,1.105,0.85761,0.53069,0.13086,0.24672,0.6666,0.31578
3.6926,2.198,1.4866,0.71223,0.65288,0.27761,1.0255,0.20503,0.21502,0.15577,-0.14209,0.28577
3.5374,2.6363,1.4912,0.37212,1.2199,0.94878,0.94282,-0.038439,0.025111,0.17864,0.37523,0.18078
3.1419,2.4039,1.1528,0.7896,1.44,1.2415,1.0163,-0.089448,0.45732,0.257,-0.17312,0.0020946
2.251,1.1792,1.2433,0.9932,1.3722,1.8229,1.8402,0.53257,0.017663,-0.28218,-0.074434,0.087495
2.8726,1.7116,0.87191,1.0625,1.857,0.89123,0.71165,-0.12801,-0.39095,-0.088311,0.39575,0.37939
3.3102,1.7435,1.7268,0.98718,1.3893,0.3845,0.18931,0.015546,0.35422,0.48319,0.6109,0.27837
3.4178,2.0212,0.82213,0.36175,1.303,0.53457,1.2602,0.31633,0.10165,0.2323,-0.11678,0.11236
2.8269,1.745,1.7443,0.68847,1.0434,0.19665,1.2718,0.5735,0.23314,0.2484,0.3011,0.13594
3.2266,2.156,1.7159,0.67835,1.1498,0.99099,0.37277,-0.37197,-0.10679,0.45572,0.46884,0.37805
3.3723,2.1792,1.7175,0.55536,1.1927,0.60475,0.65324,0.48026,0.48993,0.19777,0.20608,-0.27766
2.6871,1.9575,1.5872,0.53768,0.944,0.56424,1.1398,0.26368,0.4184,0.29645,0.010384,0.17426
4.0072,1.5254,1.684,0.53442,1.2273,1.0934,0.48683,-0.034374,0.20039,-0.060957,0.11328,-0.4779
3.7119,1.6079,0.61036,0.55938,1.104,0.32105,0.70301,-0.03236,-0.010915,0.29114,0.99472,0.98643
3.9114,0.18668,1.5132,-0.067345,0.30483,-0.68549,0.50896,0.25175,1.8867,0.43844,-0.64516,-0.069978
4.0057,0.72204,1.067,-0.23698,0.26726,-0.51606,0.33556,1.3614,1.6549,0.44557,-0.47654,0.45553
3.7173,0.98045,1.3135,-0.03013,1.7124,-0.12732,0.56967,1.0427,1.2257,0.38562,-1.0356,0.15655
3.4439,0.73588,0.75368,1.2945,1.6318,-0.080827,0.30405,0.61532,0.9935,0.096041,-0.79743,-0.075607
3.0637,1.3107,1.353,1.1909,1.7043,0.66707,0.36688,0.6247,0.96088,-0.0097423,-0.60268,-0.80634
3.4179,1.0771,0.73247,1.0107,1.5423,0.45444,0.81116,0.81562,0.56763,0.52208,0.077794,0.14457
3.7271,2.4012,1.0259,0.5538,0.86263,-0.034191,0.46075,0.19638,0.87947,0.54618,0.28009,0.3359
3.3181,1.6545,1.3809,0.8666,1.2011,0.4403,0.8926,0.28824,0.42313,-0.23274,-0.31348,0.18929
3.3518,1.1353,1.2553,0.9823,1.2801,0.20765,0.48096,0.34161,0.60261,0.090472,-0.10461,0.48853
3.4098,1.7527,2.3499,1.2543,1.0324,0.2084,0.37406,-0.37408,-0.054117,0.1524,0.60702,0.48936
3.2885,1.5297,0.9728,1.0963,0.76661,0.30141,0.9603,0.45282,0.69814,-0.24806,-0.25389,0.54236
3.3424,2.2528,0.86859,0.17165,1.2456,0.66735,0.66389,0.31677,1.3598,0.2682,-0.68935,-0.13135
3.388,1.4225,0.61029,0.27009,1.5773,0.95966,0.65145,0.38341,0.33437,0.076113,0.52603,0.49251
2.474,1.043,0.85013,0.89938,1.3681,0.90038,1.5647,0.53476,0.40255,0.34519,0.37356,-0.55251
2.8553,1.974,1.5566,0.56904,0.86353,0.2423,0.94714,0.55587,1.0427,0.30244,-0.075475,-0.20935
2.9852,1.3866,1.3525,0.82874,1.1693,1.1847,1.5424,0.3627,0.10139,-0.020464,-0.357,-0.18436
2.6602,1.4974,1.992,1.9307,1.7506,0.97662,1.2438,0.025162,-0.0090413,-0.28456,-0.14876,-0.37667
2.4942,1.6595,1.3585,1.0978,1.8448,1.0062,1.2091,0.14962,-0.39951,0.15723,0.053049,0.14738
3.3372,1.4718,1.3107,1.5688,1.216,1.0771,0.39727,-0.50627,0.48808,0.32359,0.13376,-0.023731
2.7381,1.6077,1.3148,0.79438,1.0262,1.0794,1.5628,0.10387,-0.079541,0.7154,0.55185,0.29618
2.8393,1.8393,2.5516,1.467,0.98805,0.30552,0.74974,-0.050479,0.36479,0.32417,0.80559,0.04227
2.8189,1.0694,1.0111,1.042,1.2614,1.5303,1.6372,0.22472,0.18168,-0.17984,0.30915,0.51203
3.9344,1.7442,0.96366,0.78779,1.6612,0.49267,1.0331,-0.010478,0.013565,-0.46228,0.28198,0.57238
3.3664,1.7871,1.5114,0.58713,1.1916,0.73469,1.093,0.28424,0.39868,0.41612,-0.17909,-0.16559
3.0277,2.484,2.2515,1.2736,1.0584,0.17397,0.36997,-0.14976,0.52779,0.72294,-0.036217,-0.41607
3.0903,2.44,2.4087,0.10101,0.52067,1.0193,1.0713,-0.31125,-0.86099,-0.6957,0.045202,0.64953
3.1319,1.4545,1.4608,0.94503,1.6146,0.63793,0.77971,0.44722,0.98067,-0.13985,0.078648,0.57213
2.6532,1.7314,1.3962,1.3503,1.7342,0.49948,0.84913,-0.033013,0.18322,0.0075894,0.54083,0.18923
2.783,1.7718,2.0809,1.2537,0.72657,0.52145,1.05,0.093538,0.62827,0.41512,0.33463,-0.060306
2.7968,1.9226,1.3755,1.1373,1.8259,0.78915,0.96735,0.24712,0.20313,0.30964,0.31237,-0.080615
3.3783,2.0095,1.1194,0.31435,0.71406,0.66154,1.3226,0.93398,0.50184,-0.070004,-0.24617,-0.13794
3.6532,2.3618,1.1404,0.24365,1.8828,0.84207,0.45231,-0.25245,0.37334,0.16776,0.15927,0.25526
2.7976,2.1516,1.0212,0.63068,1.5722,1.2773,0.56255,0.31624,0.31208,-0.35525,-0.024501,0.75972
2.7134,0.94142,0.97124,1.4734,1.1301,0.8048,1.1871,0.47941,0.54575,0.46974,0.81437,0.1071
3.1636,1.6152,1.5475,0.71745,1.2235,0.9654,1.7761,0.39005,0.44672,0.18803,-0.61441,-0.62552
3.1978,1.9806,1.3736,0.85239,0.92902,0.44661,0.63891,0.0056568,0.21796,0.3197,0.3618,0.24442
3.4923,0.9939,1.9291,0.83916,1.3802,0.55743,0.81104,-0.017798,-0.077113,0.16171,0.13902,0.18474
3.1316,1.8796,1.0412,0.53513,1.117,0.98246,0.95262,0.65117,0.44101,0.16727,0.041153,0.23568
3.3294,2.7946,1.4896,0.57774,1.2125,0.62265,0.41346,-0.34985,0.69261,0.42751,0.35662,-0.22462
3.1565,1.9741,1.0794,0.77056,1.1906,1.3359,1.4096,0.057725,0.073144,0.21498,0.085182,-0.58735
3.1855,1.6266,1.476,0.88975,1.6769,0.61481,0.91518,-0.059985,-0.24311,0.13114,0.31989,-0.15063
2.8607,2.2553,1.2931,1.4005,1.5442,0.96523,0.44652,-0.094134,0.079637,0.15907,0.084496,-0.26508
3.5894,2.133,1.4471,0.59498,1.1175,0.81116,0.39225,-0.090506,0.081824,0.43795,0.43243,0.21665
3.5411,2.2595,1.6449,0.74547,1.1827,0.65865,0.29866,0.087913,0.22118,-0.19329,0.28258,0.15324
3.2794,1.902,1.4884,0.72491,0.83431,0.99504,0.21835,0.51337,0.36134,-0.07893,0.44869,0.26297
3.398,1.7536,0.90005,0.685,0.88076,1.2954,1.2986,0.54378,0.12844,-0.12585,0.28407,0.68215
3.1613,1.8864,1.3704,0.029557,0.94994,1.5156,0.66412,0.31846,0.093366,-0.36883,0.5469,1.1448
3.526,1.7128,1.0751,0.66732,0.9829,0.99331,1.1621,0.096172,0.14296,-0.11607,0.81019,0.12338
3.1305,1.9811,1.9142,1.3061,0.79812,0.66714,1.3919,0.64038,0.67947,0.55197,0.25153,-0.7794
3.4194,2.0233,1.3739,0.78482,0.98169,0.98656,0.70965,0.402,0.26518,-0.58376,-0.11718,-0.26577
3.524,1.8582,0.80702,1.2061,1.3924,1.0696,1.0639,0.108,-0.0094487,0.029286,-0.53248,-0.46078
3.3267,1.6392,1.2161,0.53677,1.6928,1.353,1.2313,0.81532,0.52947,0.040063,-0.17165,-0.2958
3.25,2.0072,1.2248,0.4311,2.0855,0.7121,0.97085,0.2467,0.55328,-0.24336,-0.075825,0.15042
3.1358,1.6761,1.0819,1.1228,1.2578,0.64003,1.2153,0.44762,-0.15556,-0.47004,0.26164,0.38285
3.2704,2.4649,1.4076,0.34864,1.4314,0.69341,0.41538,0.38095,0.62285,-0.00075786,0.12328,-0.002324
3.1989,2.0108,1.2525,0.078796,0.81994,0.50737,1.1971,0.78601,-0.15298,-0.40774,-0.43414,0.12909
3.5391,2.6228,1.1576,0.21782,0.9082,0.73465,0.78245,0.22249,0.12269,-0.22543,-0.11899,0.50833
