1.8571,1.421,0.8959,0.31201,-0.29572,-0.74921,-0.91301,-0.86818,-0.7415,-0.52381,-0.21399,0.036519
1.3946,1.0874,0.64169,0.14082,-0.32596,-0.68277,-0.88198,-0.91172,-0.79464,-0.57894,-0.32466,-0.088911
1.4166,1.0975,0.65005,0.17293,-0.24147,-0.53144,-0.6776,-0.69885,-0.63664,-0.53525,-0.42647,-0.32409
1.3346,1.0168,0.55705,0.043627,-0.42894,-0.78001,-0.95903,-0.9539,-0.79025,-0.52228,-0.21809,0.056595
0.6714,0.4545,0.23883,0.0044563,-0.26649,-0.4522,-0.45287,-0.34652,-0.2355,-0.087179,0.12611,0.28751
1.4435,1.1603,0.7585,0.31713,-0.092131,-0.4212,-0.64849,-0.77119,-0.7949,-0.72839,-0.58606,-0.39392
-5.2918,1.3137,1.0427,-1.3988,0.44194,-1.1891,0.29635,-0.94723,0.36757,-0.6259,-0.50423,-0.85579
-4.2886,1.0027,-1.5472,-1.2,-1.5959,-2.8773,-0.55746,-1.1955,0.29647,-0.77986,-0.58594,-0.093782
-4.5214,1.1852,-2.0146,-2.2026,-0.63881,-2.8563,-0.81802,-0.61795,0.43254,-0.33239,-0.62187,0.23796
-5.5222,0.1098,-2.694,-1.8729,0.25525,-2.2757,-0.70017,-1.5862,0.45398,1.4825,-0.011587,0.31728
-4.4967,0.019141,-2.5126,-1.9889,0.23668,-1.6814,-1.3614,-0.47719,0.049151,0.61902,-0.33698,0.41403
-4.0331,1.1709,-3.0248,-2.7006,0.5104,-0.73696,-0.90813,-0.10318,-0.42374,0.46735,-0.45164,-0.41416
-3.6633,1.0329,-2.2052,-2.2136,1.7064,-0.036027,0.16062,-0.18055,-0.50615,0.64157,0.54789,-0.51706
-0.1879,2.0575,-2.29,-3.6565,0.17795,-0.47436,-0.53526,-0.61392,0.0035312,-0.66519,0.18328,-0.90734
0.0029341,1.2824,-1.7585,-2.8789,0.95772,-0.33224,-0.21335,-0.13189,0.18468,0.030845,0.066334,-1.0549
0.34113,0.66959,-1.9312,-3.9554,0.60971,0.099717,-0.74338,0.18728,-0.4004,-0.085484,0.19575,-0.82435
-0.25622,2.3679,-1.4991,-3.4076,-0.27933,0.031473,0.01102,-0.18961,-0.33332,-0.38857,0.17344,-0.36143
1.9197,2.8488,-2.7323,-3.7848,0.039221,0.32951,-0.58985,-0.27132,-0.024073,-0.29259,0.44278,-0.68236
1.1574,2.6134,-3.346,-3.5988,-0.27994,0.047111,-0.51954,0.055067,-0.37631,0.2412,0.42547,-0.6633
2.1046,2.9468,-2.6174,-3.1141,0.22928,0.12617,0.0046,0.26492,0.055516,0.099719,0.62447,-0.66824
-0.24563,1.5446,-2.8654,-2.9017,0.32557,-0.29333,-0.60916,-0.058475,0.1019,0.29326,0.60303,-0.25166
0.85925,1.8411,-2.162,-2.2969,0.62326,0.23915,-0.37831,-0.28406,-0.26208,0.15446,0.4742,-0.93673
0.21896,1.3842,-0.94263,-1.9899,0.4147,1.0071,-0.88903,-0.23741,0.20589,0.69134,-0.25507,-0.14268
5.1528,2.2669,-0.0588,-3.4017,-0.8999,0.38281,-0.66478,-0.5022,-0.12281,-0.48964,-0.20484,-0.49871
6.2954,2.2018,0.17614,-3.4912,-1.9705,1.2857,-0.31554,-1.7043,0.75696,-0.8981,0.019854,-0.72645
7.4717,1.786,-0.28488,-2.9568,-2.0095,0.7093,-0.17877,-1.4506,0.66222,-1.0401,0.046506,-0.22855
6.1582,1.5813,-0.16958,-2.7078,-2.1981,0.69056,-0.3572,-1.0962,0.2789,-0.69529,-0.30371,-0.012483
6.4702,1.1411,0.22861,-3.2083,-2.4847,1.2695,-0.72669,-1.169,0.50715,-0.80047,-0.27987,-0.12352
5.9843,0.82512,0.1769,-3.2847,-2.4939,1.1468,-0.72964,-1.1515,0.4456,-0.85845,-0.15848,0.19792
5.0654,0.86977,0.19196,-3.3135,-2.3926,1.1167,-0.6909,-0.9654,0.42804,-0.60192,-0.27767,0.28343
6.6844,-0.20695,1.0129,-4.4012,-2.2039,1.3847,0.04201,-2.3101,1.7681,-1.3951,0.35497,0.1734
5.0687,0.38514,0.30216,-3.9788,-2.4839,1.6939,-0.46764,-1.6492,0.97594,-0.78409,0.14038,0.41264
5.0009,0.00080803,0.27407,-4.3996,-2.1023,1.2701,-0.022966,-1.9084,1.0709,-0.88233,0.52019,0.49122
3.5147,-0.167,-0.24719,-3.8057,-2.0582,0.013761,0.37544,-0.90435,0.19146,-0.68101,0.48618,0.84809
3.7419,-1.4535,-0.68954,-3.2579,-1.994,-0.25858,-0.050502,-0.37562,-0.045017,-0.30487,0.47463,0.3812
3.5698,-1.2385,-0.94857,-3.4793,-1.769,0.12118,-0.0095942,-0.26814,0.057175,0.018973,0.038447,0.24924
3.9702,-0.98384,-1.029,-4.2375,-1.7105,1.2026,-0.04412,-0.75501,0.51246,0.12323,-0.43679,0.12073
4.7758,-1.7136,-1.3489,-4.2954,-1.7655,1.8503,-0.35957,-1.0713,0.76529,0.28003,-0.84942,0.015966
5.5117,-2.3314,-1.4164,-3.7515,-1.7963,1.8757,-0.47728,-0.99453,0.86069,0.25186,-0.97217,-0.061977
5.8859,-2.4453,-1.5368,-3.9951,-1.4688,1.3322,-0.57341,-1.3624,0.76217,0.0045325,-1.3055,-0.75363
6.2882,-1.6416,-2.1283,-3.7341,-0.99017,1.0764,-0.37126,-1.4892,0.53554,-0.016352,-1.0248,-0.58582
5.8828,-1.2602,-2.0244,-3.9945,-0.75105,1.1306,-0.67404,-1.3537,0.41661,0.1765,-1.2644,-0.49169
6.5645,-1.5899,-2.0392,-3.8389,-0.63884,0.77456,-0.78749,-1.1744,0.47592,0.049356,-1.2356,-0.85526
6.1904,-1.8297,-2.4012,-3.3212,-0.76297,0.98607,-0.68486,-1.4691,0.73888,0.086342,-1.1199,-0.70156
5.9071,-1.4103,-2.3366,-3.3005,-0.23739,1.0392,-0.78645,-1.2049,0.9762,-0.11809,-0.79856,-1.3974
5.779,-1.0709,-2.9507,-3.1109,0.14968,0.85463,-0.38821,-0.85861,0.83332,0.38225,-1.2341,-1.4572
4.834,-0.74541,-2.8485,-3.5533,0.64302,0.70594,-0.030805,-0.23482,1.3754,0.99152,-0.71937,-1.2357
6.002,-0.66807,-2.6651,-2.5599,-0.39858,1.5254,-0.78951,-1.0776,1.0523,-0.011637,0.59977,-0.44675
3.7995,-0.89864,-2.9392,-2.6316,-0.22918,0.026347,-0.4182,-0.41853,-0.13605,0.41458,-0.63171,-0.25301
3.678,-3.013,-3.8042,-4.7107,-0.11018,-1.2001,-0.43169,-0.27877,0.76554,0.1353,-1.2598,-1.7546
4.3943,-0.75786,-3.3793,-2.7242,-0.85886,0.81349,-0.61604,-0.99542,-0.051961,-0.43066,-1.1126,-1.4628
6.2032,-0.068842,-3.0044,-2.4164,-0.81593,1.1767,-0.99434,-1.6574,0.56087,-0.40021,-0.9133,-1.1263
6.9781,0.020453,-2.9638,-2.1079,-1.0194,1.2548,-1.6209,-2.0794,0.76378,-0.30469,-0.19978,-0.96321
6.9828,0.043104,-2.3327,-2.7502,-1.2053,1.4365,-1.1424,-1.8105,0.25487,-0.11796,-0.23489,-0.27555
7.1384,0.29717,-2.1612,-3.1322,-1.6788,1.4678,-0.95984,-1.9259,-0.036703,-0.59976,-0.3577,-0.30859
6.626,-0.10448,-3.1099,-2.8181,-0.91549,1.4124,-1.1948,-1.3711,0.77202,-0.23764,-0.028909,-0.29628
7.044,0.057972,-3.3244,-2.7863,-0.66484,1.4727,-1.1649,-1.1773,1.07,-0.58782,-0.16516,-0.71428
7.2028,0.48341,-3.1808,-3.1985,-1.4334,2.2371,-0.47664,-1.5011,1.0688,-0.61404,-0.45393,-1.2128
7.3585,0.58045,-3.1091,-2.793,-0.79675,1.7255,-0.86901,-1.3045,0.80716,-0.44214,-0.64933,-1.1414
6.5901,0.72965,-2.6737,-1.8764,-1.3678,1.1542,-0.58055,-1.929,0.52033,-0.99036,-0.64251,-1.4522
7.1558,1.3478,-2.2411,-2.8169,-1.8392,1.689,-0.47561,-2.1305,0.45781,-0.99174,-0.754,-0.99094
6.8876,1.3905,-2.9777,-2.3593,-1.7347,1.4697,-0.43251,-2.037,0.56608,-1.5462,-0.87815,-1.2695
7.4898,0.64613,-3.681,-2.5263,-0.97527,1.2205,-0.70139,-2.0665,0.14871,-0.96804,-1.2271,-1.4137
6.8335,0.83286,-3.8151,-2.2477,-1.2514,1.3393,-0.51121,-2.2069,0.25603,-0.72358,-0.91401,-1.727
6.0852,0.93719,-3.4771,-2.2624,-1.4789,1.5461,-0.54431,-2.4177,-0.0001919,-0.38255,-0.40567,-1.1883
5.638,0.37502,-4.2706,-1.9733,-1.2026,1.0829,-1.2294,-2.209,-0.065979,-0.82945,-0.69067,-1.4649
5.7613,0.80069,-4.1326,-1.7546,-0.51311,1.8155,-0.29291,-2.074,-0.48544,-1.0953,-0.69221,-1.7015
5.8214,-0.06765,-3.8153,-2.4148,-1.0544,1.3592,-0.24928,-2.0192,-0.283,-0.31735,-1.2413,-1.8065
6.3902,0.7284,-4.0039,-2.7998,-0.76986,0.83282,-0.39237,-1.2797,-0.36079,-0.36469,-0.20201,-1.1642
5.9995,0.83868,-2.9914,-2.2356,-0.66684,0.76871,-0.61317,-1.8175,-0.5484,0.0015387,0.29122,-0.69631
6.4606,0.21597,-3.1984,-2.6473,-0.40331,0.67132,-0.52154,-1.4952,-0.65384,0.098781,-0.25131,-0.60926
7.0136,0.85267,-3.0003,-2.7056,-0.77881,-0.13727,-1.1449,-1.6105,-0.66306,0.23821,0.03573,-0.65226
6.9591,0.58153,-3.4571,-2.9057,-1.1248,-0.47893,-1.529,-1.6886,-0.5854,0.057424,-0.44188,-0.97749
7.3037,1.2829,-2.722,-2.5884,-1.1088,-0.22601,-1.3173,-1.8571,-0.85602,0.0086465,0.023909,-0.46465
7.3434,1.4795,-2.3148,-2.5125,-0.88051,-0.1353,-1.135,-1.815,-0.82271,0.2966,0.28953,-0.31081
7.1572,1.2215,-2.5733,-2.2832,-0.38067,0.28358,-0.62143,-1.3107,-0.7641,-0.063179,0.12195,-0.14648
7.1727,1.4983,-2.3612,-2.3438,-0.48933,0.24877,-0.63266,-1.4689,-1.1111,-0.20264,0.11308,-0.26045
6.7868,1.1013,-3.0199,-2.8069,-1.0053,-0.1561,-0.95229,-1.5074,-0.85574,-0.024248,0.14079,-0.51886
6.2312,0.94462,-3.1163,-2.2092,-0.23455,0.58039,-0.83984,-2.0597,-1.5266,-0.55678,0.22598,-0.41775
6.0574,1.0864,-3.5785,-2.1583,-0.45385,0.68294,-0.60557,-1.3959,-0.55352,-0.024803,0.53053,-0.75887
5.5908,1.1588,-3.7464,-2.6754,-1.2884,0.50562,-0.21331,-0.79469,-0.13968,0.13519,0.68248,-0.34625
4.926,0.87816,-3.7216,-2.5414,-1.1334,0.39396,-0.2235,-0.84441,-0.078166,0.13188,0.91573,-0.47008
4.714,0.94199,-3.4147,-2.7202,-1.4873,0.23771,0.026126,-0.39682,0.04351,0.20196,1.0096,0.046476
4.79,1.3493,-2.6837,-2.344,-1.6319,-0.26245,-0.32574,-0.31935,0.075629,-0.12206,0.087801,-0.7109
4.1727,1.0738,-3.243,-2.2459,-1.0066,0.25842,-0.3502,-1.0761,-0.71882,-0.5641,0.31159,-0.86747
4.1928,1.2279,-2.9706,-2.4465,-0.70039,-0.11403,-0.59036,-0.73813,-0.5943,-0.034665,0.2552,-1.3199
2.8668,0.77143,-0.62721,-0.21353,-0.136,-2.0109,-0.63295,-1.2419,-0.27397,1.2148,-1.742,-0.52761
4.5628,1.1519,0.49651,-0.29706,-0.91102,-2.2088,-0.75443,-0.48432,-0.37878,1.2637,-1.2998,-0.42107
4.6736,1.1495,0.58691,0.055102,-0.67038,-1.9294,-0.8492,-1.12,-0.42119,0.82219,-1.754,-0.23326
3.8412,3.1164,-0.368,0.35127,-0.74277,-1.3651,-1.2813,-1.0601,-0.14869,0.75235,-1.2423,-0.11684
2.6248,4.0104,-0.76916,0.59952,-0.51501,-1.0354,-0.71701,-1.0962,-0.10039,0.12153,-0.88462,-0.86618
0.20851,3.9683,-0.74973,0.36953,-0.18822,-1.2421,-0.039286,-0.026058,0.62071,0.15059,-0.95652,-0.25543
-2.3506,4.198,-0.043428,-0.013251,-0.35328,0.073583,0.56997,0.8096,-0.22603,-0.43958,-0.52534,-1.0614
-2.6964,4.7857,-0.97704,-0.51719,-0.67855,-0.93045,-0.12662,0.36989,-0.53533,-0.13082,-0.016855,-0.37412
-3.4779,5.379,-1.259,0.10312,-1.3764,-0.86148,-0.23061,-0.52524,-1.1178,-0.61428,-0.66052,-0.67146
-4.1049,4.2949,-1.5984,-0.48792,-0.64576,-0.010964,-0.33763,-0.34242,-1.5777,-0.46897,-0.49943,-0.29626
-4.5352,4.5175,-1.4415,-0.43329,-0.84886,-0.43106,-1.3791,-0.28568,-1.5964,-0.64912,-0.23841,0.30413
-4.6755,3.576,-2.1406,-1.4095,-2.3153,-0.34994,-0.8728,-0.16555,-1.3227,-0.99511,-0.96283,-0.3558
-4.861,3.8207,-1.8196,-1.7232,-1.495,-0.84115,-0.97307,0.14478,-0.87355,0.056432,-0.34676,-0.59319
-5.4212,3.378,-1.6066,-1.2939,-1.4638,-0.83653,0.13432,0.22655,-0.59045,0.4439,-0.20716,-0.021062
-6.8152,2.7295,-2.3407,-0.47964,-1.0551,-0.50637,0.38867,-0.14737,-0.44271,0.64958,-0.17608,0.18058
-7.1231,3.7963,-1.3319,-0.59017,-0.82129,-0.70905,-0.61462,-0.34349,-1.2321,0.025306,-0.2453,0.068893
-6.3981,3.5992,-2.0533,-0.76181,-1.5642,-0.45239,0.11526,0.53386,-0.99957,-0.54308,-0.26857,-0.34276
-6.5928,3.5591,-2.1834,-0.66194,-1.3711,-0.67496,-0.3572,0.17241,-0.55128,-0.4719,-0.73709,0.0051065
-5.9156,3.4279,-2.1166,-0.49315,-1.3683,-0.92697,-0.69649,0.072646,-0.61862,-0.18922,-0.43622,-0.30251
-6.3012,3.3733,-2.9833,-0.91957,-1.8555,-1.5234,-0.81613,-0.13028,-0.19136,0.14129,-0.75765,-0.45162
-6.4933,3.5298,-3.1861,-0.5673,-1.2156,-0.69789,-1.0013,-0.87916,-0.26307,-0.69976,-0.26979,-0.17288
-6.2527,4.4792,-2.5227,-1.8213,-1.589,-1.0013,-0.3685,-0.68282,-1.0305,-0.36723,-0.2025,-0.80609
-6.4068,3.966,-2.3521,-1.4471,-1.6738,-1.7595,-1.4654,0.074436,-0.40267,-0.76947,-0.8334,0.022728
-6.8623,3.2332,-2.9343,-1.4502,-1.1651,-0.74472,-0.57948,-0.28895,-0.39337,-0.46589,-1.179,-0.34243
-6.6067,3.9856,-2.4961,-1.9735,-1.8226,-1.1575,-0.39804,0.46715,-0.71482,-0.72863,-0.8266,-0.94794
-5.9717,4.2518,-2.2459,-1.8161,-1.5268,-0.78905,-1.1303,-0.61354,-0.56334,-0.28186,-1.2241,-0.76949
-6.5491,4.1784,-1.8532,-1.8259,-1.7784,-1.12,-0.89543,-0.43069,-0.82577,0.058146,-0.63779,-0.69039
-7.0713,3.3208,-1.067,-1.2347,-0.92075,-1.1111,-0.28105,0.27213,-0.72815,-0.068746,-1.0713,-0.88041
-6.2292,3.6344,-1.5408,-1.0749,-2.1738,-1.6686,-0.4326,-0.40882,-0.89879,-0.6383,-0.3386,-0.44822
-6.4522,3.3727,-1.1976,-1.0275,-0.91016,-2.1129,-0.87547,-0.37304,-1.3754,-1.0462,-0.69261,-0.016654
-5.0511,2.6806,-0.6191,-1.3389,-1.0028,-2.2914,-0.56392,0.16751,-0.59761,-0.37573,-0.44544,0.17457
-0.90814,1.8219,0.17218,0.097969,-0.66314,-1.3384,-0.42145,0.69613,-0.061939,-0.3885,-0.63966,-0.48404
2.8425,-0.20039,1.1445,-0.00016825,-2.4245,-1.8743,-1.1875,-0.48119,0.2865,-0.36913,-0.31694,0.2223
2.4256,-0.56143,1.5348,-0.51228,-2.4126,-2.1871,-1.068,-0.3554,0.78319,-0.16972,-0.33704,0.37751
2.3942,-1.1461,1.7307,-0.76652,-2.2674,-2.2135,-0.89186,-0.15307,0.83318,-0.30764,0.036986,0.34859
2.328,-1.3314,1.6198,-1.1475,-2.3876,-2.11,-0.73373,0.1371,0.78589,0.0033443,-0.13036,0.19905
1.8327,-0.77236,0.9506,-1.0201,-3.074,-2.1267,-0.68587,0.48834,0.79816,-0.13971,-0.19583,0.034446
2.0182,-0.83795,1.157,-1.1302,-3.0037,-2.4142,-0.19103,0.48679,1.004,-0.43984,-0.45074,-0.13692
2.2021,-1.6978,1.2503,-0.86854,-2.7535,-2.1646,-0.45215,0.41558,0.97834,-0.2734,-0.52416,-0.060019
2.2512,-1.8194,1.3058,-0.89558,-2.3403,-2.4406,-0.28099,0.097274,1.0021,-0.32951,-0.53511,-0.13007
2.3308,-1.8943,1.4115,-1.0708,-2.1832,-2.4899,-0.1165,0.044451,1.0706,-0.38142,-0.44585,-0.052283
2.3382,-1.9777,1.2894,-1.1324,-2.0213,-2.4087,-0.12206,0.13546,1.0927,-0.21428,-0.39734,-0.13782
2.1402,-1.7938,1.0065,-1.2856,-1.9258,-2.4253,-0.16287,-0.041437,1.1337,-0.037858,-0.34158,-0.062546
2.2943,-1.4011,0.77104,-1.2096,-2.0178,-2.5966,-0.30128,-0.21808,0.9155,0.04311,-0.4665,0.24384
2.9221,-1.6177,1.0352,-1.0958,-1.6142,-2.8209,-0.33951,-0.47054,0.84329,-0.15477,-0.49142,0.3468
3.2546,-0.98411,1.1552,-0.97208,-1.4029,-2.4912,-0.52411,-0.82753,0.55006,-0.19308,-0.93045,0.35628
3.1877,-0.2949,1.3168,-0.12201,-0.63857,-2.1724,-0.70735,-1.5879,0.47854,-0.10106,-1.1532,0.28999
3.6051,-0.0090025,1.127,0.44598,-0.59648,-2.0884,-0.36619,-0.89049,0.37534,-0.17588,-0.94087,-0.52751
2.7784,0.47858,0.59334,0.63592,-2.0116,-1.764,-0.54081,-0.20338,0.14028,-0.069147,-0.25402,-0.86606
3.197,-0.79657,1.0984,0.35508,-2.2562,-1.9395,-0.43469,-0.48583,0.86537,-0.13791,0.070208,-0.21099
4.81,-0.59716,1.4244,0.22156,-2.0813,-2.0024,-0.23538,-0.21706,0.79034,-0.26196,-0.13591,0.0064286
4.6559,-1.5754,1.0314,-0.16482,-1.632,-2.4321,-0.27362,-0.17425,1.619,-0.56402,-0.35079,0.53771
4.0532,-1.9106,0.26777,-0.97544,-2.6476,-2.5382,-0.42616,-0.50721,0.70727,-0.52577,0.46396,0.23719
3.4038,-2.1507,0.39008,-0.79812,-2.5367,-3.36,-0.63366,-0.040255,0.22725,-1.2522,0.06073,0.020343
3.2001,-2.7728,-0.077051,-1.4153,-2.5237,-2.6842,-0.51499,-0.82075,-0.060348,-0.60629,0.12435,0.030012
4.2917,-2.3051,0.9514,0.26059,-2.3489,-2.9772,-0.27732,-0.65829,-0.30592,-0.97819,-0.69176,-0.010471
3.9272,-2.261,0.91171,0.10181,-1.791,-2.0235,-0.29328,-0.91177,-0.44812,-1.9439,-0.5149,0.23358
4.7895,-2.2237,1.0729,0.46435,-2.2721,-1.8872,0.032102,-0.23574,-0.28982,-1.9207,-0.48904,-0.052289
5.2814,-1.9822,0.36575,0.60207,-2.0172,-2.5005,-0.97263,-0.72153,0.34886,-1.3621,-0.59985,-0.020578
4.4162,-1.9827,0.14728,0.16138,-2.6582,-2.4964,-0.6405,0.11943,0.79141,-0.70449,0.038316,0.53672
4.7984,-1.8544,-0.79237,-0.59271,-2.6993,-2.2708,-0.3364,0.074443,0.70598,-0.2807,0.56042,0.54958
5.2586,-1.6535,-0.24916,-0.76397,-3.6512,-3.3819,-0.84829,-0.10069,0.49164,-0.90742,0.32928,0.3053
5.1828,-1.1957,-0.28465,-0.44267,-3.3152,-3.1249,-0.67178,0.81387,0.78274,-0.7664,0.32352,0.1251
4.3096,-1.7924,0.090963,-0.42707,-4.3538,-3.2924,-0.64865,0.18253,0.30802,-0.32303,0.16428,0.4535
4.5632,-1.0057,1.0286,0.74011,-3.666,-3.3318,-0.46959,0.1435,-0.344,-0.99871,-0.016242,0.53773
0.27277,0.51391,0.21413,0.019105,-1.8629,-2.6663,-2.0036,-0.71565,-0.82642,0.22561,-0.72934,0.3056
0.66071,0.26536,-1.2795,0.19353,-2.5792,-2.8806,-2.1164,-0.27295,-0.14005,0.28017,-0.64539,-0.51587
0.18392,2.5704,-1.1356,0.22262,-3.5332,-4.1555,-1.1577,0.34783,-0.47004,-0.55782,-0.97065,-0.6029
-1.3295,2.4462,-0.88224,0.077738,-3.2337,-2.7517,-1.475,-0.31693,-0.33754,-0.50261,-1.0244,-0.59083
-1.3607,3.0478,-1.9757,1.0245,-2.4934,-3.0774,-1.0595,-0.45122,0.03335,0.011841,-0.97533,-0.16882
-2.6716,2.362,-1.8163,-0.22838,-2.3784,-3.0574,-0.61643,-0.27649,-0.29705,-0.67525,-0.47716,-0.040505
-2.5178,2.7069,-0.91513,0.023506,-1.982,-2.8574,-0.63297,0.19052,-0.74735,-1.2645,-1.0372,-0.24217
-0.56109,3.4817,-0.59102,-0.24478,-2.2616,-3.2496,-0.71686,-0.86437,-0.79214,-0.31214,-0.45053,-0.16945
-0.065413,2.0253,-0.26062,-0.71425,-3.1728,-3.3799,-0.31149,-0.55251,-0.353,-0.31709,-0.57614,-0.57831
2.0754,1.0158,-0.82309,0.30798,-3.414,-3.2846,-0.19902,0.47077,-0.036392,-0.86998,-0.71512,-0.65119
2.7209,1.3647,-1.1302,0.5705,-3.5211,-3.2277,-0.05389,0.20166,0.169,-1.333,-1.0718,-0.91774
1.5297,1.1304,-1.6577,-0.53302,-3.6281,-3.1507,0.30422,0.35787,0.57464,-0.14657,-0.024324,-0.31094
3.3818,1.5355,-0.84813,0.23342,-3.0839,-3.0448,-0.038294,0.37872,0.57214,-0.39132,0.051297,-1.4142
3.0139,0.63812,-0.97389,0.095292,-3.9979,-3.1105,-0.08107,0.96389,0.43022,-0.056454,0.02606,-0.14924
3.7316,0.51559,-0.88957,0.10233,-3.548,-2.5497,-0.22083,0.55019,-0.41591,-0.19684,0.27917,-0.2073
4.0269,0.26121,-0.79302,0.016159,-2.7413,-2.2603,-0.23043,0.66007,-1.0255,-1.1951,-0.37561,-0.14005
3.6943,0.43319,-0.40726,-0.44839,-2.7759,-2.6316,-0.0022531,0.59685,-0.048953,-0.79705,0.014438,-0.55052
4.7139,0.94347,-0.13274,-0.17068,-2.3054,-3.2989,-0.90617,1.2522,0.55437,-1.1174,-0.53678,-0.030709
4.4877,0.45338,-0.47772,-0.86682,-3.0236,-3.571,-1.0285,0.85982,-0.036933,-0.99186,-0.13772,0.66265
4.2324,0.75996,-0.58828,-1.1226,-2.8192,-3.4116,-1.2288,0.82061,0.33804,-0.6708,0.070204,0.79489
3.5248,-0.25195,-0.6114,-0.42439,-2.577,-3.6597,-1.1631,1.2611,0.55259,-0.7688,-0.023551,1.0374
4.0106,0.56095,-0.15734,-0.56512,-2.6597,-3.2547,-0.96657,0.88071,0.22162,-0.74955,-0.22245,0.38492
2.2259,-0.54987,-0.83138,-0.34664,-1.7284,-2.3637,-0.34157,1.6483,0.85161,-0.55527,-0.11888,0.6881
2.1095,-1.472,0.5736,-0.8437,-3.1889,-1.8239,0.096459,0.85005,0.7625,0.0034483,-0.0013291,0.8003
2.0723,-1.9093,4.5422,-1.059,-4.5816,-3.0297,-1.468,-0.26976,-0.763,0.28949,-0.35475,0.49737
4.7413,1.4681,2.4714,0.3437,-2.5499,-2.5606,-1.0454,-0.16889,-0.21323,0.11273,0.11637,0.15085
6.2412,2.1443,4.0557,0.38349,-3.4297,-1.7297,-0.88715,-0.7915,-0.36612,-0.44365,-0.47767,0.10313
6.5755,1.13,4.6423,1.6182,-3.4513,-2.0825,-0.79079,-0.83551,-0.97554,-0.98826,-0.29488,0.19252
4.9749,1.1802,2.8298,0.73254,-2.913,-1.8751,-1.2288,-0.94569,-0.84711,-1.4762,-0.56521,0.029531
4.5355,0.27988,4.4378,1.7323,-2.8005,-1.5022,-0.95101,-0.56735,-0.83717,-1.2344,-0.049798,0.3335
5.4259,-0.060532,6.3594,1.8611,-3.5053,-2.1832,-1.4239,-0.14186,-1.0627,-1.8133,0.15183,0.3119
4.3224,0.86665,3.2685,1.6804,-2.1345,-1.5741,-0.74759,-0.58427,-0.65781,-0.85308,-0.12388,0.27337
6.7743,0.26008,4.4942,1.7379,-3.6335,-2.5736,-1.5498,-0.14685,-0.0078873,-1.3402,-0.33372,0.2276
4.6702,2.1013,1.7045,0.66962,-1.8204,-1.9627,-0.88697,-0.55625,-0.94369,-0.61353,0.00048358,-0.13018
7.0268,-0.79739,4.0542,2.4122,-2.861,-2.0451,-1.463,-0.87702,0.11992,-1.1925,-0.55057,0.37164
5.1375,1.0492,2.1724,1.436,-1.9988,-2.409,-1.3416,-0.19019,-0.23782,-0.99382,-0.2435,0.29548
6.982,0.85545,2.7095,1.7108,-2.4746,-2.6688,-1.3945,-0.025182,-0.1099,-1.0841,-0.403,0.05604
5.8314,0.6057,2.9951,2.2829,-1.8212,-2.3595,-1.467,-0.29322,-0.33221,-1.083,-0.10948,0.49101
6.0637,0.60742,2.726,1.7406,-2.247,-2.5488,-1.7478,-0.30127,0.24282,-0.67696,-0.33558,0.038249
6.7059,-0.36791,2.9804,1.9813,-2.1829,-1.9979,-1.9118,-0.64497,0.40004,-0.6126,-0.1968,0.23072
6.071,-0.081019,3.2299,2.144,-1.9859,-1.9508,-2.1268,-0.80317,0.6835,-0.3603,-0.15834,0.11943
6.3079,-0.61376,3.0522,1.7401,-2.135,-1.5444,-2.0476,-1.0249,0.66869,-0.32883,-0.27248,0.069894
5.5407,0.27096,2.726,1.7454,-1.6218,-1.5513,-2.0706,-1.0341,0.29603,-0.76397,-0.38719,0.3397
6.3222,0.051594,3.3269,2.0265,-1.8875,-1.815,-2.0608,-1.0194,0.20922,-1.1217,-0.37405,0.23626
5.4031,0.078692,3.2034,1.952,-1.9454,-1.6719,-1.6682,-0.83388,0.1696,-1.2021,-0.52862,0.19839
4.7081,-0.41901,3.6138,1.9151,-2.2609,-1.6908,-1.393,-0.635,-0.20262,-1.2544,-0.28784,0.11991
4.2971,-0.78014,5.2216,1.705,-2.9161,-1.7178,-1.5327,-0.72864,-0.20384,-0.99867,0.30133,-0.43775
3.2111,-0.62663,5.3209,1.4838,-3.3954,-1.3097,-1.4733,-1.1073,-0.17995,-0.74246,0.4666,-0.63532
2.3856,-0.3031,5.84,0.93615,-3.5022,-0.9243,-1.7384,-1.6126,-0.31697,-0.72152,0.57891,-0.030716
1.6651,0.36186,5.9874,0.14129,-3.0587,-1.0254,-2.0865,-1.9447,-0.030089,-0.58424,0.22631,-0.20491
1.4487,0.48533,5.6772,-0.66492,-2.7616,-1.1149,-1.8586,-1.8313,-0.33345,-0.77355,0.35957,0.022206
1.1164,0.89241,5.1431,-0.82107,-2.4431,-1.5386,-1.5172,-1.8471,-0.12072,-0.62643,0.096141,0.034428
1.0854,0.95418,4.2092,-0.65141,-2.3076,-1.5562,-0.97893,-1.6467,-0.10417,-0.63982,0.046488,0.34032
1.4194,0.90264,3.5068,-0.31352,-2.4592,-1.5729,-0.7962,-1.8812,0.019613,-0.75743,0.14731,0.020712
1.7675,1.4014,3.2292,-0.18015,-2.7921,-1.7394,-0.98357,-1.8063,-0.11144,-1.1153,-0.16192,0.012067
2.0329,1.6173,3.0771,-0.21994,-2.5267,-1.9997,-0.58535,-2.2295,-0.069482,-1.4281,0.11757,0.0049997
2.3134,1.3464,2.5123,0.5787,-2.3827,-1.6657,-1.0109,-1.9497,-0.15259,-1.3375,-0.022875,-0.29704
1.5047,2.1839,2.3759,1.517,-2.0119,-1.9546,-1.3704,-1.7896,0.11237,-0.9625,0.13028,-0.34165
1.7952,1.6656,2.2061,0.79266,-1.5976,-1.5491,-0.3486,-0.50096,-0.53772,-1.0883,0.2824,-0.20159
2.6674,1.7762,3.1262,0.70584,-2.0032,-2.0382,-1.2465,-2.1069,-1.2573,-0.77762,-0.22988,-0.68235
2.2916,1.537,2.2098,0.91376,-1.978,-1.9883,-1.3094,-1.6432,-1.2812,-1.6173,-0.1343,-0.66715
1.9579,2.5157,2.7673,1.0903,-2.0861,-1.7778,-1.5549,-1.9824,-0.72262,-1.4549,-0.13989,-0.90731
1.8971,2.2603,1.9615,1.2239,-2.2054,-2.3548,-1.2955,-0.70817,-1.3472,-1.1328,0.79992,-0.39006
0.77431,2.2867,2.3652,0.27998,-2.7825,-2.1768,-1.0815,-0.61473,0.080844,-0.77333,0.73137,0.52341
1.2184,1.8714,2.7801,0.88086,-2.7941,-2.4691,-1.1576,-1.7507,-0.63147,-0.11636,0.4702,-0.33109
1.151,2.626,3.2332,1.0892,-2.8418,-2.2578,-1.3284,-1.6038,-0.33041,-1.1193,0.64733,-0.29917
1.4791,3.4999,2.5939,1.1948,-2.9155,-2.4999,-0.97897,-1.1664,-0.55227,-1.1605,0.61899,-0.41038
2.3788,3.1622,2.8904,1.3325,-3.4779,-1.9443,-1.4507,-2.4496,-0.089646,-0.92159,-0.13238,-0.81551
1.5911,2.1752,2.6567,1.8882,-2.8406,-2.1588,-1.1569,-1.7985,-0.12604,-1.3501,0.20506,-0.93421
1.616,2.1847,1.9432,0.80399,-3.3232,-1.767,-0.96122,-1.9144,0.26534,-1.3846,0.74766,-1.2913
2.1944,2.3814,2.3022,1.8284,-2.5242,-1.1349,-0.8968,-1.8648,-0.11595,-1.7183,0.27508,-1.5332
2.7744,2.5675,1.6414,1.1269,-2.4783,-1.732,-1.1919,-1.9985,-0.83829,-1.8003,0.32237,-0.59361
3.5431,3.5799,3.0876,1.3249,-2.4982,-2.4356,-1.04,-2.1901,-1.2198,-1.9727,0.76731,-0.76652
3.2012,2.7774,1.8859,1.0902,-1.9753,-1.8127,-1.2327,-2.0674,-1.059,-1.2939,0.35822,-1.3118
3.8257,3.6121,1.7773,0.9215,-2.0875,-1.8492,-0.22021,-1.3657,-0.64257,-1.7716,0.7622,-1.3598
4.0091,3.3568,1.754,1.6547,-1.7901,-1.6719,-0.95504,-1.8576,-0.57548,-1.395,0.37921,-0.94991
3.7439,4.4948,1.5463,0.93646,-1.89,-2.7561,-1.4501,-1.1558,-1.3034,-1.1246,0.46091,-0.39756
0.5478,4.2706,1.5322,0.93892,-1.3788,-2.3469,-1.5336,-1.4716,-1.8251,-1.1166,-0.37065,-0.32258
0.016494,3.6637,0.39875,0.67071,-1.1651,-1.3494,-1.0221,-1.6886,-1.2405,-0.51627,-0.34667,-0.041855
-0.10501,2.8834,-1.5027,-0.10222,-1.4851,-1.7721,-1.1576,-1.6795,-1.7039,-0.66017,-0.17612,-0.18798
-2.3588,4.7514,0.044558,0.097385,-1.4365,-1.8499,-2.5162,-2.0627,-1.5983,-1.2206,-0.66828,-0.019156
-3.2062,4.8897,-0.43962,0.41243,-1.0414,-1.3669,-1.6902,-1.8877,-1.7669,-1.6222,-0.73771,-0.64997
-3.1869,4.9512,-0.40215,0.21587,-0.81762,-1.9803,-1.368,-1.5834,-1.7615,-1.6502,-1.9117,-0.46358
-3.6054,4.8716,-0.4872,-0.63724,-1.4241,-1.4094,-1.0598,-1.2492,-0.93805,-0.71458,-1.5589,-0.88182
-3.3743,3.8626,-1.4657,-0.031976,-0.86507,-1.9875,-0.62583,0.4662,-1.0313,-1.3063,-0.68181,-0.11917
-2.3684,4.6607,-0.40623,0.1464,-0.86072,-2.312,-1.4621,-0.61947,-0.59527,-1.2478,-1.1876,-0.063804
-1.8078,4.7081,-0.011815,0.37912,-0.85485,-3.0036,-1.498,-0.87833,-1.6454,-1.8399,-1.0464,-0.41551
-0.31847,3.7869,0.43953,1.0687,-0.97231,-2.7077,-1.5346,-1.3401,-1.5299,-1.5321,-0.72371,-0.17781
0.39811,4.1001,0.036494,1.5585,-0.92737,-2.0457,-1.4189,-1.1768,-0.84983,-0.98171,-0.24227,-0.43757
0.80257,4.5103,-0.015719,1.0529,-1.3543,-1.9295,-1.22,-1.4162,-1.2207,-1.1221,-0.28603,-0.65092
0.77493,4.3838,0.37758,1.5547,-0.98677,-1.5857,-1.335,-1.8211,-1.5939,-1.8075,-0.46315,-0.75816
0.49935,3.9088,-0.1537,1.2512,-1.2432,-1.6027,-1.2741,-1.5933,-1.3678,-1.364,-0.33292,-0.60315
0.69877,3.9035,-0.14659,0.78083,-1.4483,-1.8505,-1.3307,-1.8839,-1.1397,-1.0076,-0.21787,-0.38327
1.8654,4.2917,-0.12813,0.69168,-2.0647,-1.8278,-1.9487,-1.5651,-1.0941,-1.0193,-0.0052117,-0.80094
1.8878,3.8888,0.31433,1.1557,-1.4772,-1.3795,-1.7958,-1.8078,-1.1972,-1.4518,-0.084834,-0.80901
2.199,3.2093,0.31918,0.7311,-1.7436,-1.4397,-2.0434,-1.665,-1.3369,-1.3163,-0.020952,-0.74202
2.4286,3.4283,0.58554,0.77112,-1.5219,-1.4599,-2.0111,-1.9445,-1.3387,-1.4188,-0.17578,-0.87705
2.5614,3.6331,0.57931,0.73823,-1.3549,-1.2967,-1.6338,-1.5954,-0.65128,-1.072,0.25104,-0.72627
2.5581,3.2786,0.97962,0.85471,-0.88293,-1.2625,-1.71,-2.0351,-1.2763,-1.6576,-0.33452,-0.94916
2.0372,2.8628,0.5067,0.44936,-1.0783,-1.3958,-1.4086,-1.7592,-0.61761,-1.2122,0.19591,-0.73906
2.0723,2.6383,0.47515,0.32657,-1.1335,-1.3028,-1.4097,-1.4475,-0.60942,-0.86247,0.10842,-0.52135
1.5385,1.9403,0.52732,0.36358,-0.65747,-0.89431,-1.1423,-1.1578,-0.77548,-0.72333,-0.10494,-0.32451
3.2784,2.0797,-0.34116,-0.26965,-1.2066,-3.3443,-1.4709,-0.03408,-0.41721,0.2361,-2.0127,-0.78543
5.1899,2.8108,0.17231,0.65607,-1.0717,-3.0452,-1.8247,-0.1587,0.61357,-0.78525,-1.7208,-1.1424
1.9481,1.066,-0.17991,-0.42307,-0.74393,-2.1482,-0.77992,-1.1069,-0.26554,0.49547,-1.173,-0.88055
3.7728,1.7407,0.38148,0.49587,-0.70513,-1.8891,-0.83507,-0.93698,0.16111,0.1651,-1.054,-0.9674
5.0244,1.2793,1.1871,0.018345,-0.90173,-2.3734,-1.5539,-1.2037,0.38072,0.20233,-0.79223,-1.3242
5.0831,1.2933,0.67076,-0.034102,-1.2607,-2.049,-1.5491,-1.394,-0.0071769,-0.16364,-0.65364,-1.6083
5.4709,1.5226,0.78268,0.47369,-1.3128,-1.5985,-1.506,-1.3139,0.182,-0.18046,-0.62251,-1.0292
5.0649,2.089,0.9925,0.93394,-1.6148,-1.8749,-1.5938,-1.4628,0.42535,-0.34423,-0.69445,-0.6972
7.4883,2.4817,0.61251,0.62761,-0.59224,-2.634,-2.2007,-1.5605,0.24604,-0.54719,-0.41892,-0.99509
5.3309,2.4688,0.53429,1.0077,-1.4714,-2.0623,-2.1439,-1.2931,0.75812,0.15295,-0.65862,-1.1378
4.207,2.9754,-0.047544,1.1182,-1.238,-1.9294,-1.4947,-0.9411,0.70389,0.13417,-0.4336,-1.7832
2.066,4.0392,0.27363,1.8565,-0.75499,-2.7012,-1.4551,-1.646,0.90501,1.2103,-1.2013,-0.87667
1.2676,3.9908,0.089167,1.6358,-1.2665,-1.868,-1.8905,-1.3848,0.041119,0.74288,-0.55594,-1.003
1.9475,4.1288,-0.046549,1.188,-0.62922,-2.2528,-1.3252,-1.3955,0.38883,0.55045,-1.0831,-0.29602
1.6594,4.1133,0.43553,1.2364,-0.97652,-2.0011,-1.8858,-1.4731,0.51459,0.41385,-0.86396,-1.0444
0.99201,3.877,-0.60102,1.3113,-0.9032,-1.6268,-1.7377,-1.3614,0.73532,0.81108,-0.41785,-0.9603
0.17492,4.6364,-0.12572,0.88169,-0.76441,-1.5675,-1.3411,-1.2932,0.53086,0.84513,-0.85797,-0.61072
-0.20786,4.7437,-0.41684,0.90266,-0.9071,-1.7581,-1.5441,-1.0589,0.75343,0.64239,-0.19165,-0.97956
0.26117,5.6363,-0.98489,1.0566,-0.93832,-1.8026,-1.065,-1.1648,0.42153,0.47047,-0.93679,-0.80524
0.96223,5.1697,-0.24187,1.0424,-1.0049,-1.9222,-1.7737,-1.4366,0.61965,0.25549,-0.58136,-1.1147
0.27225,4.2748,-0.17103,1.2437,-1.017,-1.9421,-1.7359,-1.5137,1.1363,0.63801,-0.48007,-1.1358
0.14322,4.3244,0.030333,1.3738,-0.31023,-1.9414,-1.6914,-1.4678,0.52609,0.56014,-0.51024,-0.89044
0.12592,4.1214,-0.65894,1.2315,-0.49197,-1.7725,-0.95141,-1.4317,0.78262,0.11326,-0.76319,-0.67462
0.17502,3.4655,0.099994,0.47134,-0.34755,-2.0291,-0.78459,-1.2167,0.19815,-0.26583,-0.63941,-0.62731
1.8086,2.4827,0.72098,0.90181,-1.488,-2.3875,-1.1415,-1.3436,0.56704,-0.24799,-0.6224,-0.47301
2.4792,1.889,1.0077,0.72034,-1.4675,-2.3109,-1.3869,-1.5446,0.67707,-0.28919,-0.58487,-0.47572
2.9276,0.78132,1.6308,0.32606,-1.5534,-2.3797,-1.3652,-1.3789,0.89395,-0.5354,-0.40567,-0.48278
3.0394,-0.29089,2.3209,-0.53495,-1.2388,-2.6711,-1.0348,-1.0847,0.67865,-0.38109,-0.69793,-0.11495
3.6515,-0.91899,2.6108,-0.52177,-1.7777,-2.6244,-1.1506,-1.1603,0.56007,-0.49042,-0.70455,-0.063964
4.1332,-1.3798,2.738,-1.0538,-1.8379,-2.3234,-1.0353,-0.7746,0.029684,-0.14849,-0.30999,0.42763
3.649,-0.91907,2.8214,-1.3321,-1.5709,-2.5462,-0.67589,-0.94694,0.092243,-0.040494,-0.16207,0.70917
4.0857,-1.2577,3.297,-1.3876,-1.595,-2.7741,-0.65877,-0.74735,0.13962,-0.18235,-0.13105,0.7271
3.581,-1.1706,3.4539,-1.7093,-1.5916,-2.7073,-0.72639,-0.65299,-0.048049,-0.13711,-0.24532,0.43432
3.3007,-1.5087,3.5845,-1.7823,-1.5694,-2.2441,-0.75039,-0.55203,-0.078484,-0.17415,-0.35295,0.34494
3.1817,-1.7836,3.4162,-1.8559,-1.6966,-1.9343,-0.74143,-0.18789,-0.053922,-0.20619,-0.22498,0.11821
3.5515,-2.3111,3.1563,-1.7655,-1.7327,-1.6713,-1.1053,0.083407,0.15775,-0.45812,-0.2427,0.034431
3.6596,-2.3275,2.4763,-1.9267,-1.2604,-1.434,-1.4539,0.039487,0.56553,-0.6034,-0.27344,-0.23777
4.2477,-2.7807,2.7266,-1.6084,-1.1332,-1.3197,-1.7855,0.32654,0.69793,-0.3442,-0.2239,-0.47882
4.5528,-2.1403,2.2295,-1.633,-1.3046,-0.84265,-1.9828,-0.29673,0.93081,-0.031447,-0.039721,-0.76245
5.0151,-1.7762,1.8446,-2.1709,-1.1511,-0.17452,-2.4306,-0.91741,1.2525,0.15201,0.20601,-1.2512
5.8397,-2.1819,1.395,-2.6596,-1.1697,0.33137,-1.787,-1.2552,1.0728,-0.26304,0.77988,-0.68456
5.3787,-0.93603,0.93696,-2.6483,-1.2251,0.39193,-1.3834,-1.1921,-0.0083333,-0.36688,0.93222,-0.44575
5.6391,-1.7601,1.3397,-2.2437,-0.69058,0.24133,-1.1589,-0.62966,0.0526,-0.75224,0.39953,-0.22005
6.5171,-0.89104,1.0475,-2.5376,-0.99622,0.36427,-1.2659,-0.58126,-0.47791,-1.0458,1.4596,-0.24431
7.9723,-1.3499,0.9983,-2.416,-1.7846,0.60043,-1.4193,-0.3247,-0.4905,-1.0356,1.1421,-0.34483
7.614,-0.44175,0.52197,-2.5561,-1.209,0.50749,-1.449,0.42573,-0.34518,-1.4413,0.33476,-0.76837
7.6808,-0.49674,0.57047,-1.9217,-1.6994,0.27063,-1.0021,-0.026712,-0.26205,-0.82924,0.45909,-0.34854
8.733,-0.34463,1.2423,-2.2651,-2.3321,0.44121,-1.5321,-0.074333,0.079283,-1.9242,0.094461,-0.27037
8.8197,-0.34344,0.40752,-2.353,-1.9943,0.68799,-1.5035,-0.41245,0.41229,-1.3147,-0.12305,-0.79729
7.1703,0.74652,0.038292,-2.3705,-1.6451,0.37756,-0.66853,-0.1466,-0.23331,-0.66684,-0.085509,-0.67968
6.9749,1.3401,-0.23524,-1.654,-1.5819,-0.75774,-1.1751,-0.0090393,-0.17759,-0.97069,-0.16824,0.086207
8.9362,1.0077,-0.33448,-1.7616,-1.7772,-0.4301,-0.82336,0.071086,0.052798,-1.1535,-0.35525,-0.38232
7.5205,1.8005,-0.3334,-1.7186,-1.597,-0.76695,-0.67064,0.79274,-0.037784,-1.5496,-0.54939,-0.13632
8.34,0.91031,-0.23572,-1.7428,-1.4641,-0.14472,-0.44369,0.35149,0.24108,-1.4891,-0.22412,0.053588
8.0389,1.5145,-0.46936,-1.7943,-1.4685,-0.61312,-1.0211,0.066025,0.085268,-1.1498,-0.37235,-0.08653
9.4869,1.6533,-0.2991,-2.7521,-1.8121,0.095517,-1.3017,-0.20237,0.051356,-1.1548,0.14778,-0.48035
8.4398,1.3746,0.46827,-2.3562,-1.9576,-0.028806,-0.85298,0.08688,0.00030659,-1.4203,-0.28392,-0.28288
7.4416,2.2518,-0.0093193,-2.1898,-1.7614,-0.31123,-0.96957,-0.088704,-0.076427,-0.9232,-0.12828,-0.13679
7.7201,2.3938,0.3844,-2.8673,-1.9736,0.13158,-1.0013,-0.034671,-0.33845,-1.3156,-0.16845,-0.29937
7.3687,1.5634,1.1628,-3.3226,-2.2277,0.65164,-0.63801,0.37024,-0.1196,-1.6882,-0.37782,-0.2918
8.1634,1.7805,0.58059,-3.7078,-2.0269,0.47695,-1.2817,0.15966,0.24915,-0.93875,0.1813,-0.17506
6.5943,1.7875,0.038313,-2.992,-2.089,-0.21055,-0.86991,-0.096142,-0.46068,-1.0915,0.45542,0.74582
5.6668,1.3237,-0.68778,-2.0796,-1.6244,-1.091,-1.131,-0.48884,-1.449,-2.0545,-0.20322,0.95225
6.0492,1.6497,-0.90334,-2.1455,-1.6814,-1.3346,-1.1189,0.030613,-0.50522,-1.4593,-0.37566,0.49917
5.2391,1.4295,-0.59802,-1.4655,-1.6651,-1.3906,-0.88099,-0.41228,-0.77829,-0.94385,0.025716,0.46895
6.0177,2.4605,-0.25501,-2.0892,-1.7294,-0.88152,-0.76217,-0.39714,-0.67613,-0.88381,-0.22562,-0.061971
5.5793,2.0234,-0.50533,-1.8202,-1.8117,-1.1282,-0.7289,-0.58863,-0.78458,-0.88929,-0.32101,0.22492
5.2133,2.1159,-0.42714,-1.2774,-0.824,-0.26681,-0.35147,-0.78266,-0.95552,-0.67259,-0.17806,0.14129
5.5566,2.1,-0.31811,-1.0536,-1.0976,-0.94743,-0.63542,-0.62597,-1.087,-1.2012,-0.44482,0.36969
4.8751,2.1374,-0.017697,-1.1215,-1.6516,-1.5317,-0.6991,-0.077562,-0.41517,-0.94674,-0.60862,0.17756
5.0936,2.2414,-0.17291,-1.2992,-1.45,-1.2373,-1.0888,-1.0378,-0.90657,-0.66079,-0.30314,0.15129
4.4639,2.1517,0.079119,-0.93643,-1.1197,-0.98273,-0.77405,-0.63052,-0.70685,-0.90911,-0.8537,-0.38803
4.3348,2.3078,0.26449,-0.95583,-1.2577,-1.0483,-0.80905,-0.81626,-1.0048,-1.0404,-0.68794,-0.15935
4.6389,2.6003,0.60786,-0.5296,-0.80668,-0.70539,-0.71601,-0.99327,-1.2453,-1.0478,-0.40103,0.16978
3.6609,2.0866,0.36309,-0.78793,-1.1252,-0.91928,-0.63107,-0.53258,-0.56699,-0.51254,-0.25701,0.073689
3.442,1.8382,0.063605,-0.79936,-0.92594,-0.59007,-0.47194,-0.72591,-0.87992,-0.84569,-0.38164,-0.099878
3.7285,2.5843,0.64964,-0.42483,-1.1955,-1.1567,-1.0044,-0.93195,-0.84559,-1.0357,-0.72343,-0.66993
3.6142,2.7394,0.094407,-0.41573,-1.3635,-1.1565,-1.236,-1.4351,-1.1125,-1.3527,-0.15495,-0.27744
2.511,2.3421,-0.36629,0.0055501,-1.1019,-0.66197,-0.81062,-0.98019,-0.62166,-1.1335,0.29257,-0.45143
1.8405,2.3512,-0.5211,0.17035,-1.158,-0.58469,-0.69807,-0.82429,-0.19555,-0.93039,0.58541,-0.72824
1.8013,2.7803,-0.016252,0.46712,-1.1696,-0.96487,-1.0325,-1.268,-0.42256,-1.2663,0.34367,-0.76212
1.552,2.7429,0.1131,0.62835,-0.82487,-0.67895,-0.76626,-1.2812,-0.37306,-1.3679,0.23091,-0.96538
1.5762,2.6221,-0.71789,-0.25241,-1.9345,-1.5931,-0.9486,-1.0362,0.32807,-0.96087,0.80316,-0.66654
1.8694,2.5305,-0.085037,0.12883,-1.1405,-0.75195,-0.61286,-0.78111,-0.10349,-1.0259,0.045503,-1.0065
1.7092,2.5548,0.013292,0.15243,-1.3644,-1.2836,-1.2336,-1.3327,-0.23418,-0.86769,0.53325,-0.63709
1.0973,1.7688,0.058669,0.20711,-0.98825,-0.94518,-1.1085,-1.0856,-0.3693,-0.6256,0.43298,-0.27895
0.64121,1.6102,-0.71224,-0.029466,-0.96455,-0.27903,-0.04901,-0.27323,0.29621,-0.82738,0.21736,-0.95383
1.7105,1.891,0.037131,-0.28753,-1.4786,-1.5438,-1.4684,-1.2984,-0.37831,-0.49608,0.56193,-0.064491
0.94696,1.4945,-0.39711,-0.20137,-1.1238,-0.85417,-0.66284,-0.74377,0.072076,-0.50429,0.67574,-0.21579
1.1947,1.4348,-0.074654,-0.28498,-1.0424,-1.1086,-0.71276,-0.74215,0.23376,-0.19519,0.65777,-0.17083
1.1095,1.234,0.14368,0.0051707,-0.69649,-0.7024,-0.73892,-0.67327,-0.25494,-0.33654,0.23116,-0.1043
0.88245,1.1881,0.24911,0.25114,-0.40002,-0.43566,-0.48797,-0.50063,-0.061634,-0.23604,0.32377,-0.16702
1.4324,1.4771,0.45886,0.24699,-0.46121,-0.52021,-0.64247,-0.61753,-0.39729,-0.55596,-0.25076,-0.59504
1.5707,1.6889,0.3043,0.10267,-0.87863,-0.81227,-0.95898,-0.67677,-0.31897,-0.30338,0.072102,-0.36584
1.9267,1.8306,0.4133,0.03862,-0.95511,-0.90249,-1.0492,-0.68702,-0.39323,-0.26317,0.018542,-0.26266
1.2129,1.2601,0.45834,0.28676,-0.23371,-0.34124,-0.38731,-0.47226,-0.18968,-0.37693,0.012642,-0.34951
1.1522,2.4689,-0.20383,1.2432,-0.69014,-0.39237,-1.8345,-0.68637,-0.53462,-0.64057,-0.29709,-1.0141
-0.1784,-0.88642,-1.7795,1.8421,1.185,-0.30618,-2.4415,-1.5043,-1.164,0.14959,0.58422,-1.1686
-4.6581e-16,-2.3188e-16,0,-2.2779e-16,0,0,-2.1668e-16,-2.1169e-16,-2.0608e-16,-9.993e-17,-9.6528e-17,-1.8569e-16
-4.6581e-16,-2.3188e-16,0,-2.2779e-16,0,0,-2.1668e-16,-2.1169e-16,-2.0608e-16,-9.993e-17,-9.6528e-17,-1.8569e-16
-4.6581e-16,-2.3188e-16,0,-2.2779e-16,0,0,-2.1668e-16,-2.1169e-16,-2.0608e-16,-9.993e-17,-9.6528e-17,-1.8569e-16
-4.6581e-16,-2.3188e-16,0,-2.2779e-16,0,0,-2.1668e-16,-2.1169e-16,-2.0608e-16,-9.993e-17,-9.6528e-17,-1.8569e-16
