0.57261,0.53007,0.20869,0.061124,-0.27469,-0.36879,-0.56839,-0.50445,-0.51747,-0.31365,-0.2125,0.017394
-0.18819,0.75332,-0.23197,0.4287,-0.28017,0.030127,-0.27952,-0.29728,-0.19813,-0.45141,-0.048906,-0.41063
-2.4574,2.3051,-0.68038,0.41378,-0.8462,-0.031819,-0.086568,0.048197,-0.73555,-0.19848,0.86488,-1.894
-5.0894,3.7891,-1.439,0.58567,-0.91634,-0.3858,0.13852,-1.1272,-0.063419,-0.081426,0.2182,-0.87331
-5.5427,6.187,-1.8897,0.3113,-0.37686,-1.6476,-0.89766,-0.3059,-1.0946,-0.61761,0.60842,-1.3465
-6.8159,6.0063,-1.8642,0.025308,-0.44507,-1.0398,-0.32307,-0.26725,-0.63554,-0.43192,0.28408,-1.0942
-6.2507,6.4188,-2.7336,-0.89941,-1.1625,-1.314,0.32322,0.48384,-0.76396,-0.67471,-0.19028,-1.1302
-6.2857,5.3654,-3.8448,-1.2076,-0.56873,-2.1455,0.19931,1.4571,-0.098711,-0.70048,-0.00068856,-0.68459
-6.8049,5.4618,-3.1486,-1.2227,-1.4699,-2.109,-0.11232,1.6918,0.29244,-1.0549,0.41593,0.069721
-7.1559,5.5246,-2.5968,-0.56495,-1.6906,-2.0936,-0.47099,0.61599,0.45539,-1.7263,-0.45951,-0.32646
-7.8162,4.4616,-2.756,-0.20983,-0.82519,-1.7203,-0.76968,0.99899,0.089905,-1.3797,-0.27183,-0.47088
-7.7282,4.6561,-3.4184,-1.0626,-1.8985,-1.8983,-0.26662,1.1248,0.67025,-1.169,-0.13953,-0.032807
-8.3592,3.6884,-3.282,-1.5231,-1.5144,-0.69619,0.85926,1.6054,0.80417,-0.76742,-1.0171,0.21591
-7.7487,3.5877,-3.3847,-1.0174,-1.6279,-0.85421,0.15074,0.92072,0.72197,-1.1122,-0.31386,-0.26816
-7.9349,2.2815,-3.4151,-0.38921,-1.0762,-0.45577,0.29608,0.3776,0.59106,-0.41172,0.2326,-0.10335
-7.5092,1.9101,-3.8675,-0.80421,-1.345,-0.8286,0.77272,0.6161,0.14069,-1.2477,-0.31904,-0.38803
-8.1798,3.2205,-2.8448,-0.86413,-1.1303,-0.81038,0.36958,-0.058273,-0.82118,-0.44316,0.80076,-0.2523
-7.1949,3.3388,-3.2162,-0.56758,-1.6857,-1.1533,0.056807,-0.014913,-0.41582,-0.42083,-0.32577,-0.95489
-8.3149,3.172,-2.7967,-0.6906,-0.94457,-0.6967,-0.059033,0.020351,-0.24773,-0.64267,-0.019031,-0.73994
-8.8827,2.5064,-2.5844,-0.4641,-0.54491,-0.70474,0.097984,0.51919,-0.11117,-0.81134,-0.040509,-0.85448
-9.117,3.149,-2.8008,-0.2756,-1.4654,-0.51196,0.26157,0.55145,-0.11591,-1.2783,0.46292,-0.64369
-9.0114,3.4338,-2.8655,-0.20332,-0.925,-1.3436,0.21791,1.237,-0.19423,-1.0875,0.53441,0.010659
-9.659,3.0643,-2.8832,0.27687,0.20021,-0.70943,-0.18759,0.73996,-0.21524,-0.79036,0.4526,-0.24235
-9.2044,2.5307,-2.692,-0.40411,-1.1064,-0.084613,0.53657,0.69097,0.064495,-0.41122,0.026825,-0.48617
-9.8388,2.3987,-2.7401,-0.54847,-0.48381,-0.29751,0.39852,0.76304,0.57652,-0.35466,-0.16097,-0.41872
-8.0557,3.9432,-2.5764,-1.0621,-1.4393,-0.5102,-0.23455,-0.11285,-0.55583,-0.36823,-0.045848,-1.0519
-8.3574,3.7648,-2.1692,-0.97081,-1.1663,-0.90997,-0.49407,0.075482,-0.20075,-0.66993,-0.16193,-0.61073
-8.2909,2.4213,-3.3527,-0.9173,-0.90971,-0.65549,0.68899,0.351,0.052259,-1.5497,-0.46268,-0.77144
-8.9608,1.8848,-3.2289,0.091501,-0.43538,-0.48335,0.25592,-0.21831,0.09727,-0.94108,-0.17184,-0.64088
-7.1697,3.5151,-2.5381,-2.028,-2.6186,-1.939,0.58217,-0.52168,0.36591,-0.16522,0.38905,-0.26177
-7.4449,2.2373,-3.2064,-1.8583,-1.96,-2.3937,0.0073386,-0.56425,0.050399,0.34344,0.35026,-0.21083
-5.1842,1.7928,-2.7374,-2.1271,-2.3676,-2.2236,-0.13567,-0.0032145,-0.4659,-0.41595,-0.13305,-0.1362
-3.1487,1.8181,-2.1413,-0.61527,-0.75979,-1.7372,0.64778,0.56562,0.38074,-0.025528,0.40936,-0.053004
1.4897,2.2649,0.40645,0.15311,-1.2549,-1.0969,0.096126,-0.0048991,0.42396,-0.39763,0.00033187,-0.57741
2.9428,0.64513,1.4515,-0.66875,-1.9874,-1.8002,-0.34859,0.21819,0.56799,-0.42188,-0.023137,-0.2186
2.9456,0.17448,1.5484,-0.64551,-2.1744,-1.7998,-0.27182,0.22266,1.0885,-0.7219,-0.041443,-0.29211
3.3281,-0.010695,1.3398,-1.0873,-2.2899,-1.7287,-0.35342,0.35827,1.2027,-0.48851,-0.039642,-0.27976
3.8404,-0.52874,1.5127,-1.3179,-1.9943,-1.986,-0.29132,0.38814,0.98198,-0.21499,-0.078668,-0.39297
3.9371,-0.41615,1.3487,-1.7067,-1.7573,-2.196,0.023428,0.14264,0.98171,-0.28711,0.062042,-0.62996
3.7242,-0.03405,1.1124,-1.3406,-2.1339,-2.1153,0.061065,-0.028091,0.99497,-0.38574,-0.30345,-0.35523
3.839,0.020661,0.88156,-1.1055,-2.0284,-2.0786,0.13141,-0.049935,1.1428,-0.54735,-0.24386,-0.63518
3.7614,0.25072,0.85194,-0.99072,-2.0676,-2.0929,0.1454,-0.21086,1.0861,-0.5811,-0.34729,-0.493
4.128,0.40568,0.64465,-0.70099,-1.8403,-2.3584,-0.11929,-0.080523,0.65551,-0.48768,-0.2397,-0.61155
4.2308,0.84856,0.73363,-0.74975,-1.7296,-2.1175,-0.19268,-0.74092,0.7056,-0.37003,-0.3376,-0.58776
4.6243,1.7167,0.598,-0.051765,-1.4048,-1.9395,-0.42796,-0.81067,0.62101,-0.65866,-0.56793,-0.62248
4.6724,2.0169,0.30382,0.99407,-0.64381,-1.5401,-0.31588,-1.4221,0.56729,-0.87942,-0.52175,-0.57955
3.0766,1.2618,0.31186,0.95224,-1.171,-1.651,-0.62974,-0.73832,0.5584,-1.0269,0.3602,-0.065114
2.8148,0.7648,0.51106,0.13073,-1.5474,-1.5506,0.39689,-0.95203,-0.24211,-1.4041,0.83577,-0.53142
2.9369,0.33123,-0.3364,-0.012866,-2.0805,-1.7599,-0.051741,-1.7892,-0.66676,-2.1586,-0.17822,-0.66374
3.6388,0.30544,-0.62674,-0.021125,-1.7545,-2.0892,-0.45797,-1.3223,0.52053,-1.4537,0.10016,-0.89904
4.3516,0.93109,-0.3895,0.79964,-1.9772,-1.45,-0.077332,-1.2783,0.79803,-1.1886,-0.0141,-1.2064
4.3278,1.3629,-0.68859,1.1404,-2.3537,-1.6935,-0.24089,-1.2239,0.34997,-1.1154,0.47175,-1.2442
4.4108,1.6146,-0.36362,0.35635,-2.1024,-1.252,-0.52565,-1.8217,0.6756,-0.98443,0.26533,-0.838
5.0996,1.6053,0.017493,0.51857,-2.8542,-1.7919,-0.29873,-1.2272,0.93816,-0.78324,-0.38048,-0.83362
5.536,1.7668,0.23225,0.64567,-3.3959,-1.8365,-0.27294,-0.87543,0.066831,-1.3663,0.31632,-0.23484
5.8977,1.793,-1.0813,0.81707,-2.6169,-1.8141,0.0031073,-1.4054,0.0029484,-1.0972,-0.69354,-0.26134
6.3184,1.9076,-0.93985,0.33139,-2.9171,-2.146,0.38034,-0.5838,0.23409,-1.7325,-0.33277,-0.49198
5.5217,1.9362,-1.3397,1.0019,-3.0716,-2.7618,-0.032945,-0.51347,0.44189,-2.2066,-0.03553,-0.97428
5.6346,2.1696,-0.45642,0.96566,-3.5423,-2.602,-0.52115,-0.52353,0.26234,-2.4216,-0.65253,-0.26347
4.9714,1.9,-0.30361,1.0895,-3.7448,-2.4847,-0.15381,-1.7577,-0.16828,-2.624,-0.67487,-1.0201
4.5846,1.7069,-0.84995,1.1059,-2.081,-1.6652,-0.50214,-1.5637,0.24408,-1.7884,-0.51823,-1.2403
4.587,2.4427,-0.92596,1.347,-2.5367,-2.2179,-0.27629,-0.96638,0.22119,-2.3617,-0.15449,-0.76782
4.2975,1.4577,-0.59958,1.7095,-1.8962,-1.5387,0.27709,-0.58244,-0.25302,-2.8812,-0.98521,-0.52924
4.8921,2.2191,-1.4182,1.349,-2.9865,-2.374,-0.79215,0.21128,0.6606,-2.1209,-0.12809,-0.42332
4.8869,2.5021,-1.0181,0.82459,-3.2626,-3.4996,-1.3628,-0.016562,0.79089,-1.7421,-0.69786,-0.87561
4.3803,2.4889,-1.7074,0.7414,-3.7805,-3.1422,-1.4039,0.093514,0.56885,-2.0789,-0.16123,-1.0817
4.5225,2.3756,-2.0189,1.6095,-2.685,-2.1863,-0.99256,0.13053,0.38024,-1.9832,0.29241,-0.77815
4.825,2.0062,-0.59944,1.6477,-2.4525,-2.132,-0.48902,0.078321,0.35235,-1.5682,-0.51846,-0.36975
0.25888,2.4855,0.32818,-0.33193,-2.6955,-1.1398,-1.2761,0.20019,-0.027648,-1.6504,-0.088701,-0.49232
-2.3636,2.9858,0.063877,-1.21,-4.0969,-1.185,-1.1091,0.15699,-0.20975,-1.3147,-0.18227,-0.79792
-2.4809,3.9418,-1.87,-0.52428,-2.9726,-1.0728,-0.27592,-0.29577,-1.1342,-1.2356,0.00047983,-0.20477
-2.7589,4.4144,-1.924,-0.56233,-2.1871,-1.9859,-0.62231,0.42344,-0.23125,-0.25255,0.37869,-0.46666
-2.6915,4.9114,-1.9923,-0.82002,-1.8994,-2.0016,-0.60383,-0.16478,0.56925,-0.89207,-0.75037,-0.34431
-1.5033,4.1444,-2.0809,-0.26029,-1.3344,-2.7973,-0.59813,-0.17386,0.56348,-0.65923,-1.1574,-0.52248
1.613,4.6055,-1.5136,-0.83742,-2.7525,-2.3526,-1.2898,-1.4637,-0.48627,-1.1282,-1.0101,-0.61834
1.6672,3.8124,-1.4069,-0.31363,-2.3726,-2.3831,-0.91634,-1.1456,-0.37278,-0.98746,-0.84689,-0.057897
2.327,3.6201,-1.4823,0.56175,-2.5011,-3.123,-0.87827,-0.75852,-0.58779,-1.2445,-0.61621,0.10644
3.1132,4.1281,-1.8445,-0.32305,-2.4735,-2.2663,-0.69536,-1.2415,-0.31582,-1.4467,-0.6365,0.26656
3.7524,5.1027,-0.49738,0.47928,-1.6084,-2.5367,-0.90262,-1.0038,0.1886,-0.92656,-0.34415,0.038072
3.6911,4.5438,-1.2225,0.57005,-1.8117,-1.9755,-0.71043,-0.019865,-0.15204,-1.3263,-0.46072,-0.47039
3.5946,4.6894,-1.1605,0.5998,-2.1012,-1.6782,-0.49874,-0.82038,0.3914,-1.089,0.17508,-0.99821
3.8584,3.4577,-1.5588,-0.3546,-2.6474,-2.1049,-0.66203,-0.38473,0.26489,-1.225,-0.042938,-0.89757
4.3775,2.9414,-1.1807,0.08933,-2.4507,-1.903,-0.50289,0.44353,0.43128,-1.3987,-0.61816,0.0025054
4.0133,3.7127,-1.3099,0.065758,-1.7867,-1.3989,-0.2433,0.10065,0.59877,-1.1176,-0.14433,-0.40523
3.5094,4.7184,-0.95233,-0.10302,-2.254,-1.896,-0.18762,-0.11056,0.6268,-0.77592,-0.61993,-0.55493
4.3239,5.7842,-1.2948,-0.15546,-1.5295,-2.8051,-0.99559,-0.65447,0.021913,-0.078907,-1.8363,-0.69315
4.2021,5.0661,-0.81186,-0.048824,-2.2577,-2.409,-0.75394,-0.41063,0.38355,0.080466,-0.34278,-0.23108
1.0122,4.1734,-0.86505,-0.052477,-0.87717,-2.3543,-1.3091,-0.12288,0.1095,0.34969,-1.5434,-1.0538
3.3394,5.0933,-0.10223,0.12953,-0.76367,-2.7247,-1.9156,-0.11719,0.32294,0.58851,-0.64513,-0.6257
2.463,5.6099,0.26259,0.32212,-0.57875,-1.9535,-0.93859,0.033772,-0.41544,0.084725,-1.2179,-0.90736
1.8469,5.5777,0.56291,-0.20888,-1.0677,-2.078,-1.5703,-0.30571,-0.4715,0.80232,-1.2337,-0.78993
3.4084,5.946,1.3006,0.59246,-0.54982,-1.6357,-1.0521,-0.26512,-0.83774,0.16404,-1.3547,-0.64952
0.87916,6.5523,-0.81932,0.4356,-0.027737,-1.1905,0.18791,0.6275,0.69534,0.20406,-0.15984,-0.61994
-1.9118,8.1557,0.035401,0.56844,-0.64641,-1.2387,-0.77012,-0.40918,-0.11531,0.053015,0.21187,-0.78
-3.5514,7.5341,-0.17725,-0.42643,-1.6809,-1.0834,-0.52307,0.76682,0.37486,-0.6303,0.21166,-0.45728
-4.9716,5.374,-0.49043,0.66697,-2.1368,-0.93766,-0.55503,-0.20987,-0.092671,-1.1501,-0.44371,-0.95053
-4.9791,4.5705,-1.837,-0.60546,-2.1647,-1.467,-0.79324,0.90653,0.031135,-1.2193,-0.90834,0.13098
-5.9755,4.147,-1.1315,-0.0069923,-2.325,-1.5901,-0.017684,0.94896,-0.078585,-1.2344,-1.1222,-0.876
-5.881,4.1384,-2.453,-0.71306,-2.0448,-1.3393,0.028219,0.51717,0.11462,-0.9822,-0.32158,0.026238
-6.7237,4.128,-1.6199,-0.99475,-2.4802,-1.4193,0.06837,-0.35961,0.21984,-0.33231,0.24695,-0.73466
-5.8203,4.3542,-1.6907,-1.1329,-2.6611,-1.3803,-0.69728,0.12093,0.1649,-0.25339,-0.5867,-0.97322
-7.1476,4.4195,-1.2377,-1.3213,-2.5265,-1.0492,0.19232,0.5733,0.239,-1.0658,-0.10522,-0.49777
-7.153,3.2864,-2.3568,-1.6898,-1.8697,-1.0414,-0.98481,0.14876,0.083062,-0.86904,-0.3522,-0.95893
-6.5121,4.2328,-2.5012,-1.8665,-1.4179,-1.054,-0.75546,0.29902,0.67128,0.044112,-0.3758,-1.0183
-7.2407,3.9141,-2.5388,-1.7994,-2.2446,-2.1638,-0.81615,-0.40192,0.028625,-0.39426,0.10556,0.0012032
-7.325,4.0999,-1.5903,-1.8504,-2.6726,-1.7155,-0.63271,0.56072,0.32426,-0.8781,-0.3822,-0.64487
-7.4463,4.2238,-1.9456,-1.9955,-2.3129,-1.6636,-0.34206,0.24661,0.17506,-0.8612,0.06387,-0.70051
-6.8158,3.997,-2.3131,-0.89178,-1.7928,-1.6586,-0.87621,-0.084829,-0.19154,-1.0947,-0.21649,-0.99189
-7.0169,3.8627,-1.9912,-0.79259,-1.6517,-1.1795,0.045341,0.29893,0.64939,-0.83862,0.12381,-0.82158
-8.0283,3.7585,-1.8568,-0.9492,-1.5026,-1.8938,-0.19656,0.49915,-0.039716,-0.44835,-0.19843,-0.7768
-7.7182,4.5994,-1.1567,-0.36038,-1.1317,-1.7457,-1.5295,-0.61958,-0.25866,-1.0494,-0.64769,-1.015
-7.7495,3.2935,-1.9408,-0.72362,-1.1815,-1.6736,-0.89296,-0.21227,0.35996,-0.25697,-0.20175,-1.212
-7.4133,4.2304,-1.5104,-0.26425,-1.7125,-1.7822,-0.58023,-0.070776,0.19766,-0.82475,-0.18729,-0.79084
-9.4882,2.8113,-2.2591,-0.27742,-1.2591,-1.1532,-0.069181,0.51665,0.62999,-1.0204,0.37427,-0.22516
-8.0439,3.8833,-1.193,-0.57227,-0.88687,-1.3723,0.37233,0.88709,0.10614,-0.48372,-0.23405,-1.1231
-7.5857,4.204,-1.7668,-0.86565,-1.1878,-1.3923,-0.69283,0.41254,0.35706,-0.64196,-0.17159,-0.83975
-8.131,3.7897,-2.2717,-1.0857,-1.059,-1.6922,-0.93625,-0.56032,-0.55354,-0.25778,0.10493,-0.9916
-7.2447,3.1938,-2.8285,-0.94592,-1.2407,0.12164,0.41828,0.1909,0.52788,-0.93099,-0.51006,-0.058371
-7.5785,1.6424,-3.1246,-0.99934,-1.5574,-0.80841,0.67531,0.44933,0.27094,-0.48084,-0.41617,-0.71704
-7.8537,1.7412,-3.0183,-1.0979,-1.3003,-1.3252,0.54657,0.72796,0.57859,-0.2997,-0.39558,-0.81276
-6.7568,2.8056,-2.5451,-2.5933,-2.6401,-2.1257,-0.34047,0.31676,0.36634,0.31035,0.28064,0.4068
-4.446,2.0475,-2.32,-2.1448,-1.8106,-2.3225,-0.42066,-0.032176,-0.12217,-0.082968,0.27002,-0.36943
-1.5011,3.1532,-0.54661,-1.1694,-0.85097,-1.982,0.15785,0.44274,0.11056,-0.033184,-0.11394,-0.55314
2.1928,0.9761,0.51036,-0.38624,-1.2444,-1.4166,0.38695,-0.1501,0.56986,-0.68708,-0.25509,-0.59158
2.6256,0.58956,0.88093,-0.9843,-1.7294,-1.9822,0.34458,-0.11723,1.0287,-0.58634,-0.3345,-0.38633
2.5923,0.45799,0.91832,-1.2555,-1.807,-2.1451,0.44661,0.067187,1.2117,-0.28553,-0.43655,-0.4176
2.7326,0.20474,0.99274,-1.1865,-1.796,-2.1117,0.36805,0.10677,1.5348,-0.70773,-0.29711,-0.8815
2.8492,-0.018501,1.0158,-1.4497,-1.6164,-2.2508,0.50365,0.032729,1.3087,-0.58927,-0.70957,-0.86271
3.4541,-0.03563,0.54913,-0.99859,-1.9764,-1.7992,0.39793,0.10443,0.84079,-0.73141,-0.55737,-0.75292
3.1491,0.53257,0.12366,-1.3198,-1.3505,-2.5031,1.0631,-0.25889,0.92941,-0.77181,-0.18056,-0.84585
2.3924,1.2809,-0.18473,-1.176,-1.3446,-2.8546,0.65433,-0.0082316,0.79295,-0.86528,-0.32938,-0.26058
3.3275,0.93612,0.12451,-1.0402,-0.937,-2.6924,0.49848,-0.37124,0.82397,-0.64452,-0.078483,-0.65778
4.1117,1.3025,-0.1094,-0.59386,-1.1365,-2.5177,0.17841,-0.50959,0.39792,-0.84173,-0.016437,-0.25311
4.3866,1.5802,0.65171,-0.83047,-0.48467,-2.3008,0.17458,-0.90489,0.77787,-0.87739,-0.32598,-0.86232
4.5663,1.446,-0.09928,0.15919,-0.51547,-2.0573,0.52137,-0.85019,0.52395,-0.77146,-0.45083,-0.15328
4.103,1.0946,-0.83353,0.021142,-0.022252,-1.3641,0.90326,-0.32627,0.62183,-0.98464,-0.26184,-0.41079
4.0663,1.0376,-0.24797,-0.25588,-1.18,-1.8457,0.11992,-0.67685,0.14346,-1.0203,0.0067594,-0.13821
4.3151,0.25919,-0.090315,-1.0652,-1.062,-1.9637,0.10471,-1.2231,-0.073017,-0.47643,-0.13474,0.24961
3.8826,-0.19369,-0.51571,-1.0143,-1.8028,-2.058,-0.36321,-1.4061,-0.42419,-0.56674,0.27971,0.5819
4.725,-0.3701,-0.71962,-0.57681,-1.6036,-2.1618,-0.55016,-0.11086,-0.22568,-0.32044,0.020226,0.54494
5.5141,-0.24636,-0.16419,0.03758,-1.3139,-2.2797,-0.69738,-0.56712,-0.17388,-0.32736,-0.53164,-0.18998
5.1928,0.12044,-0.97896,0.40794,-0.8728,-1.9759,-0.37442,-0.59932,-1.101,-1.5321,-0.95247,0.10966
5.7976,0.67637,-0.97412,0.11919,-2.0669,-2.1105,-0.2963,-0.9524,-0.32847,-0.71142,-0.98007,-0.51058
4.9759,-0.17054,-1.5076,-0.32193,-1.81,-1.2363,-0.55912,-0.63804,-0.18767,-0.63609,-0.6767,0.4879
5.431,-0.11273,-2.2549,-1.0136,-2.1232,-2.1989,-0.074196,-0.72921,0.27868,-0.46632,-0.67613,0.25192
5.4197,0.39933,-2.0611,-1.2847,-2.7618,-2.1305,0.40311,0.2425,-0.26206,-1.1223,-0.3481,0.15536
5.063,0.032928,-2.422,-0.73812,-1.8305,-1.7164,0.31546,1.0003,0.59403,-0.88884,-0.32574,0.4881
6.5016,1.2165,-1.4258,-0.33605,-1.8987,-1.8525,-0.16791,-0.32878,-0.11347,-1.3862,-1.0439,-0.16459
5.8715,1.344,-0.8371,0.073813,-1.8085,-2.2082,-0.21277,0.21495,0.11517,-1.3205,-1.0677,-0.44868
5.2434,0.79172,-1.4251,-0.32114,-2.2494,-2.6848,-0.24518,0.61304,-0.35289,-2.0034,-0.79401,0.14101
5.1496,0.10965,-1.5722,-0.16429,-1.7985,-1.5571,0.42533,1.2704,0.096104,-1.2199,-1.364,0.060534
4.7172,0.27543,-1.4788,0.18998,-1.8826,-2.2732,-0.53429,0.68412,-0.06222,-1.5254,-1.1227,0.62225
5.3728,1.1683,-1.0175,-0.35241,-2.2928,-2.1331,-0.33565,0.64248,-0.32148,-1.2194,-0.81776,0.39767
4.9706,0.96568,-1.44,-0.46332,-2.0837,-2.1043,-0.21778,1.0443,0.0090637,-1.4524,-0.85517,-0.38837
5.4637,1.2232,-1.6446,-1.2503,-2.7592,-2.355,-0.81287,-0.07678,0.072447,-0.67304,-0.61553,-0.062416
5.2408,1.1733,-1.0586,-0.70324,-2.6395,-2.575,-0.5092,1.0136,0.75552,-0.96248,-0.73479,0.60351
5.0665,1.3722,-1.0999,-0.90197,-2.3529,-2.6914,-1.302,0.24735,0.39572,-0.58091,-0.95959,-0.045918
-0.36623,3.7254,-1.2932,-1.1498,-2.0671,-1.8841,-1.0561,0.40878,-0.48701,-0.69697,-0.24529,-0.51646
-1.6041,3.4084,-2.7163,-1.2901,-1.4162,-0.74136,-1.0173,-0.10707,-0.99322,-0.75434,0.06418,-0.72921
-2.6329,4.7782,-3.0948,-0.73345,-1.3542,-1.2641,-1.9964,-0.16768,-0.6732,-0.94705,-0.40477,0.16293
-4.3635,4.2953,-2.2023,-1.4562,-2.5501,-1.8297,-1.5129,-0.30353,0.26812,-1.0337,-0.8004,0.18985
-4.6223,4.8384,-1.8226,-0.42892,-1.2134,-1.3331,-0.80111,-0.96164,-0.13166,-1.0518,-0.84309,-0.22686
-3.0098,5.2788,-2.2018,-1.3362,-1.5118,-2.3884,-0.92102,-0.78708,-0.68008,-1.3698,-0.83554,-1.0817
-1.0999,5.6439,-1.2598,-1.0829,-1.4569,-3.0139,-1.3564,-0.69459,0.32221,-1.2784,-0.92286,-1.5541
1.2219,5.2504,-1.4671,-1.1215,-1.9807,-2.6153,-0.99334,-0.24014,0.010644,-0.85517,-0.87908,-0.85718
1.8164,5.1333,-1.8516,-0.90961,-2.3034,-2.6725,-1.1464,-0.33995,-0.058672,-0.14229,-0.52795,-0.46779
1.2526,3.3828,-1.7988,-0.47019,-2.085,-2.2928,-0.91585,-0.6803,-0.034338,-0.46545,0.058102,-0.10379
1.8508,4.5487,-1.5054,-0.36411,-2.1634,-2.3386,-0.98023,-0.45557,0.26988,-0.71539,-0.38919,-1.1225
2.4634,5.0143,-1.4251,-0.26853,-1.8344,-1.9883,-0.64665,-0.41731,0.21632,-0.46081,-0.68099,-0.72477
3.0903,4.0306,-1.208,0.13167,-1.9152,-1.4639,-0.64679,-0.44261,0.048124,-0.55322,0.07433,-0.24276
2.9119,3.5632,-1.1853,-0.02747,-1.6679,-1.2968,-0.80218,-0.37632,0.029979,-0.43103,0.34446,0.12355
1.7143,3.0684,-1.1182,-0.37072,-2.2164,-1.4651,-1.0909,-0.5074,0.16612,-0.16292,0.69683,0.23446
1.163,1.6776,-1.572,-0.36709,-1.7431,-0.64185,-0.32263,0.25395,0.018983,-0.2931,-0.33304,0.00075588
1.2572,1.6538,-0.79049,0.40755,-1.5199,-0.9596,-0.77207,-0.082303,-0.21769,-0.87248,-0.29941,-0.3507
1.5902,1.9193,-1.2057,-0.33623,-1.4553,-0.66996,-0.36515,-0.27283,-0.074129,-1.1441,-0.4013,-0.62504
2.0922,2.075,-0.98871,-0.61949,-1.6822,-1.5346,-0.47052,-0.27522,-0.053483,-0.64661,0.15912,0.15028
1.7534,1.737,-0.34618,-0.16832,-1.4419,-1.1819,-0.71585,-0.042888,0.39199,-0.17157,-0.064539,-0.005908
2.1277,2.0084,-0.19926,-0.030796,-0.97524,-1.0756,-0.60221,-0.11941,-0.18907,-0.73556,-0.75338,-0.3845
1.8307,1.587,-0.61951,-0.2671,-1.1641,-0.84446,-0.71688,-0.27706,-0.68598,-1.1195,-0.58092,-0.26073
1.9793,1.6687,-0.35019,-0.35314,-1.0492,-1.1288,-0.75387,-0.7906,-0.43712,-0.47673,0.088757,0.21237
2.2735,1.8242,0.48179,0.27492,-0.81835,-1.072,-1.2057,-0.65688,-0.5192,-0.38644,-0.15958,0.22885
3.0502,2.2926,0.27446,0.083054,-1.1019,-1.0571,-1.2774,-0.62761,-0.42632,-0.18568,-0.054395,0.058831
1.9205,1.5082,-0.35404,0.043238,-0.79654,-0.38663,-0.14608,0.31716,0.082404,-0.68152,-0.64522,-0.65177
1.9381,1.7062,0.014383,-0.20857,-1.1591,-0.97566,-0.8756,-0.62431,-0.36833,-0.58558,-0.3061,-0.60802
2.2241,1.905,0.16687,0.10774,-1.3533,-1.0744,-1.2095,-0.38359,-0.74267,-0.47794,-0.34299,0.030658
2.3149,2.08,0.012996,0.061219,-0.99885,-0.84932,-1.0081,-0.62274,-0.77306,-0.74567,-0.6964,-0.053278
3.0012,2.6413,0.48799,0.045657,-1.1516,-0.82256,-1.0793,-0.67269,-0.68169,-0.54389,-0.3938,-0.35887
2.8391,2.2957,0.23303,-0.21401,-1.2726,-0.77123,-0.99162,-0.31782,-0.46523,-0.11382,-0.45328,-0.42485
2.3061,1.66,-0.04174,-0.42798,-1.3384,-1.0119,-1.0315,-0.30618,-0.62066,-0.46194,-0.80174,-0.40272
1.8063,2.4358,0.11997,0.19783,-1.3549,-1.1219,-1.4014,-1.0746,-0.6808,-0.6978,-0.22461,-0.49134
-3.5985,0.33083,2.4422,-1.5375,0.31188,-0.89406,-0.27513,-0.32217,-1.764,-1.3011,-0.42751,-0.33232
-5.3396,-1.3031,-0.038588,-2.1289,-0.33803,-1.6726,-0.47857,0.39287,-0.55161,0.1627,-0.65921,-0.90797
-3.6559,1.2389,-1.4508,-3.1651,-0.91846,-2.4353,-1.795,0.68245,0.10287,0.78289,-0.46286,-1.3584
-2.5506,0.71702,-1.6996,-3.4363,-1.1783,-2.0693,-2.0893,0.19925,-0.40105,0.16742,0.31266,-1.3883
-3.1585,-2.3078,-1.8676,-2.7944,0.53977,-0.24328,-0.89225,0.31949,-0.61604,-0.044219,0.37987,-1.3736
-1.7302,-1.6209,-2.1734,-2.7106,0.022157,-0.5123,-0.57417,0.074079,-0.73287,-1.1304,-0.0080311,-0.68206
-2.5676,-1.9783,-2.5183,-3.7036,-0.64911,-0.21171,-1.1899,0.022706,0.16691,0.49319,-0.082064,0.095623
-2.4595,-1.341,-2.2248,-3.2073,-1.2342,0.9575,-0.98967,-0.24214,-0.076294,0.029515,0.095667,-0.66941
-1.687,-0.49751,-3.2859,-3.9977,-1.218,0.64058,0.036053,0.10202,0.20169,-0.39134,0.56244,-0.44826
-1.6484,1.0047,-3.1228,-1.6852,-0.65498,0.87555,-0.23023,-0.15939,-0.24035,-0.87272,0.025619,-1.1106
-2.3815,1.2224,-3.3176,-2.2519,-0.70858,1.6159,-0.30537,-0.32174,0.58742,-0.12876,0.40957,-1.0142
-2.1846,2.4388,-2.3712,-2.1931,-1.2929,0.81082,0.20948,0.24755,1.0007,-0.10191,0.50206,-0.71313
-1.4874,1.9799,-3.0589,-2.9148,-0.33382,1.7425,-0.58883,0.53775,0.49491,-0.46068,0.42059,-1.0484
-2.2418,1.7746,-2.9097,-2.9103,-0.32471,1.488,-1.0134,0.33124,0.66473,-0.67995,0.27488,-1.6427
-2.8787,2.162,-2.601,-3.0974,-0.42965,2.0963,-1.0228,0.87909,0.45141,-0.84914,0.55214,-1.2481
-1.9659,2.4553,-2.6494,-2.9958,0.078612,1.4405,-0.72893,-0.2099,-0.42864,-0.81113,0.77304,-1.3435
-1.7115,3.0257,-2.4865,-2.3159,0.25844,1.2493,-0.66252,0.78484,0.56423,-0.71307,1.0048,-1.6958
-1.6993,3.0796,-2.8232,-2.7983,-0.39124,0.71724,-0.40859,-0.24749,0.27193,-1.4838,1.3012,-0.81765
-0.90526,2.9544,-2.4314,-1.358,-0.29389,1.0336,0.086795,-0.21898,0.61,-1.0886,1.4052,-0.70412
2.4337,4.6889,-1.6042,-2.0628,-1.0837,0.26658,-0.018922,-0.10861,0.25574,-1.128,1.7018,-1.3141
6.8124,5.1679,-1.3643,-2.7495,-1.8008,0.62146,0.25878,0.017935,-0.13668,-1.2051,0.91361,-0.95161
6.3008,3.6053,-1.1922,-2.9726,-1.9489,0.30314,0.017997,-0.1057,-0.21084,-1.1735,0.5832,-0.69947
7.4617,3.9754,-1.1181,-4.3752,-2.3769,1.1441,0.37223,-0.62983,-0.21735,-1.2562,1.4037,-1.7221
6.782,2.7464,-1.5701,-3.6544,-2.1995,0.55865,0.31226,-0.29558,-0.33505,-0.67997,0.91775,-1.2045
6.2113,1.998,-1.6528,-4.1158,-1.3682,0.6704,0.44849,-0.65431,-0.38875,-0.41729,1.0848,-1.6112
5.2546,1.4887,-2.05,-4.1451,-1.0896,0.92414,0.78873,-0.6415,-0.47798,0.39565,1.0877,-1.5534
5.4478,1.1322,-1.8041,-4.0989,-0.66615,0.79416,0.94681,-0.69571,-0.19648,0.1189,0.80272,-1.5187
5.5607,0.97055,-2.3433,-3.1838,-0.72926,0.80288,0.61282,-0.6433,-0.2306,-0.30592,0.71161,-1.4426
6.2116,0.64429,-2.5163,-3.2832,-0.61975,0.64721,0.59968,-0.84281,-0.30073,-0.32647,0.60253,-1.5939
5.28,0.28163,-2.6298,-2.5844,-0.89009,0.34156,0.73196,-0.84719,-0.12836,-0.28447,0.23398,-1.1301
5.2356,0.69017,-3.0219,-2.638,-0.44554,0.1558,0.88856,-1.5623,0.068846,-0.55807,0.21031,-1.2376
5.7783,-0.47021,-3.1598,-1.9393,-1.1472,0.54146,0.75566,-0.93883,0.27359,-0.41256,-0.18544,-1.2986
4.5438,0.33692,-2.797,-2.7253,-0.75793,0.49709,1.0443,-1.021,0.14699,-0.18757,0.10981,-1.5213
4.082,0.62676,-2.7106,-3.1768,-0.85477,-0.016376,0.61334,-1.9343,0.07203,-0.14181,0.18024,-1.7099
4.1159,0.081962,-3.1621,-2.1021,-0.53249,0.64197,1.0901,-0.67416,-0.10703,-0.088176,0.21059,-1.127
3.4405,-0.26639,-2.2893,-2.4631,-0.41992,-0.11756,0.55127,-1.5028,-0.075971,-0.21679,-0.11615,-1.8865
5.8204,0.75169,-2.9951,-1.7944,-0.6532,0.64816,0.79393,-1.4103,0.65772,0.0828,0.10271,-2.5505
5.5383,1.4213,-2.8186,-1.1316,-0.14177,0.10388,0.33332,-1.9293,-0.45675,-0.80963,0.26672,-1.2767
4.3633,0.24252,-4.0845,-2.3506,-0.60534,-0.4146,-0.28655,-1.4631,0.10066,-0.33409,0.84855,-1.2784
5.3702,2.0791,-4.0709,-2.1411,-0.77197,-0.3437,-0.21351,-1.565,0.12203,-1.1863,0.5297,-1.1845
5.9669,1.758,-3.7286,-2.5733,-1.182,0.22016,0.53146,-1.4486,-0.35486,-0.5406,0.10767,-1.7741
5.0982,1.7576,-3.5955,-1.6983,-0.66848,0.27539,-0.18587,-2.2211,-0.70632,-0.75052,0.49574,-1.517
4.3458,1.6821,-3.8163,-3.3752,-0.18339,0.50267,0.035811,-1.5661,-0.42865,-1.0317,1.391,-2.1108
3.458,0.88359,-3.7812,-4.5272,0.13867,0.97156,-0.574,-0.49398,-0.86759,-1.0456,1.4412,-2.4004
4.1357,0.89626,-4.3976,-2.8986,-1.0618,-0.078832,-0.42417,-1.884,-0.19568,-0.28244,0.75306,-2.3595
5.2597,1.4384,-5.1384,-3.204,-0.88341,0.25317,0.023444,-1.4841,0.082911,0.10955,1.0826,-1.1471
4.4981,0.11773,-4.8226,-3.1598,-0.91745,0.43257,0.72273,-0.71998,0.23462,0.23519,0.87405,-0.74933
5.5154,0.97551,-5.0863,-2.8203,-0.74153,0.73522,1.2244,-1.2429,-0.043692,-0.034426,0.42752,-1.1014
5.0707,0.78181,-4.6191,-2.856,-0.25021,0.40852,0.76434,-0.91144,-0.49665,0.28453,-0.20799,-0.4884
4.7459,1.4248,-4.4051,-2.9474,-0.22942,-0.05482,0.79451,-0.81329,-0.46418,0.024728,-0.026858,-0.041305
5.2561,2.132,-4.7609,-2.4342,-0.38884,-0.032507,-0.42631,-1.6478,-0.35148,0.039124,0.035273,-0.67458
4.9264,2.5672,-4.1758,-2.6896,-0.41856,0.11295,0.46137,-1.6315,-0.4525,0.071957,-0.17456,-1.0177
4.5722,2.206,-4.3454,-2.9989,-0.071892,0.96077,1.1186,-0.45144,-0.2171,-0.5631,0.5017,-1.3233
3.3002,1.8218,-5.035,-3.0409,-1.1878,0.109,0.51286,-1.6028,-0.78627,-0.57234,0.13733,-0.90654
3.6482,1.493,-5.1659,-2.6384,-0.8775,0.66402,0.75168,-1.4252,-0.31552,-0.8234,0.62472,-1.0475
4.1347,1.9351,-4.3786,-1.9029,-0.33508,0.68727,0.5453,-1.4517,-0.43347,-0.69496,0.64133,-0.76795
4.0765,2.8307,-3.0872,-0.80828,-0.73005,0.46425,-0.43683,-1.5906,-0.60919,-0.92616,0.22648,-1.22
3.8117,2.3968,-3.3836,-1.6992,-1.06,0.22961,-0.089936,-1.2454,-0.78444,-1.0278,-0.03003,-0.87971
2.2525,1.938,-4.4978,-1.0466,-0.46932,0.91209,0.020414,-1.5478,-0.89573,-1.4419,-0.17394,-1.1807
2.2569,1.3718,-4.6808,-1.314,-0.2849,1.2016,0.1779,-1.7135,-0.7809,-1.2587,0.46713,-0.95866
3.0583,1.8442,-4.132,-1.2584,0.12398,0.98985,0.35982,-2.2924,-1.074,-1.3754,0.30809,-0.71629
3.7018,1.6054,-4.4303,-2.0134,-0.4894,0.58319,0.21471,-1.6722,-0.65379,-0.8442,0.34629,-0.46428
3.5147,1.4536,-4.5322,-1.867,-0.82456,0.92881,0.11227,-1.4957,-0.86065,-0.85838,0.40146,-0.62179
2.6032,1.1822,-4.6901,-2.0125,-0.4083,1.5151,0.75344,-0.93721,-0.88091,-0.91649,0.43974,-0.1971
2.2888,1.4852,-4.2069,-1.6251,-0.016248,1.1785,0.74735,-0.97674,-0.40601,-0.73744,0.43294,-0.83293
2.1154,2.127,-3.8099,-1.6398,-0.25592,0.64974,1.0479,-0.90857,-0.2108,-0.49076,0.38043,-0.93302
2.1349,2.7375,-3.8167,-1.1025,-0.47418,0.8415,0.63247,-1.1164,-0.70377,-0.95871,0.42981,-0.93859
2.0025,2.3389,-3.4189,-0.79313,-0.5951,0.77437,0.45729,-1.2599,-0.81645,-1.0951,0.69533,-0.86461
1.4589,1.6711,-4.1702,-1.265,-0.7375,0.86668,0.3681,-1.3287,-0.073777,-0.9271,1.2195,-0.57579
1.8874,1.175,-4.5896,-1.1936,-0.49532,1.192,-0.032464,-1.6612,-0.30189,-0.6068,1.5336,-0.75585
2.2542,2.0574,-4.0838,-1.0269,-0.59522,0.8475,0.19607,-1.7726,-0.43489,-1.1635,0.7929,-1.1197
1.7407,1.7892,-3.6071,-0.94624,-0.0037063,1.1283,0.87546,-1.2304,-0.11216,-0.76657,0.93112,-0.75348
1.7649,1.9639,-3.4537,-0.75313,0.033007,1.3611,0.75601,-0.79736,-0.23435,-0.69062,0.8676,-0.87686
1.6916,1.3187,-3.7405,-1.7134,-1.3923,0.50023,0.43822,-0.94996,-0.36833,-1.1139,0.88102,-0.041085
1.9639,1.8693,-3.2024,-1.0057,-0.80926,1.3568,1.1671,-0.10939,-0.21024,-1.1671,0.025941,-0.84126
2.5843,2.1653,-2.4132,-0.88522,-0.71645,0.87212,0.6153,-0.55359,-0.41983,-1.2133,-0.021295,-1.2408
0.69581,2.1708,-2.634,-1.5573,0.1352,0.25941,1.0629,-0.21418,-0.8283,-0.44597,-0.19579,-0.45294
1.4319,2.6256,-1.7528,-0.29971,-1.275,0.27749,0.33997,0.078241,0.13404,-0.77599,-0.023285,-0.80534
1.4056,2.4613,-1.9309,-0.76641,-1.606,-0.28413,-0.20826,-0.58048,-0.33687,-0.96506,0.36018,-0.51497
1.6457,2.0422,-2.1844,-0.55332,-1.0778,0.60211,0.51102,-0.2002,-0.23883,-0.91176,0.36838,-0.23373
2.2153,3.0235,-1.6739,-0.44668,-1.2836,-0.24085,-0.099937,-0.86473,0.035803,-0.92643,0.65511,-0.74461
1.5072,2.1149,-1.6804,-0.29547,-0.95211,0.19449,-0.024206,-0.94034,-0.50442,-1.3386,0.15808,-0.77089
1.3251,1.49,-1.4675,-0.35532,-0.58488,0.1699,-0.001616,-0.93705,-0.46485,-1.1482,0.095382,-0.55396
1.5819,1.0017,-1.1564,-0.25463,0.083155,0.54457,0.13156,-0.97868,-0.97778,-1.2122,-0.30878,-0.35715
2.1107,1.2016,-1.1255,-0.88962,-0.92763,0.22353,0.076827,-0.10867,-0.66262,-0.69716,-0.35051,-0.11349
2.9217,1.2828,-0.9712,-1.063,-0.83427,0.13538,-0.013903,-0.21406,-0.67406,-0.53885,-0.35824,-0.27692
1.9185,1.3213,-0.9472,-0.4593,-0.78486,0.33645,-0.25686,-0.33231,-1.0315,-0.83244,-0.58795,-0.32529
1.0554,1.0485,-0.9118,-0.40278,-0.71009,0.36338,0.36022,0.35778,-0.081453,-0.49823,-0.44694,-0.49502
1.1749,0.97316,-0.9567,-0.83935,-1.3805,-0.37686,-0.27286,0.29582,0.040539,0.090494,-0.11654,-0.12776
1.9936,1.566,-0.55397,-0.22578,-0.7763,0.037972,-0.56252,-0.53715,-0.95142,-0.56956,-0.27258,-0.051216
2.5336,1.5499,-0.66627,-0.59751,-0.82196,-0.065239,-0.41684,-0.63604,-0.87514,-0.71601,-0.22105,-0.28064
2.0827,1.3417,-1.222,-0.68634,-0.83985,0.23444,-0.080337,-0.27403,-0.47485,-0.51109,-0.18174,-0.53152
1.446,1.3893,-0.53422,-0.2801,-0.92571,-0.090303,-0.37959,0.053412,-0.16744,-0.09519,-0.068305,-0.40276
1.8613,1.2909,-0.94443,-0.96626,-1.4139,-0.70579,-0.65637,-0.40326,-0.25575,0.041857,0.17059,0.11945
1.6037,1.4592,-0.53877,-0.37555,-1.0414,-0.1912,-0.24738,0.18081,0.033143,0.038825,-0.08212,-0.21046
0.9984,1.0156,-1.0173,-0.73235,-1.2225,-0.32051,-0.15045,-0.025329,-0.072829,-0.3918,-0.045849,-0.10665
1.4354,1.1075,-0.82915,-0.49049,-1.064,-0.17022,-0.63068,-0.21314,-0.43941,0.14779,0.2364,0.27135
1.6278,1.1003,-0.73035,-0.5689,-0.96124,-0.27957,-0.63662,-0.54083,-0.71979,-0.32344,-0.042091,0.10699
-1.6021,-2.4971,1.2488,-1.5445,-0.96866,-0.16584,-1.3311,-0.090647,-0.56781,1.0356,-0.38148,-0.83308
-2.9155,-2.3295,1.0887,-2.7187,-1.2121,-0.36445,-1.779,-0.12664,-0.87284,1.6444,-0.46211,-0.34148
-3.0846,0.026441,2.2317,-2.3292,-0.92023,-0.71879,-1.163,0.15459,-0.77082,0.39657,-0.37159,-0.39533
1.6921,-0.77517,3.4595,-1.619,-1.595,-1.1604,-1.5814,0.73219,-0.78153,-0.26032,0.63494,-0.54565
1.2448,0.38761,2.981,-1.7058,-2.5351,-1.4384,-1.3123,0.81358,-0.34968,-0.16313,0.86764,-0.81132
3.021,0.95022,2.5049,-1.6436,-3.0195,-1.6183,-0.91085,0.92911,0.27462,-0.6961,0.49728,-1.2641
2.8451,0.34673,1.5067,-1.8276,-2.4191,-1.4368,-0.65114,0.76698,0.45284,-1.3959,0.10128,-1.5721
1.6257,-0.73529,0.7585,-1.207,-2.121,-1.2273,-0.48825,0.53551,0.87355,-1.1722,0.56353,-1.8647
3.5675,0.58081,0.55872,-1.4415,-1.9883,-1.2229,-0.082782,0.53484,1.387,-1.107,0.025757,-1.8232
1.3029,-0.19509,-0.50785,-1.6691,-1.9275,-1.869,-0.093026,0.26134,0.5783,-1.2233,-0.13106,-1.3517
2.0783,1.0016,-0.59161,-1.1051,-1.6704,-1.3412,0.21636,0.54346,1.1362,-0.48115,0.015052,-1.5974
2.0215,1.2973,-0.36275,-1.4851,-1.4847,-1.7733,0.0062421,-0.13389,0.62228,-0.75429,-0.27659,-1.3682
1.8853,0.98321,-1.0223,-1.0107,-1.5821,-1.2539,-0.25661,0.034441,1.2494,0.18946,0.53078,-1.103
2.6804,2.0534,-0.26699,-1.0222,-1.3836,-1.6701,-0.86585,-0.86631,0.61026,-0.12777,-0.31086,-1.5463
3.2982,1.2522,0.12013,-0.071356,-1.4509,-1.3106,-0.74343,-0.13906,0.81749,-0.45818,0.43862,-1.0827
1.9028,1.3835,-0.52791,-0.75282,-1.6277,-1.4451,-0.70311,-1.2446,-0.0042248,-0.74715,0.94586,-0.5006
3.0782,1.0315,0.63168,0.43507,-0.64685,-1.4098,-1.3703,-1.0473,-0.15529,-1.0382,0.14194,-0.68084
2.7711,0.85737,0.19807,-0.68112,-1.0819,-1.1337,-1.2656,-1.3284,-0.39002,-1.9418,0.46077,-0.67627
3.6384,0.43048,-0.17291,-0.94285,-2.131,-2.1458,-0.71453,-0.23008,-0.24009,-1.9618,0.606,-1.101
3.1963,0.34299,0.062626,-0.67551,-1.9007,-1.408,-0.71934,0.072413,0.45442,-1.6171,-0.086823,-0.83409
3.3898,0.9902,0.45221,0.10551,-1.7574,-1.8099,-1.0722,0.10001,0.41379,-1.2789,0.5661,-1.9947
2.9605,0.8462,-0.44892,-0.38679,-2.0253,-1.9106,-0.64812,-0.28702,0.81675,-1.5607,0.20225,-0.77815
4.4599,2.1407,0.37072,-0.0060329,-0.78035,-1.8412,-0.94752,-0.58498,0.054322,-1.2566,-0.085412,-1.4232
4.5181,1.5424,0.17394,-0.28584,-1.8224,-1.3241,-0.56851,0.1664,0.53176,-0.67968,-0.80343,-1.4644
3.4756,1.6626,0.10295,0.41739,-1.1551,-1.9903,-1.5251,-0.16647,0.58595,-1.0259,-0.0321,-0.96364
3.9102,1.8047,0.58389,0.74141,-0.94073,-1.3883,-1.5231,0.0019187,0.16447,-0.81588,-0.42092,-0.4629
3.734,0.93612,0.33766,0.039016,-1.6406,-1.5279,-1.1588,0.6458,-0.24984,-1.1445,-0.092977,-0.012439
2.8454,0.60712,-0.40645,-0.021817,-1.2156,-1.465,-1.7259,-0.22334,-0.63283,-1.1808,-0.39912,-0.52414
3.7392,1.4833,0.27781,-0.34359,-1.5688,-1.5875,-1.6277,0.43325,-0.21994,-0.53535,-0.65769,-0.30268
3.6751,1.3891,-0.32898,-0.40185,-1.8195,-1.6981,-1.2781,0.29696,0.21263,-0.40327,-1.0527,-0.65434
3.3588,1.6669,0.064281,0.28087,-1.5204,-1.3317,-1.03,-0.22527,-0.18112,-0.18418,-0.40674,-0.24497
3.5919,0.85922,-0.32053,-0.12943,-1.4051,-1.9588,-1.2506,-0.26584,-0.39045,-1.314,-1.051,-0.45137
2.3326,0.99048,-0.14441,-0.24423,-1.4877,-1.6318,-0.52621,1.1511,0.036313,-0.40471,-0.055543,0.3446
3.0171,0.91289,-0.53312,0.38807,-0.84704,-1.4597,-1.1686,0.57914,0.19042,-0.51031,-0.48995,0.12057
3.0917,1.1877,0.14204,-0.29195,-0.54821,-0.75065,-1.1355,-0.13211,-0.038674,-0.080974,-0.11102,-0.087588
-3.9012,1.4132,0.051716,0.18955,-1.1871,-1.1102,-1.03,-0.38863,-0.28536,-0.10527,-0.21731,-1.3289
-4.9358,0.38752,-1.2795,0.47616,-1.3093,-1.0655,-0.35007,0.033307,0.48867,0.38055,-0.15183,-1.1628
-2.759,1.233,-0.54123,0.66483,-0.57116,0.055332,0.17632,0.10188,-0.30952,0.072881,0.31716,-0.50773
-0.23597,0.23135,-0.22378,0.21343,-0.20053,0.1854,-0.16837,0.14984,-0.13023,0.10997,-0.089521,0.069327
-0.3381,0.33159,-0.3209,0.30629,-0.28809,0.26672,-0.24268,0.21651,-0.1888,0.16017,-0.13125,0.10267
-0.21516,0.21382,-0.21161,0.20855,-0.20468,0.20002,-0.19463,0.18855,-0.18186,0.1746,-0.16685,0.15866
-0.19051,0.18892,-0.18629,0.18268,-0.17812,0.1727,-0.16648,0.15957,-0.15205,0.14403,-0.13561,0.12691
-0.11193,0.11127,-0.11018,0.10866,-0.10674,0.10442,-0.10174,0.098707,-0.095358,0.091717,-0.087813,0.083675
