0.75987,1.0943,0.36746,0.50743,-0.13802,-0.080728,-0.4851,-0.45583,-0.57601,-0.56198,-0.43249,-0.4404
0.3483,0.59887,-0.055881,0.21503,-0.21212,0.23834,-0.012987,0.34686,-0.013257,0.086095,-0.32312,-0.2507
0.94684,1.0136,0.026342,0.084002,-0.52945,-0.0848,-0.31701,0.11318,-0.23363,-0.17136,-0.62136,-0.60223
0.36855,0.51913,-0.17396,-0.044773,-0.52869,-0.1699,-0.3904,0.019797,-0.18989,0.050454,-0.20971,-0.052819
-3.0647,-3.2495,2.4973,-0.35412,-0.042884,-0.97577,-1.2493,0.47901,0.30325,0.31665,-0.59702,0.23867
-5.6291,-5.492,0.28618,-0.43695,0.32111,-0.68714,-0.28944,0.37516,-0.12364,-0.41276,-1.3219,-0.12255
-7.4142,-5.0334,-0.41036,-0.5178,0.37242,-1.1329,-0.53635,0.55894,1.4289,0.17193,-1.1614,-0.12117
-7.8747,-6.1244,-1.0774,-0.71277,-0.44203,-0.097475,0.3681,0.054694,0.58253,-0.35238,-0.99783,-0.25199
-6.9188,-5.9352,-1.2338,-0.58128,0.15017,-0.55014,0.60699,0.79141,0.9087,-0.14061,-0.79702,-0.42902
-6.2948,-5.5894,-1.7394,-0.79537,-0.63696,-0.96104,0.18088,1.132,0.91186,0.97169,-0.18796,0.25633
-5.8743,-6.0029,-1.1255,0.0035727,0.096042,-0.81516,-0.18253,0.56407,0.65651,-0.39842,-1.0258,-0.92581
-5.3328,-5.224,-0.85308,-0.34668,0.24252,-0.68821,0.83315,0.72644,0.54268,-0.62191,-0.29649,-0.52483
-5.6378,-5.2146,-1.4502,0.26949,-0.25189,-0.53464,-0.065518,0.8688,1.0789,-0.29162,0.27139,-0.75185
-7.026,-6.2695,-1.5453,1.1681,-0.42233,-1.2483,-0.26538,0.19294,1.3241,-0.42317,0.49748,-0.70804
-5.1868,-4.1502,-1.2909,0.39043,-1.1856,-1.5125,-0.083383,-0.51671,1.0275,-0.49969,0.35376,-0.19948
-6.3868,-4.9539,-2.3563,0.075891,-0.87625,-0.82344,0.086672,-0.15093,1.1764,-0.61379,0.36632,-0.70932
-6.9803,-3.7867,-2.3911,0.79394,-0.87636,-1.3126,0.0078863,-0.042619,1.4498,-1.4836,-0.75851,-0.68935
-7.0136,-4.0219,-2.579,0.38885,-0.50318,-1.4575,-0.17263,-0.18158,0.80916,-1.3118,0.47611,-1.0843
-7.0241,-3.4435,-3.3531,0.35266,-1.1958,-2.0395,-0.9946,-0.38819,1.5176,-1.1333,0.59245,-0.83777
-6.4603,-2.4724,-2.7684,0.94702,-1.1789,-1.8533,-0.15078,-0.17637,0.2386,-1.5006,0.082352,-0.55503
-7.4724,-2.4831,-3.3567,0.53779,-0.79068,-1.2119,0.51414,1.0491,1.3329,-0.87894,1.0392,-0.74709
-6.8315,-2.7135,-3.1622,0.72924,-0.40189,-1.1159,-0.098155,-1.21,-0.14826,-1.2024,0.34654,-0.91611
-7.0197,-1.9532,-3.6659,-0.37203,-1.2987,-1.7461,0.1752,-0.30948,0.98561,-0.60786,0.50446,-0.71674
-7.5302,-2.0786,-3.5458,0.90914,-1.1816,-1.5733,0.33813,0.067313,1.3192,-0.54447,0.57114,-0.69787
-7.1182,-1.748,-3.6843,-0.31178,-1.6081,-2.3537,0.30625,-0.28537,0.48419,-1.5971,0.20811,-0.30823
-6.8762,-0.98639,-3.1063,-0.17384,-1.4259,-1.6934,0.72289,-0.44527,1.1352,-0.68753,0.23265,-1.2456
-6.8092,-1.0295,-3.1712,0.076344,-1.125,-1.7353,-0.10511,-0.88087,1.0318,-1.5231,0.17352,-0.82243
-7.155,-0.89326,-3.2275,0.72307,-0.53035,-1.6632,0.3416,-0.28836,0.76886,-0.89535,0.61061,-1.3412
-7.1917,-0.40683,-2.8585,-0.049206,-1.2745,-1.7972,-0.34134,-0.34476,0.4284,-0.79385,0.34735,-0.63041
-6.7745,-1.0004,-3.4456,-0.39352,-1.2009,-2.2025,0.13684,-1.3056,-0.026054,-1.6109,0.7367,-0.47878
-8.1084,-0.48523,-2.8323,-0.38778,-0.91269,-1.7573,0.013118,-0.62155,0.84904,-0.69182,0.04383,-0.97316
-7.5432,-0.84119,-2.9402,0.15359,-0.76644,-2.3524,-0.36261,-1.3049,-0.059643,-0.92742,0.31623,-0.53928
-7.5354,-0.46287,-3.0233,0.031745,-0.5722,-2.7231,-0.40051,-0.84492,-0.13475,-0.92534,0.21235,-1.4272
-8.0896,-0.6441,-3.0888,-0.40788,-0.79623,-2.2681,-0.15447,0.44525,1.2137,-0.73905,0.53457,-0.017096
-8.8422,-0.81538,-3.3413,-0.77469,-0.44678,-1.2302,0.19132,0.426,1.0157,-0.41693,0.10533,-0.98972
-8.6014,-0.76564,-3.0901,0.21745,-0.48102,-2.1372,0.46294,0.20492,1.0468,-0.53682,0.19483,-0.66796
-8.508,-0.41964,-2.6607,-0.72471,-0.59452,-1.5544,0.37917,-0.37045,0.63419,-1.2342,-0.69889,-1.0924
-7.9262,0.012133,-3.1304,-0.96693,-0.42002,-2.4268,0.1674,-0.5949,0.34917,-0.73034,-0.018827,-0.52082
-8.3468,0.23072,-3.3773,-0.57568,-0.34955,-1.5571,0.25625,0.20361,1.0982,-0.86232,-0.51741,-0.76611
-9.2804,0.38335,-2.2791,-0.11045,0.36157,-2.7456,-0.55598,-0.41352,0.76599,-0.51405,0.039785,-0.29171
-9.3083,0.24202,-1.3687,-1.2263,-0.30047,-1.4799,-0.59657,-0.56997,0.1046,-0.81237,-0.29116,-0.047876
-9.7513,-0.29424,-1.586,-1.512,-0.06925,-1.638,0.019462,-0.17106,0.96142,-0.37377,-0.65644,-1.0503
-8.9993,-0.85808,-0.85521,-1.7127,0.35678,-1.1874,-0.70123,-1.4408,0.1438,-0.35217,-0.069208,-0.03912
-8.2048,-1.5997,-0.084406,-1.879,-1.0265,-0.9713,-0.29573,-0.65941,1.1298,0.46255,0.15561,0.24084
-2.3226,1.8191,3.1613,-0.40398,-0.23488,-1.6845,-0.61188,-1.2025,0.39195,-0.044408,-0.43088,-0.44591
0.37144,1.6962,3.4126,-0.70337,-0.70849,-1.8059,-1.5117,-1.727,0.33038,0.031327,-0.25003,-0.19675
0.43385,0.87506,4.146,-0.86976,-1.3515,-1.772,-1.2661,-2.1071,0.30451,0.04133,-0.3232,0.23726
0.55264,0.84183,4.5196,-0.69177,-1.9536,-1.6841,-1.1134,-2.0237,0.13681,0.036547,-0.12564,0.53668
0.78001,0.61674,4.5672,-0.81733,-1.4982,-1.7859,-1.1809,-2.0447,0.42991,-0.32077,-0.13443,0.30584
0.8916,0.55891,4.3435,-1.0259,-1.7098,-1.7644,-1.1345,-1.9544,0.48657,-0.36457,-0.24494,0.33678
0.74998,0.67285,4.5651,-0.75708,-1.6999,-1.9032,-1.268,-2.1534,0.31265,-0.36722,0.091799,0.40932
1.4721,-0.18039,4.0887,-1.3254,-1.0369,-1.8496,-0.86217,-2.2452,0.50392,-0.397,0.17198,0.15414
1.86,0.027922,3.9978,-0.98877,-1.5458,-2.1672,-0.95189,-1.7123,0.74077,-0.43421,-0.10897,0.10843
1.6189,0.23534,3.7497,-0.87802,-1.0578,-2.021,-1.0986,-2.4753,0.26301,-0.069901,-0.027161,0.23894
0.86602,0.36712,3.6272,-0.7693,-0.93113,-2.1367,-0.8999,-2.7403,0.13529,-0.17566,0.29808,-0.0053555
1.4254,1.0209,3.0302,-0.35733,-1.6165,-1.9755,-0.48165,-2.1554,0.45278,-0.47611,-0.094359,0.16584
0.88596,2.317,1.5959,-0.40407,-0.85734,-1.5677,-0.7193,-1.6901,0.13501,-0.51364,0.1966,0.42565
-1.4384,3.3594,-0.1851,0.21577,-0.21663,-2.2588,0.1187,-1.0424,0.32793,-0.16088,0.99924,0.58018
-2.953,4.3855,0.13369,0.052876,-0.34772,-1.9444,-0.024265,-1.4857,0.35833,-0.62152,0.35264,-0.032515
-2.9347,4.8383,-0.49511,0.99298,-0.65784,-1.7231,-0.71227,-1.3158,-0.59892,-1.2516,0.84875,-0.33368
-3.9341,4.9449,-1.2646,0.88673,-1.0905,-2.122,-0.80419,-1.6412,-0.93422,-1.3564,0.71126,-0.15929
-4.378,4.0516,-1.9738,-0.76886,-1.4714,-2.172,-1.4347,-2.0104,-0.37769,-1.447,0.056368,-0.70447
-4.6137,4.5123,-1.6176,0.23078,-1.7724,-2.2719,-1.5498,-1.6524,-0.050664,-1.0169,0.66236,-0.58864
-4.382,4.7746,-1.6555,0.092577,-1.3158,-2.3047,-1.0707,-1.5108,-0.21375,-1.5021,0.45073,-0.65878
-4.3977,4.121,-0.96073,1.0559,-1.5572,-2.714,-1.5708,-2.284,-0.16767,-0.69716,0.1599,-0.7654
-4.2982,3.6431,-1.7023,0.70515,-1.0701,-1.8327,-0.94678,-1.8892,-0.67052,-1.124,0.1341,-0.82201
-4.98,3.3366,-1.3582,0.71806,-0.65042,-2.3747,-1.5078,-1.8701,-0.19848,-1.3248,0.013173,-0.69055
-4.4725,3.8372,-1.5235,0.57559,-0.7244,-1.9032,-0.9263,-1.2062,-0.56606,-1.2968,0.38424,-0.22882
-4.8668,2.9664,-1.7106,0.66656,-0.73019,-1.4384,-0.95254,-1.1057,0.28565,-1.2461,0.32202,-0.93383
-5.5357,4.3009,-0.49274,1.3067,-1.1129,-1.4853,-0.76565,-1.1358,-0.44344,-0.95872,0.47669,-0.42074
-4.1061,4.3697,-1.3196,1.162,-0.58978,-1.3156,-0.68516,-1.5431,-0.32446,-1.0118,0.28107,-0.23769
-4.0121,4.4925,-1.167,1.311,-0.96041,-1.6865,-0.59816,-1.3854,-0.25336,-1.4998,-0.045002,-0.40501
-3.8923,4.902,-0.76666,1.3251,-0.84173,-1.7368,-0.36046,-1.038,-0.67021,-1.2298,-0.12179,-1.0841
-3.9837,4.8252,-0.85386,0.95782,-1.4045,-1.4287,-0.95793,-1.1752,0.178,-1.371,0.11842,-0.94368
-4.0505,4.8586,-0.95697,1.137,-0.6865,-1.5137,-1.1398,-1.1087,-0.04806,-1.9068,0.13267,-1.0983
-3.9181,4.7196,-0.64692,0.20758,-0.92605,-1.4206,-0.40851,-1.5897,-0.79547,-1.8203,0.009309,-0.7191
-3.6759,4.6932,-1.0166,0.11604,-0.78058,-1.7393,-1.0728,-0.95327,-0.10398,-2.1272,-0.66896,-0.47311
-3.4681,5.2777,-1.5606,0.65831,-0.54003,-2.0765,-1.2956,-1.0379,-0.4935,-1.6004,0.077013,-1.0846
-3.2645,5.1588,-0.52031,0.75525,-0.96311,-2.4116,-1.4582,-1.6066,0.39295,-0.69353,-0.31885,-0.8869
-2.4132,4.257,-0.42267,0.11725,-1.6885,-2.5183,-1.1864,-1.3597,0.7404,-1.3634,-0.58507,-0.96409
-1.1385,3.9158,0.11496,0.36493,-0.93203,-2.8377,-0.98734,-1.525,0.35038,-0.90988,-0.35036,-0.92854
0.18119,2.6932,-0.37076,0.97877,-1.261,-2.4717,-0.94176,-0.42724,0.71468,-0.81041,-0.17455,-0.40968
-0.26869,2.219,-0.47558,0.98482,-1.938,-2.2874,-0.78784,-0.4119,1.053,-0.5284,-0.35941,-0.17037
-0.37307,1.7896,-0.80175,0.35842,-2.2138,-2.4473,-0.63256,-1.2473,0.62995,-1.0607,0.089711,-0.21546
0.45043,2.9372,-1.3485,0.6281,-2.0785,-2.248,-0.66406,-1.4928,-0.12747,-1.4116,-0.17127,-0.04187
0.70595,3.7926,-0.86532,1.2396,-1.8481,-2.4498,-1.0546,-2.2456,-0.29725,-1.5296,-0.60406,-0.135
0.34743,2.747,-0.2543,1.2161,-2.278,-2.2708,-0.85616,-3.0032,-0.60778,-1.447,-1.0077,-0.12367
0.88683,3.3185,-0.047117,2.2262,-1.8962,-2.8463,-0.31338,-2.1807,0.21971,-1.1231,0.059699,-0.54992
1.4786,3.4129,-0.6496,1.3708,-2.0392,-2.4149,0.60877,-1.5659,-0.14098,-1.4268,-0.43014,-0.91931
0.97483,2.5543,-0.41232,0.73029,-2.2415,-3.2715,0.49236,-2.5437,0.79664,-0.58273,-0.48063,-0.59826
1.3823,2.021,-0.26873,1.1835,-1.818,-2.9109,0.033068,-2.5827,0.921,-0.83257,-0.67242,-0.18311
0.6837,2.9701,0.2366,1.409,-1.1914,-1.8999,-0.26448,-2.8566,0.8336,-0.0018272,-0.42441,-0.31073
-0.58809,4.0567,0.089318,1.4055,-0.43575,-2.3353,0.29493,-2.3227,0.31808,-0.72275,-0.073178,-0.76639
-0.72729,5.6455,-0.59401,0.0013518,-0.76242,-1.1462,-0.25877,-0.88578,0.03522,-1.0667,-0.16961,-1.1385
-2.5299,5.5424,-0.12344,0.29417,-0.36295,-1.536,-0.35717,-0.28047,0.67864,-0.53905,0.11468,-0.87566
-3.5159,6.1153,-0.71368,-0.1812,0.078583,-0.68708,0.21501,-0.83923,0.28306,-0.80465,-0.27109,-0.86401
-4.4161,5.7953,-1.2543,-0.21018,0.31867,-1.401,0.072029,-0.7413,0.11371,-0.89247,0.019469,-0.77641
-5.1224,5.1939,-1.304,-0.83798,-0.79517,-1.0028,-0.35741,-0.5739,-0.094158,-1.6538,-0.37359,-0.58538
-5.9352,4.4338,-2.0329,-0.13808,-0.81663,-1.1138,-0.91858,-1.6393,0.16852,-1.3655,-0.11411,-1.3129
-5.7456,3.8177,-2.5963,-0.40747,-1.1575,-1.2198,-0.21636,-0.89657,0.028598,-0.89671,0.68506,-1.0579
-6.5185,3.6772,-1.499,-0.2488,-0.17375,-1.2049,-0.54894,-0.86899,0.83061,-0.52641,0.27727,-0.70346
-6.5135,3.5718,-2.5543,-0.36615,-0.7672,-1.8088,-0.96341,-1.493,-0.3372,-1.9189,0.04503,-1.0756
-5.6071,4.1834,-1.9246,0.16893,-0.77977,-1.1075,-1.0417,-1.3962,0.5356,-0.92786,-0.081101,-0.52181
-6.304,3.7949,-1.7747,-0.86723,-0.85858,-0.90454,0.22126,-0.89218,-0.47855,-1.3726,-0.1341,-0.62869
-5.877,4.0278,-1.6203,-0.068254,-0.48827,-1.2364,-0.7784,-0.74949,0.2599,-1.5268,-0.08459,-0.85463
-5.1647,4.1155,-2.1248,-0.12126,0.22749,-1.43,-0.98396,-1.1244,-0.26415,-1.3716,0.27697,-0.63674
-6.137,3.3788,-2.7919,-0.61475,-0.30411,-1.8117,-1.1483,-1.1606,-0.63361,-1.1271,0.13942,-0.5712
-6.0591,3.5082,-2.8426,-1.259,-1.0861,-1.5743,-1.0087,-1.5692,-0.54285,-1.2654,0.29929,-1.1305
-5.9188,4.2825,-1.8734,-0.18376,-0.95539,-1.2679,-0.94268,-2.2084,-0.093883,-1.1534,-0.12964,-1.4241
-5.5591,4.4012,-1.7639,-0.7071,-1.6738,-2.0202,-0.81853,-1.1271,0.51788,-1.2235,-0.53315,-0.94993
-5.525,4.0556,-1.9857,-1.084,-0.19904,-1.256,-0.81831,-1.4576,-0.19271,-1.041,-0.12656,-0.50527
-6.2233,3.9312,-2.1698,-0.83217,-0.64448,-0.70942,-0.13975,-1.3518,-1.2437,-1.7631,-0.020822,-0.7661
-5.8972,3.4769,-2.5388,-0.43041,-0.28624,-0.49868,-0.74719,-1.6167,-0.02642,-1.5186,0.24817,-1.21
-5.8928,3.557,-2.8759,-0.26158,-0.40415,-0.58545,-0.89535,-1.7213,0.43591,-0.84934,0.46463,-0.68786
-6.7156,3.7344,-2.8072,-1.5508,-0.85561,-0.97864,-0.3458,-0.61651,0.64789,-0.96484,0.22437,-0.63238
-6.9229,3.2791,-2.6845,-1.4982,-1.9059,-1.9655,-1.5109,-1.23,0.56556,-1.2243,0.25209,-0.63307
-7.5744,3.3513,-3.2006,-2.305,-1.2546,-1.4378,-0.6813,-1.0942,0.2805,-0.64915,-0.25048,-1.4843
-7.6707,3.8199,-1.9017,-0.029694,-1.3064,-1.0755,-0.9745,-1.9519,0.2445,-1.5536,-0.37667,-1.0036
-6.7189,3.004,-3.7425,-1.152,-0.91579,-1.2272,-0.37008,-1.0543,0.57447,-1.2885,-0.020607,-1.0125
-6.7109,2.493,-2.8854,-0.43358,-0.095853,-0.39013,-0.87281,-1.7302,0.83417,-1.509,-0.072936,-0.81527
-6.9199,2.3233,-3.4441,-1.2315,-0.78787,-0.83095,-0.49436,-1.234,0.98732,-0.30261,0.34902,-1.0275
-7.2195,3.2774,-3.1119,-2.088,-1.1893,-0.13742,-0.70335,-1.1311,0.67049,-0.22396,1.1892,-0.14359
-7.1151,2.4078,-3.2729,-1.8925,-0.55292,-0.89733,-0.49597,-0.63352,0.64542,-0.59556,0.66914,-0.2177
-6.3225,1.9756,-2.8958,-1.4933,-0.91126,-1.572,-0.72912,-1.3863,0.2676,-0.91391,-0.096965,-1.2593
-5.6211,1.8394,-2.5666,-0.82804,-0.82424,-1.0439,-0.24108,-0.85189,-0.22461,-0.49945,-0.1502,-1.3276
-4.7341,2.3992,-3.2252,-1.1583,-1.6185,-1.815,-0.47078,-0.63758,0.57584,-0.98331,-0.20399,-1.1933
-1.3542,3.78,-2.0852,-0.077876,-0.18693,-1.2992,-0.050818,-0.91118,1.187,-0.21829,0.18884,-1.2658
2.2478,1.8225,-0.88741,-0.38893,-0.72211,-1.3048,-0.86392,-2.2051,1.4981,-0.16957,0.35557,-1.2665
3.9088,0.22683,-0.66954,-0.82097,-0.97889,-0.3903,-1.3417,-2.1098,1.4849,0.42109,0.054765,-1.0409
3.7089,-0.54462,-0.49503,-0.77487,-1.2876,-0.58068,-0.9201,-1.9946,1.7486,0.43199,0.14066,-1.4891
3.6456,-0.78147,-0.44214,-1.2618,-1.2481,-0.5341,-0.71769,-1.6123,1.5695,0.68761,0.013263,-1.7948
4.0321,-1.2443,-0.87221,-1.581,-0.72887,0.50425,-0.96876,-1.1612,1.1794,-0.073291,-0.77754,-2.0571
4.6507,-1.6489,-0.7556,-1.5201,-0.64148,0.62229,-1.2482,-1.1842,0.99646,-0.46453,-0.75519,-1.7763
5.4364,-2.0031,-0.5354,-2.141,-0.19387,0.63175,-1.5058,-1.2356,0.65257,-0.27401,-0.87107,-1.3807
5.0949,-1.8105,-0.88095,-1.8398,-0.086217,0.59883,-1.2331,-1.6553,1.0439,-0.98341,-0.32698,-1.7461
4.9887,-1.7475,-0.81756,-1.8462,0.14648,0.69513,-1.4341,-1.7793,0.96973,-1.1524,-0.15446,-1.661
4.5419,-1.2793,-0.98811,-1.7419,0.17157,0.62313,-1.5695,-1.8013,0.80093,-1.0816,-0.16034,-1.4601
4.045,-0.76835,-1.4414,-1.6048,0.38143,0.4728,-1.8007,-1.6667,0.63467,-0.78598,-0.4609,-0.95778
2.6865,0.085686,-1.5418,-1.5264,0.69165,0.29916,-1.4543,-1.7206,0.22443,-0.58094,-0.6496,-1.0569
2.5287,0.22848,-1.8748,-1.1654,0.5457,0.27165,-1.5201,-1.6558,0.27841,-0.65809,-0.65785,-0.8158
2.6615,0.021412,-1.6503,-1.4375,0.63751,0.060842,-1.3704,-1.5783,0.03668,-0.57215,-0.67086,-0.59224
2.3587,0.097326,-1.7224,-1.8076,1.0322,0.17896,-1.3233,-1.5746,-0.0041747,-0.54341,-0.71786,-0.82516
2.2405,0.34577,-2.0482,-1.6242,0.82327,-0.0081871,-1.1815,-1.643,0.10249,-0.3893,-0.67529,-0.71752
2.4933,-0.13777,-1.5505,-1.6655,0.53793,0.2334,-1.2719,-1.5998,-0.18895,-0.29099,-0.59594,-0.72911
2.6504,0.014424,-1.8893,-1.5161,0.51,-0.20636,-1.2594,-1.6304,0.29605,-0.35613,-0.67833,-0.74737
2.7508,-0.39294,-1.4683,-1.9156,0.64462,-0.53966,-1.0466,-1.5524,0.24265,0.21972,-0.8719,-0.61883
2.794,-0.33084,-1.5954,-1.9092,0.42407,-0.87132,-1.4822,-1.2951,0.33879,0.16715,-0.70948,-0.77202
3.0706,-0.49209,-1.3301,-2.2735,0.32618,-0.64294,-1.3454,-1.4745,0.16177,-0.11477,-0.76704,-0.5074
3.1212,0.23465,-2.0134,-1.65,-0.042057,-0.20601,-1.4934,-1.6023,0.53012,-0.41286,-0.67057,-0.41041
3.6271,0.2331,-1.5031,-1.4948,0.2934,-0.86012,-1.0087,-1.7566,0.48958,0.040655,-0.79345,-0.65418
3.263,-0.093051,-0.63804,-1.6669,0.17589,-0.72259,-1.0399,-1.2908,0.12431,-0.0074827,-0.82847,-0.50654
3.2506,0.10466,-0.44924,-1.5244,0.098208,-0.73245,-1.1041,-1.2963,0.28574,-0.14268,-1.1954,-0.40591
3.5162,0.25584,0.062741,-1.3252,-0.55633,-0.91272,-1.1661,-0.92877,0.60596,-0.35283,-1.2517,-0.47259
3.0061,-0.26167,0.38573,-1.4997,-0.21147,-1.4581,-0.82518,-0.61871,0.11484,-0.15265,-1.5793,-0.06765
2.6654,-0.34343,0.24157,-1.5414,-0.42679,-1.3311,-0.686,-0.65382,0.14048,-0.38511,-1.2383,-0.29211
2.6047,-0.43458,0.85935,-1.2026,-0.57015,-1.6093,-1.0033,-0.72582,-0.067015,0.33149,-1.043,-0.12828
2.8206,-0.66045,2.1834,-1.5355,-0.15632,-1.6851,-1.1036,-1.0652,-0.63782,0.82657,-0.48233,-0.51897
2.7543,-0.63164,2.2978,-1.4921,-0.54265,-1.2907,-0.70331,-1.1208,-1.0136,0.60981,-0.11113,-0.69826
2.9772,-0.84174,2.887,-1.4846,-0.69276,-0.888,-0.20104,-1.0739,-1.1874,-0.13388,0.3755,-1.1368
2.8921,-1.242,1.7344,-0.84362,0.68693,-0.85894,0.1414,-1.1,-1.8783,-0.13728,0.039422,-0.72691
2.5128,-0.96419,0.82863,-0.70934,0.97326,-0.94864,0.17539,-0.77486,-0.86668,0.65326,-0.23619,-0.055136
2.4372,-0.59161,0.89562,-1.7359,1.0647,-1.248,-0.44902,-1.4982,-1.0462,0.42903,0.22986,-0.0040368
2.8466,-1.0631,0.26903,-1.3714,1.1136,-1.9318,-0.88906,-1.6224,-0.68744,0.081067,-0.56623,-0.24741
2.6004,-1.3694,0.16012,-1.5443,0.75428,-2.4525,-1.1417,-1.6989,-1.1846,-0.24466,-0.96381,-0.54501
2.3986,-0.77132,0.35506,-2.1846,0.062611,-2.5201,-1.3291,-1.8224,-1.1016,-0.48976,-0.15225,-0.75415
2.6426,-0.19546,-0.016595,-2.1416,0.52123,-2.2214,-1.0961,-1.7572,-0.85473,-0.36292,-0.43497,-0.48871
2.9657,-0.81734,0.044324,-1.3238,-0.27194,-3.1015,-1.5459,-2.0084,-0.83804,-0.35675,0.053369,0.3806
4.0018,-0.18536,-0.20091,-1.9114,1.0458,-2.5827,-1.7832,-1.8196,-0.47876,-0.31504,-0.27858,-0.94257
3.6304,-0.26027,0.43424,-1.2465,-0.33237,-2.5941,-2.2153,-1.7627,0.12688,-0.30528,-0.93066,-0.63123
3.7814,-0.779,0.30359,-0.69054,-0.28405,-2.3469,-1.4318,-1.4869,-0.70409,-0.30896,-0.67874,-0.26112
3.5719,-0.047864,0.029631,-1.2981,0.6876,-1.9695,-1.0189,-1.7455,-0.91897,-0.17195,-0.34446,-0.15798
1.927,-1.2445,1.998,-2.7521,-0.14328,-0.28974,-1.5125,-1.1957,-0.23477,-0.50818,-0.56572,-0.49649
1.4665,-2.0368,2.3077,-2.5349,-0.13063,-0.31175,-1.4705,-1.1267,0.10891,0.12907,-0.75465,-0.86924
0.62738,-1.8147,1.7149,-2.3658,-0.10451,-0.73256,-1.7557,-1.1536,-0.37825,-0.37085,0.33888,-0.31501
1.2341,-1.5826,1.2131,-2.4118,0.71018,-0.37875,-1.1654,-1.1708,-0.22209,-0.11619,0.065632,0.12584
0.93777,-2.6499,1.1081,-2.3273,0.13743,-0.36827,-0.66125,-0.42639,0.0080094,0.11199,0.30271,0.059858
2.0831,-1.3027,0.6185,-1.9293,-0.16716,-1.1334,-0.7499,-0.64881,-0.39402,-0.34038,-0.056684,-0.07744
3.0277,-0.58178,0.88253,-1.6153,0.59575,-0.72027,-1.0488,-1.0165,-0.43,-1.1136,-0.70213,-0.44429
2.2406,-1.4311,0.50783,-0.82614,0.6204,-1.5263,-0.59939,-1.277,0.051317,-0.60095,-0.16028,-0.97192
2.3574,-1.9004,1.0019,-0.3276,0.0041072,-1.2531,-1.291,-0.73207,0.084891,-0.627,0.20443,-0.86971
1.543,-2.1237,0.17905,-1.1318,0.5347,-0.4924,-1.0426,-0.93466,-0.48491,-0.14958,-0.31541,-0.74624
2.1303,-2.0073,-0.50099,-1.6322,0.056391,-1.378,-1.081,-1.089,0.08369,-0.29197,-0.014128,-1.1227
2.0618,-2.4505,-0.24991,-1.3128,-0.45343,-1.2263,-0.94061,-0.13583,-0.78838,-0.63267,-0.09973,-1.3527
3.6422,-1.6275,-0.56495,-1.0378,0.048949,-1.6254,-0.61977,-0.68439,-0.23053,-0.81692,-0.35399,-0.87618
3.2738,-1.5733,-0.86331,-0.95074,0.32151,-1.1164,-0.80456,-0.87304,-0.51155,-0.71103,0.80373,-0.7497
2.5257,-2.2951,1.0027,-1.1961,-1.613,-0.65187,-0.64421,-1.4363,-0.33926,-0.40085,0.35192,-0.75248
3.7568,-1.2652,1.2211,-0.87138,-1.2098,-1.0196,-1.0029,-2.4996,-1.1125,-1.0227,0.4955,-0.93969
3.1408,-1.5101,0.30101,-0.055672,-2.2148,-0.34638,0.41671,-1.4787,-0.73069,-0.79831,-0.21441,-0.49753
5.2869,-0.14413,1.5043,0.62479,-1.8457,-0.91554,0.083631,-1.8436,-1.0697,-1.4988,-0.072124,-1.0065
3.9173,-0.81282,1.514,0.27657,-2.0335,-0.92539,0.32359,-1.0281,-0.6616,-1.4111,-0.02024,-0.69235
5.5717,0.46734,1.8072,0.85393,-2.1776,-1.4399,-0.10631,-1.1486,-0.90119,-1.2153,0.39906,-0.19292
5.6607,-0.37195,1.1232,0.89837,-2.1315,-1.1598,-0.043102,-0.87773,-0.81443,-0.95312,-0.17877,-0.42542
5.6478,-0.0060441,1.4225,0.75815,-1.6733,-1.5407,0.18146,-1.6004,-1.0864,-1.4968,0.19241,-0.64554
5.4709,1.0179,1.0161,1.1826,-1.453,-2.2596,-1.2144,-0.56833,-0.5526,-0.82677,-0.44367,-0.29587
7.0296,1.0282,1.4457,0.65262,-1.2477,-2.0319,-1.2974,-0.89097,-0.6046,-1.3494,-0.048531,-0.3802
6.4109,1.6003,0.99736,1.0367,-1.3717,-1.9295,-1.3753,-0.7139,-0.60556,-0.80442,0.11572,-0.11063
7.4047,1.039,0.73344,1.6962,-0.84774,-1.8164,-1.1826,-1.0372,-0.38385,-0.79115,0.10916,-0.49525
6.9244,0.42745,0.80405,1.4872,-0.55554,-2.0143,-1.4869,-0.43903,-0.36711,-0.76329,-0.10388,-0.16383
6.7216,-0.11638,1.4556,2.0981,-1.1815,-1.918,-1.1948,-1.3062,-0.071712,-1.0617,0.21471,-0.22206
5.8828,0.28201,1.1362,1.4963,-1.4333,-1.9136,-1.2256,-0.67456,-0.085605,-0.47229,0.11333,0.014458
7.2232,-0.72877,1.954,1.8331,-1.9046,-1.49,-1.3688,-0.99816,0.29716,-1.8707,0.19473,-0.19953
5.4289,-0.26592,2.5458,1.4883,-1.7141,-1.5559,-1.7609,-0.63333,0.015618,-1.0869,-0.14214,0.083975
5.2044,-1.0796,3.8222,1.3784,-2.4035,-1.1115,-1.5261,-0.6452,0.046763,-1.3808,0.016482,0.18801
4.5312,-1.6809,4.1167,1.0223,-2.2521,-0.7593,-1.2089,-1.0656,-0.39927,-0.97397,0.27086,0.046444
5.0047,-1.8524,5.0565,0.23567,-3.1221,-0.08417,-1.12,-1.0345,-0.057288,-1.2276,0.3915,-0.61742
4.701,-2.7231,5.3732,0.13165,-2.6674,0.128,-1.4981,-1.472,0.10686,-1.1928,0.68666,-0.56163
4.4047,-2.1403,6.2796,-0.67688,-2.8895,0.18784,-1.6674,-1.448,0.43553,-1.2843,0.67247,-0.72195
4.0799,-2.1525,6.1678,-0.93355,-2.6121,0.2564,-2.043,-1.3516,0.26478,-0.9709,0.63818,-0.78885
3.7031,-2.1082,5.9509,-1.7089,-1.6118,-0.2682,-2.088,-1.0369,-0.33599,-0.44437,0.26219,-0.3964
2.9446,-0.97668,5.5411,-1.8863,-1.227,-0.75231,-2.1017,-1.1366,-0.26522,-0.016201,0.32427,-0.52959
3.3794,-0.85216,5.1182,-1.8389,-1.1669,-0.82626,-2.2364,-1.1862,-0.16099,-0.31037,0.38012,0.18854
3.006,-0.31892,4.5872,-1.8244,-1.2325,-1.4904,-1.1415,-1.7083,-0.013162,-0.5069,0.6729,0.23519
2.7224,0.44853,4.3371,-1.5778,-1.5942,-1.4699,-1.5473,-1.4526,0.068241,-0.32199,-0.060766,0.31054
2.9495,-0.065124,3.9372,-1.7337,-1.0071,-1.8881,-0.86202,-1.6773,-0.018972,-1.0094,0.31859,0.20954
2.3001,0.50434,3.6359,0.11789,-1.1278,-1.5475,-1.5189,-2.294,-0.049695,-0.7116,0.72344,0.57089
1.8935,1.289,2.7032,0.049516,-1.1412,-1.5518,-0.77259,-1.9313,0.37652,-1.0177,0.086232,-0.28948
2.159,1.4575,2.0949,0.26336,-1.53,-1.5355,-0.23584,-0.95723,0.29852,-1.3152,-0.0075557,-0.5428
3.2603,0.56813,2.1901,0.80755,-1.1594,-1.3544,-0.47914,-1.5615,-0.35775,-1.122,0.83895,0.23825
2.9689,0.1705,2.2547,0.59094,-1.2855,-1.0566,-1.1002,-1.5655,-0.42377,-1.644,0.68978,-0.27568
3.5107,-0.26224,1.6922,0.40387,-0.69362,-0.70799,-0.8059,-1.2852,0.083868,-1.4453,0.91339,-0.76941
3.5351,0.38541,2.3872,-0.023808,-2.1756,-0.92721,-0.56613,-1.3603,-0.17389,-1.17,0.94474,-0.031124
2.7397,-0.78393,1.0664,0.012733,-2.8058,-1.6535,-0.83995,-1.329,-0.15083,-0.88478,0.80481,-0.092987
3.7606,-0.40297,1.4018,-0.6531,-3.2673,-1.4481,-1.3424,-2.2282,-0.3231,-1.6966,0.42972,-0.11223
3.0414,0.37663,1.2856,-0.25541,-2.7955,-1.3589,-1.3926,-2.0927,-0.40367,-1.1271,0.53746,0.36083
3.5993,0.44666,1.2072,-0.332,-2.9994,-2.2491,-0.98896,-1.4931,0.13159,-0.88549,0.77129,0.54002
4.4003,0.50813,0.78025,-0.98627,-2.6086,-1.9245,-0.85135,-1.717,-0.16002,-0.6194,0.12099,-0.13732
3.3764,1.2374,1.2834,-0.53057,-2.484,-2.1281,-0.9625,-1.7768,-0.60047,-1.3335,0.20634,-0.16219
3.6985,1.7834,0.40008,-0.67685,-2.7779,-1.9803,-1.3587,-1.6635,-0.41101,-1.1028,0.47984,-0.72533
3.2386,0.69319,0.60003,-0.39073,-2.5003,-1.31,-0.97202,-0.93357,-0.47143,-1.3486,0.53274,-0.097408
2.9161,0.69783,0.13093,-0.55228,-3.2277,-1.914,-1.3354,-1.6261,0.068019,-1.1241,0.27296,-0.98514
3.0527,1.1282,0.39979,0.23028,-2.9382,-2.1498,-1.4433,-1.1692,-0.97703,-1.1924,0.0085149,-0.67696
1.9749,2.4686,0.14567,1.6291,-2.7973,-1.4521,-2.6478,-0.96303,-1.177,-0.57497,0.039427,-0.39477
1.0564,3.5687,-0.97427,0.91458,-3.3411,-1.0074,-2.9279,-1.217,-0.75864,-1.1601,-0.16484,-0.85591
-0.19321,3.574,-1.0086,1.548,-3.1928,-0.81802,-1.9485,-1.3715,-0.74765,-0.62043,0.09205,-0.27635
-0.82713,4.2779,-1.7315,1.1766,-2.0243,-1.1859,-2.1136,-1.1693,0.044475,-0.64362,0.49003,-0.36281
-0.83343,4.7296,-2.2187,1.6277,-1.644,-0.86925,-1.8365,-1.5403,0.15163,-1.0682,0.27575,-0.9397
-2.9383,6.1956,-2.4255,0.96205,-1.9132,-0.98013,-1.1332,-1.5801,0.08377,-0.71517,-0.12409,-0.66484
-3.7032,5.4473,-2.5611,-0.093064,-1.1356,-1.876,-0.87916,-1.5944,-0.20278,-0.74024,-0.15466,-0.66227
-3.4196,5.7488,-2.4406,-0.14115,-1.6326,-1.3175,-0.91862,-1.634,-0.32671,-0.55275,-0.20306,-0.31719
-3.0465,5.873,-3.0423,-0.02568,-1.5268,-1.487,-0.78932,-1.3113,-0.35573,-1.1331,0.39333,-0.54718
-2.5709,5.6551,-1.7129,0.125,-0.97703,-2.0477,-0.84658,-1.3885,-0.30659,-0.92641,0.12684,-0.64229
-2.1448,5.1877,-2.7044,-0.59361,-1.3531,-2.6832,-0.80651,-2.0674,0.046419,-0.27266,0.36592,-0.51365
-1.253,4.19,-2.4441,-0.29208,-2.1281,-2.3743,-0.49982,-1.7524,-0.29799,-1.1768,0.40953,-0.84853
-0.67037,4.0585,-1.0148,0.28845,-1.2013,-1.822,-1.1786,-2.6631,-0.52235,-1.1928,-0.11095,-1.192
-0.09346,1.487,-1.2067,0.20605,-0.94789,-0.91218,-0.81332,-1.9815,-0.77352,-1.6877,-0.20531,-1.5663
0.021241,0.84271,-1.3252,-1.2708,-1.6429,-0.73369,-0.4817,-2.0591,-1.0628,-1.5245,0.40036,-0.58397
-0.10496,-0.50647,-1.4013,-0.045762,-0.62949,0.56983,0.41614,-0.98711,0.074998,-0.9487,-0.054173,-1.0879
0.93963,-0.24376,-1.6709,-1.3954,-1.728,-1.1197,-0.21393,-0.87557,-0.79374,-0.35927,0.17181,-0.3838
2.602,0.29664,0.37033,-0.29385,-1.494,-1.3375,-0.63675,-1.4189,-1.5043,-0.63035,-0.085141,-0.29453
2.5026,-0.45313,-0.20609,-0.29402,-1.3812,-1.8266,-0.97093,-1.2036,-1.0728,-0.77503,0.039704,-0.2397
4.075,1.7358,-0.43346,0.10736,-0.37427,-0.98682,-1.1489,-1.696,-0.81081,-1.2014,0.37665,-0.70223
2.9975,0.11601,-0.59978,-0.32581,-0.17636,-0.92084,-0.77637,-1.1777,-1.1779,-0.80623,0.30296,-0.16881
5.402,2.682,0.84933,-0.21666,-0.86101,-1.5903,-0.24949,-1.2807,-0.79994,-0.556,0.82487,-0.375
2.9096,3.2381,-0.46324,0.80072,-1.6505,-0.99439,-0.75816,-0.44237,-0.47531,-1.0312,0.59753,-0.42814
3.6619,5.3533,-0.19918,0.71365,-1.9562,-1.9955,-0.42164,-1.6449,0.16462,-0.88859,0.86437,-0.89328
3.0084,5.3578,-0.3292,1.1126,-1.6216,-1.1017,-0.45244,-2.0326,0.34883,-1.1008,1.0542,-1.2375
1.3282,6.0002,-1.44,1.1194,-1.1132,-1.6706,-0.21669,-1.8864,0.89321,-0.74883,0.43635,-0.76796
-0.016153,5.9581,-1.3033,1.4372,-1.0227,-1.4117,-0.77065,-2.5067,0.55884,-0.23005,1.4594,-0.6576
-1.2494,5.4871,-1.9397,0.87778,-1.6238,-1.2132,0.22635,-1.3034,0.53162,0.084103,0.7147,-0.48579
-1.4112,6.5232,-1.842,0.82926,-0.70274,-0.92185,0.16414,-2.2851,-0.34025,-1.0426,-0.11465,-0.49285
-1.0004,7.3015,-1.2659,1.1024,-0.77527,-1.9697,-0.70231,-0.99741,0.056935,-1.2291,-0.0015154,-0.67161
-1.1488,6.6589,-1.8757,0.9859,-0.17012,-1.8504,-0.63329,-0.90512,-0.028172,-0.77481,-0.25901,-0.70305
-1.1751,6.3664,-1.5078,0.47627,-0.26006,-1.7947,-0.53271,-0.9049,0.059364,-0.59738,0.16447,-0.70732
-2.1386,5.9159,-2.1675,-0.31418,0.22404,-1.5835,-0.19588,-1.2343,-0.12118,-0.60496,0.26735,-0.46559
-1.9083,5.2554,-1.185,0.040205,-0.0055667,-2.0533,-0.071216,-0.99318,0.65176,-0.58626,0.3389,-1.2394
-1.2421,3.1365,-0.62383,1.1102,-0.59814,-2.5135,0.29429,-0.19363,0.20512,-0.72841,0.079211,-0.61817
-1.2522,0.76616,-0.067328,1.1394,-0.24888,-2.6496,-0.61239,-1.171,0.25103,-0.72401,0.98429,0.24253
0.053727,0.58813,1.1057,-0.13659,-1.0118,-1.6609,-0.38945,-1.1446,-0.10398,-1.1675,0.62455,0.36244
0.89126,-0.049078,1.2638,0.21387,-0.95498,-2.0319,-0.75046,-1.3327,0.22277,-0.77062,0.53117,-0.05213
1.2388,0.075415,2.0372,0.35362,-0.62428,-2.0341,-0.84611,-1.2261,-0.43083,-0.37057,-0.31666,0.048734
1.9962,0.039965,2.1183,-0.50743,-1.073,-1.9989,-0.91422,-1.0746,0.58885,-0.16546,-0.69417,-0.44173
2.1428,-0.39808,1.7468,-0.15171,-1.0703,-1.9521,-0.83237,-1.2843,0.0074367,-0.18139,-0.33972,0.076363
2.3736,-0.90965,1.5119,-1.1922,-0.86451,-1.7274,-0.93657,-0.83567,0.019958,-0.26293,-0.34978,0.13672
2.7523,-1.1037,1.4881,-1.0359,-0.82636,-1.9397,-0.99705,-0.36306,-0.019102,-0.16024,-0.50326,0.069163
2.8045,-1.1904,1.7884,-1.187,-1.0518,-1.7354,-0.74928,-0.26854,-0.057539,0.13928,-0.4212,0.32373
3.0266,-1.2512,2.5674,-1.5255,-1.3541,-1.5188,-0.69221,-0.35063,-0.014271,0.16362,-0.67374,0.43771
2.8209,-1.5029,2.9504,-1.146,-1.44,-1.6351,-1.1797,-0.028682,0.35842,-0.024636,-0.25915,0.30519
3.7108,-2.2318,2.8824,-1.0938,-1.1126,-1.8053,-1.6139,0.10487,0.71258,-0.042374,-0.31928,-0.17617
4.2376,-2.2702,2.4496,-1.8297,-0.62623,-1.5679,-1.3641,-0.11636,0.8641,-0.12552,-0.40342,-0.39454
5.1475,-2.5045,2.0671,-1.8718,-0.56611,-0.91668,-1.9076,-0.6223,0.79744,0.49849,-0.32998,-0.72252
5.4339,-2.5653,1.846,-1.7737,-0.89022,-0.042957,-2.0331,-0.88501,0.38972,0.32302,0.15811,-0.67858
5.9798,-2.3145,1.2832,-2.5163,-0.56886,0.7358,-1.4585,-1.453,0.28598,0.34185,0.49917,-0.97425
5.5086,-2.3077,1.1124,-2.3335,-0.33379,-0.18406,-1.4529,-0.22359,0.12977,0.082051,0.28536,-0.44622
5.4438,-2.2057,0.59397,-2.2108,-0.43011,0.080763,-1.1479,-0.43213,0.14171,-0.18268,0.26482,-0.37187
5.8618,-1.7234,0.84659,-2.1788,-0.73319,-0.044694,-1.1624,-0.55266,-0.6107,-0.12215,0.91849,-0.019452
6.6885,-1.5989,0.60726,-2.9382,-0.96998,0.41041,-0.9161,-0.019649,-0.47804,-1.3093,1.0016,-0.096955
6.6044,-1.371,0.46757,-2.4233,-1.608,0.018316,-0.90483,-0.47689,0.11873,-0.9119,-0.026309,-0.093743
6.4604,-1.2039,0.57823,-2.2738,-1.202,-1.0235,-0.6513,0.75686,0.028642,-1.7725,-0.49922,-0.10844
6.6479,-1.1541,0.31387,-2.0545,-0.95843,-1.0735,-0.57185,0.34253,-0.23356,-1.2518,0.46496,-0.20264
7.7182,-1.0894,0.080912,-2.7337,-1.5199,-0.98193,-0.38684,0.17997,-0.67504,-1.0687,0.6019,-0.34419
7.589,-1.0919,0.052838,-2.3195,-2.3937,-0.064473,-0.65391,0.050159,-0.1801,-1.1136,0.14169,-0.072077
7.4486,-1.5278,0.059645,-1.8728,-1.8329,-0.32015,-0.58065,0.10659,-0.35657,-0.94784,0.30457,-0.26454
7.1131,-0.87989,-0.25825,-2.0397,-1.3417,-0.24966,-0.54093,0.22042,-0.018557,-0.74069,0.40889,0.23375
8.0094,-0.084729,0.33171,-2.3498,-2.2488,-0.38923,-0.26863,-0.60825,0.046983,-1.3005,0.43872,-0.049054
7.84,0.39711,-0.093999,-2.4562,-2.3837,0.066091,-0.13787,-0.63492,-0.026169,-1.6017,0.089885,-0.064732
8.2715,-0.90779,0.2892,-2.6013,-1.7171,-0.21386,0.071514,-0.097908,-0.73799,-1.7221,0.31724,-0.19116
7.9364,-0.23317,-0.16519,-1.8411,-2.0858,-0.63582,0.034713,-0.21301,-0.039669,-1.5854,0.44218,-0.18727
8.6471,0.89475,-0.23648,-2.5497,-1.622,-0.30268,-0.4097,-0.25253,0.035809,-1.8004,0.49629,-0.20564
8.2636,1.3903,-0.34887,-2.3591,-1.4355,-0.1439,-0.96697,-0.58716,-0.22698,-1.4141,0.014569,-0.28052
8.275,0.57732,-0.91445,-1.6693,-1.1059,-0.21524,-0.010856,-0.65524,-0.090758,-1.2911,-0.0628,-0.29105
8.3104,1.4525,-0.79965,-2.0669,-1.9915,-0.10659,0.28383,-0.76606,-0.2555,-1.3841,0.34746,0.025779
8.701,1.8143,-0.95302,-2.0674,-2.0538,-0.8709,-0.20944,-1.0171,-1.0013,-1.3281,-0.21316,-0.51993
6.2196,1.2884,-0.92545,-1.2588,-1.7202,-0.87521,-0.50918,-0.69226,-0.96492,-1.4144,-0.14303,-0.12745
6.6439,1.4348,-1.198,-0.84953,-1.0403,-0.19524,-0.14175,-0.060011,0.23531,-1.437,-0.12538,-0.77944
6.9309,2.359,0.31243,-0.55794,-1.4106,-0.81259,-0.58771,-0.41207,-0.4313,-1.0886,0.27498,-0.39012
8.0276,2.5863,-1.0892,-1.5116,-1.4845,-0.5052,-0.1982,-0.46584,-0.42474,-1.5464,-0.46359,-0.70225
5.6074,1.6548,-1.3198,-1.4165,-1.7543,-0.83338,-0.35338,-0.48184,-0.27794,-0.39983,0.78082,0.44493
4.9431,1.0526,-1.0927,-0.73916,-1.4155,-0.60248,-0.32446,0.10748,0.35251,-2.1145,-0.68091,-1.4335
4.629,1.3856,-0.89434,-0.83322,-2.1131,-1.3204,-1.0973,-0.93871,-0.45736,-1.3964,-0.18226,-0.75954
5.37,0.85822,-1.9513,-1.3076,-2.4048,-1.3707,-1.0074,-0.83688,-0.74969,-1.6242,0.53534,-0.86351
3.7279,0.59906,-1.7439,-0.74688,-1.652,-1.1438,-0.69559,-0.5972,-0.14028,-0.42605,0.77074,0.068773
5.3027,2.2517,-0.97602,-0.58506,-2.1847,-1.4293,-0.6331,-0.84414,-0.546,-1.8205,0.4235,-0.17393
5.1236,1.6711,-1.5418,-0.31553,-2.2255,-0.9449,-1.0249,-0.48593,-0.11792,-1.6166,0.43578,-0.35327
5.2447,1.6733,-1.8183,-1.1544,-2.3738,-0.72042,-0.00013697,-0.65267,-0.1671,-1.4564,-0.028316,-0.41807
5.4526,2.1084,-1.1656,-0.90296,-2.271,-1.0533,-0.45198,-1.1598,-0.67608,-1.1957,0.87326,-0.24667
5.3205,2.3087,-1.2519,-0.62284,-2.043,-0.83776,-0.62093,-0.92526,-1.0122,-2.2471,-0.25525,-0.37854
4.854,2.0861,-1.4661,-0.43201,-2.2359,-1.3301,-0.10676,-0.62657,-0.57133,-2.1427,-0.33566,-1.1497
5.2834,1.7265,-1.2846,-0.65738,-1.8644,-0.43682,-0.45464,-0.86964,-0.4871,-1.6898,0.19306,-1.0837
3.9624,1.9345,-1.1851,-0.31896,-1.5757,-0.95363,-0.19768,-0.96656,-0.66922,-1.8807,0.1146,-0.64819
4.3032,2.5377,-0.44803,-0.75745,-1.5339,-0.28136,-0.24553,-1.3962,-0.25034,-1.4118,-0.2003,-0.95438
4.0669,1.6954,-0.35728,0.34914,-1.4873,-0.83629,-0.6809,-0.68488,-0.56221,-1.816,0.07582,-0.47568
1.7466,1.7906,-0.13964,0.23732,-0.41853,0.038479,-1.4554,-0.31668,-0.51434,-0.90196,-0.21423,-0.35144
2.89,1.8914,-0.41576,-0.1101,-0.68982,-0.2524,-2.0938,-0.53341,-0.47725,-0.44881,-0.1714,-0.014705
