-0.75428,1.4918,-0.85516,0.83073,-0.88823,0.11571,-0.67212,-0.35315,-0.18941,-0.49002,0.36954,-0.42302
-0.89042,1.8925,-1.0437,0.97242,-1.0109,0.11159,-0.56017,-0.37332,0.11419,-0.58511,0.59199,-0.73188
-0.81699,1.3094,-0.76691,0.88204,-0.64273,0.34032,-0.43098,-0.15318,-0.15934,-0.48588,0.10948,-0.61401
-1.4037,2,-1.2259,1.3676,-0.8586,0.58281,-0.35142,-0.13656,0.16137,-0.65905,0.53834,-0.9241
-0.46485,2.4494,-1.4167,0.85309,-1.4223,0.24445,-0.44833,-0.097596,0.15796,-0.71984,0.36609,-0.99485
-1.94,1.8231,-1.5739,1.25,-0.93863,0.52996,-0.21751,-0.12178,0.37765,-0.55963,0.70274,-0.72918
-1.4567,2.7826,-1.2548,1.8534,-0.86117,0.71825,-0.32979,-0.23883,0.21731,-0.79472,0.62002,-0.95074
1.806,2.8837,-0.004114,1.0673,-0.56444,-0.017437,-0.4913,-0.40619,0.10132,-0.32098,0.68728,-0.23591
4.863,6.9444,1.0856,1.2942,-1.17,-1.2776,-0.97768,-1.2243,-0.31178,-0.42181,0.32524,-1.0458
3.6804,5.7245,1.3466,0.67486,-1.0889,-1.6252,-1.5152,-1.2972,-0.4015,-0.26136,0.24903,-1.1909
2.3143,7.1009,0.26556,1.178,-0.80055,-2.8143,-1.4507,-1.2857,0.19679,0.025183,-0.84635,-0.7808
0.60718,7.6384,-0.083916,1.2561,-0.94314,-2.8131,-1.4477,-1.3223,0.6098,0.086556,-1.1542,0.075233
-1.4211,6.2275,0.81305,0.43966,-0.5443,-2.3714,-2.1319,-0.85337,0.91712,-0.4052,-1.033,-0.3613
-0.017265,6.1482,0.33969,0.79859,-1.0388,-2.3902,-1.0957,-0.86346,0.24067,-0.36879,-0.35977,-0.62556
-0.14984,6.7159,0.70023,1.0614,-1.6619,-2.9553,-1.3088,-0.31178,0.52237,0.054595,-0.84762,-0.52495
-0.65723,5.9669,0.33419,0.8107,-1.1683,-2.0894,-1.402,-0.14097,0.53409,0.2995,-0.96727,0.15359
-1.9036,5.9992,0.01234,1.3916,-0.81121,-2.0235,-1.7661,-0.080681,1.3291,-0.077923,-0.74305,-0.16135
-2.3053,6.5253,0.028119,0.85743,-0.95047,-1.6737,-0.7991,-1.1219,1.1696,-0.27603,-0.52752,-0.094004
-1.6831,6.9448,0.29775,0.80279,-0.59985,-2.0528,-1.2681,-0.5419,0.74238,0.03994,-0.8542,-0.63732
-1.8022,6.2368,0.12307,0.76742,-0.77592,-1.7752,-1.2496,-0.80886,1.4065,0.042332,-0.63559,-0.25401
-2.0533,6.5203,0.31253,1.4624,-1.0783,-2.1841,-1.5378,-0.37011,1.5003,0.25943,-1.0704,-0.19795
-1.1368,6.2889,-0.23308,0.54269,-0.62983,-2.108,-0.69507,-0.90632,0.80346,-0.29493,-0.59718,-0.36914
-0.92859,4.8452,-0.40314,0.67612,-0.71453,-1.8976,-0.36212,-0.96914,0.50902,-0.77094,-0.37903,-0.62812
-0.29819,4.1711,0.24208,0.4116,-0.7114,-1.905,-0.54175,-0.6892,0.37573,-0.3572,-0.4909,-0.51264
0.4941,3.1348,1.0157,0.38989,-0.74944,-2.6591,-0.8596,-1.3909,0.33449,0.11221,-0.88552,0.018801
1.0391,1.9838,1.7955,0.6063,-0.68899,-2.6575,-1.1469,-1.6805,0.6871,-0.51244,-0.71535,0.10624
2.3842,0.56351,2.5019,0.016742,-1.0841,-2.2375,-1.2791,-1.2646,0.71608,-0.51521,-0.41976,-0.16096
2.3717,0.13319,2.3923,-0.13529,-1.4037,-2.2434,-1.0112,-1.2855,0.95478,-0.59993,-0.56015,-0.039436
3.3024,-0.67938,2.7352,-0.59777,-1.6442,-1.904,-1.4012,-0.77575,0.44318,-0.46497,-0.72668,-0.0039169
3.5113,-1.3205,2.996,-0.95597,-1.5134,-2.0821,-1.4466,-0.43163,0.36763,-0.32232,-0.42658,0.12561
3.6941,-1.52,3.2467,-1.1117,-1.7086,-1.9907,-1.5587,-0.12959,0.14231,-0.22093,-0.46863,0.046036
3.4565,-1.5709,3.2314,-1.285,-1.5751,-2.0223,-1.4271,-0.22771,0.14349,-0.36952,-0.45454,0.026054
3.2522,-1.6939,3.2498,-1.5519,-1.6253,-1.8974,-1.3805,0.057958,0.11222,-0.45505,-0.50027,-0.0060567
2.745,-1.5773,3.1129,-1.4225,-1.8452,-1.8562,-1.3276,0.1093,0.13134,-0.4097,-0.54041,-0.09206
2.8454,-1.6994,3.1817,-1.4712,-1.7924,-1.6754,-1.5779,0.15801,0.28881,-0.27706,-0.44886,-0.44225
3.125,-1.9135,3.0143,-1.5701,-1.6004,-1.522,-1.6002,0.037133,0.54572,-0.33566,-0.51987,-0.51451
4.5267,-2.4039,3.1039,-1.6863,-1.3828,-1.1744,-1.8652,0.028808,0.76083,-0.28465,-0.75502,-0.68196
5.7725,-2.0945,2.0959,-0.67181,-1.7957,-0.30848,-2.0806,-0.22845,0.84096,-0.40298,-0.25805,-1.1401
6.5284,-1.37,1.5017,-0.76184,-1.2628,-0.58663,-1.7921,-0.91973,1.0964,-0.30346,-0.64776,-0.52444
6.4477,-1.1284,1.7564,-1.0431,-0.62185,-0.39309,-1.5464,-1.0475,0.47248,0.12048,-0.26036,-0.89793
4.6155,0.32382,1.8737,-0.94906,-0.19591,-0.59897,-1.9214,-0.0028983,-0.044857,-0.46326,0.075841,-0.76751
3.8387,0.25412,1.2679,-0.34121,0.28108,-0.78466,-1.3705,-0.54369,-0.19543,0.15102,-1.1857,-0.32336
3.5119,-0.13493,1.6512,-0.81281,-0.4738,-0.97921,-0.91976,-0.032625,-0.69364,-0.50167,-1.0315,0.25575
3.5766,0.23307,0.5086,-0.65305,-0.50068,-1.2473,-0.9702,-0.4695,-0.86474,-0.45597,-0.50615,0.44519
4.3573,-0.078014,0.68602,-0.62795,-0.6809,-0.23874,-1.466,-0.48062,-1.1846,-0.63286,-0.98489,0.58483
5.0729,0.069313,0.72798,-1.1143,-1.0883,-0.45892,-1.1565,0.21129,-1.152,-0.091944,-1.0555,0.51872
6.098,-0.080561,0.99512,-2.1963,-1.0876,0.2903,-0.8888,-0.66934,-0.35164,-0.26564,-0.76118,0.37442
6.7612,0.38873,1.1993,-2.8876,-1.2291,0.43006,-0.77134,-0.84702,-0.32301,-0.32799,-0.49753,-0.063894
7.4483,-0.57043,1.691,-2.8071,-1.8041,0.73947,-0.83151,-0.6963,0.087543,-0.80187,-0.5697,-0.028558
7.0809,-0.078515,1.5355,-2.972,-1.801,0.31663,-0.53837,-0.69772,0.32943,-1.1163,-0.63205,0.32914
7.5625,-0.45423,1.6222,-2.8811,-2.2115,0.66873,-0.68557,-0.82668,0.70493,-1.3983,-0.34938,-0.064896
7.7373,-0.25242,1.5169,-3.1142,-2.4122,1.0676,-0.72885,-0.84612,0.74379,-1.3106,0.0018765,-0.44669
7.6367,-0.13864,1.2787,-2.7726,-2.7196,1.2172,-0.79188,-0.92767,1.0205,-1.594,-0.1236,-0.55475
7.8354,-0.35017,1.464,-3.1432,-2.5639,1.3398,-0.66984,-1.1243,0.8108,-1.6153,0.095636,-0.53389
7.2669,0.055965,1.1545,-3.0129,-2.7256,1.4833,-1.0732,-0.70498,0.66773,-1.3893,-0.14887,-0.31697
7.843,-0.24276,1.0436,-3.0473,-2.7419,1.3877,-0.82004,-1.0045,1.0582,-1.5949,0.0086997,-0.043352
7.5498,-0.036164,1.1176,-2.7247,-3.2506,1.4042,-0.40898,-1.0486,1.0901,-1.8775,0.37123,-0.35234
7.9985,0.0088443,1.2507,-3.4386,-2.7377,1.9085,-0.8446,-0.97882,0.91169,-1.4048,0.2585,-0.51813
7.387,0.066522,1.0594,-3.2182,-2.6538,1.6635,-0.80492,-0.83934,1.0826,-1.4723,0.4634,-0.54965
6.8416,0.47409,0.89044,-3.3386,-2.7795,1.7542,-0.59629,-0.66875,0.87872,-1.0532,0.28581,0.0075585
7.5723,0.0059957,1.12,-3.4955,-2.579,1.8854,-0.80857,-0.98549,1.3837,-1.1737,0.38364,-0.49042
7.2406,0.41589,1.2871,-3.3152,-2.6575,1.5683,-0.57552,-0.79229,1.0207,-1.095,-0.30365,0.020753
7.1017,0.76056,1.1944,-3.3989,-2.6318,1.6615,-0.77933,-1.1717,0.68369,-0.76748,-0.32379,-0.15621
6.5996,0.91678,1.2786,-3.0927,-2.6059,1.022,-1.2119,-0.72503,0.74918,-0.84279,-0.45793,0.1318
7.2612,0.63607,1.0746,-2.8666,-2.8406,1.1192,-1.1547,-0.97787,0.66921,-0.88902,-0.36492,-0.20525
8.8335,0.51663,0.57264,-3.2591,-2.5863,1.5521,-1.4226,-1.0364,0.81856,-1.5062,-0.48483,-0.14715
8.6144,1.3971,0.13697,-3.2241,-2.8634,1.6133,-0.90039,-1.3087,0.098964,-0.93698,-0.3944,0.086505
9.323,0.89773,0.20111,-3.0595,-2.9459,1.3486,-1.2016,-0.56694,0.60606,-0.99594,-0.62442,-0.26036
7.2382,1.0975,-0.19946,-3.0847,-2.1454,0.84703,-0.77767,-0.93051,0.0592,-0.46252,-0.27687,0.414
7.0214,1.2171,-0.10794,-3.0425,-2.0721,1.1417,-0.25608,-0.64173,-0.25612,-1.2988,-0.75253,0.50129
8.8678,0.88925,-0.18771,-3.2268,-2.4375,1.2583,-0.34345,-0.19633,-0.033895,-0.92623,-0.24868,0.2514
7.389,0.53989,1.1541,-3.6351,-1.7956,1.4188,-0.71706,-0.46909,-0.57289,-1.1069,-0.092825,0.53803
8.5927,0.73077,0.30199,-2.7107,-1.7605,0.98046,-1.3741,-0.95503,-1.1269,-2.031,-0.68865,0.38254
7.665,0.076543,-1.0532,-3.9037,-2.7959,0.3532,-1.7337,-1.5896,-0.71215,-1.1191,-0.3267,0.46887
8.594,0.80073,-0.087683,-2.8069,-2.6074,0.70723,-1.6712,-2.0092,-0.87633,-0.81019,-0.9008,0.036198
8.9374,1.7713,-0.18514,-1.8884,-2.0553,0.6758,-0.98345,-1.6946,-1.0498,-1.5369,-0.69337,0.013993
8.5543,1.9732,-0.20567,-2.4253,-2.5509,0.72467,-1.0123,-1.4096,-1.2161,-1.6225,-0.6022,0.27442
8.7038,1.8173,0.31376,-1.9347,-2.6212,0.43887,-1.2555,-1.0903,-0.73031,-1.376,-0.59964,0.046414
8.2512,2.6957,-0.063803,-1.9702,-2.4566,0.086935,-0.90433,-0.87967,-0.72548,-1.4274,-0.67771,0.33016
8.9422,2.5824,-0.88679,-2.1231,-2.0615,0.31065,-0.24755,-0.21292,-0.95825,-2.0519,-0.39516,0.48514
8.8181,2.716,-1.0156,-1.4199,-1.7669,-0.34377,-0.17089,-0.47717,-0.57631,-1.8778,-0.74902,0.27947
8.1846,3.603,-0.95352,-1.3428,-2.01,-0.39712,-0.33578,-0.39064,-0.79357,-1.5369,-0.54123,0.713
7.4647,3.9959,-1.4081,-1.2061,-2.079,-0.50544,-0.47277,-0.24391,-0.78904,-1.6336,0.51335,0.51663
7.0814,4.0248,-1.7016,-0.96775,-1.8408,-0.35259,-0.38426,-0.30713,-0.87947,-1.8451,0.24985,0.0092898
6.284,3.8748,-2.053,-0.32775,-2.7316,-0.0034774,-0.5718,-1.504,-0.67818,-1.7189,0.99051,-0.65744
5.6399,3.5994,-2.2492,-1.7158,-2.888,-0.96732,-1.067,-1.0662,-0.67067,-1.9772,-0.13773,-1.1993
6.0731,4.0173,-3.0294,-1.3822,-2.2481,-0.13297,-0.40589,-0.8151,-0.32859,-1.6407,0.063017,-0.98871
6.335,4.4732,-3.0456,-1.2232,-2.7118,0.011902,-0.11827,-0.55519,-0.34583,-1.7752,0.41235,-1.0137
6.116,4.1869,-3.3383,-1.3166,-2.9724,-0.078177,-0.13831,-0.96762,-0.30103,-2.6413,-0.032797,-0.70863
5.2842,4.3566,-2.442,-1.6626,-3.2912,-0.39354,-0.18498,-0.97301,-0.35714,-2.4025,0.69707,0.13682
4.3719,5.3241,-2.6417,-1.6512,-2.4419,-0.5128,-0.31082,-1.5446,-0.50729,-1.4237,0.13071,-0.45143
3.9074,4.3769,-2.6465,-0.31373,-2.7159,-0.84072,-0.8878,-1.4838,0.083221,-1.6637,0.6889,0.39755
3.478,4.2732,-3.7041,-0.98198,-2.6121,-0.13051,-0.13544,-0.92151,0.45679,-1.0006,0.62962,-0.23419
3.7253,4.3129,-3.2232,-0.87652,-2.7087,0.13209,-0.17785,-0.51445,0.36182,-1.3115,0.34656,-0.18326
2.7574,3.4314,-2.9483,-0.41837,-2.1367,-0.19293,-0.27675,-0.14753,0.8797,-1.2217,0.58078,-0.89057
3.8139,3.4248,-3.2909,-1.1587,-2.2009,-0.89173,-0.55555,-1.2137,0.28884,-1.1636,0.27946,-1.089
3.6534,3.123,-2.6037,-0.39277,-3.0837,-0.59385,-0.83382,-1.4871,-0.27068,-2.2166,0.0229,-1.1571
6.2802,3.5424,-3.3346,0.18946,-1.5819,-1.0739,-1.5788,-0.94265,0.18109,-1.4447,0.25994,-1.5805
5.7511,3.203,-3.1631,0.97874,-1.0148,-0.72663,-0.65772,-1.8202,0.20721,-1.342,0.58427,-1.5895
5.7182,2.9893,-2.9472,0.32235,-1.4361,-0.60133,-0.94854,-1.4929,0.22255,-0.71482,0.16127,-1.4169
5.8164,4.0884,-2.5685,1.1841,-0.78301,-0.23261,-0.60344,-0.86199,-0.053037,-0.93566,0.23324,-1.7896
5.1823,3.1658,-1.5489,0.61304,-1.6857,-0.1969,-1.3648,-0.86921,0.18078,-0.8257,0.38424,-1.4575
5.7163,3.9064,-1.8954,0.6299,-0.78179,0.13592,-0.69736,-1.3167,-0.25829,-1.2553,0.16871,-1.5813
5.3923,3.6671,-2.1804,0.30178,-0.60942,0.31607,-0.34138,-0.53478,0.2411,-1.271,-0.15345,-1.3543
6.0714,4.2476,-2.7778,-0.46009,-1.509,-0.1812,-0.22866,-1.2148,-0.55758,-1.5173,0.39677,-0.78306
5.8214,3.967,-2.4569,-0.57227,-1.7006,-0.50949,-0.3508,-1.4613,-0.93296,-1.4236,0.30634,-1.033
6.033,3.7949,-2.2504,-0.50156,-1.3991,-0.8488,-0.9058,-1.5996,-0.77684,-1.047,0.19999,-1.1306
6.3811,3.2078,-1.763,0.074081,-0.60552,-0.59839,-1.3724,-1.234,0.13854,-0.40543,0.34795,-1.1588
5.7743,3.8456,-1.491,-0.90991,-0.43565,-0.22435,-0.80787,-1.9106,-0.5276,-0.62778,-0.20549,-0.22375
5.5495,3.0433,-1.6813,0.048699,0.3429,-0.2952,-1.0605,-1.5252,-0.22304,-0.52444,-0.48983,-1.0816
5.9208,3.2689,-0.7931,0.14424,-0.24698,-0.26757,-0.41792,-1.3171,-0.22652,-0.28412,-0.35501,-0.61269
5.778,2.6637,-0.66572,-0.43026,-0.93369,-0.89892,-1.2646,-1.8792,-1.0846,0.49045,0.26384,-0.37596
5.5918,2.2442,-0.22034,-0.88173,-1.7437,-1.2781,-0.98363,-0.57762,-0.53738,-0.058252,0.056255,0.039052
5.1422,3.1352,0.10368,-0.62533,-1.1059,-0.90655,-0.7572,-0.32106,0.1099,0.0030972,0.21204,-0.51095
4.7584,2.1454,-0.8737,-0.84216,-1.2499,-1.2897,-0.29074,0.17583,0.2129,-0.53337,-0.78508,-0.18339
6.7535,-2.7558,-0.86047,-1.8245,0.55554,0.26857,-0.93321,-1.1656,-0.16415,-0.64339,-0.31874,-1.2438
6.5224,-2.1146,-1.3776,-0.91564,1.2976,0.02626,-0.87266,-1.257,0.31073,-1.4801,1.3531,-1.7721
6.6954,-1.9465,-2.1377,-2.0707,1.0786,0.41043,-0.35935,-1.7257,0.95795,-1.4015,0.74804,-1.8932
4.9033,-1.6333,-1.4678,-2.7591,0.95198,-0.49407,-0.13022,-2.2246,0.92241,-1.0564,0.79155,-1.719
4.639,-1.7156,-2.4584,-2.0157,0.31474,0.42588,-0.38745,-1.4263,0.40798,-0.6504,-0.083876,-1.5192
6.6169,-3.1413,-0.95404,-2.5713,0.27375,0.38014,-0.53741,-2.1116,0.67313,-1.2328,0.35516,-1.819
5.9636,-2.0268,-2.2997,-1.5221,0.22789,0.94984,-0.58126,-1.3992,0.16656,-1.3191,-0.066133,-1.4734
7.0893,-2.8174,-1.9396,-1.7042,0.33925,0.54058,-0.11859,-2.1383,0.59752,-1.7455,0.25676,-1.4662
6.9563,-2.559,-1.6933,-1.6953,0.57435,0.25903,-0.02237,-2.1438,0.70103,-1.8907,0.56468,-1.6943
6.039,-2.5152,-1.6227,-1.7242,0.5833,-0.17346,-0.51019,-1.7529,0.55297,-1.2611,0.56693,-1.3361
5.3181,-2.4718,-1.7439,-2.0748,0.63243,0.15757,-0.80345,-1.4631,0.65903,-0.91079,0.46002,-1.4743
6.8766,-2.3677,-1.5891,-2.1648,0.46655,0.41928,-0.71577,-2.0212,1.17,-1.1863,0.23834,-1.2876
6.239,-2.5372,-1.3205,-2.0036,0.20657,0.58323,-1.0269,-1.2617,0.39069,-0.95584,-0.095749,-1.224
6.0587,-2.9579,-0.98146,-2.1289,0.79703,0.34277,-0.42389,-1.8598,0.79332,-1.2884,-0.06635,-1.1707
6.5633,-3.2064,0.024467,-2.7631,0.89728,0.80233,-0.78641,-1.6203,0.50753,-1.3863,0.2017,-1.4229
6.5801,-3.5291,-0.49633,-2.4953,0.90836,0.0308,-0.33083,-2.0929,1.0624,-1.546,0.26602,-1.1236
6.074,-2.9564,-1.0957,-2.312,0.50421,0.076854,-0.69172,-2.2332,1.0058,-1.2304,0.51312,-1.0813
5.2063,-2.0017,-1.65,-2.236,0.14826,0.6553,-0.89604,-1.7297,0.79071,-0.96633,0.2697,-0.96929
6.0437,-2.7492,-0.81266,-2.6758,0.39747,0.49131,-0.54222,-2.0719,0.93913,-1.3416,0.45926,-1.1122
5.8879,-2.7652,-0.9936,-2.3902,0.26556,0.59369,-0.34615,-2.2564,0.88781,-1.894,0.66973,-1.3228
5.8851,-2.8286,-1.2425,-2.2777,0.18762,0.56554,-0.68354,-2.0062,0.48111,-1.6568,0.4134,-1.3408
5.8577,-2.0624,-1.9121,-1.8445,0.06704,0.61939,-0.93612,-1.8577,0.13398,-1.3653,0.2606,-1.1314
7.1991,-2.7453,-1.7221,-2.3823,0.42871,-0.076749,-0.60423,-2.4869,0.82367,-2.0754,1.0929,-1.9281
7.4701,-2.3997,-1.672,-2.4494,0.26848,-0.01789,-1.0247,-2.1784,0.76032,-1.8908,1.1512,-1.6132
7.9116,-1.8128,-1.4445,-2.5532,-0.24241,0.018356,-1.1704,-1.8147,0.5531,-1.5961,1.0312,-1.9704
7.2207,-0.51542,-2.5172,-2.0338,-0.91194,0.31359,-0.56357,-1.6579,-0.25878,-0.45492,-0.66637,-1.2687
6.5241,-1.4352,-1.9935,-1.0303,0.32249,-0.023728,-1.8329,-2.0004,-0.5656,-1.0271,0.81916,-1.2979
7.8858,-2.5603,-1.395,-2.1466,-0.037232,0.017434,-1.7581,-1.6032,-0.52092,-1.2996,0.47268,-2.3532
7.1708,-1.2673,-2.0611,-2.3837,-0.159,0.97243,-1.2114,-2.151,-0.66547,-0.44131,0.29272,-1.7254
5.3326,-2.0301,-1.9951,-0.79142,-0.090706,0.090214,-0.85539,-1.4103,-0.72201,-0.92276,0.25142,-1.0159
6.7124,-1.6736,-1.5729,-1.3179,-0.31621,0.75841,-1.5049,-1.6335,-1.5517,-1.729,0.31053,-1.9406
7.1071,-2.2245,-0.88538,-0.40158,0.16454,0.40975,-2.4903,-2.2244,-1.5633,-0.98467,1.0109,-0.66303
6.6,-1.3476,-1.662,-0.86729,0.27803,0.062265,-2.3046,-1.9103,-1.4198,-0.95139,0.10267,-0.7369
6.8096,-1.0351,-2.3004,-1.2121,-0.15023,0.37331,-1.0287,-1.2993,-1.1914,-0.75834,-0.03083,-0.72914
7.9657,-0.81597,-2.6921,-1.1274,-0.027972,0.24433,-1.6432,-1.9258,-1.4732,-0.88843,-0.065614,-0.69096
8.6771,-1.2865,-2.5322,-1.1925,-0.42979,0.95897,-1.8876,-2.2984,-1.0048,-1.1532,-0.51123,-0.53677
8.7264,0.33781,-2.5339,-1.2505,0.31643,0.42038,-1.763,-1.9589,-1.1854,-0.70095,0.10358,-1.1519
7.3733,0.83511,-2.0683,-1.4455,-0.36238,-0.42677,-1.6781,-1.721,-1.6048,-0.76828,0.042455,-0.50602
6.6012,-0.39551,-3.5231,-1.8134,-0.38189,-0.23289,-1.592,-2.2941,-1.6522,-0.57986,-0.26523,-0.59048
8.5979,-0.61771,-4.0955,-2.391,-0.66441,0.10259,-1.8786,-2.467,-0.81805,-0.4853,-0.66791,-1.4083
7.3092,-0.22241,-3.0284,-1.6667,-0.24853,-0.24879,-1.784,-1.7433,-0.75943,-0.37715,-0.57651,-1.0947
7.437,-0.36507,-2.9937,-0.77053,-0.39614,-0.34063,-1.3913,-1.6321,-0.70403,-0.43811,0.035814,-0.93375
7.3343,0.16186,-1.7707,-0.46224,-0.45456,-0.57546,-1.0939,-1.3892,-1.1549,0.36535,0.185,-1.3025
5.3749,-1.2735,-3.474,-0.73401,-0.49459,0.51602,-0.24454,-0.62426,-1.1221,0.12949,0.27307,-0.37902
7.0199,-0.52002,-4.0132,-1.4592,-0.31354,0.85974,-0.77569,-1.4881,-0.86091,-0.17244,0.14447,-0.78443
7.0451,-0.60221,-3.6893,-1.6375,-0.53229,0.31267,-1.4425,-1.9731,-1.5648,-0.12213,-0.3767,-0.70006
7.3264,0.66907,-2.8529,-1.4075,-0.84898,0.26156,-1.1799,-1.5994,-1.3279,-0.67449,-0.25549,-1.0905
7.2232,0.67142,-3.3426,-1.0163,-0.55357,-0.083557,-1.5265,-1.9769,-1.2515,-0.53983,-0.15892,-0.5295
6.5544,1.0949,-3.3645,-0.76079,-0.15495,0.38182,-2.172,-2.3071,-1.0424,0.36034,0.2111,-0.25118
6.3685,0.64614,-3.687,-0.66519,-0.52283,0.40541,-1.8127,-1.7994,-1.6649,0.037825,-0.45335,-1.1071
6.099,0.63812,-3.4383,-0.62678,-0.9932,0.12288,-1.9829,-1.7333,-1.0175,-0.34999,-0.97781,-1.4299
4.6168,0.408,-3.7598,-1.009,-0.61254,0.48514,-1.2945,-1.5706,-1.0715,-0.30665,-0.75199,-0.78874
5.5318,0.24301,-3.9348,-1.7826,-0.20246,1.2946,-0.81821,-1.5228,-1.7863,-0.58544,-0.46819,-1.1522
6.2933,0.91236,-3.377,-1.6208,-0.078985,0.68056,-0.49904,-1.8433,-1.5012,-0.72415,-0.76106,-1.1733
5.6005,-0.24317,-4.1373,-1.4243,-0.12891,-0.03476,-1.8998,-2.0221,-1.2226,-0.75885,-0.77032,-1.273
2.5963,2.1188,-4.7813,-1.7109,-0.061418,-0.3987,-0.71893,-2.1755,-1.2217,-1.2364,-0.7088,-0.99195
-0.56003,4.2982,-4.0463,-1.6165,1.268,0.59078,0.2549,-1.4874,-1.3354,0.081977,0.1244,-1.0349
-2.9226,3.9616,-3.693,-2.5554,1.521,0.90761,-0.20775,-0.84857,-0.54297,0.017448,0.75344,-0.86166
-4.2971,4.1343,-3.0773,-1.7366,0.63206,0.65074,0.22617,-1.4485,0.69177,-0.57375,-0.51276,-0.13705
-5.6764,3.2407,-3.9595,-1.4496,0.42204,0.29664,-0.4121,-0.7563,1.5476,0.7986,0.39043,-0.40929
-6.0887,3.0495,-3.6478,-1.5251,0.047696,-0.38068,-1.5538,-1.0949,0.22865,-0.51778,-0.319,-1.0238
-6.8434,3.0862,-2.6556,-0.61302,-0.8094,-1.0568,-0.74424,-1.2714,-0.20109,-0.25307,-1.0332,-0.51534
-6.7052,2.8643,-3.28,-0.44857,0.28833,-0.57398,-1.0866,-2.1232,-1.3067,-1.0349,-0.17635,-0.52364
-6.8186,2.7199,-3.1153,-1.1235,-0.88734,-1.3221,-0.92858,-1.2316,-0.34218,-0.64793,-0.5685,-0.40331
-7.5413,2.4464,-4.1176,-1.2069,0.54981,-0.57714,-0.96804,-0.99892,-0.97953,-1.336,-0.6491,-0.034542
-7.9701,2.3805,-3.6965,-1.7488,-0.084754,0.049529,-0.18267,-1.0449,-0.23874,-0.83461,-0.70611,-0.36791
-8.4964,3.1794,-2.2277,-1.067,0.15632,-0.39724,-0.73424,-1.4857,-1.1541,-0.9166,-0.21483,-0.32026
-8.1678,3.367,-3.0131,-1.7458,-0.56213,-0.70982,-1.3014,-0.89522,-0.53948,-1.2461,-0.2158,0.055948
-8.5929,3.0953,-3.7752,-1.789,0.59359,0.56402,0.28266,-0.37299,-0.1168,-1.7767,-1.0285,-0.28686
-8.3808,3.6359,-3.2629,-1.9437,0.03447,0.55133,1.5425,0.44717,-0.43344,-1.9317,-0.80948,-0.59753
-8.5278,3.3903,-3.7553,-3.1574,-0.86747,0.30997,1.2553,0.12866,-0.099556,-1.114,-0.14605,0.17394
-8.1241,3.0803,-3.9966,-2.2356,-0.11659,-0.17994,0.40347,0.56249,-0.25048,-2.1118,-0.75526,-0.13803
-7.7739,3.5257,-2.9323,-1.639,-0.36191,-0.8367,0.11204,0.50788,-0.24656,-1.6398,-0.59585,0.3189
-8.1838,4.5021,-2.1649,-0.6945,-0.33238,-1.5036,0.027572,-0.018468,-0.099133,-1.1821,-1.2124,0.032269
-9.041,4.3384,-1.9302,-1.2193,-0.25908,-0.87537,0.085883,-0.42933,0.26858,-1.3329,-0.9367,-0.22368
-9.2069,4.7274,-1.7806,-1.2408,0.19911,-0.54452,0.23404,-0.68199,-0.74868,-2.5212,-0.70015,0.42616
-9.0364,4.672,-1.8408,-1.2463,0.40652,-1.171,0.28163,-0.18618,-0.6923,-2.2159,-0.74823,-0.029759
-10.409,4.2221,-0.30713,-1.6717,-0.47773,-1.1466,0.18884,-1.0341,-0.30968,-1.666,-1.11,-0.3809
-10.458,3.5974,-0.87716,-1.9189,-0.5497,-1.0548,0.80562,-0.67377,-0.36653,-1.1573,-1.5445,-0.59757
-10.327,2.6533,-0.46456,-2.0396,-0.52883,-0.96713,1.2107,-0.37478,-0.58747,-1.808,-0.27117,0.49312
-9.9809,2.0091,0.72663,-2.2131,-0.87885,-0.06443,1.7278,-1.2185,-1.5576,-1.1383,-0.99986,-0.47072
-9.2895,1.359,0.20996,-2.6727,-0.85576,-0.22945,1.2321,-1.138,-0.40921,-0.48071,-0.68472,-0.64839
-8.5597,1.5165,-0.13581,-2.0797,-0.69231,-0.41805,1.2484,-0.7675,-0.39341,-0.87848,-0.62594,0.18349
-6.1847,3.4827,2.3847,-0.50323,-0.64967,-0.23729,1.7584,-0.91753,-0.62711,-0.8523,-0.79316,0.30771
-1.2609,4.428,4.0462,-0.31092,-1.8421,-2.4581,-0.33653,-0.87611,0.039217,-0.08718,-0.45106,0.50723
0.99425,3.3263,3.3936,-0.29374,-2.5889,-1.6388,-0.28124,-1.0283,-0.14897,-0.99695,-0.11201,0.49432
1.4592,2.9035,3.535,-0.32167,-2.6431,-1.7822,-0.5022,-1.4832,-0.1441,-0.73307,0.46727,-0.086783
1.1032,3.0738,4.3471,-0.67236,-2.5541,-1.8176,-1.3644,-1.587,-0.16586,-0.92949,0.63666,-0.36899
1.6768,2.4315,3.7892,-0.91347,-1.9424,-1.7647,-1.2799,-1.5838,-0.56663,-0.5537,0.30656,0.035904
1.8602,2.0044,4.503,-1.1139,-2.2343,-2.2879,-1.0139,-1.2289,-0.18359,-0.84795,0.21769,-0.3091
2.0483,1.5806,4.2485,-0.9413,-2.2225,-1.9649,-1.2877,-1.3203,-0.33674,-0.74962,0.38036,-0.13477
2.2718,1.7454,3.4287,-0.93751,-2.1469,-1.6526,-0.95212,-1.1284,-0.52997,-0.62836,0.036779,0.021714
1.6399,1.6314,4.6112,-1.4655,-2.383,-1.8819,-0.78632,-0.87526,-0.10514,-0.76381,0.2276,-0.52591
1.1014,2.4979,4.4768,-1.2733,-2.4547,-2.6494,-0.43702,-0.84691,-0.023225,-0.52159,-0.0019792,-0.030582
1.2548,2.5647,4.1933,-0.31607,-1.7738,-2.7041,-1.0737,-1.6165,-0.1492,-0.61948,0.42061,0.026352
0.56412,3.0726,3.6915,0.041214,-2.0163,-3.1051,-0.76917,-1.4416,0.18541,-0.47495,0.16172,0.013326
-0.92993,4.3363,2.3951,-0.35554,-1.3741,-2.3545,-0.17334,-1.1855,0.092547,-0.42811,0.52216,0.23175
-3.4116,5.2013,2.1776,-0.9356,-0.72264,-1.7757,-0.058955,-0.27229,-0.55902,-0.97846,0.43617,0.22406
-4.206,5.7018,1.6263,-0.90936,-1.9179,-1.6405,0.58936,-0.22753,-0.5442,-0.92991,-0.1332,0.13286
-5.3406,5.6668,1.0137,0.29379,-2.2097,-2.5666,-0.52532,-1.7194,-0.6952,-1.2882,0.076937,0.19947
-5.3678,5.8684,0.071859,-0.3615,-1.3379,-2.1852,-0.96144,-1.066,-0.81939,-1.6787,-0.28036,-0.22029
-5.6719,6.4374,-0.27664,0.088947,-1.7087,-2.3923,-1.3847,-1.5868,-1.1299,-0.83468,0.66561,-0.041367
-6.7417,5.7436,0.083476,-0.1115,-2.3309,-2.7788,-0.82344,-1.5201,-0.68673,-0.73108,0.51516,0.40466
-6.2383,6.2229,0.37772,-0.058184,-1.9177,-3.1612,-0.85096,-1.0859,-1.17,-0.12432,0.35335,0.087032
-6.517,6.0655,0.4187,-0.60829,-2.3563,-2.7685,-1.4386,-1.6867,-1.111,-0.77405,0.080632,0.089391
-5.6452,6.3763,-0.020918,-0.71004,-2.1273,-2.7262,-1.4238,-1.1721,-1.0154,-1.1509,0.13728,-0.0025877
-5.4573,6.7986,-0.22011,0.089472,-1.338,-1.8638,-1.9261,-1.2909,-1.0689,-1.8205,0.50718,0.56997
-5.2415,6.8179,-0.0827,-0.03444,-1.6424,-1.8649,-1.8223,-1.1852,-0.71311,-1.3655,-0.39446,-0.025694
-5.6101,7.2691,0.44308,0.6505,-1.021,-3.2182,-2.5495,-1.0979,-0.82567,-1.4732,0.025511,0.12459
-4.8739,7.1963,-0.11547,0.31342,-1.3675,-2.7819,-1.8494,-1.2866,-0.60829,-1.1392,-0.19808,0.42283
-4.5208,7.2719,-1.0186,-0.19076,-1.4714,-2.1699,-1.1577,-1.1413,-0.74911,-1.4398,0.14506,-0.045425
-5.2684,7.1801,-0.38108,-0.033757,-0.98511,-2.0435,-1.5309,-1.3004,-0.72917,-1.346,-0.044191,0.97331
-5.7141,6.9234,-0.66162,-0.14296,-0.83063,-2.9614,-1.4189,-0.74515,-0.45358,-0.92206,-0.21568,-0.17915
-6.996,6.1022,-0.98712,-0.24583,-0.63928,-2.3918,-1.7846,-0.53351,0.27841,-0.53748,-0.90085,-1.0208
-6.6889,5.1615,-1.252,-0.30294,-1.0762,-2.8852,-1.6769,-1.3078,-0.52429,-0.87981,-0.26038,-0.23386
-6.2936,5.2294,-0.69821,0.34046,-1.2713,-2.8153,-1.3406,-1.4468,-0.44734,-0.9862,-0.44296,0.0014938
-6.4501,5.4838,-0.5479,-0.051573,-0.82221,-2.4394,-1.6227,-0.92316,-0.77868,-1.5513,-0.47708,0.28226
-5.6945,5.4477,-0.81144,0.13007,-1.1658,-2.7215,-1.5711,-0.70488,0.22207,-1.0751,-1.3455,-0.22823
-6.2046,6.2033,-0.37582,-0.26174,-0.47872,-2.5292,-2.2352,-0.98595,-0.41115,-1.928,-1.0362,-0.41322
-5.104,5.866,-0.33202,-0.72351,-0.68102,-2.9233,-1.7043,-0.99975,-0.092326,-1.1105,-0.75567,-0.017135
-5.3543,6.1938,-0.5142,-0.42914,-0.56348,-2.7565,-2.0757,-1.2235,-0.26981,-2.0407,-0.7572,-0.23214
-4.5355,5.8253,-0.21679,-0.44235,-0.52253,-2.9517,-2.4276,-1.6544,-0.072199,-0.6863,-0.7708,-0.3949
-3.4901,5.6919,-0.26743,-0.052335,-0.09057,-2.7888,-1.4883,-1.5489,-0.46497,-0.69271,-0.50611,-0.37303
-2.7596,4.6783,-1.3091,-0.012201,-0.16476,-1.9905,-0.55765,-0.97456,0.19355,-0.65928,-0.27156,-0.32918
-2.6358,4.1678,-2.3121,0.16368,0.1367,-2.0692,0.02719,-1.3531,0.1055,-0.57647,0.22517,-0.70866
-2.6726,4.9851,-1.0324,1.0642,0.062386,-1.8932,0.0047005,-0.9859,-1.0667,-0.97182,-0.22751,-0.52783
-2.702,4.5212,-1.7472,0.23375,-0.85082,-2.0468,0.038398,-0.91752,-0.34651,-0.13686,0.64544,0.15526
-1.6211,4.4115,-1.5132,0.36745,-0.45052,-1.9966,0.0051522,-1.3754,-1.0748,-0.28989,0.75105,0.27524
-2.8363,4.6162,-0.6717,0.76233,-0.71987,-2.0119,-0.56903,-0.84028,0.19469,-0.14154,0.25979,-0.24718
-2.4053,3.8277,-1.8966,-0.36638,-1.2626,-1.6429,0.34947,-1.6259,-0.41818,-0.48317,0.51288,-0.44032
-0.56061,3.7121,-1.6523,0.15916,-0.95215,-1.6679,0.27173,-1.749,0.22098,-0.63919,0.24662,-0.48196
0.004504,3.835,-1.2703,0.88138,-1.0894,-2.1994,-0.034953,-0.59179,0.33414,-1.0831,0.96477,-0.72286
-0.3004,3.7564,-1.1726,0.10869,-1.1868,-2.2469,-0.51411,-1.2144,-0.24279,-1.2525,0.84355,0.06217
-0.4566,3.6468,-0.47063,-0.078034,-1.3521,-2.0513,-0.60387,-1.4669,-0.5731,-1.0667,0.30923,-0.66452
0.064283,2.4979,-0.77013,0.72358,-0.53064,-1.5942,-1.0874,-1.8598,-0.68311,-0.85398,-0.15272,-0.4832
0.32778,2.5939,-0.51699,0.19356,-1.0838,-1.9777,-0.77646,-1.0548,0.061258,-0.41026,-0.33247,-0.21952
-2.2182,3.2416,-1.3931,-0.63948,-1.0993,-2.2126,-0.65712,-1.8965,-0.39332,-0.42947,-0.040367,-0.32619
-6.5508,3.7753,-0.97186,0.088765,-0.22916,-0.56412,0.35435,-1.3789,0.086235,-0.13787,-0.59513,0.017165
-7.3037,5.4658,-0.94334,-0.68064,0.42817,-0.74837,-0.69366,-0.62937,-0.38351,-0.93817,-0.0015177,-0.15646
-8.4707,4.9678,-1.664,-1.1553,0.36365,-0.25867,-0.71153,-1.1664,-0.18158,-0.49727,0.43598,0.2582
-8.1338,5.5333,-1.6794,-1.4276,-0.72722,-0.50293,-0.61344,-1.0116,0.056532,-0.75847,-0.25375,-0.34737
-9.0978,5.4668,-1.7307,-0.85691,-0.19677,-1.0903,-0.82697,-1.0266,-0.080882,-0.9582,-0.53493,-0.69136
-8.8435,5.2967,-1.6554,-0.60744,-0.7781,-1.3352,-1.4273,-0.63424,0.23368,-1.3537,-0.43568,0.23823
-9.0205,4.9684,-1.4872,-0.10508,0.14156,-1.5865,-0.89843,-0.98573,-0.47804,-1.7691,-0.90994,0.26097
-8.3277,5.5749,-1.9898,-0.51556,-0.061581,-1.3974,-1.1122,-0.55177,-0.18771,-1.6783,-0.8584,-0.27798
-8.7447,5.7692,-1.0981,-0.37524,-0.7219,-1.3685,-0.81588,-0.55252,0.13417,-0.88981,-0.75217,-0.27681
-8.9685,5.3442,-2.1863,-0.75734,-0.10856,-1.5821,-0.574,-0.72669,-0.25224,-0.75509,-0.27598,-0.25799
-9.0479,5.2374,-1.5927,-1.1198,-0.15298,-0.36608,-0.14832,-1.2829,0.12684,-0.18722,-0.74089,-0.3601
-10.1,4.6199,-1.1355,-0.35026,0.61327,0.094922,-0.92502,-1.0681,-0.5179,-0.58544,-0.68997,-0.80412
-9.618,4.6066,-2.1026,-0.53207,-0.63905,-1.8152,-1.4255,-0.71729,0.36526,0.2303,-0.30332,-0.5637
-9.1628,4.9928,-2.156,-1.101,0.1178,-1.2213,-1.6103,-1.4594,-0.1389,-0.55337,-0.25603,-0.38483
-8.5009,5.39,-1.318,-1.0013,-0.52899,-1.3156,-1.9868,-0.62617,0.34736,-0.62199,-0.69853,-0.44724
-8.6033,4.7594,-1.3879,-1.1311,-0.39458,-0.7035,-0.97139,-0.96037,-0.59304,-0.85886,-0.8272,-0.38926
-9.9684,4.7507,-1.8964,-1.7044,0.033099,-0.45426,-0.69806,-0.57974,0.042973,-0.81372,-0.74251,-0.25
-10.136,4.6534,-0.99858,-0.87345,-0.72522,-0.48096,-0.18549,-0.53673,0.66623,-0.79408,-0.18723,-0.72806
-9.7034,4.469,-1.5528,-1.9655,-0.70708,-0.74501,-0.24386,-0.74509,0.43347,-0.011073,0.042289,-0.16718
-10.504,3.317,-1.0899,-0.85628,-0.33032,-1.1893,-0.41414,-0.60973,0.27816,-0.59167,0.2042,0.51242
-9.7163,3.4132,-1.1569,-1.8703,-0.86033,-1.1177,-0.1876,-1.1348,0.17102,-0.82643,-0.45404,-0.61471
-9.2342,3.7367,0.015388,-1.4626,-0.23728,-1.266,-0.14142,-1.1945,0.34186,-0.33778,-0.6833,-0.099158
-8.5285,3.8821,0.26372,-1.8382,-0.61127,-1.8509,0.33176,-0.69431,-0.20648,-1.0918,-0.68518,-0.30794
-8.2645,2.981,1.3115,-2.1961,-0.27186,-1.8259,0.14314,-1.4311,0.21131,-0.45201,-0.23059,-0.60172
-6.2512,2.6758,0.83696,-2.1751,-0.00085503,-1.1502,-0.34911,-1.0686,-0.1597,-0.10042,0.046668,-0.2534
-1.7787,2.7289,1.1399,-0.54994,-0.62001,-0.96399,0.13291,-0.85557,0.13324,0.25455,0.27899,-0.056277
0.91886,2.74,4.7248,-0.79622,-2.3792,-1.9185,-1.2913,-0.84574,-0.52904,-0.40487,0.51738,-0.71944
2.3562,2.4425,4.5414,-0.50159,-2.7303,-1.4558,-1.7316,-0.43126,-0.48059,-0.269,0.55091,-0.92105
1.2258,1.9448,5.0787,-1.3781,-2.1044,-1.158,-1.7063,-0.64903,-0.86044,-0.46746,0.61031,-0.81713
0.94531,2.2657,6.2766,-1.9138,-2.4528,-1.9547,-1.0074,-0.6152,-0.95134,-0.64935,0.18687,-1.1331
2.5288,2.356,5.6445,-1.5368,-2.0024,-2.04,-1.4828,-0.80034,-0.7431,-0.44279,0.97999,-1.2576
2.3407,1.2973,5.5208,-1.6869,-1.8381,-1.553,-1.5406,-0.56893,-0.6962,-0.20911,0.50456,-1.2982
2.9799,2.5627,5.8881,-1.1239,-2.1274,-1.6089,-1.5207,-1.0833,-0.81505,-0.46061,0.39893,-1.0045
3.448,2.4581,6.1488,-1.3012,-2.3228,-1.553,-1.4607,-0.70327,-0.89975,-0.35035,0.46654,-0.87233
3.4283,2.6735,5.4471,-0.68572,-2.0956,-1.8032,-1.3902,-0.721,-0.76378,-0.11719,0.55906,-0.50143
2.531,2.5774,4.5334,-1.5178,-1.6258,-2.0623,0.11438,-0.70688,-0.48188,-0.33781,-0.44932,-0.12192
-0.069477,5.8297,4.0213,-0.18904,-1.5415,-2.7593,0.48854,-1.2418,-0.33344,-0.86951,0.17602,-0.29939
-2.9837,7.1291,2.5709,-1.2309,-0.91719,-1.3749,0.12446,-0.39226,0.33666,-0.30649,0.34692,-0.38426
-4.9355,6.5265,1.0348,-0.29106,-1.8288,-1.7565,0.8129,-0.47263,-0.14397,-0.63298,-0.14627,-0.8063
-5.5563,6.7096,0.75975,-0.41478,-0.68534,-1.9863,-0.17701,-0.87436,-0.33052,-0.77564,-0.16518,-0.88714
-6.0366,7.2546,1.3803,-0.57314,-1.1617,-1.9395,-1.5102,-1.8316,-1.1913,-0.85269,-0.11924,-0.25399
-7.0023,7.242,0.63188,-0.56333,0.21711,-1.0178,-1.5746,-1.8158,-0.96174,-0.90902,-0.20976,0.21972
-7.1795,7.9639,1.4835,-0.1418,-0.38902,-1.5008,-2.1352,-2.0697,-1.4783,-1.1421,0.050618,-0.16277
-6.5993,7.2904,1.2361,-0.39352,-1.1273,-2.5119,-1.6513,-1.4612,-0.50338,-1.0637,-0.46861,0.012956
-6.0998,7.3789,1.8024,-0.36917,-1.2133,-1.8096,-1.9243,-2.6598,-1.4949,-0.61748,0.088729,0.07774
-5.8521,7.5348,0.72777,0.15863,-0.71352,-1.4289,-1.3978,-1.7979,-0.64071,-1.3233,-0.34878,-0.0047446
-5.4139,7.7135,1.3149,-0.31303,-0.63624,-1.7493,-1.8646,-2.0762,-0.47751,-1.0274,0.0060733,-0.32052
-6.376,7.5698,1.4251,1.0506,-0.21571,-0.19696,-1.2712,-1.7565,-0.098564,-1.1174,-0.88335,-0.43927
-5.9651,8.1254,0.8766,-0.098596,-0.71694,-0.9392,-1.1439,-1.1369,-0.74636,-1.5316,-1.0736,-0.33224
-5.5747,7.5337,0.70432,0.28553,-0.3567,-0.42241,-0.85684,-2.126,-0.66553,-0.87313,-0.37566,-0.38544
-5.4897,8.3029,1.1395,0.60948,0.49323,-0.79454,-1.6964,-1.7728,-0.40801,-1.1171,-1.0731,0.086898
-5.7023,7.533,0.74289,0.49942,-0.21107,-1.1166,-1.3426,-1.1038,-0.19254,-0.78059,-0.41699,-0.28803
-6.4694,7.4141,1.2796,0.55382,1.0996,-0.37572,-1.3493,-1.8477,-0.42146,-0.79933,-0.88379,-0.35493
-3.8175,7.8981,1.0568,0.39357,-0.271,-0.84621,-0.27342,-0.75332,0.12617,-0.64015,-0.6217,-0.41331
-2.1837,5.7982,-0.14943,1.1713,-0.70866,-0.17107,0.059411,-1.0697,0.39832,0.073248,0.021543,0.12695
-0.48928,0.47074,-0.441,0.4017,-0.35501,0.30345,-0.24972,0.19657,-0.14658,0.102,-0.064627,0.035715
