-1.707,2.3523,-1.6092,1.0468,-0.76088,0.049481,0.42738,-0.78577,1.0269,-1.4089,1.1266,-1.284
-1.2477,3.1817,-1.1864,1.6009,-0.93642,-0.14543,-0.41744,-1.322,0.24354,-1.6344,0.7482,-1.2842
-1.4106,3.1923,-1.4049,1.5803,-1.114,-0.053111,-0.36808,-1.0014,0.59,-1.1668,1.2538,-0.89749
-2.0387,2.5577,-1.5288,1.6121,-0.70223,0.42978,0.14041,-0.58517,0.72157,-1.1449,0.89873,-1.1847
-0.29327,4.281,-0.45452,2.1672,-0.71232,0.20892,0.24786,-0.97905,1.226,-0.92651,1.549,-0.93962
4.1394,6.3809,1.6792,2.5759,-3.083,-1.0356,0.16066,-1.7832,0.3654,-0.38285,1.3831,-2.0398
5.5513,5.6462,1.4725,1.4683,-2.5834,-1.3252,-0.12732,-1.3466,0.3248,-0.82941,0.81595,-1.7631
6.0209,4.8197,1.8804,2.6653,-3.7015,-1.6415,0.038097,-1.6924,0.37111,-1.2526,0.66498,-1.8645
4.8028,3.9731,1.5401,1.4223,-1.676,-1.457,-0.81073,-1.5098,-0.3001,-0.61724,0.42217,-0.92118
5.1577,3.6891,2.5823,1.8322,-3.094,-1.2999,-0.59677,-1.441,0.27683,-0.60358,0.77723,-1.4814
4.534,3.2679,2.5087,1.3196,-2.735,-1.2367,-0.49494,-1.4008,-0.14829,-0.41163,0.53446,-1.2756
4.7155,2.7193,3.0576,1.2331,-3.099,-1.022,-0.7505,-1.6469,0.46663,-0.8264,1.1371,-1.6248
4.9663,2.4464,3.1957,1.5457,-3.0209,-1.1179,-1.0693,-1.8844,1.1098,-1.1312,1.4626,-1.7068
4.6323,2.718,2.6373,1.098,-2.2157,-1.0346,-1.1621,-1.583,0.22126,-0.49961,0.77032,-1.0304
5.1565,2.7503,2.7555,1.3259,-2.9301,-0.86728,-0.98358,-2.0876,0.88661,-1.4265,1.2835,-1.583
4.3658,2.9714,2.4762,0.85322,-2.0835,-0.76731,-0.88786,-1.5566,-0.064854,-0.72471,0.29638,-1.0929
5.5926,3.1848,2.5243,1.8439,-3.0266,-0.67554,-1.0696,-1.8867,0.75369,-1.1265,1.1441,-1.9611
4.4949,3.2548,2.0695,0.88572,-1.8148,-0.85422,-0.82975,-1.481,-0.32368,-0.31674,0.35176,-0.99303
3.9996,3.9158,1.6985,1.3887,-2.5492,-0.66011,-1.0104,-1.1945,-0.12797,-0.31555,0.51429,-1.3272
4.0806,3.4342,2.3891,0.2741,-1.5137,-1.543,-0.48437,-1.6327,-0.11459,-0.068289,0.46178,-1.3338
3.4443,3.0486,1.5145,0.92743,-0.86443,-1.9496,-0.96103,-1.0241,-0.58224,-0.64694,0.37032,-0.18561
3.7047,1.5088,0.72028,0.54032,-1.5045,-1.5535,-0.56357,-0.38884,0.34797,-0.90188,0.12733,-0.6625
3.7646,0.59433,0.6245,0.34205,-1.9693,-1.1914,-0.35335,-0.32987,0.4792,-0.82109,-0.54392,-0.33414
3.5613,0.1728,0.93924,-0.26482,-1.6214,-1.3349,-0.086951,-0.31368,0.4998,-0.97897,-0.45605,-0.72385
3.5361,-0.36497,0.66208,-0.18979,-1.9046,-0.88972,-0.37812,-0.16859,0.62504,-0.77049,-0.5954,-0.70638
3.6642,-0.88014,0.70951,-0.42963,-1.7564,-0.99317,-0.26334,-0.3828,0.85955,-0.81891,-0.44435,-0.95092
3.7306,-1.1865,0.50294,-0.43825,-1.7693,-0.87959,-0.2806,-0.3322,1.1224,-0.71304,-0.24782,-1.0873
4.3866,-1.5799,0.66089,-0.65594,-1.7356,-1.1631,-0.54473,-0.49687,1.1856,-0.5877,-0.1759,-0.98765
4.8391,-1.5124,0.5495,-0.59207,-1.8416,-1.1227,-1.0347,-0.35667,0.8965,-0.28248,-0.18579,-0.84978
4.7797,-1.4031,0.6011,-0.7681,-1.8554,-1.4247,-0.77955,-0.57351,1.1426,-0.45565,0.058154,-1.0283
4.5618,-1.0143,0.71595,-1.1158,-1.8806,-1.589,-0.79169,-0.89502,1.0317,-0.30316,-0.020479,-0.88056
4.3783,-1.1316,0.87791,-0.5117,-1.7204,-1.9544,-0.7282,-1.2263,1.5619,-0.50383,0.092954,-1.1809
4.665,-0.80731,0.24862,-0.35076,-1.3997,-1.7338,-0.5586,-1.0601,0.85816,-0.41785,-0.21977,-1.2839
4.9056,0.9237,0.05613,-0.13841,-1.3554,-1.504,-0.45902,-1.1813,0.86678,-0.7251,-0.18961,-1.6332
4.4403,2.2232,0.17181,0.031442,-0.37515,-1.8535,-0.43668,-0.35614,-0.12363,-0.40446,-0.2298,-0.78501
1.9795,2.8959,0.15311,0.5075,0.34653,-0.97708,-1.4223,-0.44658,-0.21784,-0.024161,-0.31974,-0.83241
0.75846,3.5207,-0.32333,1.0616,-0.10023,-1.091,-0.88643,-0.98966,-0.15909,-0.38756,-0.8137,-0.23858
-0.2853,3.3643,0.021834,0.87686,-0.55253,-1.5186,-0.75382,-0.35484,-0.33378,-1.1025,-0.38115,-0.71037
-0.85351,3.0857,0.84425,0.6765,-1.3855,-1.5717,-1.1849,-0.24659,-0.5288,-1.0011,-1.0712,-0.75381
-1.355,2.0553,0.069384,-0.42725,-1.1878,-1.4277,-1.1682,-0.94322,-1.1451,-0.92459,-0.59294,-0.22526
-1.6349,1.7616,-1.1772,-0.11501,-1.205,-1.5514,-1.0507,-0.57547,-0.6334,-0.76885,-0.57077,-0.084477
-1.0025,2.859,-0.27963,0.093184,-1.4369,-1.4478,-1.3587,-0.8607,-1.4227,-0.62023,-0.32927,-0.9316
-1.284,2.9894,0.26916,0.16606,-1.5852,-1.5654,-2.0147,-1.2148,-0.51826,-0.55355,-1.5664,-2.1045
-1.1005,2.6072,0.45304,0.27745,-1.6868,-1.2682,-1.2865,-0.68673,-0.036583,-0.86874,-1.2897,-1.5706
-1.3871,2.4623,-0.25522,-0.82968,-0.7619,-1.3241,-1.0548,-0.37247,-0.5726,-0.76159,-0.79604,-0.3248
-1.717,3.116,0.26576,-0.028692,-0.53789,-0.90884,-1.0606,-0.54493,-1.1483,-0.31464,-1.0876,-0.5513
-1.5804,2.6195,0.47131,0.24436,-0.98073,-1.6405,-1.264,-0.49687,-0.68215,-1.138,-0.90669,-0.71453
-1.1219,2.3344,0.034794,0.50671,-1.1711,-1.6786,-1.8265,-0.52089,-0.9797,-0.66623,-0.86843,-1.2899
-1.3932,2.6791,0.0077018,0.27306,-0.79,-1.804,-1.4879,-0.37043,-0.49041,-0.95075,-1.3171,-0.81798
-2.4104,1.9968,-0.11885,0.70656,-0.3078,-1.1683,-1.2269,-1.0803,-1.0119,-0.63958,-1.0948,-0.94391
-2.1597,1.7023,-0.69361,-0.27456,-0.95931,-1.4777,-1.4146,-0.41327,-0.6632,-0.62247,-0.40361,-0.66638
-2.7662,1.7145,-1.2764,0.01802,-1.2611,-1.8468,-1.4463,-0.00054195,0.10616,0.13084,0.13057,-0.77164
-2.2941,2.4482,-0.024704,0.80056,-1.6179,-2.1441,-1.5412,0.060447,0.1131,0.015859,-0.40848,-0.41602
-1.3957,3.348,0.34584,-0.24215,-1.9112,-1.7502,-1.0729,-0.41415,-0.26697,-0.036024,-0.38553,-0.66101
-1.7101,2.6595,-0.4732,-0.40989,-1.4692,-1.6556,-0.64658,-0.35626,-0.9445,-0.83373,-1.1052,0.10245
-2.6319,2.2959,-0.48943,0.34459,-1.3561,-1.0789,-0.68873,-0.23851,-0.89275,0.045486,-0.47339,-0.4936
-2.8067,1.7352,-0.19832,0.026775,-0.3668,-0.88681,-1.0083,-0.82089,0.13821,-0.15332,-0.49342,-0.19355
-1.7612,1.4598,-0.8228,-0.22302,-1.2779,-1.4728,-1.1452,-0.3791,-0.35276,-0.78184,-0.8033,-1.0101
-1.655,2.4983,-0.01927,-0.10764,-1.9962,-1.7866,-0.58361,0.059158,-0.29175,-0.57137,-1.1937,-0.76662
-2.0653,2.2306,-0.38802,-0.060677,-1.8674,-1.519,-1.1377,-0.67524,-0.20049,-0.63139,-0.66052,-1.18
-1.8945,2.1519,0.0045025,-0.30353,-0.55664,-1.4472,-1.0332,-0.15218,0.16041,-0.29563,-0.15509,-0.11963
-0.95585,1.8308,0.29975,0.32779,-0.90757,-0.78919,-0.96921,-0.75,0.040367,-0.14925,-0.53439,-0.82763
-0.95756,1.5838,-0.47868,-0.26686,-1.3553,-1.6397,-1.5673,-0.98104,-0.49318,-1.2165,-1.3515,-0.93434
-0.10301,2.1438,0.24535,-0.29257,-0.81205,-1.1528,-0.8555,-0.7979,-0.54181,-0.85142,-0.23552,-1.1248
0.61949,2.4219,0.53751,0.54567,-0.5204,-1.6051,-1.0455,-0.53005,-0.19677,-0.75417,0.014487,-0.81057
0.070995,1.7388,0.26964,0.27338,-1.2351,-1.7215,-0.82949,-0.68532,0.079154,-1.7243,-0.46922,-0.8433
-0.18528,1.9107,-0.58153,-0.45074,-1.6789,-1.5115,-0.91784,-0.094259,0.11051,-1.0104,0.15065,-0.46354
0.40207,1.997,-1.0951,0.045869,-1.3939,-2.1466,-0.71064,-0.86654,-0.049185,-0.88344,-0.49021,-1.2391
1.6496,3.0235,-0.048497,1.2453,-0.53138,-1.8,-0.92301,-0.32058,0.085638,-1.0696,-0.073206,-1.199
0.94432,2.0738,-0.071326,1.1144,-1.7712,-1.1736,-0.86882,-0.16964,0.27094,-1.2285,-0.65356,-1.3307
1.3864,3.3306,0.43191,1.378,-0.84634,-1.1399,-0.63511,-0.93032,-0.277,-1.8696,0.058853,-0.67248
2.1293,1.8465,2.5862,1.8058,-2.5136,-1.702,-0.66465,-0.63128,-0.2849,-1.3977,-0.33241,-1.2531
2.0796,1.9547,2.5437,1.1555,-2.4865,-0.29935,-0.78354,-1.0372,-0.37564,-1.4061,0.48638,-1.476
2.6195,2.2407,2.8436,1.2584,-2.9237,-1.2273,-0.81983,-0.77063,0.32267,-1.1821,0.63218,-1.7257
2.5307,3.194,3.2327,0.78417,-3.2427,-1.3486,-0.78859,-0.95304,0.012158,-0.81192,1.4803,-1.9352
2.3455,3.6079,2.7646,0.30381,-2.3225,-1.5741,-0.82697,-0.63332,0.63639,-1.2871,0.73151,-2.2293
1.7232,3.5951,2.201,0.39446,-2.934,-1.6556,-0.89799,-1.1825,0.63748,-0.7753,0.90235,-1.6988
1.8495,4.1666,0.14132,0.67541,-1.3709,-0.68008,0.24947,-0.69255,0.73588,-1.4792,0.48468,-1.9957
3.0282,4.2674,0.4731,0.82441,-2.0607,-1.25,0.013168,-0.60177,1.5262,-1.7305,0.60936,-1.8844
-1.7777,4.2314,3.1201,-2.397,-0.037491,-2.1768,-0.10743,0.13928,-0.049088,-0.34941,-0.035182,-1.5833
-1.2209,4.3652,1.7329,-2.1129,-0.19438,-2.1064,-0.59275,0.075273,-0.76667,-0.7515,0.30992,-1.0047
0.88318,4.893,-0.69887,-0.51922,-1.6101,-1.8056,-0.36344,-0.56602,-0.45087,-1.6655,0.39614,-1.0481
0.72068,4.7115,-0.74738,-0.7155,-1.1228,-2.2015,-1.0563,-1.1151,-0.25562,-1.4804,0.43234,-1.1221
0.30228,4.2359,-1.1425,-1.1346,-1.3932,-2.194,-0.87568,-1.3428,-0.36849,-1.6338,0.73312,-1.0768
1.2509,5.1709,-1.153,-0.83415,-1.032,-1.4308,-0.57953,-1.1673,-0.39725,-1.6261,0.91648,-1.0032
-0.35431,4.37,-1.2882,0.29613,-0.97683,-2.0935,-1.0463,-0.95211,0.11131,-1.8454,0.25382,-1.8071
0.43996,5.1465,-0.64082,0.68789,-1.2327,-1.8853,-1.2177,-1.2626,0.2063,-0.80977,0.61783,-1.3441
0.67985,4.5808,-0.91591,0.065843,-1.6665,-2.3454,-1.0167,-1.2228,0.5516,-0.94612,0.78335,-1.2498
0.36883,4.9981,-0.77967,0.7852,-2.0901,-1.5786,-1.2223,-1.7814,-0.10066,-1.4913,0.078321,-1.887
0.76676,4.8808,-1.2474,1.0022,-1.5096,-1.1611,-1.4333,-1.2819,0.059189,-1.6302,0.46252,-2.0273
1.6372,5.0619,-1.718,0.25983,-2.2511,-1.6812,-0.88299,-0.82364,1.5247,-0.5815,1.1942,-1.3581
1.628,4.7464,-2.2073,0.13253,-2.8359,-2.3521,-1.0158,-1.1068,1.484,-1.2293,0.75313,-1.4456
2.3769,4.5681,-1.7538,0.10757,-2.7097,-2.484,-1.6777,-1.5358,1.0926,-0.84672,0.72849,-1.687
-3.206,-1.5759,1.4078,-3.2586,-0.89189,-0.6446,-1.2005,-1.4007,-0.27609,0.10879,0.30456,-1.7208
-5.0769,-2.5575,1.3173,-3.5989,-1.1253,-0.87882,-1.261,-0.35624,-0.71524,0.5846,0.34007,-0.69415
-5.2551,0.90478,0.80475,-3.4325,-1.2618,-1.4751,-1.194,-0.3766,-1.1835,-0.40876,0.17421,-0.15288
-4.6235,0.66307,1.2023,-2.245,-1.6945,-1.1553,-0.66947,-0.45523,-0.0067215,0.14911,-0.49715,-0.58733
0.7353,0.82518,2.7505,-0.70751,-1.2495,-0.882,-0.14812,0.18954,-0.48769,-0.0039647,-0.035722,-0.42584
2.7502,-0.38197,3.6706,-0.97499,-3.3393,-1.3166,-0.92515,-0.11753,0.23364,-0.89228,0.88587,-0.4551
2.5247,-1.3516,3.529,-1.533,-2.9581,-1.3451,-0.42417,-0.028319,0.48838,-0.98713,0.70937,-0.2519
3.373,-1.9534,2.9432,-2.0457,-2.633,-1.5908,-0.032826,0.27302,0.7539,-0.87355,0.52233,-0.57333
3.0164,-1.93,2.2311,-1.8112,-2.5454,-1.5148,0.11888,0.26425,1.1107,-0.97648,0.11202,-0.58038
2.9568,-1.9559,1.3199,-1.4351,-2.404,-0.99747,-0.1625,0.49326,0.72894,-0.90187,-0.39421,-0.49876
3.2052,-2.0525,0.78884,-1.6708,-1.9519,-0.99438,0.33006,0.33418,1.0386,-0.96598,-0.69845,-0.45966
3.9191,-2.3213,0.68286,-1.7717,-1.805,-0.98474,0.12781,0.31597,1.1095,-0.86736,-0.99938,-0.3435
3.4257,-1.5633,-0.18294,-1.5445,-1.8046,-1.0745,0.28588,0.2115,1.228,-0.73937,-1.0479,-0.33484
4.0424,-2.0661,0.096793,-2.3498,-0.98227,-1.4253,0.53948,-0.081241,1.0231,-0.42187,-1.1465,-0.42018
4.4332,-2.3771,-0.36753,-1.8888,-1.3596,-0.99483,0.10541,0.13774,0.98268,-0.10648,-1.1216,-0.2248
4.3302,-1.6141,-0.51193,-1.7729,-1.0741,-1.4165,0.084791,-0.40161,1.1539,-0.065955,-1.0053,-0.20648
4.5798,-1.324,-0.72009,-1.5665,-1.1078,-1.4815,-0.21989,-0.40689,0.88077,0.074854,-1.2431,-0.47163
5.3767,-0.68868,-0.38463,-1.6359,-1.0428,-1.5677,0.0024153,-0.95956,1.2369,0.20531,-0.96883,-0.67405
5.4961,0.0024919,0.090831,-1.282,-0.63475,-1.7939,-0.50702,-0.68106,0.96215,0.25071,-0.74757,-0.55188
5.2947,-0.041213,0.68204,-0.65145,-0.37238,-1.5018,-0.988,-0.11881,0.47007,0.24257,-0.37303,-0.41871
5.189,-0.19605,0.98798,-0.75402,-0.44267,-1.374,-1.1267,0.13958,0.26366,-0.54165,0.02387,-0.19295
6.0933,-0.76205,1.0855,-0.75838,-0.35689,-1.5564,-0.5136,-0.15393,-0.1132,-1.0015,-0.35499,-0.66778
5.8617,-1.7292,0.64429,-0.78841,-0.61625,-1.0874,-0.27584,-0.55575,0.32635,-0.89143,-0.95283,-0.73691
5.3964,-1.5143,-0.10756,-0.4206,-0.64951,-1.1192,-0.17905,-0.34296,0.97738,-0.90535,-1.1466,-0.78557
5.5342,-1.7769,0.68433,-0.27336,-0.84523,-1.146,-0.88516,0.4276,0.4384,-1.2263,-0.27102,-0.80866
5.6675,-2.2908,0.015023,-1.0445,-0.9527,-1.5053,-0.95982,0.36448,0.3117,-1.1388,-0.092544,-0.55069
5.9691,-2.4321,-0.15705,-0.8567,-2.0294,-1.6384,-0.68117,0.37235,-0.12181,-1.6386,-0.38639,-0.9742
6.0493,-2.5904,-0.040617,-0.42824,-3.0712,-2.3048,-0.8334,0.35001,-0.0047611,-1.517,-0.59518,-0.81361
6.7327,-2.3782,-0.44577,-0.22824,-2.5992,-1.9494,-0.72508,0.052289,-0.37722,-1.1712,-0.58898,-0.58446
6.2524,-2.2387,-0.40579,0.30685,-1.945,-1.6985,-0.55899,-0.17097,-0.41995,-1.0328,-0.58255,-0.57112
5.6691,-2.4268,-0.38856,0.30643,-1.7782,-0.62579,-0.53767,-0.25379,-0.33966,-1.4287,-1.1696,-0.41227
-1.9018,-0.70035,-1.6131,-1.1127,-1.6056,-1.839,-0.98513,-0.53203,-0.6222,-1.2438,-1.0873,-1.0882
-3.2196,-0.39754,-2.3821,-1.0594,-1.5896,-1.0215,-0.21277,-0.1923,-0.75011,-0.30431,-0.25613,-1.4563
-3.2676,2.1485,-2.4175,-1.1449,-1.8692,-1.6311,-0.61738,-0.39751,0.37389,-0.49935,0.72359,-0.3507
-3.4724,1.8741,-2.4916,-0.8301,-0.71225,-1.4655,-0.39984,0.23267,0.44936,-0.41028,0.12193,-1.0318
-2.2288,0.95018,-3.1915,-2.4674,0.010456,-1.5799,-0.75239,-0.28149,-0.86866,-0.032397,-0.05837,-0.62008
-1.3249,2.1556,-1.8133,-2.0105,0.33785,-1.5616,-0.99763,-0.76392,-0.83848,0.83597,-0.45088,-0.32019
-1.1926,0.85962,-3.0382,-1.2429,1.0115,-1.287,-1.6013,-0.86972,-0.80433,0.43208,-0.23097,-0.46968
-1.822,1.4046,-3.297,-1.8049,0.79829,-0.83175,-1.0351,-0.68049,0.56046,0.37361,-0.67969,-0.67989
-0.67373,2.2445,-1.6469,-0.97613,0.4256,-2.2631,-1.0085,-0.40574,0.32803,0.56874,-0.30521,-1.4839
-1.7276,1.821,-2.4912,-1.1194,0.33864,-1.6511,-0.57371,-1.0721,0.24594,0.37772,-0.10301,-1.5904
-2.1441,1.1679,-3.1478,-1.4655,0.80474,-1.3162,-0.84389,0.40852,0.82513,0.1185,0.032197,-1.1623
0.01419,0.68826,-2.5915,-1.148,0.063642,-0.82702,-0.11747,0.36259,1.0683,0.40663,0.39267,-1.4959
-0.99653,1.1243,-2.9845,-1.4271,-0.8198,-1.2792,-0.92294,-0.086145,1.2482,-0.41768,-0.18016,-1.9043
-2.8051,-0.057638,-3.2852,-1.5869,-0.88231,-2.1404,-1.3875,0.95621,0.13442,-0.41375,0.06138,-1.2051
-0.99398,0.23543,-2.7914,-0.97512,0.21249,-2.0052,-1.3353,0.70178,0.21523,-0.5702,-0.28304,-1.3403
-1.0872,-0.51338,-3.6524,-1.4047,-0.15613,-1.3905,-0.52,0.45781,-0.26509,-1.3406,-0.15442,-0.97818
-0.59566,1.0713,-3.3528,-1.1736,0.63548,-1.891,-1.7902,-0.39855,0.21278,-0.8584,-0.57315,-0.67879
2.3505,1.6882,-2.1308,-1.1457,0.10575,-2.1447,-1.2256,-0.71405,0.69162,-0.9907,-0.11066,-0.33394
2.256,1.7855,-2.8636,-0.26201,0.15332,-1.3443,-0.9538,-0.052577,0.14955,-0.86933,-0.56189,-0.91617
2.6739,1.8818,-3.454,-0.96656,-0.58658,-1.7434,-0.68733,-0.14628,0.10678,-0.74505,-0.13666,-1.0822
2.6054,1.7721,-3.3992,-0.94291,-0.48842,-1.6655,0.066074,0.41998,0.67101,-0.4127,-0.5506,-1.0508
4.4454,1.4432,-3.1434,-0.87897,-0.84653,-1.7128,-0.6798,-0.91007,0.0063754,-1.2576,-0.48727,-1.0251
3.1658,1.3694,-3.2993,-0.59131,-0.89102,-1.4679,-0.56313,0.52178,0.38587,-1.2927,-0.66215,-1.7366
3.7033,1.6821,-4.0515,-0.67633,-1.4781,-1.7496,-0.69424,0.0045851,1.2041,-0.91369,-0.2928,-0.99077
4.1793,1.839,-4.3579,-0.74245,-1.1622,-1.579,-0.11512,-0.20108,1.9674,-1.0153,0.28147,-0.79077
3.2767,1.8669,-4.3463,-0.98103,-1.393,-0.52253,0.31846,-0.12674,1.2819,-0.79545,0.85885,-1.2422
2.5593,1.2463,-1.7534,-0.94692,-2.4294,-0.25245,-0.22771,-1.3303,0.60206,-1.3715,-0.97006,-1.6108
3.9079,2.8501,-1.6488,-0.84109,-2.6398,-1.5016,-0.33177,-0.77519,1.1965,-1.7065,-1.2033,-1.492
4.7698,3.646,-1.1357,0.081847,-2.5568,-1.7643,-0.43955,-0.46684,0.75122,-1.5538,-0.63018,-1.3601
3.8978,2.4706,0.12385,0.12278,-3.1249,-0.52653,0.22474,-0.48332,0.32105,-1.9269,-1.2558,-1.5111
4.1164,2.0523,0.12357,0.78332,-3.1752,0.13538,-0.037337,-0.65211,-0.48963,-1.2909,0.12541,-1.1654
4.4399,2.8963,0.99418,0.6242,-3.5814,-0.62908,-0.43972,-0.78879,-0.095917,-0.73647,-0.28424,-0.85215
4.6423,2.0451,2.4806,1.3035,-3.8723,-1.3527,-0.46215,-0.58934,-0.44173,-1.0343,-0.048857,-0.68455
4.9449,1.8078,3.4947,3.0152,-3.9085,-1.3528,-0.31365,-1.1332,-0.84843,-0.82953,0.85767,-0.94759
5.5451,1.9987,2.9436,2.6296,-4.0116,-1.915,-0.087998,-0.58613,-0.68593,-0.76772,0.66413,-0.41851
6.293,2.3351,1.8356,2.1372,-3.3978,-1.9071,-0.45406,-0.36317,-0.35677,-1.0412,0.47707,-0.39333
5.831,2.4018,3.4523,1.6409,-3.7361,-0.78904,-0.65044,-0.94088,-0.0059197,-1.561,0.3775,-0.33987
5.7305,2.2524,1.726,1.8941,-2.2623,-1.7058,-0.46949,-0.4742,-0.73868,-0.70574,-0.067511,-0.28174
6.1265,1.8284,2.7213,3.195,-3.1693,-1.9973,-0.6415,-0.87544,0.062507,-1.5126,-0.083225,-0.54435
5.2161,2.6012,1.7992,2.1013,-0.96015,-1.8037,-1.1736,-0.69236,-0.82168,-0.64839,0.021443,-0.15504
6.8134,2.6062,1.558,2.9142,-2.3188,-1.9476,-1.276,-0.5361,0.71441,-1.2954,0.21649,-0.81117
4.7101,1.8985,2.2979,1.5064,-2.1102,-1.1798,-0.34638,-0.24715,0.10821,-0.40551,-0.0055131,-0.68164
6.3188,2.4972,1.3014,3.0285,-1.7414,-1.888,-1.6544,-0.17506,0.89403,-0.91647,-0.21694,-1.2791
5.8311,3.2034,1.5152,3.1786,-2.3096,-1.4848,-1.1227,-0.7767,0.97861,-0.65002,-0.10599,-1.8353
6.0712,3.4985,1.4192,2.9369,-2.5387,-1.799,-0.79695,-0.88709,0.8492,-0.95424,0.62093,-1.3257
5.8468,2.5233,1.5461,3.3286,-1.3534,-2.4402,-1.2145,-0.84848,0.74358,-0.50951,0.25602,-1.1313
6.5299,2.6741,1.8213,3.0918,-2.0898,-2.6253,-1.1916,-0.39227,1.0031,-1.2191,0.13446,-0.9638
5.9228,2.0128,1.7061,2.1266,-1.0704,-2.2316,-1.142,-0.2863,-0.048655,-0.35347,-0.38587,-0.47706
6.7867,1.3722,3.1277,3.0446,-2.3324,-2.1572,-1.3999,-0.56608,0.3631,-0.7315,-0.018007,-0.62381
5.5223,1.1756,3.5703,2.3334,-2.3554,-1.9277,-0.92559,-0.6271,-0.35784,-0.98728,0.10549,-0.23339
4.9451,0.89664,4.1101,2.1667,-3.0545,-1.7307,-0.45303,-0.7929,-0.76519,-0.84222,0.36708,-0.22133
4.6183,0.48367,5.5953,0.70667,-3.6416,-1.2493,-0.46757,-0.6199,-0.92871,-0.31025,0.44686,-0.92081
4.2379,0.75338,6.5032,0.054342,-4.1379,-0.88424,-0.67436,-0.82785,-0.42749,-0.57239,0.57733,-0.95709
2.7942,1.4896,6.9968,-0.12019,-4.01,-1.1201,-1.2266,-0.44915,-0.016819,-0.74098,0.5414,-0.95462
2.1939,1.8663,6.1911,-0.68122,-3.2346,-0.8625,-1.2113,-0.99297,-0.20742,-1.0089,1.0594,-0.80313
1.761,1.9014,5.7484,-0.74184,-2.7507,-1.1139,-1.1261,-1.198,-0.39268,-0.51811,0.89546,-0.30815
1.197,2.332,5.5665,-0.070643,-2.8757,-1.7216,-0.78756,-1.2099,-0.2301,-0.75602,0.95575,-0.077986
1.1425,2.973,5.087,0.15452,-2.8328,-1.744,-0.19166,-1.4981,-0.54435,-0.72103,0.80877,0.32242
1.5553,3.0559,4.5813,0.63266,-2.6197,-1.77,-0.27689,-1.7988,-0.4554,-0.57548,1.028,0.1654
1.7272,2.8807,3.9009,1.1028,-3.1281,-1.35,-0.42397,-1.1569,-0.26102,-0.59652,0.56634,0.080891
1.8523,3.8308,3.0936,1.0917,-2.9457,-1.4613,-0.20725,-0.86835,-0.70109,-0.048915,0.19405,0.29445
2.2225,4.031,3.0234,1.0335,-2.4957,-1.2253,-0.31506,-1.5225,0.10685,-0.83885,0.89841,-0.63882
2.7416,3.9935,3.5364,1.097,-2.9332,-1.5389,-0.57602,-1.2887,-0.23195,-0.94078,1.0826,-1.0817
2.793,2.8666,3.2726,-0.10264,-2.7991,-1.7039,-0.88695,-1.8914,-0.53667,-1.1073,0.58702,-0.65161
2.8192,3.2202,3.3028,0.36915,-3.1499,-1.3029,-1.3372,-1.9965,-0.26635,-1.2851,0.75878,-0.45665
1.9993,2.2725,2.4676,0.18006,-3.0259,-0.64834,-1.2301,-1.9042,-0.11585,-1.0417,0.9317,-0.54137
2.4315,2.6542,2.864,1.3645,-3.0846,-0.86362,-0.777,-1.7576,-0.25983,-1.3219,0.59032,-1.0636
3.2413,2.8857,2.3379,1.0639,-3.3752,-1.3205,-1.29,-2.6006,-0.18479,-0.82387,0.39182,-0.45301
2.8099,2.6308,1.4166,0.5981,-2.9483,-1.2003,-0.96387,-2.3651,-0.44225,-0.78649,0.46449,-0.37766
2.6068,2.5367,1.0901,-0.21662,-3.2626,-1.4602,-0.68602,-1.7791,0.36697,-0.40566,0.37201,0.15052
2.5275,2.4584,0.62533,-0.04037,-2.4972,-1.7003,-1.2649,-2.0322,-0.48964,-0.68243,0.39663,-0.29821
2.4903,3.1884,0.81403,0.36046,-2.5899,-1.3754,-1.5759,-2.2465,-0.31626,-1.2007,-0.068066,-0.93159
3.5698,3.6987,1.4408,0.29004,-2.159,-1.2547,-1.6658,-1.9051,-0.77115,-1.1437,0.31541,-0.60051
3.2456,4.3315,1.1133,0.77151,-2.1738,-1.9419,-1.3423,-1.5594,-0.60186,-1.2952,0.77969,-0.85029
3.1615,4.146,0.90657,0.9285,-2.0347,-1.4351,-1.062,-1.5472,-0.02203,-0.8945,0.69851,-0.6547
3.0257,3.2113,0.11238,0.17835,-2.0941,-1.1436,-0.98906,-1.4736,-0.38839,-0.78155,1.02,-0.43248
2.7083,2.4625,0.14846,-0.45874,-3.0053,-2.0044,-1.6735,-1.9267,-0.42546,-0.42189,1.2354,-0.19045
3.8459,3.6568,0.53033,-0.47018,-2.8556,-2.6406,-1.9689,-1.9939,-0.24747,-1.0435,0.88296,-0.79187
3.2377,3.5337,0.12257,-0.21519,-2.1879,-2.1238,-1.8827,-2.1862,-0.70988,-1.3339,-0.007306,-0.32328
3.8939,4.7274,1.014,0.81836,-2.0206,-1.5824,-1.5314,-2.2299,-0.76749,-1.025,0.41756,-0.52113
3.1827,4.2303,1.3479,1.4905,-1.8548,-1.9135,-1.4248,-2.101,-1.2121,-1.2218,0.6681,-0.64207
3.1377,4.2583,0.84935,1.0584,-1.8448,-1.802,-1.0999,-2.0223,-1.0766,-1.224,0.5996,-0.59107
-3.7385,2.0063,0.97085,0.4152,-2.3146,-0.61763,-1.3293,-0.42276,-0.70836,-0.56668,-0.45232,-1.1015
-3.9387,2.5806,-1.4117,-1.0678,-4.0459,-1.9293,0.058313,0.082119,0.012427,-0.77638,-0.056668,-0.24789
-3.3907,2.7172,-3.5314,-1.0927,-1.7085,-1.839,-0.84643,-0.66884,-0.81994,-1.089,-0.43686,-0.86355
-4.6255,3.1598,-2.7833,-0.50727,-2.294,-2.3114,-0.22021,0.065223,-0.08455,-0.21285,0.10013,0.15962
-5.1527,3.6367,-1.6498,-0.19139,-1.1876,-2.2727,-0.33269,0.023936,-0.29252,-0.55605,0.3305,-0.45965
-3.9446,4.1221,-0.72291,-0.020788,-0.30223,-1.847,-1.3754,-0.35899,-1.2183,-1.4445,-0.44602,0.1323
-1.3835,4.1967,-0.83358,0.7012,-0.5647,-2.2787,-1.3168,-1.1224,-0.87764,-1.1867,-0.5322,-0.060027
-1.1685,3.7435,-1.3767,1.1282,-0.79134,-1.9315,-0.84173,-0.76818,-0.69176,-1.3266,-0.61951,0.1866
-1.3197,3.854,-1.0715,1.3119,-0.30328,-1.5297,-0.27225,-0.94819,-0.83803,-1.7729,-0.40053,-0.3269
-0.66883,4.2595,-0.88734,1.2841,-0.53748,-2.0315,-0.41861,-0.94155,-0.03168,-1.2541,-0.46262,-0.51197
-0.65718,4.3615,-1.2183,0.63921,-1.0643,-1.7403,-0.8237,-0.97652,-0.30533,-1.2146,-0.27486,-0.90488
0.29474,4.6608,-0.86578,0.76431,-1.1006,-1.438,-0.9509,-1.4559,-0.89944,-1.4786,-0.26676,-0.70315
0.38297,4.763,-0.47959,0.7575,-0.84656,-1.0653,-0.63831,-1.039,-0.61056,-1.0836,-0.47247,-1.1489
0.67561,3.8747,-0.82664,0.47298,-1.1066,-0.90082,-1.0608,-1.3021,-0.81373,-1.035,-0.037506,-0.96849
1.2333,4.265,-0.11805,0.89663,-1.5759,-1.1666,-1.7363,-1.6095,-1.1144,-1.0066,-0.17418,-0.69122
1.1673,3.6122,-0.19126,0.74766,-1.234,-0.9434,-1.1452,-1.1012,-0.64269,-0.88891,-0.16116,-0.80853
1.3705,6.9049,0.016496,0.53966,-1.5047,-2.5476,-1.6902,-1.5885,-0.66539,-0.6909,-0.054089,-0.6543
-1.4969,7.4262,-0.53437,0.54362,-0.51684,-1.7787,-0.52769,-0.51168,-0.16001,-0.54837,0.44892,-0.31444
-4.2727,7.4736,0.66057,0.96949,0.11476,-1.1708,-0.047165,-0.58424,-0.81503,-1.4452,0.14038,-0.29554
-6.4571,6.1996,0.56931,0.88325,-1.0762,-1.4736,0.13038,-0.28092,-0.68881,-0.47918,-0.11178,-0.5636
-8.4713,5.4319,0.53816,1.3098,-0.34751,-0.6946,-0.26738,-0.95285,-0.020972,-0.36346,-0.046941,-0.98025
-9.0121,5.0877,-0.2363,0.77475,-0.70502,-0.74433,-0.47371,-0.99549,-0.84423,-1.503,-0.72853,-0.73382
-10.138,4.5675,-1.2131,0.5909,0.086222,-0.87596,-0.29081,0.0045685,-0.6573,-1.8377,-0.40839,-0.71375
-10.799,5.2413,-0.87676,0.41396,-0.53068,-1.3033,-0.24376,0.37996,-0.3663,-0.83956,-0.01511,-0.78578
-8.7892,4.0667,-3.5098,-1.0084,-0.54833,-0.7879,-0.64332,0.27986,-0.14882,-0.88622,-0.12378,-0.070092
-6.5411,3.0467,-5.0141,-1.9537,-1.0735,-1.5766,-0.68491,0.11643,0.20352,-0.91095,0.16676,-0.14282
-8.1353,3.8746,-2.2104,0.20046,-0.41749,-1.1544,-0.80466,-0.18029,-0.57862,-1.0936,-0.18876,-0.53841
-8.158,3.919,-1.8054,-0.41111,-1.1442,-0.078797,-0.047547,-0.50322,-1.2014,-1.2602,0.13365,-0.30533
-8.4509,3.6881,-1.2327,0.13551,-0.62825,-0.29152,0.098646,-0.011571,-0.92345,-1.0301,-0.26793,-0.92947
-8.2849,4.2703,-1.5643,-0.029753,-0.40092,-0.011736,-0.20579,-0.7983,-0.56513,-1.6429,-0.17151,-0.74564
-8.5879,4.0289,-1.6557,-0.39565,-0.61954,-0.67145,-0.99473,-1.37,-1.0675,-0.76473,0.11181,0.01511
-9.7409,3.3996,-1.7798,-0.52492,-0.87749,-0.26106,-0.42271,-0.90756,0.16863,-0.31492,0.23051,-0.24049
-9.571,4.7098,-1.7058,-0.81356,-0.81361,-0.63684,-1.0889,-0.54654,-0.26104,-0.41808,0.16152,-0.32126
-9.5815,5.323,-0.54005,-0.39748,-0.82916,-1.48,-1.1397,-0.44632,-0.23165,-0.59081,-0.040096,-0.51511
-9.4534,5.0385,-0.12958,-0.0013677,-0.28863,-0.099052,-0.56801,-0.76669,-0.045448,-0.47313,-0.033091,-0.79161
-9.5715,5.6787,-0.95059,-1.0357,-0.90793,-0.9727,-0.23948,-0.4107,-0.24146,-0.99735,-0.10083,-0.41327
-9.7276,4.9883,-1.0491,-0.98597,-0.49371,-0.81613,0.27948,-0.93488,-0.064837,-0.60518,-0.23598,-0.66188
-10.263,4.7959,-0.27142,-0.42757,-0.36717,-1.8256,-0.38854,-1.1775,-0.47575,-1.3294,-0.14108,-0.39671
-9.9269,3.7921,0.029423,-0.9149,-0.60913,-0.94775,0.35624,-0.12767,-0.6876,-0.90486,-0.11364,-0.8765
-9.6086,4.5932,0.89315,-1.444,-0.56598,-1.4147,0.051896,-0.85415,-0.056523,-0.42837,-0.14362,-0.15143
-8.9675,3.2748,1.5783,-1.0892,-1.119,-1.751,0.68945,-0.42022,-0.95007,-0.32196,-0.31146,-0.58187
-8.3173,2.9466,1.1399,-0.63229,-1.0624,-1.163,1.6998,-0.11403,-1.167,-0.53827,-0.023948,-1.1923
-6.7041,2.4434,1.9965,0.24683,-1.1402,-1.3678,1.4736,-0.48481,-1.4166,-0.11069,0.95927,-0.12369
-2.1466,3.8838,2.6821,0.23755,-1.4683,-1.4996,0.79423,-1.0469,-0.43854,0.0086832,0.72136,-0.14804
-0.3904,4.8643,4.7143,0.073141,-2.8693,-2.112,0.12211,-1.5199,-0.649,-0.15282,0.61344,-0.22718
0.91844,4.7272,5.4511,-0.10715,-2.7828,-2.3322,-0.14033,-1.4042,-0.77654,-0.067724,0.5112,-0.27223
0.68948,4.1708,5.2621,0.50228,-3.2487,-2.0479,-0.75028,-1.3893,-0.41789,-0.19049,0.83301,-0.22626
1.0175,3.3797,4.8149,-0.62769,-2.5887,-1.3536,-0.34053,-1.2491,-0.58934,-0.22715,0.66938,-0.40079
1.2273,3.798,4.265,-1.004,-2.083,-1.8624,-0.11233,-2.0718,-0.52384,-0.11029,0.70897,-0.20565
1.8895,3.8838,4.3996,-0.7514,-2.2438,-1.6947,-0.47879,-1.6931,-0.85882,-0.23454,0.70108,-0.43723
2.1037,3.2645,5.0584,-0.50324,-2.5076,-1.8048,-0.54556,-1.6014,-0.85333,-0.12811,0.88083,-0.60184
1.5561,3.4627,4.0454,-0.91404,-1.683,-1.5081,-0.12775,-1.5904,-0.71855,0.49578,0.33512,-0.30539
-0.16661,5.2934,4.032,-0.97387,-1.9433,-1.6391,-0.066416,-1.8715,-0.76021,0.68942,0.81243,0.062269
-0.58458,4.4243,4.0911,-0.99207,-1.296,-1.7327,0.09381,-1.3415,-1.2063,0.87862,1.5448,0.13322
-2.3082,4.978,3.4087,-0.12397,-1.4375,-2.0332,0.7483,-0.51473,-0.51523,0.81794,1.5797,-0.036444
-3.7018,6.1539,2.2626,0.32184,-1.128,-1.0609,0.5102,-1.1096,-1.0033,-0.80485,1.1167,-0.36891
-5.1045,7.2177,2.1111,0.2659,-0.76238,-1.9673,-0.322,-1.1021,-1.327,-1.0525,0.81919,-0.37823
-5.9209,6.6739,0.36484,-0.31742,-1.0157,-1.5409,-0.047403,-0.25855,-1.0091,-1.2585,0.13942,-0.73455
-6.7952,6.2132,0.33854,-0.44967,-0.68127,-0.25086,0.13843,-0.90727,-0.63065,-0.33152,0.15213,-1.1554
-7.5267,5.861,0.3903,0.83674,0.46803,-1.0627,0.067875,-0.96979,-0.86118,-0.59219,-0.22875,-1.0309
-7.5951,6.0592,0.76008,0.24383,-0.086091,-0.56313,0.085441,-0.11244,-0.85991,-1.0873,-0.50176,-0.85128
-8.3833,5.771,0.34675,-0.26496,0.41219,0.14912,-0.42149,0.044934,-0.52255,-1.4167,-0.46019,-0.53559
-8.5014,5.9838,-0.14973,0.70743,-0.14277,-1.3865,-1.0702,-0.62458,-0.73256,-1.5857,-0.10211,-0.16272
-8.7285,5.5933,0.042404,0.53388,-0.45561,-0.99558,-0.27022,0.15865,-0.75868,-1.6435,-0.18471,-0.34956
-9.236,5.2852,-0.54537,0.014273,-0.35092,-0.92935,-1.0568,-0.53861,-0.51877,-1.3739,0.038376,-0.39627
-9.4401,4.7739,-1.0661,-0.27414,-1.2006,-1.5006,-0.79335,-0.32331,-0.29165,-1.8213,-0.10086,-0.1798
-8.3941,4.7356,-0.56522,-0.59897,-1.1058,-1.4179,-1.0238,-1.0203,0.23179,-1.3195,-0.48783,-0.40498
-7.855,5.1081,-0.38895,-0.045761,-0.91956,-1.1524,-1.1619,-1.3012,-0.016637,-1.2022,-0.2533,-0.38324
-8.4696,6.2448,-0.36788,-0.35749,-1.0175,-1.9134,-1.6139,-0.7755,0.48807,-1.2645,-0.41989,0.1466
-8.3809,6.8533,-0.34899,-0.25252,-0.32353,-0.56372,-0.52,-1.4117,-0.93299,-1.7176,-0.64653,-0.68143
-8.9475,5.1216,-0.46245,0.46499,-0.53365,-1.3514,-1.0694,-1.1159,-0.5183,-1.4554,-0.31193,-0.14906
-8.5237,5.4347,-1.574,0.049218,-0.28581,-1.224,-0.98577,-0.52584,0.01722,-0.87734,-0.43359,0.048775
-8.4617,5.3825,-0.73251,-0.039894,-0.75613,-1.538,-1.0645,-0.21638,0.73139,-1.7793,-0.55751,-0.21704
-8.8739,5.4741,-0.52013,0.17002,-0.7087,-1.4967,-0.49084,-0.71608,-0.050897,-0.92647,0.25354,-0.1346
-8.3484,5.4336,-1.3316,-0.84247,-0.091578,-1.1368,-1.1456,-0.45157,0.23981,-1.1003,-0.46403,-0.54759
-7.6199,5.2363,-0.63876,-0.11078,-0.63724,-1.7679,-0.84916,-0.79002,-0.336,-1.3027,0.41038,-0.10726
-6.6218,5.06,-1.1107,0.3602,-0.59168,-2.2196,-1.0942,-0.86731,-0.014727,-0.82659,-0.11888,-0.69239
-6.228,4.8913,-1.3485,-0.011157,-1.3046,-2.5655,-0.97924,-0.6928,0.31338,-0.11372,-0.35211,-0.264
-5.5988,3.4853,-1.5241,-0.00029406,0.86718,-2.5441,-1.0903,-0.74046,0.058901,-1.0982,-0.23058,0.12124
