-0.54827,0.80505,-0.46482,0.41358,-0.30151,-0.041789,-0.080453,-0.37749,0.14612,-0.48934,0.30658,-0.38856
-1.4461,1.5466,-1.0232,0.67239,-0.48843,-0.12491,0.037683,-0.66616,0.61872,-0.95832,1.0536,-0.89375
-5.9999,-1.0824,3.1965,-2.0266,0.0021068,-0.65163,-0.60087,0.2405,-0.39116,-0.065631,0.17029,-1.371
-4.0953,-1.6568,-1.1048,-3.8678,-0.60952,-0.55111,-0.28126,-0.0081873,0.10063,0.94535,0.463,-1.1445
-2.9471,-0.3394,-1.5414,-3.4132,-0.53789,-1.6315,-1.164,0.11936,-0.25211,1.0394,0.42583,-0.94063
-3.5557,-1.4251,-2.0968,-3.5446,0.039033,-1.8544,-1.6814,0.62271,-0.2435,0.5527,1.269,-0.025691
-2.811,-1.1533,-2.5935,-3.6026,-0.27332,-0.86882,-1.018,0.94051,0.1019,-0.23044,0.42611,-0.34097
-3.5672,-0.4033,-2.4627,-2.5972,0.10374,-0.061365,-0.91992,-0.41122,-0.63173,-1.0322,-0.59538,-0.76592
-2.2026,0.46779,-2.5789,-3.5558,0.050633,0.5456,-0.92843,-0.4692,-0.70179,-1.2243,0.56148,-0.90949
-1.8352,1.3545,-2.458,-3.4409,-0.30818,-0.23702,-0.69819,0.070747,-0.38396,-1.4554,0.29018,-0.54078
-2.6213,1.6721,-1.5414,-1.8707,-0.20625,-0.85093,-1.1538,0.2006,0.064249,-0.63057,0.18299,-0.70755
-2.784,2.6244,-2.5896,-2.6705,-0.21303,-0.57239,-1.0859,-0.7264,0.01977,-0.50214,0.12376,-1.021
-0.65879,4.1226,-2.943,-3.2146,-0.98398,-0.50534,-1.0773,-0.36019,0.95752,-0.30437,0.57134,-1.8251
-1.5083,3.9466,-2.3353,-3.768,-0.20685,0.61998,-0.43075,0.35622,0.42797,-0.37452,0.85043,-1.1483
-1.0452,3.7528,-2.4792,-3.2036,0.29372,0.88464,-1.0176,-0.011161,0.63893,-0.76152,0.83457,-1.1232
-0.67103,4.6804,-2.4077,-3.4185,0.39725,0.069363,-1.0437,-0.3793,-0.020639,-0.93359,0.73336,-1.5259
-1.5809,4.7628,-2.3352,-3.1967,0.80549,0.46376,0.12648,1.0042,-0.14213,-0.7446,0.86449,-1.1641
-2.2777,3.4095,-3.6803,-5.0266,-0.30734,-0.37986,-0.64557,0.43793,-0.43101,-0.04799,1.1016,-0.73392
-1.3877,2.9368,-3.7637,-4.353,0.080192,0.38662,-0.22215,-0.043083,-0.45725,-0.59286,0.65147,-1.4451
-0.6446,4.4379,-3.6732,-4.5078,0.33012,0.24156,0.24162,0.7166,-0.34949,-0.24142,1.1007,-1.0044
0.14197,4.1399,-3.1426,-3.4938,1.1884,0.43314,0.40304,1.1985,0.19079,-0.262,1.287,-0.91816
4.1195,7.1773,-1.3446,-3.3648,0.26652,-0.41553,-0.030848,0.060403,-0.40363,-1.3906,0.87203,-0.64573
5.7301,4.897,0.13757,-3.6288,-2.5492,1.4057,0.14511,-1.4392,0.35165,-1.1674,1.1036,-1.295
5.6347,5.1457,0.15148,-4.3299,-1.9493,1.2235,0.065073,-1.1953,0.26109,-0.53645,0.7413,-1.5373
6.1908,4.4244,-0.44154,-3.7476,-2.1525,1.6027,-0.077442,-1.225,0.58449,-0.69943,1.3428,-1.4243
6.0116,4.6442,0.059361,-4.2095,-2.0066,1.2944,0.070268,-1.1601,0.48147,-0.6914,1.0874,-0.97992
5.9856,4.2793,-0.35828,-3.5871,-2.1194,1.4674,-0.18544,-1.329,0.6691,-1.0156,1.5626,-1.5965
6.4458,3.3836,-0.11466,-3.3448,-2.2103,1.0881,0.020788,-1.1984,0.75009,-1.2581,1.1132,-1.1325
6.8662,3.4764,-0.33312,-3.5755,-2.8074,1.7322,0.12792,-1.5327,0.64566,-1.4183,1.4374,-1.3993
5.877,2.4598,-0.62726,-2.7939,-2.3737,0.76923,-0.085413,-0.50796,0.26808,-1.0992,0.4472,-0.41574
6.9724,1.7172,-0.2712,-3.3392,-2.8314,1.9479,0.16892,-1.3756,1.0055,-1.7569,1.6851,-1.4612
5.6317,1.2876,-0.85224,-2.9698,-2.04,1.0355,0.13345,-0.36525,-0.027781,-0.82173,0.3746,-0.047776
6.9447,0.84847,-0.94971,-3.0104,-2.7238,2.4031,-0.18621,-0.90677,0.35892,-1.2671,1.3923,-1.0245
6.1738,0.48988,-0.86871,-3.0717,-2.2383,1.8994,0.024138,-0.89783,0.32777,-0.76086,0.7956,-0.65918
6.4021,-0.12617,-0.61417,-3.3876,-2.015,2.0231,0.022868,-1.1055,0.35164,-0.47428,0.97723,-1.1859
6.1358,-0.50421,-0.46072,-3.5396,-1.4272,1.4531,0.23701,-1.2225,0.55131,-0.2548,0.59193,-0.94385
5.6294,-0.41051,-0.51525,-3.3073,-1.5374,1.3874,0.17784,-1.0561,0.41207,-0.14096,0.22535,-0.65559
5.4163,-0.35042,-0.76341,-3.2451,-1.5002,1.2165,0.41086,-1.3086,0.60943,-0.27915,0.26324,-0.69686
5.3385,-0.38886,-1.0173,-3.1912,-1.5783,1.3298,0.26235,-1.1037,0.37731,-0.13999,0.17819,-0.57856
5.5039,-0.60245,-1.0637,-3.2644,-1.4222,1.3028,0.36224,-1.1951,0.60853,-0.14944,0.33819,-0.70211
5.4315,-0.57904,-1.6877,-3.1128,-1.3978,1.4796,0.70092,-1.3231,0.63649,-0.53886,0.77128,-1.1335
5.8465,-0.33742,-2.2579,-2.9466,-1.2555,1.5091,0.48338,-1.0859,0.31205,-0.2969,0.41844,-0.9256
5.398,0.17013,-2.2913,-3.2673,-0.67223,1.4485,0.42121,-1.2008,0.24367,-0.026033,0.3096,-1.2853
6.2007,0.64234,-2.8647,-2.6774,-0.78146,1.3275,0.57931,-1.1545,0.2257,-0.087313,0.46895,-1.5899
5.2857,0.93102,-2.6447,-3.5018,-0.85335,1.322,0.60048,-0.71312,0.76312,-0.12341,0.9978,-1.9263
4.9525,0.053668,-2.4223,-2.8142,-0.41727,0.84017,0.82642,-0.75359,0.58828,0.26262,0.75065,-1.8567
5.9914,1.0108,-2.7265,-3.4716,-0.8005,0.6086,0.32138,-1.8943,0.27071,0.094733,0.18321,-1.8345
3.9454,-0.40942,-1.6901,-3.1949,0.032277,-0.073401,0.68035,-1.2601,0.12073,0.021698,-0.030259,-2.2505
4.1782,1.1766,-2.4536,-3.2815,-0.50199,0.65811,0.32384,-1.7729,0.25166,-0.32534,0.11654,-2.1593
3.7038,0.32905,-2.9942,-2.1117,-0.13478,0.82846,0.061077,-1.7873,-0.59079,-0.32324,0.59669,-1.7296
3.6229,0.16858,-2.2466,-2.7749,-0.39641,0.33508,0.087591,-1.4154,-0.93498,0.29383,0.031989,-2.1568
4.6686,1.7747,-2.5752,-1.9347,-0.64549,1.3285,0.23608,-2.3702,-0.25202,-0.59845,1.2567,-1.2602
4.8672,1.9276,-3.8377,-1.621,-1.7021,0.68073,0.028268,-2.1051,0.12876,-0.29627,1.358,-1.4143
4.8261,1.2954,-3.7319,-2.2325,-1.1044,1.0541,0.11733,-2.0257,0.20576,-0.59205,0.44205,-1.9358
3.7396,0.64013,-5.1163,-2.6806,-1.3297,-0.29105,-0.95037,-2.1021,0.15616,-1.1574,0.93024,-1.8743
3.9775,1.7036,-5.0999,-2.301,-1.5906,-0.25213,-0.4934,-2.1582,0.36673,-0.40111,1.0568,-1.9223
4.2963,2.1325,-4.7063,-1.6382,-1.7952,0.14417,0.50241,-2.3495,0.43129,-0.74892,0.4122,-1.6969
5.2664,2.3138,-4.5219,-0.98181,-1.1692,0.59247,0.88439,-2.0549,0.96322,-0.67559,-0.10965,-2.1539
4.91,3.0982,-4.3046,-1.4185,-1.373,-0.13275,0.33096,-1.3724,1.2751,-1.1887,0.01722,-2.1912
4.1876,2.6933,-3.9497,-2.204,-2.4752,-0.61748,0.28046,-2.5301,0.34933,-1.1177,0.71896,-1.9909
4.7065,3.0804,-4.3852,-1.7059,-2.3446,1.0753,0.54807,-2.8007,0.78915,-1.1307,0.74379,-1.4634
5.7187,3.2002,-4.3419,-2.0044,-2.4707,0.92469,0.15374,-3.3958,-0.18253,-0.84925,0.65159,-1.4503
5.099,2.8387,-3.8889,-0.8547,-1.1281,0.54954,-0.0011083,-2.8939,-0.0058325,-1.0562,0.86428,-1.8536
5.1465,3.8165,-4.3979,-0.37804,-0.85633,1.3077,0.45943,-2.7717,-0.13744,-1.3873,0.88708,-1.6752
5.7053,4.0263,-4.146,-0.57406,-1.2103,0.46179,-0.1728,-2.4828,-0.12208,-1.7513,0.66056,-1.4596
5.5154,4.6635,-4.9681,-1.2461,-1.9966,0.52734,-0.11618,-2.4649,-0.2571,-1.65,1.1234,-1.5298
5.9049,3.9428,-4.6376,-1.2877,-1.4677,0.9906,0.31771,-1.7516,-0.0090323,-1.1823,1.2544,-0.84101
3.4027,0.2443,-4.4018,-1.9969,0.051003,-1.191,0.12138,-1.3559,-0.61399,-0.15474,-0.44019,-1.8368
4.8992,2.2191,-5.4959,-2.337,-0.27084,-0.29296,-0.2386,-2.1267,0.048919,0.26557,0.40794,-2.243
2.1325,0.089106,-3.8835,-1.2695,-0.33953,-0.90544,0.83086,-1.063,-0.35089,0.23246,0.1702,-1.2108
3.3832,1.1031,-2.8184,-0.86585,-0.56292,-1.3622,-0.16999,-1.8261,-0.65742,0.75056,-0.61137,-1.6398
2.6062,0.64747,-2.8566,-1.2999,-0.9599,-1.6293,0.22889,-0.52694,-0.39217,0.2471,-0.45949,-1.222
3.9134,1.9688,-2.2539,-1.2902,-1.0825,-1.6348,-0.22136,-1.2747,-0.40433,-0.18212,-1.0524,-1.945
1.4063,1.2057,-1.2118,-0.50127,-0.38322,-1.5996,-0.92482,-0.47224,-0.94137,0.28353,-1.4561,-1.5258
1.4575,2.3435,-1.9168,-0.71654,0.11472,-0.70131,-0.46549,-0.83247,-0.89858,0.40229,-0.34827,-1.2153
2.722,2.7731,-1.3891,-0.75681,0.28205,-0.11222,-0.39345,-0.8219,-1.0047,0.21397,-0.551,-1.1936
2.8868,2.4311,-0.99546,-0.34694,0.58464,-0.40947,-0.55116,-1.2656,-0.54631,0.031068,-0.1928,-1.5554
3.3518,1.4319,-1.217,0.11298,0.19635,-0.41079,-0.17098,-1.8134,-0.87457,0.10657,0.091001,-1.6357
4.1267,1.8962,-0.89729,-0.21675,-1.0266,-0.57017,-0.044865,-1.9068,-0.48386,-0.31696,0.36118,-1.5164
5.6455,3.6849,-1.0696,-0.097326,-0.78575,-0.28636,-0.24399,-2.2942,-0.93115,-0.97607,0.63427,-1.0431
6.7934,4.4836,-1.6488,0.37339,-0.96923,-0.12507,0.17943,-3.095,-0.84601,-0.91954,0.43933,-1.6575
5.7499,4.0105,-1.1782,0.15956,-0.71114,0.25321,0.17683,-1.7414,-0.24344,-0.85308,0.21673,-1.604
5.4181,4.1554,-1.8526,-0.47044,-0.74828,-0.18532,0.46838,-1.8068,0.022402,-1.2995,0.61675,-1.0939
6.2242,5.1151,-2.9131,-0.13635,0.24401,0.013146,0.1199,-2.4259,-0.22798,-1.626,0.6141,-1.8243
5.1703,4.7669,-2.1814,0.15096,-0.38215,0.17971,0.074784,-1.7572,0.24681,-1.6747,0.63053,-1.6475
4.8768,4.3441,-1.5981,0.5164,-0.012501,0.23214,0.20858,-1.7455,0.087858,-1.7246,0.48892,-1.2771
6.4654,5.1599,-2.8761,-0.17763,-0.35197,0.49318,0.66069,-1.7938,0.4738,-1.6802,0.68311,-1.679
6.0377,5.5071,-2.6407,-0.53016,-0.98459,0.30204,0.66263,-1.5479,0.41457,-1.4011,1.1626,-0.86464
4.9334,4.8963,-2.4924,0.27678,-0.51059,0.50473,0.17896,-1.6977,0.47715,-0.88876,1.5067,-1.021
6.4292,5.6832,-3.5885,-0.4852,-0.63639,0.25835,0.25505,-1.9746,0.65141,-1.0021,1.1923,-0.99413
5.3604,5.7236,-2.8105,-0.34928,-0.57611,0.1276,0.64827,-1.4326,0.63256,-1.47,1.1444,-1.1266
5.2617,5.8949,-2.2237,-0.22017,-0.80319,0.21202,1.3656,-1.3132,0.42614,-1.806,0.63061,-0.95157
5.5674,6.3488,-2.6654,0.29479,-0.65759,0.58711,1.0141,-1.8839,0.36738,-1.899,0.8318,-1.4384
4.441,5.4594,-1.6563,0.32834,-0.97884,0.1051,0.55566,-1.1908,0.21846,-1.7383,0.60015,-0.99443
5.7655,6.8597,-1.775,0.54549,-0.6985,-0.084628,0.42671,-1.839,0.18941,-1.6541,1.0172,-1.292
4.6338,5.2461,-1.2971,0.41514,-0.75657,0.31973,0.69923,-1.1115,0.21203,-1.8416,0.51952,-1.3818
5.9917,6.7361,-2.6452,0.27861,-0.72671,0.64365,0.73726,-1.7878,0.0080158,-2.0509,1.1149,-1.1751
4.9211,5.7786,-1.5691,0.19473,-1.3068,0.040086,0.28644,-1.4848,0.0074613,-1.7484,1.1522,-0.71228
5.4345,6.9306,-2.0446,0.27813,-1.1005,0.23349,0.51743,-2.3747,-0.15008,-1.7769,1.1537,-0.74812
5.4193,6.891,-2.0894,0.53185,-0.76943,-0.059579,0.27505,-2.1821,0.28044,-1.7897,0.7833,-1.2686
4.329,5.976,-1.2838,0.47093,-0.5583,-0.31955,0.33367,-2.0697,0.45025,-1.3437,1.1317,-1.0521
4.2834,6.184,-1.6766,0.95945,-0.47106,-0.25531,0.067252,-2.1109,0.43544,-1.3122,1.0982,-0.80946
4.2809,6.6443,-2.1325,0.5624,-0.57998,-0.0082745,0.54567,-1.9374,0.40951,-1.3095,0.90733,-1.1623
4.3479,5.994,-2.1487,0.35262,-0.86027,-0.052361,0.421,-1.8415,0.58867,-1.4654,0.94382,-1.3647
1.0134,3.3868,0.25389,-1.677,-0.038256,-0.82676,0.12836,-0.17333,-0.3884,-0.13408,0.13157,-0.90466
-2.0314,-0.38626,-0.06482,-2.7642,0.25601,-0.99756,-0.0050383,0.28919,-0.66868,0.96577,0.0094757,-0.50607
-2.0577,1.4624,-0.17932,-2.932,-0.049914,-1.2215,0.6114,0.51523,-0.40311,0.90694,0.0091803,-0.24334
0.35279,3.358,1.435,-0.97936,0.21394,-1.791,-0.75612,-0.58383,-0.74502,0.32621,-0.43472,0.054769
2.4417,2.0318,2.122,-0.40202,-0.8789,-1.5714,-1.1263,-0.55952,-0.032944,-0.55312,-0.8919,-0.46473
2.7803,1.0886,2.91,-0.11275,-0.91958,-1.523,-2.3161,-0.46901,0.21962,0.02069,-0.605,-0.12758
3.2823,0.42392,2.8341,-0.30418,-1.4279,-1.2435,-1.7688,-0.58468,0.43426,-0.33128,-0.16999,-0.72316
3.6629,0.057464,2.8362,-0.40462,-1.6158,-0.88437,-1.7822,-0.47618,0.39936,-0.35582,-0.2223,-0.61765
3.9549,-0.35347,2.7973,-0.34049,-1.7257,-0.62677,-1.8118,-0.35809,0.23506,-0.42262,0.10122,-0.56191
4.176,-0.47996,2.8245,-0.77816,-1.6416,-0.94739,-1.2175,-0.51208,0.47755,-0.40171,-0.33711,-0.31968
4.3717,-0.77344,2.7877,-0.73955,-1.5631,-0.58692,-1.5728,-0.3263,0.001038,-0.014032,-0.28138,-0.2525
4.6634,-1.0026,2.9958,-1.028,-1.2648,-0.95004,-1.2444,-0.49947,0.10172,-0.14568,-0.12523,-0.25257
5.258,-1.1205,3.1349,-0.97991,-1.4782,-0.83832,-1.3434,-0.67413,0.36341,-0.17383,0.022346,-0.40032
5.707,-1.3858,3.1149,-0.96303,-1.2943,-0.87964,-1.6307,-0.45441,0.10535,0.13481,-0.18068,-0.16233
5.9076,-1.3716,3.2913,-1.0581,-1.395,-1.0221,-1.5503,-0.40783,0.16613,0.19268,-0.074276,-0.22037
5.5552,-0.83614,2.7009,-0.50568,-1.8955,-0.73812,-1.5414,-0.6095,0.21501,0.12925,0.02928,-0.33408
6.5002,-1.7389,3.6311,-1.2165,-1.4436,-1.0065,-1.7893,-0.46408,0.024,0.42357,-0.41411,-0.18948
5.1686,-0.52615,2.5217,-0.25979,-1.9437,-0.80033,-1.5961,-0.78272,0.2495,0.044746,-0.14002,-0.25454
6.985,-2.2845,3.7179,-1.1075,-1.401,-1.1045,-1.5277,-0.63107,0.021399,0.3875,-0.30126,-0.4642
5.263,-0.92746,2.2542,-0.2952,-1.6386,-0.79371,-1.5195,-0.55307,-0.0098587,0.07498,-0.22659,-0.34895
6.5591,-2.2503,3.2598,-1.4033,-1.0057,-0.91793,-1.4559,-0.5802,0.13791,0.072363,-0.011322,-0.5896
6.7133,-2.0609,2.9467,-1.1082,-1.5878,-0.43668,-1.4878,-0.43001,-0.15654,0.17273,-0.13345,-0.4953
6.4005,-1.7552,2.684,-0.87348,-1.6806,-0.36108,-1.3576,-0.65336,-0.32413,-0.037895,0.025395,-0.41008
6.9469,-1.7977,2.6066,-0.89048,-1.5206,-0.64007,-1.4696,-0.66865,-0.35769,-0.17895,0.071492,-0.38564
6.8012,-1.2645,2.4355,-0.49026,-1.8364,-1.1137,-1.4415,-0.55519,-0.48945,0.17086,0.16472,-0.50605
5.5174,-0.31856,2.633,-0.5052,-1.2539,-1.6609,-2.2155,-0.76064,-0.36603,0.77053,-0.057295,-0.44961
5.2799,0.77761,1.8551,-0.37855,-1.5552,-1.4654,-1.9966,-1.2888,-0.45033,0.4258,-0.21155,-0.47393
7.7869,0.31344,1.6249,-0.79844,-1.958,-1.1512,-2.6467,-1.9054,-0.19291,0.67914,0.086088,-1.1478
3.0358,-0.5433,2.0597,-1.4657,-1.9061,-1.7769,-1.8115,-0.93426,-1.1529,0.17505,-0.35379,-0.090072
4.9379,0.068662,2.3248,-0.16988,-1.0823,-1.541,-1.6912,-0.72884,-0.74945,0.37666,-0.43571,-0.87442
4.7999,-0.90679,1.3032,0.33212,-1.6042,-1.3223,-1.7669,-0.63128,-0.15537,-0.17231,0.41843,-0.50268
3.4719,-0.19768,0.99832,-0.97899,-0.88121,-0.92609,-1.4032,-0.9,-1.0661,-0.20203,-0.76049,-0.56774
4.9399,-0.41159,2.4477,-1.6453,-1.3915,-2.3362,-2.4768,-1.1347,-1.6852,0.20904,-0.43136,-0.29694
3.8161,1.1492,0.63004,-0.80265,-2.2391,-2.188,-1.7328,-1.1047,-0.65274,0.033062,-0.11877,-0.015781
4.506,0.93205,1.0046,0.62616,-1.2645,-2.1302,-1.7769,-1.7287,-0.85843,-0.39662,0.023752,-0.29653
4.2249,1.0673,0.21008,-0.44215,-2.3654,-2.3115,-1.5127,-1.449,-0.074209,-0.52898,0.051765,-0.85001
3.4118,1.3459,0.24674,0.082565,-2.6605,-2.349,-1.1934,-1.1652,0.0068473,-0.83466,-0.23545,-0.87058
3.3714,2.2651,0.97836,0.78452,-2.8124,-3.5172,-1.4629,-2.681,0.17453,-0.9023,0.4236,-0.97924
3.4629,2.2039,0.60813,0.47002,-1.8095,-1.721,-1.5154,-1.4113,0.13604,-0.98017,0.24124,-0.81221
4.7031,1.6894,0.47382,1.4439,-1.9233,-2.1313,-1.9081,-1.7466,0.71213,-1.0691,-0.11631,-1.0328
4.8826,2.4708,0.028858,1.4974,-1.7014,-1.9583,-1.7529,-1.7038,0.69677,-1.0382,-0.11009,-0.9156
5.032,2.647,0.75537,0.20542,-2.7377,-2.1553,-1.2414,-1.4867,0.92006,-0.63968,0.17092,-0.51484
4.4575,2.9545,0.60129,0.8381,-2.4543,-1.6274,-1.3086,-1.6501,1.2978,-0.65659,0.18739,-1.581
3.1406,3.4201,0.2651,1.1365,-2.284,-2.0938,-0.46859,-2.0495,0.46654,-1.8678,0.4271,-1.7415
4.0858,3.7616,0.25219,1.0186,-2.9193,-2.5161,-1.0567,-1.9238,0.21131,-1.8964,0.48515,-1.5024
4.1364,3.5615,0.3771,0.5422,-2.1894,-2.4148,-1.6144,-1.8841,-0.018612,-1.0226,0.15486,-0.93968
4.748,3.4617,0.58729,1.1843,-1.4477,-2.5969,-1.6662,-1.5535,-0.11648,-1.3718,-0.34275,-1.0533
4.0908,3.7372,0.2115,1.254,-1.0827,-2.0015,-1.8851,-1.932,0.0030317,-1.3048,0.13676,-0.85057
4.614,3.8091,0.15482,1.2212,-1.2354,-2.0188,-1.8644,-1.5209,0.23897,-1.0589,-0.035174,-0.99886
4.0213,4.0529,-0.071172,1.52,-1.0539,-2.0027,-1.4464,-1.1014,0.2775,-1.4852,-0.067171,-1.0019
4.313,4.7195,-0.7065,0.78214,-2.23,-2.0665,-1.4189,-1.7151,0.059212,-1.3876,0.22021,-1.1052
3.4066,5.0351,-0.51243,1.8565,-2.1182,-2.7517,-1.162,-1.7548,0.55835,-1.9305,0.55533,-0.87553
2.1923,4.1437,1.7387,0.74635,-2.0571,-1.3183,-0.99955,-1.5391,0.056301,-0.94463,0.67461,-2.2632
3.4103,4.9456,1.0933,1.0398,-1.3565,-0.27016,-0.3178,-1.8281,0.59722,-1.3858,0.64121,-2.1959
2.34,4.6018,2.2473,0.2173,-2.1902,-1.6023,-0.56688,-2.1143,-0.19732,-0.64576,0.55429,-1.6266
2.5499,4.1255,3.9263,0.28205,-2.7772,-0.15112,-0.971,-2.1715,0.61349,-1.0656,0.89806,-2.3809
2.4741,2.7032,2.838,1.3304,-1.6223,0.38128,-0.54341,-1.3572,-0.046919,-0.89025,0.23757,-1.3734
3.5717,3.7846,3.9594,1.1143,-3.069,-0.36475,-0.99486,-1.5445,0.83126,-0.71894,0.88101,-2.302
3.6094,2.6397,3.2862,1.3878,-2.498,-0.71529,-1.4345,-1.4797,0.90759,-0.49159,0.65923,-1.6996
3.123,2.2198,4.0723,0.5869,-3.1325,-0.64663,-0.96329,-1.2854,0.56424,-0.74452,0.58722,-1.7058
4.5024,2.0153,3.3574,0.9252,-2.7008,-0.99772,-0.97068,-1.3976,0.60377,-1.0438,0.017065,-1.3979
4.918,3.1971,4.1391,1.3225,-4.3088,-1.1257,-0.6447,-1.2848,1.2136,-1.2769,0.056084,-1.5099
4.7299,3.0994,3.0853,0.71058,-2.812,-0.40763,-1.1038,-1.6625,0.048687,-0.34346,-0.21657,-1.0381
4.8405,3.4368,3.3192,0.15435,-3.2742,-0.20488,-0.64803,-1.6395,0.58714,-0.74297,0.1467,-1.3882
5.2469,3.5726,3.126,0.5508,-2.7991,-0.66439,-0.7004,-0.96774,0.15704,-0.62244,0.14675,-1.4326
5.2304,3.7356,3.0884,0.90651,-3.0011,-0.58979,-1.4064,-1.1396,0.98188,-1.2733,0.72758,-1.9821
4.8625,2.8996,2.9065,0.75054,-2.4408,-0.82536,-0.85285,-1.6135,-0.33423,-0.15948,-0.26478,-0.76174
6.1655,2.3352,3.7366,1.7951,-3.8342,-1.128,-0.75255,-1.9822,0.96617,-1.1715,0.13993,-1.301
4.2789,2.6124,2.9609,0.6545,-2.1528,-0.54926,-1.1064,-1.682,-0.53039,-0.3663,0.056346,-0.49089
5.646,2.2477,3.9129,0.76013,-3.2244,-0.71762,-1.1725,-0.91052,0.26382,-0.74195,-0.1346,-1.2601
4.5817,2.7553,2.8528,0.601,-2.7203,-0.44759,-0.94804,-1.2787,-0.10468,-0.56504,0.011559,-0.96245
4.9097,3.0095,3.3629,0.5569,-3.2094,-0.43743,-0.95974,-1.2464,0.19423,-0.50969,0.37036,-1.3268
5.3344,2.1689,3.9355,0.79028,-3.186,-0.49284,-0.90584,-1.2727,0.90706,-1.1007,1.0649,-1.8798
5.0968,2.2911,3.2594,0.73902,-2.8864,-0.61699,-0.90215,-1.2257,0.51973,-0.62293,0.37232,-1.3956
5.7352,2.0904,3.5008,0.62971,-2.691,-0.7439,-1.2158,-1.5321,0.47639,-0.31286,0.3049,-1.3096
5.4339,2.3334,3.0919,0.3417,-2.3561,-0.60429,-1.0035,-1.4746,-0.044728,-0.20243,0.0036067,-1.0291
5.2847,2.5418,3.2465,0.44163,-2.3006,-0.59869,-1.2827,-1.6896,0.1505,-0.12037,0.0030518,-1.052
5.3189,2.5536,2.7078,0.29623,-2.0661,-0.65918,-1.2796,-1.6522,-0.22589,0.069074,-0.25407,-0.86788
5.9227,2.7867,3.3093,0.2959,-2.6674,-0.73413,-0.96426,-1.8111,0.19506,0.017093,0.093672,-1.1295
4.7891,3.2547,2.8541,-0.70604,-1.5518,-1.1939,-0.78843,-1.5223,-0.62519,0.43755,-0.3729,-0.54322
4.2491,2.8901,2.4473,-0.024111,0.022151,-1.9028,-1.6417,-0.95778,-0.38422,-0.34537,-0.045142,-0.72247
4.9678,0.92582,0.77306,0.077972,-1.1204,-0.99007,-0.58342,-0.59785,0.16151,-0.62701,-0.69305,-0.99
5.163,0.54369,0.87266,-1.1184,-0.72314,-1.5225,-0.094477,-0.74448,0.1916,-0.63186,-0.58031,-0.96025
4.2921,0.60908,0.76049,-1.4803,-0.090002,-1.7766,0.16449,-0.86146,0.16944,-0.43158,-0.77146,-0.96567
5.1216,0.15977,0.68306,-1.4123,-0.57996,-1.722,0.25295,-0.82701,0.58932,-0.58798,-0.78671,-1.1908
5.5239,-0.25786,0.92103,-1.4805,-0.84065,-1.5178,-0.14407,-0.26946,0.59591,-0.36501,-1.1166,-1.2932
5.6504,-0.51209,0.88589,-1.6134,-1.0009,-1.4831,0.028526,-0.66737,1.3974,-1.0622,-0.49036,-1.7044
4.7262,0.0402,0.34927,-1.3842,-1.4178,-1.1831,-0.31671,-0.25635,0.82634,-0.34178,-0.98865,-1.2032
4.9421,-0.39137,0.48369,-1.6047,-1.3436,-1.2062,-0.24654,-0.32383,0.67729,-0.1714,-1.0792,-1.236
4.7284,-0.14183,0.3982,-1.592,-1.1596,-1.3837,-0.41375,-0.14591,0.66015,-0.2247,-1.0405,-1.245
5.0495,-0.87976,1.0428,-1.6121,-1.2202,-1.1229,-0.58277,-0.17081,0.52276,-0.17314,-0.87072,-0.84253
4.4787,-0.84681,1.647,-2.1767,-0.37363,-1.457,-0.19672,-0.74543,0.49626,-0.061182,-0.84747,-1.0728
4.1563,-0.46942,1.7166,-2.0061,0.086888,-1.7348,0.039354,-1.0244,0.53026,-0.42298,-0.48215,-1.5208
4.0393,0.40934,1.4766,-1.0102,-0.24938,-1.8499,-0.5393,-0.54813,0.43935,-0.038227,-0.56098,-1.3324
4.257,1.0367,1.2043,-1.4736,0.50518,-1.9497,-0.021388,-0.65516,0.75918,-0.07153,-0.46851,-1.4419
3.7794,1.7741,0.85526,-0.79617,0.45872,-0.84998,-0.12506,-0.37797,0.061301,-0.0077122,-0.59304,-1.4546
2.9881,1.9399,1.4317,-0.82829,0.9588,-0.38345,-0.84552,-0.77399,-0.12454,0.017063,-1.466,-0.75352
0.8911,2.452,1.2315,-0.92705,0.40673,-0.86882,-1.0436,-0.40279,-0.40618,0.0874,-0.80347,-0.82258
0.091745,3.032,0.76642,-0.62647,0.49617,-0.83157,-1.7128,0.061311,-0.41358,-0.72011,-0.94382,-0.43754
-0.03873,3.1594,0.43954,-0.14725,-1.2006,-0.94798,-1.0602,0.29673,-1.3552,-0.48464,-1.2419,-1.111
-0.89659,2.6518,0.2171,-0.68778,-0.50121,-1.2068,-1.5961,-0.2097,-0.78858,-0.94089,-1.9561,-0.89258
-0.84889,3.2092,0.16299,-0.3387,-1.1001,-1.0695,-1.55,-0.41688,-0.37387,-0.61989,-1.5017,-1.3179
-1.6188,3.2465,0.5121,-0.23401,-1.1353,-0.76202,-1.6814,-0.43325,-0.91155,-0.54628,-1.3092,-1.2401
-0.98932,3.4302,-0.14421,-0.92193,-1.2729,-0.87024,-1.4415,-0.77496,-1.2935,-0.33442,-0.73112,-1.5767
-0.70765,3.7101,0.48247,-0.84836,-1.6676,-0.99569,-1.0319,-0.037884,-0.80656,-0.99102,-1.1199,-0.74295
-0.85064,4.5653,0.19397,-0.62753,-1.7137,-1.8279,-0.8597,0.41385,-0.5262,-0.85806,-1.1828,-1.1438
-1.3415,3.8319,0.87212,-0.46162,-2.2368,-1.5841,-1.0757,0.11191,-0.14658,-0.96113,-1.0777,-1.6131
-1.0271,3.6391,0.7453,-0.83723,-2.1679,-1.7815,-1.0103,0.25662,-0.32155,-1.0266,-1.1079,-1.0132
-1.1343,4.0461,0.44598,-0.74572,-1.6793,-2.1131,-1.195,0.65402,-0.93343,-0.36988,-1.0999,-0.37429
-1.5246,4.5576,0.54903,-0.42538,-1.4466,-2.1449,-0.75338,0.42575,-0.75907,0.33246,-1.2446,-0.76011
-1.3869,3.8494,0.89146,-0.18687,-1.3454,-2.4539,-0.9936,-0.087855,-0.20235,-0.12758,-1.3599,-0.6112
-2.2735,3.2966,1.2561,-0.40656,-1.8379,-2.313,-0.71716,-0.24195,-0.97258,-0.78854,-1.3771,-0.65131
-2.3267,3.6542,1.532,0.015186,-1.5559,-2.7507,-1.3638,-0.38638,-1.0596,-0.44114,-1.2679,-0.52447
-2.8108,2.5816,2.1059,-0.44445,-1.4051,-2.2318,-1.3667,-0.43503,-1.6993,-0.62508,-1.4851,-0.4816
-2.5147,3.1132,2.1855,-0.24167,-1.7912,-1.5642,-0.9509,-0.47403,-1.0213,-1.1653,-1.1633,0.057265
-3.4032,3.0427,2.1134,0.33527,-1.3522,-0.96489,-0.96217,-0.23791,-1.3084,-0.41907,-0.81314,-0.84562
-3.5581,2.9588,1.987,0.063776,-0.71936,-1.349,-1.2239,0.31473,-0.74673,-0.37609,-1.8,-1.4132
-2.4499,2.2841,1.7738,-0.41567,-1.9258,-1.836,-1.3372,-0.018568,-0.19948,-0.38265,-1.6845,-0.26859
-1.4834,2.6406,1.031,-0.86898,-1.7252,-2.3386,-1.6273,-0.15492,-0.76447,-0.17721,-0.64591,-0.97348
-0.2108,2.7845,0.26327,-0.99753,-1.4075,-1.66,-0.97049,-0.34317,0.19512,-0.53072,-0.83613,-0.98399
0.1544,3.11,0.83081,-0.49327,-1.5486,-2.4749,-0.52984,-0.30817,-0.553,-0.88509,-1.266,-1.3422
0.85619,3.8023,0.61072,-0.7167,-0.99853,-1.5932,-1.2804,-1.1792,0.20152,-1.1575,-0.9812,-1.1909
2.304,4.6062,0.34299,0.23492,-0.41605,-1.5682,-0.99607,-1.1878,-0.80341,-1.2582,-0.97934,-0.79947
2.2338,4.6835,0.32171,0.74388,-0.27014,-2.2629,-1.692,-1.395,-0.12636,-0.90821,-0.50067,-1.3553
2.4978,3.9969,-0.087563,0.36834,-0.2812,-2.0819,-1.629,-1.0623,-0.41568,-1.2509,-0.81605,-1.2535
2.6758,3.5739,-1.014,0.60663,-0.27127,-1.4847,-1.3266,-1.0927,0.091731,-1.0566,-0.32838,-1.2982
2.1298,1.4538,-0.21492,0.73265,0.20983,-2.2225,-1.6978,-0.8107,0.66775,-0.35377,-1.1476,-1.1418
1.4006,1.0897,0.21347,-0.84506,-0.22497,-3.104,-1.2184,-0.21773,0.74805,0.91969,-1.1233,-0.54262
2.3056,2.1516,0.44465,0.026685,-1.1222,-2.2502,-1.0163,-0.88554,0.22805,-0.34574,-1.2317,-1.0007
1.8518,0.76322,1.1049,-0.92266,-1.3135,-3.7485,-1.6347,-0.76971,-0.30772,0.52577,-2.2741,-0.78923
0.20026,1.8713,0.37608,-0.97223,-0.96853,-2.6912,-1.0994,-0.9684,-0.2434,0.64481,-1.2705,-0.79766
-1.4031,2.2327,1.7142,-0.19637,-0.37959,-2.667,-1.032,-0.36237,-0.43329,1.1841,-2.0481,-0.81902
0.97121,3.4511,2.4956,-0.37894,0.031392,-2.6806,-0.79054,-0.22799,-0.5948,0.86592,-1.4204,-0.98905
1.4037,3.63,1.6249,-0.4513,-0.53595,-1.9617,-1.0622,-0.86431,-0.47969,1.1922,-1.6985,-0.42519
0.84946,4.053,1.2375,-0.24372,-0.90966,-3.2522,-0.85399,-0.35504,-0.035108,0.46706,-1.5896,-0.56263
-1.7517,3.9359,0.4131,0.34146,1.2211,-2.7777,0.064936,0.32117,-0.46715,-0.21525,-1.1769,-0.36236
-4.7769,4.169,-0.013995,-0.31856,0.59213,-2.8085,0.57364,0.78572,-1.0263,-0.41827,0.16057,-0.4244
-6.0166,3.8084,-1.5782,-1.3446,0.36856,-2.0166,0.29294,0.31225,-0.13214,-0.96034,0.39036,-0.22035
-6.703,3.8921,-2.0867,-1.9786,-0.17591,-1.3737,0.60926,0.44461,-0.43478,-1.3887,-0.52158,-0.57769
-5.9933,3.4913,-1.8906,-1.4222,-1.6953,-1.8548,0.57349,0.060628,-0.81171,-1.15,0.2825,-0.35462
-7.1251,3.2814,-1.5224,-1.5053,-2.2281,-2.3051,0.47938,0.20769,-0.44168,-0.62205,-0.24476,-0.30921
-7.1953,3.7077,-1.2124,-1.2311,-1.0801,0.02589,0.93441,-0.25313,-1.825,-1.3598,-0.9129,-1.3521
-7.377,4.2079,-0.7485,0.047493,-0.56698,-1.7882,-0.31083,-0.32126,-0.17573,-0.71441,-0.42068,-1.0875
-6.8658,5.0176,-1.0722,0.081533,-1.2694,-1.6644,-0.45782,-0.25332,-1.2155,-0.90286,0.24418,-0.4315
-8.1531,4.457,-1.3393,-0.44376,-0.22308,-1.0107,-0.18956,0.18491,-0.62653,-0.85224,-0.43917,-0.71163
-7.6867,4.5991,-1.1267,-0.67513,-1.0119,-2.0731,-0.73732,-0.691,-1.1185,-0.92226,-0.077319,-0.69015
-8.036,5.3058,-0.56653,-0.58552,-0.1663,-1.0548,-0.2852,-0.34836,-0.98493,-0.94386,-0.79518,-1.2889
-8.0622,5.805,-1.4067,-0.60222,-0.054813,-1.0067,-0.42761,-0.55299,-0.63994,-0.78053,-0.43456,-0.853
-7.1819,6.3647,-1.7124,-0.59253,0.21322,-0.61932,-0.31666,-0.92992,-0.44731,-0.83812,0.17202,-0.92197
-7.3097,6.81,-1.5047,-1.1314,0.37558,-0.78864,-0.99718,-0.92974,-0.95268,-1.0234,0.18579,-1.0904
-7.0797,5.9327,-0.75704,-1.1668,-0.11655,-0.89363,-0.20988,-0.50729,-0.20701,-1.2134,-0.36889,-0.021857
-7.3522,5.7366,-0.46897,-0.89717,-0.81258,-1.1854,-0.24303,-0.084451,-0.27549,-0.71233,-0.33725,-0.7002
-7.9915,4.3385,0.078516,-0.32901,-0.96463,-1.8227,0.73028,0.2502,-1.001,-1.3513,-0.16861,-0.58126
-7.4015,4.6712,-0.89835,-0.96837,-0.90482,-1.4201,0.71547,-0.47001,-0.49723,-1.826,-0.54625,-0.36922
-8.5899,5.1776,0.052056,-1.2392,-1.1496,-1.8163,0.065502,-0.077505,-0.47047,-1.0394,-0.27288,-0.28867
-7.9687,4.2497,-0.051502,-1.6787,-0.27687,-2.1093,-0.65649,0.044442,-0.97207,-0.67582,-0.2719,-0.59584
-8.5924,4.3832,1.5825,-1.3631,-0.3071,-1.8259,-0.13589,-0.33239,-1.6402,-0.53249,-0.65269,-0.52367
-8.0211,2.9452,1.7663,-2.2806,-1.0934,-1.8867,0.69394,0.17907,-1.3505,-0.96251,-0.074226,-0.17137
-6.6409,1.8397,1.6043,-0.40672,0.6556,-1.9157,0.16589,0.059219,-1.7544,-1.0824,0.46713,-0.47701
-5.9363,2.4688,1.7891,-0.74711,-0.12299,-2.6001,-0.40222,-0.58105,-1.1844,-1.2001,-0.22387,-0.10143
-4.1411,3.5978,1.5569,-0.974,0.078446,-1.3958,0.74966,-0.072062,-1.4112,-0.61648,0.11483,0.18522
-1.0166,5.5047,4.3482,-0.67694,-1.5711,-2.4206,-0.97904,-0.72274,-1.1296,0.2237,1.2481,-0.040855
0.82013,3.8197,4.9438,0.11141,-2.422,-1.766,-0.016297,-0.83123,-0.4644,-0.44032,0.82943,-0.025869
0.93115,4.2806,4.9894,-0.22671,-2.5129,-1.7544,-0.29031,-0.6052,-0.58062,0.14986,0.033524,0.024734
2.4882,3.243,4.2434,-0.0095417,-1.6537,-1.5111,-0.62155,-1.7333,-0.73809,-0.47408,0.56735,-0.155
2.4221,4.0326,5.8652,-0.52179,-2.2003,-2.5597,-0.35804,-0.95169,-1.0083,-0.0092422,0.50407,-0.24881
2.9519,2.5901,4.6309,-0.34858,-1.8714,-1.5184,-0.66054,-0.97803,-0.82007,-0.32895,0.5233,-0.29006
1.7569,3.0272,5.7687,-0.96485,-1.7729,-1.715,-0.40657,-0.6338,-0.85862,0.18108,0.40229,-0.64041
3.0203,3.3196,5.1815,-0.78211,-1.1969,-1.5462,-0.93737,-0.6076,-1.2448,-0.52538,0.90542,-0.68184
2.7446,3.8449,6.1002,-0.64481,-1.9616,-1.5338,-0.82336,-0.51046,-1.3222,-0.1491,0.45473,-0.51842
2.0587,3.6535,5.4933,-0.72749,-1.0392,-1.246,-0.92152,-0.52827,-1.0403,-0.69654,0.58311,-0.5819
0.70493,3.7955,6.2355,-1.5161,-0.39291,-1.8267,-0.2688,-0.88443,-0.92117,-0.22635,-0.31618,-0.34026
0.93525,4.8521,5.6468,-1.2395,-0.38261,-2.0884,-0.272,-0.99938,-1.3593,-0.097715,0.2133,-0.08496
-0.062897,4.7799,4.3403,-0.36126,0.95225,-1.5648,-0.12559,-1.0595,-1.1495,-0.16731,0.10757,-0.30728
-2.5415,5.0433,4.2908,-0.42553,0.20063,-1.9491,0.87946,-0.94933,-1.7954,-0.80667,0.10329,0.52079
-5.0312,4.9933,3.7044,-0.56393,0.31228,-1.1981,0.94086,-0.63562,-1.3645,-0.56959,0.76425,-0.031777
-7.4884,5.3924,3.0973,-0.40933,-0.52591,-1.7269,0.026696,-0.86781,-1.7094,-0.84652,-0.31964,-0.8656
-6.8945,5.6043,1.5529,-1.3214,-0.78354,-1.2873,0.50152,-0.66942,-0.85508,-0.98543,-0.44707,-0.48866
-7.7866,5.7098,0.12351,-1.3284,-0.12155,-1.457,0.29514,-0.057694,-0.88582,-0.90337,0.034954,-0.56348
-7.9405,5.5744,0.30185,-1.0902,-0.88864,-1.4295,0.19181,-0.45826,-0.051762,-0.35354,0.28613,0.04108
-7.7281,6.6011,-0.22364,-1.2804,-0.61316,-1.2506,-0.081369,-0.2499,-0.61723,-1.4844,-0.15072,-0.6754
-8.6311,6.7254,0.41415,0.31132,0.38207,-0.76159,-0.11981,-0.51577,-0.63174,-1.0904,-0.2714,-1.3492
-8.4392,6.0263,-0.30134,0.058835,-0.11401,-1.1767,-0.52671,0.11053,-0.46749,-0.46625,0.039492,-0.90289
-6.564,6.5459,-1.1085,-1.0428,-0.7216,-1.1302,-0.24674,0.033306,-0.47576,-0.71037,-0.25122,-0.63404
-6.1073,7.0381,-0.6702,0.3565,0.11565,-1.7769,-0.83188,-0.22181,-0.56195,-1.3238,-0.4107,-1.1046
-6.6285,7.0269,-1.1549,-0.11453,0.19163,-1.4653,-0.5587,-0.42853,-0.89545,-1.5032,-1.0065,-1.3646
-6.9898,6.7684,-0.86039,-0.39307,-0.072741,-0.97304,-0.66295,-0.66079,-1.0228,-0.667,0.19048,-0.9542
-7.0398,6.8941,-0.97268,-0.29694,0.20672,-1.4692,-0.45775,-0.12383,-1.1851,-1.0801,-0.37692,-0.88631
-7.1374,6.5918,-0.81373,-0.9297,-0.53013,-1.7223,-0.43043,0.018653,-1.3659,-0.50579,-0.031415,-1.1937
-7.2565,7.2103,-1.0106,-0.88185,0.046978,-1.3812,-0.30679,-0.90411,-1.0484,-1.0421,-0.74929,-1.0733
-6.8686,7.2491,-0.94334,-0.67514,-0.88898,-1.629,-0.36943,-0.63621,-0.96191,-1.3834,-0.79133,-1.5118
-7.5245,7.4067,-0.41052,-0.26924,-0.11192,-1.6292,-0.12396,-0.74425,-1.2115,-1.09,-0.90366,-0.79081
-7.1423,6.5824,-0.49054,-1.0616,0.050975,-1.5525,-0.5048,-1.2136,-1.4137,-0.91135,-0.59106,-0.51691
-6.8528,6.1534,-0.79149,-0.59627,-0.089321,-1.3437,-0.4629,-0.79662,-0.93188,-0.92906,-0.85715,-0.86556
-6.6589,6.7297,-0.4924,0.31019,-0.32349,-2.0607,-0.74697,-0.88089,-0.18082,-0.90432,-0.61486,-0.98724
-7.0774,5.8529,-0.87177,-0.33553,0.54605,-0.9657,0.67077,-0.047478,-0.36722,-0.32999,-0.57882,-1.0049
-6.4236,6.0795,-0.68413,-0.67621,-0.13515,-2.0326,0.040087,-0.5627,-0.39088,-0.61601,-1.1004,-0.78173
-4.7995,5.1125,-0.33636,-1.3382,-0.069908,-1.6654,-0.38914,-0.57629,-0.35924,-0.77647,-1.315,-0.35749
-3.2766,4.9195,-0.23969,-1.1249,0.78155,-1.7658,-0.039659,-0.52901,-0.40745,-0.50537,-1.292,-0.34106
-2.6484,4.5132,-0.69479,-0.38733,-0.83533,-2.3504,0.40017,-0.52144,-0.23498,-0.27394,-0.67395,-1.246
-2.7458,5.171,-0.36285,-0.77304,0.32819,-1.9338,-0.45727,-0.70974,-1.0911,-0.29949,-0.21469,-0.9462
-2.1263,4.1999,-0.66599,-0.18826,0.57987,-1.4701,0.059341,-1.0563,-0.6428,-0.31585,-0.19696,-1.1719
