-0.074161,0.37009,-0.15831,0.21419,-0.21667,0.10818,-0.16156,0.097921,-0.032892,0.1061,0.048124,0.039492
-0.019873,0.43016,-0.2202,0.1678,-0.39106,0.030448,-0.33993,0.10297,-0.12027,0.23135,0.053228,0.22354
1.064,1.4071,0.82371,1.0433,0.46298,0.61609,0.13589,0.26435,-0.070558,0.031403,-0.17292,-0.12697
5.7349,4.8524,2.7596,1.3964,-0.31933,-0.75652,-1.2764,-0.75102,-0.64894,-0.040483,-0.10403,0.13014
6.9259,4.9853,2.7422,0.31608,-1.1856,-0.96854,-1.2991,-0.28186,-0.41331,0.13337,0.30904,-0.51884
7.3732,5.4399,2.5619,0.45244,-1.1494,-1.3838,-1.6674,-0.81379,-0.65074,-0.048522,0.26618,-0.12211
6.5529,4.75,2.4095,0.31046,-0.80211,-1.218,-1.6903,-0.79382,-0.80584,-0.45396,0.069392,-0.22148
5.8335,4.1025,2.2268,-0.082419,-0.9012,-1.189,-1.6127,-0.57208,-0.73053,-0.43566,0.16893,-0.5978
7.3173,4.6172,3.2715,-0.3105,-2.4048,-1.5283,-1.0892,0.033257,-1.5817,0.25929,0.63625,-1.8075
6.2055,3.8525,2.0816,-0.060231,-1.5879,-1.4241,-1.0816,-0.60038,-0.72873,-0.00057697,0.26095,-0.65166
7.8102,4.8058,2.9119,-0.62031,-2.5634,-1.2425,-1.0654,-0.46392,-0.94649,0.21891,0.31173,-1.4538
6.7542,4.3828,2.0152,0.13469,-1.4509,-1.2946,-1.2246,-0.87128,-1.0002,-0.36815,-0.3755,-0.73655
6.927,4.5987,2.0465,-0.056091,-1.4248,-1.6371,-1.5899,-0.96416,-0.78039,-0.26611,-0.14475,-0.5334
8.3758,4.6708,2.7515,-0.47693,-2.5348,-1.1512,-1.2,-0.81137,-0.64779,0.039682,-0.23057,-0.93219
6.4908,4.1254,1.7332,-0.2264,-1.4405,-1.4074,-1.235,-0.71074,-0.4864,-0.073133,-0.024015,-0.33197
6.1319,4.1523,1.8965,-0.20828,-1.3122,-1.2936,-1.3675,-0.71156,-0.7478,-0.38725,-0.13122,-0.57249
6.2826,4.2523,2.1792,-0.22058,-1.142,-1.3941,-1.6554,-0.62823,-0.8626,-0.45965,0.08983,-0.64063
6.6605,4.2397,2.5647,-0.5483,-1.5585,-1.3399,-1.6661,-0.52679,-0.83659,-0.46157,0.16063,-0.84316
5.6832,3.5317,2.0733,-0.11415,-1.6393,-1.35,-1.1996,-0.8854,-0.62533,0.16794,0.050415,-0.61224
7.6447,3.8588,3.1069,-0.1491,-2.8735,-1.4458,-1.1735,-0.31997,-0.38899,-0.17068,0.36542,-1.4894
7.5606,3.6124,3.0059,-0.14021,-2.4268,-1.396,-1.1584,-0.55845,-0.57277,-0.41153,-0.32487,-1.1864
7.0769,3.7285,2.5649,0.25173,-2.2363,-1.5351,-1.0741,-1.0792,-0.80959,0.1861,-0.16481,-1.0776
7.6601,3.0822,3.4234,0.25098,-3.3935,-1.1381,-0.86202,-0.96789,-0.35274,0.0041867,0.48711,-2.0138
6.8027,3.2012,3.1818,-0.084847,-2.9485,-1.0558,-0.64584,-0.90901,-0.59282,0.28021,0.21326,-1.0679
5.928,3.7587,3.3738,-0.098824,-3.0274,-1.0071,-1.0001,-1.0768,-0.36827,-0.49251,0.4258,-1.568
5.8398,4.2356,2.7262,-0.047991,-2.5412,-0.81363,-1.2931,-1.1352,-0.52448,-0.72713,0.21882,-1.7339
6.5766,3.9929,3.4185,-0.37998,-3.3927,-0.17712,-1.195,-1.2808,-0.45453,-0.7021,0.86165,-2.3685
5.4786,3.9377,3.1067,-0.29582,-3.1768,-0.21224,-1.3573,-1.115,-0.29128,-0.35455,0.70297,-1.9306
5.5192,3.2926,2.9984,-0.34377,-2.8527,-0.30888,-1.2209,-1.0445,-0.071413,-0.139,0.70034,-1.6414
6.2848,3.4722,3.1554,-0.14565,-3.2028,-0.19651,-1.4923,-1.1571,0.085561,-0.62278,0.87466,-2.481
5.5703,3.3887,2.5411,0.13532,-1.9634,-0.64934,-1.3032,-1.2662,-0.48056,-0.16718,0.066337,-1.5779
5.2338,3.5695,2.1828,0.17089,-1.8677,-0.65002,-1.2448,-1.2982,-0.43675,-0.28626,0.31947,-1.6332
6.2991,3.6002,2.8029,-0.26213,-2.9327,-0.014541,-1.2618,-1.8323,0.47967,-0.52021,1.2897,-2.8066
5.2319,3.3841,2.2623,-0.40325,-2.0536,-0.65668,-1.2248,-0.97814,-0.18314,-0.13391,0.3709,-1.5063
5.5621,3.4451,2.2792,-0.20655,-2.3217,-0.43036,-1.2789,-1.1273,0.10739,-0.05339,0.59203,-1.7188
5.6196,3.413,2.59,-0.30742,-2.6137,-0.25907,-1.1477,-1.8098,0.50063,-0.2274,0.85542,-2.0402
5.0583,3.4806,2.1756,-0.064376,-2.0624,-0.50954,-1.3474,-1.2317,0.089529,-0.22258,0.50859,-1.7321
6.5865,3.794,2.5764,-0.24874,-2.7894,-0.18418,-1.4594,-1.7805,0.24656,-0.49927,1.0672,-2.2599
5.316,3.2754,2.0508,-0.10637,-1.8313,-1.1472,-1.3692,-1.3111,-0.53223,-0.075017,0.24531,-0.84101
6.4794,3.1082,2.8036,-0.17849,-2.952,-0.082586,-1.8931,-1.6726,0.41576,-0.076794,1.2367,-2.047
3.4905,3.9413,1.4804,-0.36609,-0.84872,-1.302,-1.8841,-1.0333,-0.31696,-0.23411,0.17937,-0.98025
5.4497,1.2635,0.83562,0.35093,-1.5434,-1.518,-1.2519,-0.8412,1.2104,-0.62402,-0.49212,-1.078
5.49,0.54834,0.48379,-0.40766,-1.6974,-1.4968,-0.63093,-0.78701,1.1545,-0.67908,-0.98212,-0.56549
5.144,-0.5804,0.23506,-0.85927,-1.8272,-1.2606,-0.51881,-0.39262,1.4522,-0.35166,-0.57753,-0.61384
5.2425,0.20773,-0.23167,-0.64087,-1.6736,-0.94902,-0.50092,-0.46035,1.0922,-0.47503,-0.77253,-1.241
5.4095,-0.086237,0.1327,-1.2811,-1.2247,-1.3304,-0.43996,-0.59073,1.3254,-0.67391,-0.55203,-1.3333
5.3279,-0.55131,-0.090134,-1.2833,-1.3806,-1.273,0.24245,-0.98359,1.9021,-0.68979,-0.46266,-1.1346
5.6727,-0.37979,0.2546,-1.7858,-1.6057,-1.6181,-0.048575,-1.0222,1.5528,-0.68946,-0.48829,-0.93032
5.6936,-0.13682,0.32806,-2.1572,-1.4971,-1.764,-0.21754,-0.97515,1.4758,-0.54539,-0.4894,-1.1912
5.6768,-0.49298,0.22035,-1.7896,-1.4431,-1.727,-0.60662,-0.63692,1.3047,-0.49084,0.012657,-1.6875
5.0497,-0.060691,0.16593,-1.3041,-1.7589,-1.7179,-0.80854,-0.6247,1.189,-0.43949,-0.22929,-1.1226
5.0159,-0.091348,1.0361,-1.5767,-1.9913,-1.7167,-0.35544,-0.11394,0.62383,-0.49088,-0.19949,-1.1788
4.4259,-0.031543,1.2815,-2.4526,-0.398,-0.94377,-0.5303,-0.74176,1.1354,-0.60029,0.22945,-1.7359
3.8641,0.16288,1.4303,-1.2495,0.083781,-1.0408,-0.96367,0.016256,0.76566,-0.11274,-0.51927,-1.4962
2.6971,2.6933,0.64948,-0.75595,0.65749,-0.68559,-0.87473,-0.6062,-0.32779,-0.68741,-0.84064,-0.45219
1.9298,3.6354,-0.33519,-0.76642,0.52154,-0.69727,-1.025,-0.33986,0.45583,-0.53106,-1.1307,-1.2116
0.59699,3.1835,-0.24482,-0.62546,-0.82333,-1.1189,-0.67792,-0.17159,-0.15688,0.192,-0.0040889,-0.15343
-0.36857,3.3018,0.093013,0.4775,-0.63227,-1.6339,-1.0484,0.095041,-0.15596,-0.7461,-0.77342,-0.44084
-0.55653,3.5605,0.1319,0.50446,-1.4143,-1.546,-1.5568,-0.16031,-0.082352,-0.83788,-0.81186,-0.61097
-1.5441,3.1845,-0.3212,0.053772,-1.3485,-0.34409,-1.2719,-1.2782,-0.53995,-0.47094,-0.56301,-0.86348
-2.1731,2.6401,-0.19288,-0.070488,-0.5182,-1.3247,-1.5065,-0.59837,-1.6798,-1.0944,-1.0291,-1.0964
-2.3488,2.6722,0.07754,-0.58381,-0.94477,-1.5478,-1.3857,-0.93981,-0.53664,-0.96326,-1.2895,-0.94949
-1.1091,3.14,-0.52845,-0.66234,-0.89467,-0.62416,-1.043,-0.68532,-0.52918,-0.72524,-0.93445,-0.96007
-1.3392,3.3086,0.60059,-0.49713,-1.1773,-0.6378,-1.4432,-0.61287,-1.531,-0.80015,-0.46166,-0.50146
-1.1736,3.1564,-0.10198,-0.77272,-0.99198,-1.7,-1.1816,-0.25287,-0.57846,-0.64564,-0.94263,-0.7917
-2.0404,3.0424,-0.97078,-1.1945,-1.9726,-1.2278,-0.93439,-0.23534,-0.063324,-0.36203,-0.71011,-0.51329
-2.6529,2.5529,-0.20889,-0.48409,-1.1959,-0.70596,-1.39,-0.66499,-1.2605,-0.16321,-0.88062,-0.80557
-2.2808,3.5996,-0.011487,-0.17229,-1.0151,-0.76855,-0.54252,-0.55442,-1.3076,-0.87933,-1.0823,-1.0516
-1.9277,2.9238,-0.16263,-0.34499,-0.43253,-0.57388,-1.0669,-0.57484,-1.1201,-0.65105,-0.55904,-0.76177
-1.7881,3.2122,-0.23933,-0.56211,-1.42,-1.1839,-1.3195,-0.84496,-0.45727,-0.65697,-0.96758,-0.52426
-2.4841,2.5656,0.17178,-0.79654,-2.195,-1.9533,-2.0358,-0.56205,-0.53352,-0.15487,-0.74217,-1.2235
-1.6237,2.2434,-0.59254,-1.1018,-1.4476,-1.4498,-1.004,-0.21411,-0.0092349,-0.1433,-0.078159,-0.27289
-0.845,2.8128,-0.50315,-1.3895,-1.5241,-1.5207,-1.0701,-0.08338,-0.3289,-0.40745,-0.73318,-1.1289
-1.5959,3.5629,0.85925,-0.38595,-1.0659,-1.4564,-0.92005,-0.47498,-0.59978,-0.43964,-0.48772,-0.73794
-1.6878,3.0112,0.16633,-0.84214,-0.78256,-1.009,-0.82552,-1.0439,-0.9771,-0.22467,-0.010205,-1.0841
-1.1299,3.4211,0.9177,-0.67375,-1.3158,-1.8628,-1.1674,-0.20632,-0.47573,-1.1139,-0.74494,-0.83453
-2.4349,2.5007,0.014871,-0.78567,-1.0618,-2.0185,-1.4637,-1.0882,-0.82132,-0.91591,-1.0543,-0.27373
-2.5823,2.3847,0.11143,-0.50449,-0.23658,-1.8512,-1.7464,-1.0556,-0.95926,-0.99442,-1.1937,-1.2842
-1.3888,3.7021,-0.50115,-1.2803,-1.3911,-1.6212,-1.3166,-0.80752,-0.77886,-0.84359,-0.88799,-0.57145
-1.6906,2.8933,-0.42393,-1.4931,-1.6272,-1.9947,-2.0224,-0.69217,-0.36394,-0.43767,-0.83569,-0.87541
-1.5748,2.2567,0.24212,-0.94517,-1.5308,-1.8654,-1.5039,0.25846,-0.21022,-0.53318,-0.67913,-0.64642
-2.2261,1.743,-0.80808,-1.6466,-1.9317,-1.6121,-1.6223,-0.38634,-0.067853,-0.27331,-0.44068,-0.36102
-0.56895,2.107,-0.46585,-1.4741,-1.6198,-1.5321,-1.5184,-0.41895,-0.34261,-0.9918,-1.4509,-0.30024
-0.85974,2.8467,-0.25789,-1.3439,-1.4943,-1.592,-1.8586,-0.33756,-0.92591,-0.18986,-0.27933,-0.6656
-1.0569,3.4839,0.38297,-1.6261,-1.975,-2.2192,-1.8451,-0.30298,0.31884,-0.50354,-0.71945,-1.0353
0.78363,3.5018,0.16009,-2.7237,-1.4021,-2.1801,-1.6997,-0.93613,-0.35527,-0.41889,-1.5532,-0.82323
2.4468,2.7416,0.023191,-2.1811,-1.4168,-1.8668,-2.2673,-1.2122,-0.075357,-0.88241,-0.94132,-0.70707
2.1185,2.6042,-1.2556,-1.6865,-1.5419,-1.8127,-1.2121,-0.535,0.28528,-0.43153,-1.6118,-0.74456
2.8858,3.4466,0.066126,-1.2651,-1.2924,-2.1413,-1.7547,-0.59764,-1.1016,-0.46294,-0.7824,-0.55163
3.3642,2.8745,0.7396,-0.94911,-1.113,-2.0426,-2.3482,-0.17318,-0.41263,-0.48259,-0.92298,-1.0855
3.6328,2.7107,-0.2045,-1.4339,-0.81836,-2.0054,-1.6091,-0.84828,-0.75127,-0.5907,-1.0574,-0.694
2.8826,2.9811,-0.12609,-2.2697,-1.546,-2.2267,-1.2664,-1.1878,-1.1168,-0.5775,-0.90832,-0.54736
2.8831,3.9218,-0.292,-2.6611,-0.68608,-3.1009,0.048252,0.12745,0.60111,-0.30716,-1.2939,-0.45871
4.4162,3.968,-0.079757,-1.453,-1.4388,-2.8756,-0.0039113,-0.5078,0.87093,-0.12368,-1.1479,-0.74633
5.1561,3.7841,-0.37726,-1.4915,-1.1822,-2.9139,-0.78974,-0.80749,0.051885,-0.82179,-0.46793,-0.45619
4.2499,4.3746,0.54706,-1.1414,-0.13512,-2.3447,-0.3153,-0.5624,-0.38523,-0.2272,-1.0335,-0.64365
4.8163,3.2531,-0.15841,-0.45104,-0.81223,-1.2067,-0.25573,0.070193,-0.024376,-0.73005,-0.97246,-0.34887
4.3973,2.5345,-0.038833,-0.23665,-0.39863,-0.68966,0.062465,0.47793,0.53015,0.52391,-0.29657,-0.25074
4.8317,3.1831,-0.4074,-0.97208,-1.2884,-0.62144,-0.22836,0.013196,-0.46721,-0.47208,-0.52258,-0.013105
5.1172,3.1836,-0.52728,-0.52051,-1.2883,-0.89475,-1.0277,-0.28568,-0.20361,-0.64838,-0.90668,-0.91331
5.1921,3.1789,0.1282,-0.060808,-0.66016,-1.3297,-1.481,-0.88388,-0.41869,-0.68724,-0.95497,-0.50191
4.203,3.4192,-0.035559,-0.63969,-1.5533,-1.9166,-2.1084,-0.89045,-0.27419,-0.35952,-0.2779,-1.0554
4.3842,3.1369,-0.10736,-0.56978,-1.5826,-1.6577,-0.7839,0.19134,0.27552,-0.71203,-0.67734,-0.88144
3.3191,3.2128,-0.21807,-1.1193,-1.8721,-1.4756,-0.83242,0.22848,0.19982,-0.53958,0.085995,-0.50888
2.8012,3.0807,-0.42217,-0.57948,-0.71934,-0.77855,-1.121,-0.41625,-0.36042,-1.4127,-0.65142,-1.1341
1.9522,2.6608,-0.68266,-0.37208,-1.24,-1.3314,-0.34316,-0.37078,0.10235,-0.32154,0.85836,-0.46268
1.6398,3.002,-0.31352,-0.40185,-1.0472,-1.3902,-0.32034,-0.58906,0.16653,-0.97913,0.49728,-0.51598
1.8,3.2437,-1.1652,-0.96607,-2.2386,-0.91419,-1.077,-0.36633,0.048925,-0.59953,1.0054,-0.81146
0.84241,3.4002,0.073636,-1.423,-0.76921,-1.8124,-1.4169,-0.80631,0.43628,-0.064514,0.44827,-0.58802
-3.1192,-0.78066,-0.60168,-2.7474,0.016888,-0.92892,0.064005,1.1615,-0.21634,0.17575,-0.68018,-0.39041
-2.876,0.54786,-1.3242,-2.6258,-0.72725,-1.9306,-0.31026,0.25634,-1.148,0.19692,0.095479,-0.25718
-2.8359,1.4251,-1.1978,-2.6627,-0.2714,-1.9076,-0.99154,0.36225,-1.3528,-0.91514,0.30371,-1.2845
-3.8617,-0.46325,-2.1312,-3.2149,-0.40109,-1.4569,-0.65296,0.90197,-1.2738,-0.97262,0.48716,-0.72842
-2.7685,0.14815,-2.0953,-2.6581,-0.42025,-0.51816,-0.99508,0.42892,-1.4826,-0.37146,-0.10213,-0.59982
-3.5456,0.59507,-1.3697,-2.1508,-1.3193,0.043615,-0.60668,0.62182,-0.55128,-0.22028,-0.28913,-0.8564
-2.5673,1.3467,-1.5533,-2.3362,-1.0195,0.48439,-0.22293,-0.067791,-0.026829,-0.65801,-0.80576,-1.1164
-2.0603,1.5562,-1.9957,-2.4057,-0.80784,-0.026399,-0.44686,-0.15058,-0.16865,-1.5758,0.032665,-1.5002
-1.3171,1.1728,-2.6886,-2.2647,-0.68586,0.13452,-0.67875,0.14338,0.36912,-1.2098,0.43397,-1.022
-0.72312,1.831,-1.7859,-2.9446,-1.4395,0.0036819,-0.14801,0.53987,0.092114,-0.79239,0.34218,-1.2869
-0.62001,3.3085,-1.4851,-2.4291,-0.49658,-0.33159,-0.83753,0.37624,-0.50607,-0.8374,0.39656,-0.60749
-0.74683,2.9691,-2.2597,-3.3503,-1.3447,-0.52468,-1.1387,0.45098,-0.054407,-0.83355,0.088073,-1.6441
-0.98632,3.3286,-2.3249,-2.4931,-0.43545,0.46831,-0.23453,0.55648,-0.19956,-0.70933,0.95044,-1.0539
-0.80314,3.9527,-2.2482,-2.6881,-0.86461,0.39555,-0.56518,0.4765,-0.13459,-0.33568,0.88564,-1.0234
-0.58728,3.4149,-1.3884,-2.0463,-0.54846,0.35295,-0.52054,0.099116,-0.54732,-0.67854,0.74969,-1.7392
1.3671,2.6622,-0.58785,-0.91018,-0.30338,-0.05135,-0.40404,0.24606,0.11009,-0.53338,0.86768,-0.69569
6.3329,5.1104,-0.56351,-2.2566,-1.9717,-0.10441,-0.73182,-0.039691,-0.24325,-1.4113,0.92903,-1.0624
6.4046,4.3165,0.31985,-3.4833,-2.6326,0.83567,-0.51756,-0.83182,0.045517,-1.2144,0.6724,-0.9807
7.1691,3.2429,0.3349,-3.2653,-2.7655,0.80442,-0.49948,-0.99315,0.39077,-1.027,0.54307,-0.90381
7.2954,3.5791,0.072901,-3.4877,-3.0975,1.3266,0.016168,-1.5998,0.64536,-1.2488,0.93224,-0.97879
7.1444,3.1958,0.24571,-3.7207,-2.0417,0.68095,-0.13033,-1.0076,0.38442,-0.55027,-0.0025595,-0.57321
7.7981,3.1579,0.20389,-4.0272,-2.3792,1.2286,-0.48616,-1.1929,0.28236,-0.78331,0.098007,-0.15856
7.7448,2.4906,0.1412,-3.5988,-2.3962,0.67886,-0.59018,-0.76654,-0.19566,-0.79995,-0.0048669,0.15327
8.6266,2.6158,0.6237,-4.5116,-2.5713,1.4926,-0.9045,-1.0154,-0.086989,-0.86621,0.021826,-0.26581
8.4501,2.2302,0.30721,-3.8533,-2.7841,0.97351,-0.67925,-0.66677,-0.16184,-0.84933,-0.20941,0.052301
8.2349,2.4939,0.31123,-4.1448,-2.7697,1.0327,-0.53072,-0.74641,-0.1933,-0.85307,-0.11046,0.044252
6.8835,1.9371,-0.33687,-3.1053,-2.6377,0.29781,-0.23277,-0.43211,-0.032361,-0.62387,-0.31573,0.12152
8.7589,1.2908,0.44906,-4.7915,-2.6113,2.1123,-0.48949,-1.3086,0.075237,-0.48899,0.58165,-0.70324
7.8461,0.90382,-0.11513,-3.8911,-2.3972,1.7851,-0.086799,-1.2162,0.20989,-0.38708,0.56565,-0.30518
6.653,1.0775,-0.56078,-3.6895,-2.1187,0.97042,0.048111,-0.49328,-0.069508,-0.47989,0.81072,-0.039597
7.9624,0.56271,-0.1984,-4.6924,-2.3189,1.4937,0.17884,-1.4081,0.47378,-0.86685,0.94627,-0.88205
7.6599,0.24226,-0.43378,-4.5892,-2.3158,1.5042,0.50182,-0.96991,0.019832,-0.88277,0.87571,-0.49247
7.9527,-0.028545,-0.82747,-4.3161,-2.1103,1.66,0.43846,-1.1468,0.22144,-1.0087,0.63129,-0.51556
8.1031,-0.58509,-0.60608,-4.0178,-1.919,1.6053,0.34695,-1.1953,0.85903,-1.2546,0.69108,-0.96933
7.5328,-0.25174,-0.97635,-3.8895,-1.7892,1.2408,-0.052059,-1.0079,0.7843,-1.1113,0.63983,-1.0217
7.4665,0.74314,-1.6753,-3.7527,-1.7895,1.0557,-0.2641,-0.8184,0.8894,-0.52675,0.52662,-1.3347
7.334,0.31039,-1.153,-3.7869,-2.2158,1.1498,0.067973,-0.53956,0.62967,-0.19401,0.34747,-1.6708
7.5237,0.37877,-1.3996,-4.1547,-1.3101,1.6879,0.028502,-0.84132,1.2301,-0.011503,0.41427,-2.1536
5.4527,0.57728,-2.1009,-2.7528,-1.5077,0.44222,0.35931,0.057184,0.50998,0.56018,0.044462,-0.93112
6.3287,0.45433,-2.1471,-3.2096,-1.0238,0.89565,-0.18723,-0.10566,0.35791,0.34147,0.2182,-1.1637
6.0656,0.29113,-1.9337,-3.5792,-1.8688,-0.036431,-0.71166,-0.37207,-0.2256,0.23605,0.076567,-1.1167
6.6442,0.37616,-2.7137,-3.5969,-1.3078,0.70685,0.091874,-0.069751,-0.11902,0.5425,0.43663,-0.7696
7.1801,1.2388,-1.697,-2.7048,-1.1015,0.26225,-0.74574,-0.70653,-0.77656,-0.24201,0.47262,-0.12671
7.7927,0.69638,-1.548,-3.9894,-1.2391,0.38226,-1.4764,-0.35727,-0.22339,0.22556,0.34755,-1.3291
7.3573,1.2685,-2.1815,-3.9278,-2.0034,0.34318,-1.1663,-1.0864,0.2656,0.13467,-0.60815,-1.2102
6.4048,0.43329,-2.3916,-3.0879,-1.7527,0.6258,-0.93402,-1.6177,-0.39665,0.68092,1.0507,-0.60114
7.0715,1.0775,-3.4427,-3.3585,-1.1517,0.10127,-0.66633,-0.67324,-0.10899,-0.20178,0.76184,-0.28921
6.56,0.25166,-3.9993,-3.2902,-1.5779,0.59636,-0.79942,-1.6832,-0.65363,0.65985,0.30813,-0.23538
6.3138,0.95556,-3.3859,-2.952,-2.0464,-0.25285,-0.63878,-0.72123,-0.32342,0.23416,0.36091,-0.34651
7.3516,1.4011,-3.7448,-3.4091,-1.4456,0.58902,0.6462,-0.87014,-0.34619,0.17022,-0.3182,-0.60812
6.5915,1.1983,-3.6768,-3.6935,-1.8166,0.24436,0.56822,0.072251,-0.24007,-0.15562,-0.065053,-0.099146
6.5955,1.1683,-3.9408,-3.5737,-1.4561,0.84306,0.085873,-0.79073,-0.32511,0.15429,0.46631,-0.56312
6.5247,1.433,-3.748,-3.4508,-1.6436,0.22001,0.3055,0.090408,0.059696,-0.043541,0.078332,-0.73183
6.8282,1.3809,-3.9337,-3.4914,-1.6603,0.13155,0.091791,-0.39571,-0.63388,-0.086579,0.36119,-0.2113
6.1963,0.96724,-4.4042,-4.0041,-2.3878,-0.40209,-0.029032,-0.80951,-0.97093,-0.26608,0.19575,-0.4304
6.018,1.1265,-3.678,-3.9054,-2.2985,-0.63657,-0.19048,-0.70084,-0.65866,-0.22364,-0.050194,-0.54149
6.8425,1.6283,-3.5871,-3.4358,-1.746,-0.13078,-0.68187,-1.0875,-0.6876,0.21184,0.078579,-1.3261
6.4262,1.9371,-3.2132,-2.9199,-1.1041,-0.3013,-0.60023,-1.5549,-1.1135,-0.40293,0.1044,-0.26471
6.3951,1.1416,-3.1867,-3.0077,-1.6464,-0.22675,-0.61252,-1.4487,-1.4663,-0.75558,-0.19583,-0.48412
6.4402,2.0062,-3.1196,-2.978,-1.6114,-0.40928,-0.24901,-0.20826,-1.2288,-1.0515,-0.62867,-0.31604
6.0355,1.7641,-2.6966,-3.1065,-2.0731,-0.63765,-0.31769,-0.85688,-1.2202,-1.1256,-0.69742,-0.58194
6.1884,1.6296,-3.6525,-3.4064,-1.2715,-0.52061,-0.64708,-1.2597,-1.1556,-0.44924,-0.029575,-0.37978
6.1843,2.6065,-2.1162,-2.8886,-1.8175,-0.79886,-0.089189,-0.2951,-0.8021,-0.37811,-0.050195,-0.057538
6.4973,2.4798,-2.9837,-3.2809,-1.7174,-0.014378,-0.46485,-0.61987,-1.1626,-0.44032,0.10828,-0.17761
6.9226,2.6212,-2.4053,-3.0686,-1.5387,-0.63295,-0.44319,-0.97852,-0.95059,-0.31268,0.24698,0.11974
6.353,3.6377,-1.5965,-2.0912,-1.5937,-0.64852,-0.80856,-1.3064,-1.0705,-0.27092,0.39917,-0.10194
6.5259,2.7226,-2.387,-2.6602,-1.6158,-0.25038,-0.30669,-0.8723,-1.3644,-0.64827,0.16927,0.42117
6.0868,2.1765,-2.2339,-3.1636,-1.5627,-0.34933,-0.29684,-0.7088,-1.1517,-0.48145,0.58424,0.44227
5.8606,2.5718,-2.8036,-2.9148,-2.2595,-0.054938,0.0514,-0.07799,-0.60668,-0.41968,0.56698,0.30608
5.6497,1.7967,-3.3673,-3.0928,-2.1829,-0.54831,-0.13644,-0.60162,-0.52891,-0.37778,0.30338,-0.057269
5.0381,1.7723,-2.8634,-3.686,-2.1296,-0.71722,0.37549,-0.39175,-0.4461,-0.026774,0.084167,-0.61965
4.7984,1.782,-2.8513,-3.4612,-1.4015,0.2292,0.33748,0.3253,-0.46101,0.29515,0.2909,-0.72284
4.9845,0.79713,-3.4913,-3.3688,-1.3216,0.20249,0.52898,-0.20703,-0.75667,-0.20131,0.34173,-0.28038
3.4143,1.3955,-2.7466,-2.8044,-1.1754,-0.091288,0.34496,-0.53061,-1.4816,-0.60148,-0.041964,-0.061249
4.7173,2.13,-2.4919,-3.0728,-1.409,-0.53383,0.19997,-0.41187,-1.0473,-0.14023,-0.74666,-0.44101
4.759,1.8138,-2.0356,-2.4679,-0.86496,-0.55377,-0.76483,-1.0117,-1.0919,0.049789,0.19612,-0.3873
4.6979,1.1398,-2.0386,-2.2626,-1.068,-0.03387,-0.57249,-1.551,-0.82858,0.2318,0.46891,0.37989
4.0414,1.6909,-2.0642,-2.7138,-1.1727,-0.59696,-0.62698,-0.84634,-1.0271,-0.077006,0.50284,0.4043
4.2716,1.7655,-2.715,-2.9965,-1.3186,-0.40218,-0.61151,-0.71746,-0.89698,0.032394,0.35153,-0.040719
3.9421,1.4907,-2.1303,-1.8716,-0.98544,0.076906,-0.064259,-1.0532,-0.70575,-0.10453,0.2622,-0.2135
3.7873,1.2125,-2.8446,-2.9907,-1.2057,0.26636,0.29111,-0.3553,-0.87749,-0.44541,0.41526,0.12751
3.258,1.1351,-3.6392,-2.7507,-1.7977,0.0002672,0.59926,-0.24201,-0.50645,-0.59584,0.48462,0.16168
3.6206,2.0103,-2.5483,-2.2953,-1.5889,0.25812,0.92709,-0.37426,-0.49229,-0.67562,0.031056,-0.57288
3.6646,1.9368,-2.5965,-2.9551,-2.4194,-0.78563,0.33979,0.31829,-0.10719,-0.73572,-0.055056,-0.30715
3.1524,2.4937,-2.394,-2.2588,-2.0129,-0.40367,0.30982,0.068742,0.086745,-0.73212,0.32295,-0.74701
2.5318,1.989,-1.3821,-1.5128,-2.5318,-0.0123,0.36294,-0.86756,-0.78059,-1.0284,-0.3183,-1.6365
4.2752,3.5055,0.41823,-0.99235,-2.8717,-1.0714,-0.54715,-1.3853,-0.54002,-0.081598,0.3138,-1.546
6.4224,5.4686,0.046114,-0.4313,-2.1599,-1.1277,-0.55071,-0.92696,-0.17611,-0.30171,0.51855,-1.0911
6.8888,6.6213,0.33165,-0.62453,-1.6889,-1.4873,-0.46899,-1.0257,-0.43941,-1.0185,0.15422,-0.86282
6.3623,6.1505,0.94333,0.25753,-1.735,-1.8388,-1.2035,-1.6675,-0.50208,-1.1338,0.032682,-0.73681
6.8028,6.7446,0.1445,-0.56378,-1.8037,-1.5311,0.070148,-0.99241,-0.070753,-0.6855,0.13372,-0.8405
5.5117,6.4487,0.057789,-0.50819,-1.5917,-1.174,-0.11705,-1.0292,-0.24762,-1.3973,0.011921,-0.97182
5.0362,5.4913,0.14287,0.16455,-1.2,-1.1128,-0.1395,-0.97929,0.16333,-1.3992,-0.2891,-1.1631
5.2688,6.7209,0.30905,0.75119,-0.59319,-1.2739,-0.11695,-1.4038,0.10569,-1.3229,0.39374,-1.0508
5.3902,5.2766,0.69276,0.19466,-1.2918,-1.1334,-0.51794,-0.65631,0.046788,-0.94203,-0.018037,-0.8127
5.9666,5.4386,0.56485,0.06983,-1.2725,-0.96994,-0.25828,-0.42078,0.34639,-0.89694,0.17562,-0.78315
4.6355,5.8715,0.69406,0.19312,-1.683,-1.5462,-0.12279,-0.60312,0.66827,-0.70605,0.7543,-0.81929
5.6307,6.5292,0.67746,0.48362,-1.5285,-1.1421,-0.69606,-1.1961,0.334,-0.99716,0.10801,-1.2127
5.6946,7.0768,0.33479,0.26661,-1.235,-1.0602,0.1488,-1.1803,0.33075,-1.5046,0.99475,-1.4857
5.6862,5.4131,0.59363,-0.13998,-1.5244,-1.3059,-0.32776,-0.62786,0.63644,-0.84965,0.12034,-1.2007
5.2867,5.0198,0.33487,-0.14243,-1.2902,-1.3785,-0.21038,-0.83672,0.50409,-0.95663,0.011574,-0.7347
5.5478,6.2599,0.014345,0.11329,-1.0053,-1.3069,0.13016,-1.1172,0.15519,-0.97438,-0.27401,-0.96489
6.1263,6.2348,0.94201,-0.35525,-1.2665,-0.83614,0.22295,-0.98083,-0.14454,-1.487,-0.23436,-0.87661
5.9069,5.7758,0.57492,-0.41083,-0.82788,-0.92208,-0.62746,-0.86639,0.0077363,-0.94893,0.20587,-0.82584
5.1707,5.6094,0.96489,0.45991,-1.2042,-1.0689,-0.20003,-1.0766,0.24111,-0.6905,0.19727,-0.49064
4.4134,5.455,0.56013,0.34492,-1.0924,-1.6929,-0.47198,-0.93877,-0.020354,-0.75517,0.47472,-0.37208
4.4403,6.0964,1.271,1.0346,-0.66414,-1.1536,-0.62008,-1.103,-0.31502,-1.0953,-0.0028881,-0.99232
4.6845,6.2069,-0.084451,0.35206,-1.1805,-1.6301,-0.59607,-0.94833,0.28978,-0.79292,0.42046,-0.64817
4.0625,5.5102,0.58661,0.653,-1.4208,-1.4188,-0.49941,-1.2489,0.49345,-0.9114,0.57781,-0.93663
3.6253,5.5718,0.36716,1.2938,-0.86949,-0.85311,-0.28379,-1.2462,-0.19267,-1.4893,0.16306,-1.153
2.2183,5.1902,0.64597,0.24485,-0.11752,-0.85011,-0.55898,-1.2191,-0.54614,-1.4474,-0.16466,-0.61644
-2.1055,4.1276,1.4596,-1.7011,0.79921,-0.76223,-0.35029,-0.44831,-0.35958,0.14326,-0.46416,-0.76326
-3.0723,3.9694,1.5711,-2.3476,-0.097446,-1.2622,-0.54568,-0.2841,-0.51015,0.3733,-0.58358,-0.26772
-1.895,5.7368,3.1367,-1.4792,-0.74274,-1.6303,-0.67944,0.068752,-0.43178,0.27925,0.084563,-0.69129
0.044314,4.8156,2.7941,-1.7638,-0.77051,-1.7652,-1.6712,0.80129,-0.17245,0.30089,0.039173,-0.91283
2.1654,3.6872,2.3758,-0.92797,-0.90907,-2.4,-1.8081,0.1427,-0.033295,-0.73078,-0.58505,-0.39067
3.2818,2.2145,3.7669,-0.23997,-1.5856,-2.4271,-2.4042,-0.0066671,0.38828,-0.33562,-0.58997,-0.54455
4.4515,1.5824,3.3607,-0.11978,-1.9486,-2.0955,-2.3006,-0.47109,0.90264,-0.60966,0.11714,-0.96801
4.4457,0.34146,3.9294,0.65458,-2.709,-1.8998,-1.882,-0.35143,0.6008,-0.17033,-0.11364,-0.72112
4.5229,0.51445,2.5966,0.097122,-1.778,-1.5032,-2.2,-0.84447,0.77198,-0.54979,0.4042,-0.36071
4.9463,1.0252,2.9494,-0.059177,-2.3825,-1.9312,-2.2367,-0.96448,0.78342,-0.81481,0.1696,-0.96188
4.9539,0.95635,2.6329,0.048536,-2.1341,-1.7107,-2.25,-0.90887,0.2616,-0.36873,-0.26573,-0.37875
5.4781,0.60733,2.8865,0.30354,-2.3807,-1.8359,-2.1197,-0.74807,0.66879,-0.56451,0.089621,-0.78786
5.5072,0.55487,2.502,0.27628,-2.2539,-1.7005,-1.656,-0.96263,0.74156,-0.45468,0.3733,-0.90156
5.6002,1.1651,2.6871,0.10508,-2.486,-2.0789,-2.0421,-0.9635,0.55959,-0.71963,0.48965,-0.58096
5.069,2.1503,2.3366,0.32195,-2.3216,-1.9272,-2.0936,-0.92591,0.27343,-0.54713,0.23263,-0.30729
6.1281,1.3917,2.7217,0.099173,-2.9023,-1.7709,-1.7255,-0.92267,0.51017,-0.61281,0.19009,-0.79942
6.2095,1.4578,3.1309,0.2576,-3.0812,-1.7568,-2.0374,-0.37166,1.2124,-1.2158,0.3066,-0.83044
5.5778,1.7384,2.3526,0.13671,-2.8079,-1.7718,-1.8924,-1.3093,0.53105,0.028658,-0.20606,-0.29472
5.7271,1.9597,2.8514,0.2472,-3.0388,-2.0357,-2.0201,-1.7541,-0.094986,-0.31411,0.51705,0.15264
6.355,1.9849,2.6898,0.38577,-3.0514,-2.4395,-2.2382,-1.3486,0.52183,-0.15595,0.17749,0.069042
5.9752,3.3747,1.8277,0.87236,-2.8928,-2.0326,-2.0997,-1.4284,0.39744,-0.28178,0.041436,-0.64424
5.9717,4.3024,2.498,0.89423,-3.012,-2.2029,-1.7053,-1.6611,0.41316,-0.19595,0.31492,-0.35794
3.9599,3.4592,0.99131,0.84793,-1.6634,-1.9022,-1.8532,-1.7811,-0.40398,-0.78459,0.28926,-0.086787
4.1451,4.5346,0.71582,1.7981,-2.4003,-2.7157,-1.7176,-1.9644,-0.27339,-1.2406,0.15013,-0.61327
4.0941,4.0951,0.66162,1.1993,-2.2433,-2.5337,-2.2146,-2.0997,-0.025826,-0.87671,0.33902,-0.86565
4.2566,4.2923,0.79207,0.98734,-2.0737,-2.631,-2.6563,-2.2535,-0.28215,-0.81355,0.46977,-0.39264
2.8306,3.188,0.068851,0.32022,-1.8592,-2.1753,-1.9226,-1.9885,-0.59367,-1.172,-0.46705,-0.60441
3.6469,3.4705,-0.62146,0.00045689,-2.7098,-2.7288,-1.8293,-1.6238,-0.24324,-0.45366,0.22006,-0.60423
2.6207,4.7146,-0.7681,0.022528,-3.2559,-2.8733,-2.0239,-1.8381,0.089793,-0.57617,0.95213,-0.47563
2.4712,3.6098,-1.1047,-0.097227,-2.2113,-2.0338,-1.8101,-1.331,0.14762,-1.3243,0.54034,-0.40514
2.5126,4.344,-0.25883,0.20609,-2.3919,-2.1759,-1.5624,-1.7543,0.2644,-0.80431,0.71008,-0.46624
2.4575,3.9932,0.057494,0.65845,-1.7228,-2.1743,-2.2547,-1.9924,-0.21352,-0.95333,0.2993,-0.70146
3.4362,4.2473,-0.6679,0.068287,-2.2921,-2.1742,-1.9915,-1.8029,-0.52553,-1.2499,0.26261,-0.23442
1.996,4.1769,-0.52946,0.20565,-1.5956,-2.0302,-1.438,-1.7294,-0.59534,-1.0482,-0.25206,-0.31603
2.6227,3.8853,-0.75192,0.40926,-1.3692,-1.0888,-1.0888,-1.6161,-0.33918,-1.4086,0.098699,-0.60874
1.7696,4.0694,-0.08204,0.81081,-1.3777,-1.5141,-0.97525,-1.7562,0.093139,-1.3676,0.47448,-0.5369
1.1557,3.907,-1.2495,0.99922,-1.4089,-1.0192,-1.1401,-1.4162,0.15119,-1.1271,0.62403,-0.47757
2.0269,4.412,-0.92751,0.47787,-1.8214,-1.3076,-1.4481,-1.8397,-0.045293,-1.2465,0.57523,-0.71713
1.8657,4.2814,-0.59979,0.30094,-2.2258,-2.455,-1.9714,-2.2303,-0.21806,-1.6152,0.59258,-0.40542
2.4613,4.3138,-0.60763,-0.10212,-2.2032,-2.3842,-1.822,-2.4266,-0.46422,-1.4252,0.50046,-0.6103
2.5055,5.0829,-0.32041,0.60733,-2.1078,-1.9683,-2.0173,-2.317,-0.68282,-1.0214,0.85357,-0.11979
2.8512,4.2493,-0.042726,0.15963,-2.3661,-2.4006,-2.3109,-2.109,-0.68571,-1.1831,0.65583,-0.31862
3.8108,5.183,-0.14312,0.19869,-2.375,-2.288,-2.1019,-1.8269,-0.37584,-1.019,0.4245,-0.39577
2.6957,4.4634,-0.13923,-0.097164,-2.6328,-2.2521,-2.1955,-1.9062,-0.7003,-0.98055,0.37766,-0.57124
2.52,4.2989,-0.24748,0.079904,-2.538,-2.1679,-1.9552,-2.1191,-0.58069,-0.80981,0.34196,-0.37821
2.4783,4.26,-0.2003,0.082228,-2.2226,-2.2238,-1.8598,-1.9861,-0.41183,-0.87235,0.43048,-0.2614
2.0247,3.8354,-0.53885,0.19373,-2.2578,-2.0335,-2.0274,-1.7449,-0.73757,-1.3569,0.19268,-0.67305
2.2998,3.7753,-0.47598,0.2738,-1.8672,-1.5912,-1.5376,-2.0797,-0.66718,-1.1043,0.52215,-0.42802
2.1506,4.4109,-0.015051,0.73584,-2.0478,-1.8572,-2.0879,-2.1162,-0.61958,-1.1852,0.62205,-0.57313
1.5501,3.6746,0.12376,0.6167,-1.4841,-1.5842,-1.905,-1.8073,-0.83748,-1.0017,0.43915,-0.32094
0.94846,3.4541,-0.071066,0.40087,-1.2661,-1.5835,-1.4969,-1.4871,-0.31391,-0.90206,0.68247,-0.49435
0.6647,2.4442,-0.47399,0.6694,-1.2076,-0.92283,-1.1713,-1.3523,-0.72788,-0.8266,0.45877,-0.33866
1.6327,2.3948,-0.46453,-0.085901,-0.97895,-0.958,-0.76752,-1.537,-0.60405,-1.1011,0.19165,-0.20698
1.1734,1.4516,-0.23035,-0.27546,-1.326,-0.91777,-0.74055,-0.39663,0.0017367,0.35207,0.29078,0.077869
1.467,1.6485,0.12739,-0.34468,-1.4587,-1.0817,-1.417,-0.72182,-0.44332,0.15253,0.38474,0.26658
2.0058,1.9738,-0.18691,-0.58655,-1.6157,-1.1573,-1.4668,-0.81105,-0.92207,-0.27646,0.21468,0.45766
1.7941,1.7757,0.29341,0.14278,-1.5105,-1.18,-1.3505,-0.60841,-0.52062,0.45428,0.29639,0.57457
1.7099,1.974,-0.29966,-0.52444,-1.7819,-1.5096,-1.3831,-0.85747,-0.30601,-0.13232,0.15193,0.049411
1.3542,1.7206,-0.077927,0.1251,-1.187,-0.88277,-1.3023,-0.91096,-0.47646,0.087773,0.73518,0.38236
1.7767,1.9305,0.095796,-0.0012613,-1.2114,-1.0154,-1.3377,-0.85715,-0.471,-0.039946,0.28985,0.1007
1.5663,1.8798,0.18397,0.028716,-1.0842,-0.99226,-1.121,-0.69092,-0.34865,-0.005393,0.15413,0.14077
1.3765,1.4149,0.31042,0.070733,-0.90498,-0.92792,-1.3454,-0.98077,-0.86923,-0.36646,-0.09307,0.17507
0.60043,1.3484,-0.058398,0.37129,-0.459,-0.21751,-0.53555,-0.49816,-0.49723,-0.6356,-0.34549,-0.36211
1.0326,1.4124,0.15596,0.13944,-0.62964,-0.43296,-0.79796,-0.42808,-0.61441,-0.38155,-0.33478,-0.18667
1.5779,1.7125,0.25962,-0.0098852,-0.94359,-1.0098,-1.0311,-0.90004,-0.41837,-0.426,0.04114,-0.16925
1.5328,1.6984,0.33908,0.25664,-0.73165,-0.62276,-1.0047,-0.79485,-0.73118,-0.54078,-0.19429,-0.12518
1.587,1.7074,0.41062,0.36535,-0.62762,-0.70452,-1.3188,-1.263,-1.1377,-0.77802,-0.28022,-0.21342
1.1862,1.4209,-0.083369,0.01923,-0.94034,-0.70588,-1.1221,-0.87982,-0.77734,-0.49624,-0.17131,-0.15367
1.5114,1.9332,-0.024406,0.15921,-0.95146,-0.72992,-1.0466,-0.92554,-0.59159,-0.50077,-0.041694,-0.22463
1.3089,2.1375,0.065988,0.40401,-1.1293,-0.76946,-1.2779,-0.905,-0.66395,-0.61944,-0.11638,-0.46706
0.95688,2.33,-0.39569,0.36632,-1.2264,-0.59661,-0.94947,-0.75811,-0.43483,-0.82662,-0.047548,-0.71061
0.77858,2.2284,-0.34986,0.411,-1.1983,-0.75643,-1.0276,-0.97786,-0.33263,-0.73321,0.27808,-0.42037
1.0786,2.3316,-0.26579,0.3937,-1.2054,-0.66548,-0.94834,-0.76821,-0.2924,-0.67142,0.099002,-0.56681
-0.3398,3.0206,-0.99149,1.2433,-1.4655,-0.34408,-1.2719,-1.1288,-0.45286,-1.0539,0.55174,-0.64027
-0.35206,2.8008,-1.1449,0.93,-1.5754,-0.46742,-1.0663,-1.0281,-0.17357,-1.1285,0.52867,-0.92043
-0.93554,1.7534,-1.0911,0.9057,-0.85042,0.21964,-0.35443,-0.3109,0.16858,-0.42927,0.75765,-0.20526
0.1164,2.9579,-0.93467,0.89962,-1.3547,-0.33631,-0.65485,-0.70907,0.26384,-0.72097,0.87059,-0.51888
-0.10339,3.0318,-0.8891,1.0807,-1.4509,-0.52995,-1.0755,-1.1658,-0.082633,-1.1444,0.7265,-1.0024
-0.12981,2.5658,-1.1009,0.65557,-1.5216,-0.61654,-1.0252,-1.0991,-0.097772,-0.90112,0.82634,-0.49376
0.15385,2.3513,-0.77804,0.50063,-1.5356,-0.91121,-1.3194,-1.2554,-0.3289,-0.8115,0.71415,-0.22134
0.2668,2.5529,-0.49227,0.91311,-1.0956,-0.37864,-0.90689,-0.83368,-0.24801,-0.8076,0.23541,-0.6623
-0.12906,2.4064,-0.83054,0.83322,-1.2737,-0.3563,-0.89942,-0.79373,-0.11448,-0.8202,0.5093,-0.67173
0.57839,2.5152,-0.44026,0.65651,-1.2763,-0.66844,-1.0613,-0.9218,-0.20452,-0.6991,0.37953,-0.58284
0.4159,2.3518,-0.47539,0.60692,-1.3016,-0.782,-1.1988,-1.0985,-0.27213,-0.67991,0.63478,-0.28462
0.44405,1.8784,-0.51295,0.34785,-1.208,-0.60409,-0.96032,-0.75755,-0.28089,-0.65646,0.23282,-0.50131
0.53189,1.7203,-0.45482,0.17741,-1.2175,-0.72208,-0.8877,-0.57344,0.08049,-0.12581,0.68494,-0.061787
0.42163,1.4365,-0.19199,0.42103,-0.79898,-0.37564,-0.86561,-0.58325,-0.43961,-0.39569,0.056293,-0.17863
-1.8556,-4.2619,2.1233,-4.336,-1.5311,-0.87203,-1.7892,-0.25024,-1.299,0.28854,-0.42707,-0.64274
-3.129,-1.2134,1.3856,-4.1799,-2.0091,-1.2403,-1.7861,-0.60372,-1.2815,0.35806,-0.29494,-0.53742
-3.8166,0.063842,1.1131,-3.6304,-1.2006,-1.5819,-0.78645,-0.036743,-0.94896,0.62851,-0.63623,0.21848
2.2153,0.81151,2.7153,-1.7065,-1.6265,-0.90283,-0.016237,0.26827,-0.94531,-0.36818,-0.017992,-0.65642
4.6193,0.018039,3.4546,-0.97119,-1.9552,-1.1837,-1.437,0.90301,-0.3518,-0.2768,0.24838,-0.40832
4.8294,-1.2269,3.6476,-2.0353,-2.1086,-1.7039,-0.834,1.0698,0.16857,-0.12146,0.035244,-0.5999
3.4862,-0.80339,2.6461,-2.6666,-1.6335,-1.5495,-0.39267,0.65213,-0.62958,-0.16935,-0.42792,-0.72393
1.4037,-0.28792,2.2701,-2.0913,-1.4795,-1.3602,-0.064729,0.87935,0.068765,-0.34335,-0.31402,-0.8162
3.8499,-0.22659,1.4856,-2.0723,-1.7338,-0.95078,-0.18847,1.1862,0.41152,-0.26903,-0.47828,-1.092
3.9552,0.022282,1.4177,-2.1003,-1.5137,-1.1944,-0.33181,0.73766,0.63139,-0.17369,-0.90524,-1.4268
1.4354,-0.28616,0.65715,-1.7018,-0.35268,-1.0024,0.70416,0.87418,0.54809,-0.48369,-0.87889,-1.1957
3.9921,0.99558,0.67499,-1.5689,-0.80279,-1.3335,0.62334,0.87172,0.88463,-0.42064,-1.0878,-1.2259
1.4526,0.13917,0.42643,-1.6949,-0.12014,-1.5207,0.33683,0.56709,0.36125,-0.94704,-1.2236,-0.91056
2.2329,0.891,0.72547,-1.4278,-0.37796,-1.8864,-0.0081449,-0.071508,0.71615,-0.55978,-0.68754,-0.82555
4.5252,1.304,1.3122,-1.4651,-0.96783,-1.4721,-0.11756,0.45873,0.83368,-0.12898,-0.39864,-0.61162
3.293,0.17266,0.80404,-1.12,-0.72166,-1.8101,-1.1182,-0.3064,-0.14178,-0.80042,-0.58622,-0.64847
3.3768,-0.23783,0.73749,-0.96218,-0.21809,-1.4595,-0.70742,-0.038616,-0.28582,-0.71152,-0.75933,-0.59062
3.6934,0.38277,0.70603,-1.2458,-1.1571,-1.6516,-0.93422,-0.03999,-0.085707,-0.10794,-0.1685,0.010857
3.4352,-1.1918,0.48047,-0.97726,-0.93246,-1.0953,-1.2626,0.24735,-0.54123,-0.75183,-0.37495,-0.74094
3.3781,-0.56257,0.023837,-1.4023,-1.9147,-1.1547,-1.3541,-0.1007,-0.9236,-0.36538,-0.58843,-1.1248
2.5668,-0.97651,0.14747,-1.3661,-1.4115,-0.72845,-0.89704,0.6015,-0.31332,-1.1394,-0.60353,-0.91812
3.4487,-0.93464,-1.465,-1.295,-1.0835,-0.89548,-0.91435,1.038,-0.054505,-0.74373,-0.84864,-1.0307
2.8874,0.35866,-0.42944,-1.4341,-1.5532,-0.87491,-0.49422,1.2917,0.15989,-0.89,-0.77246,-0.94631
3.1268,1.6217,-0.046014,-0.10764,-0.49066,-0.38963,0.19867,1.1004,-0.32157,-1.3429,-0.76358,-0.99806
2.5932,1.6261,-0.35317,-0.13084,-1.1545,-0.48305,-0.19431,0.98548,0.41823,-0.69662,-0.56906,-1.1368
2.9243,2.6859,0.28455,-0.24726,-1.5938,-0.6264,-0.22696,0.34802,0.46681,-0.86222,-0.40613,-1.23
1.9876,2.7024,-0.84204,0.12786,-1.3311,-1.272,-0.48328,-0.61486,0.82823,-1.0011,0.65133,-0.88966
1.8126,2.7066,-0.9924,-0.0074607,-1.5917,-1.0536,0.13317,-0.45228,0.16131,-1.7398,0.5447,-1.4067
0.99823,2.695,-0.42005,0.41937,-0.65036,-0.078818,0.71346,0.12476,1.0576,-1.1097,0.56898,-1.4297
1.3338,2.2568,-1.2777,-0.46829,-1.5471,-0.74017,-0.25813,-0.84406,0.21172,-1.0066,0.29647,-0.98386
0.95029,1.8243,-0.29223,0.35155,-0.47551,-0.55962,-0.72895,-0.84474,-0.10502,-1.3112,0.2797,-0.41823
1.9903,2.4992,-0.31599,0.13362,-1.149,-0.79678,-0.67956,-0.84771,-0.23789,-0.96818,-0.26119,-0.75864
1.1141,1.5793,-0.52263,0.34508,-1.424,-1.4459,-1.2593,-0.52537,-0.021467,-0.90443,-0.19359,-0.446
1.8179,1.8618,-0.59735,-0.035412,-1.4673,-1.1579,-1.0809,-0.44616,-0.34005,-1.0464,-0.57095,-0.60193
2.395,1.9017,-0.51869,-0.23836,-1.4097,-1.187,-1.0131,-0.41525,0.071232,-0.56866,-0.062069,-0.63866
2.1635,1.6585,0.13467,-0.10688,-1.149,-0.74182,-0.66161,-0.53213,-0.52316,-0.16146,-0.04555,-0.3663
-1.7357,2.2355,-1.675,-1.2101,-0.18703,-0.039276,-0.67646,-0.78689,-0.082012,-0.11805,0.12803,-0.73123
-3.0907,1.0445,-3.2523,-2.098,-0.78656,-0.21484,-0.42432,-0.61301,0.25001,0.00099736,-0.22989,-0.8208
-4.7844,1.5021,-2.9428,-1.9101,-1.1021,-0.25792,-0.27505,-0.84342,0.079816,-0.30757,-0.026239,-0.62984
-3.0052,1.5322,-2.7204,-1.3669,-0.063903,-0.16687,-0.26845,-1.6451,0.35705,0.76917,0.56474,-0.53924
-0.22192,0.2204,-0.2179,0.21444,-0.21005,0.20481,-0.19876,0.19197,-0.18452,0.1765,-0.16797,0.15904
-0.1868,0.18404,-0.1795,0.17329,-0.16553,0.15639,-0.14606,0.13475,-0.1227,0.11016,-0.097352,0.084545
-0.10161,0.099356,-0.095658,0.090605,-0.084318,0.076948,-0.068671,0.059681,-0.050192,0.040424,-0.030603,0.020953
-0.11988,0.11772,-0.11419,0.10935,-0.10332,0.09624,-0.088262,0.079565,-0.070343,0.060796,-0.05113,0.041549
-0.11538,0.11487,-0.11403,0.11285,-0.11134,0.1095,-0.10734,0.10487,-0.10209,0.099008,-0.095637,0.091987
-0.13432,0.13373,-0.13274,0.13137,-0.12961,0.12747,-0.12496,0.12208,-0.11885,0.11526,-0.11134,0.10709
-0.14678,0.14461,-0.14105,0.13616,-0.13006,0.12288,-0.11476,0.10587,-0.096395,0.086529,-0.076464,0.066395
-0.27058,0.2637,-0.25254,0.23749,-0.2191,0.19804,-0.17504,0.15085,-0.12626,0.10199,-0.078729,0.05705
