0.072228,0.73381,-0.27945,0.23692,-0.60609,-0.091091,-0.60228,-0.099884,-0.33987,0.022707,-0.085429,0.076171
0.31432,0.99107,-0.23795,0.29334,-0.59869,-0.031863,-0.51686,-0.11174,-0.40379,-0.25919,-0.3526,-0.25733
0.47367,1.1075,0.015218,0.43171,-0.5784,-0.20549,-0.90361,-0.45119,-0.77024,-0.26319,-0.31897,0.10129
-0.38847,0.69584,-0.36295,0.56597,-0.30758,0.39726,-0.22407,0.23186,-0.12967,0.092763,-0.054174,-0.01821
0.14164,0.65625,-0.18533,0.23786,-0.46091,-0.088004,-0.54369,-0.21605,-0.36756,-0.023452,0.016064,0.17648
-0.33533,0.69032,-0.47547,0.40006,-0.58131,0.16669,-0.48014,0.11464,-0.22416,0.18883,0.062279,0.20844
-0.07694,0.83839,-0.52466,0.25138,-0.68757,0.081987,-0.36411,0.12548,-0.10987,-0.079053,-0.1247,-0.32272
3.2855,3.2306,1.1337,1.3655,0.095294,0.44559,-0.0049602,0.4745,-0.14947,0.090184,-0.17337,-0.0080768
6.0533,4.3643,2.0356,0.71511,-0.65464,-1.0462,-1.2654,-0.92773,-0.64098,-0.21436,-0.052656,0.066095
8.4297,5.7505,2.5558,0.3337,-2.0439,-1.3276,-1.213,-0.73336,-0.61922,-0.091403,-0.38975,-0.74478
4.5289,3.0661,1.5439,0.28647,-0.88051,-0.87064,-1.046,-0.97181,-0.51775,-0.052251,-0.03338,0.081492
6.5765,4.2712,1.6595,-0.045702,-1.6867,-1.0743,-1.0174,-0.80768,-0.23369,0.12241,-0.11541,-0.65575
6.9883,5.3751,1.625,0.49108,-1.7568,-1.2795,-0.79401,-0.74105,-0.40398,-0.3272,-0.020161,-0.41379
6.6955,5.3811,1.449,0.8729,-0.74676,-0.41643,-0.7707,-0.95096,-0.25501,-0.96344,-0.019599,-1.1619
5.9042,4.7087,1.6526,0.91622,-0.95407,-0.71072,-0.70671,-0.58857,-0.39819,-0.60163,-0.36075,-0.88949
5.8781,4.9606,1.4219,0.7224,-1.068,-0.74842,-0.71421,-0.35569,-0.064612,-0.55323,-0.15545,-1.032
6.307,5.9151,1.2238,0.79593,-2.5976,-1.1513,0.13738,-0.78895,0.39554,-0.6453,0.54364,-1.342
6.2378,6.2818,1.2094,0.35786,-1.6304,-1.4629,-0.24802,-0.41999,0.67243,-1.329,-0.044344,-0.71842
6.2105,5.9949,0.94119,0.88209,-1.1725,-1.2094,-0.63697,-1.2431,-0.10298,-1.0669,0.097504,-0.75064
4.9723,4.927,1.1312,1.0244,-1.0463,-0.76151,-0.36195,-0.1863,0.0096082,-0.7417,0.31264,-1.1388
6.271,5.8169,0.7666,0.61651,-2.0475,-0.82727,-0.26602,-0.19022,-0.1503,-1.2417,0.18834,-1.5694
5.7963,4.9943,0.92765,0.42179,-1.4772,-0.91382,-0.32232,-0.093297,0.18279,-0.89383,0.24514,-1.1747
5.2079,4.8682,0.80196,0.53063,-1.2998,-0.59129,-0.30507,-0.19092,-0.11381,-0.79508,0.027907,-1.1477
5.5533,5.628,0.63724,0.66235,-1.8015,-0.99067,-0.33391,-0.098677,-0.56607,-1.2874,0.24683,-1.3166
5.836,6.1701,1.2672,0.60013,-1.7556,-0.86606,0.29846,-0.6013,-0.10874,-1.1047,0.10694,-1.2214
5.3787,6.0705,0.72046,0.52292,-1.1466,-0.93405,-0.0040832,-0.38809,0.20269,-0.90201,-0.14938,-1.1006
4.6668,5.2616,0.47854,0.5536,-1.0538,-0.77977,0.10835,-0.49232,0.53838,-0.94004,-0.23497,-1.2038
5.1664,6.0542,0.24445,0.83228,-1.3968,-0.41233,-0.26272,-0.28112,0.1906,-0.98913,0.18206,-1.3828
2.3071,5.2933,3.2551,-0.087641,-0.25131,-1.5884,-0.17773,-0.44367,-0.51929,-1.3151,-0.82867,-0.58867
-0.55797,1.3761,2.1167,-0.68552,1.6514,-1.2677,-0.0398,-1.0948,-0.20525,-0.25399,-0.48445,-0.66049
-1.1843,2.2055,0.70328,-1.1303,1.753,-0.93643,-0.022044,-0.68812,-0.92537,-0.28031,-0.43678,0.13864
-0.70328,2.796,1.7018,-1.0979,0.28337,-1.8815,-0.018269,-0.17894,-0.73589,-0.12391,-0.69419,0.52462
2.1717,2.3334,1.9922,-0.92646,-0.26226,-1.7097,-1.3177,-0.43936,-0.5475,-0.25375,-0.50506,0.033147
3.3616,0.23716,3.5312,-0.026582,-0.70511,-1.1676,-2.6538,-0.8977,0.15988,0.060398,-0.62004,-0.29771
3.222,-0.27729,3.2084,-0.23634,-0.99136,-0.93512,-2.5531,-0.68578,0.35524,-0.39839,-0.49566,-0.39296
4.1211,-0.92989,3.0564,-0.065937,-1.1632,-0.84618,-2.5861,-0.96377,0.44972,-0.33879,-0.22839,-0.46996
4.2068,-1.3696,3.2172,-0.25008,-1.2367,-0.8071,-2.5639,-0.82744,0.54531,-0.38619,-0.16785,-0.67542
4.3073,-1.6726,3.2181,-0.28049,-1.2596,-0.75639,-2.5066,-0.74734,0.68881,-0.39449,-0.16911,-0.79405
3.9024,-1.3512,2.9446,-0.11495,-1.3424,-0.7896,-2.4947,-0.85434,0.81625,-0.20849,-0.51474,-0.61573
4.1172,-1.6713,2.9266,-0.40153,-1.343,-0.61491,-2.5514,-0.59756,0.7238,-0.17898,-0.6477,-0.46697
4.4218,-1.538,2.7461,-0.14514,-1.5374,-0.56278,-2.2939,-0.9225,0.84708,-0.55563,-0.25229,-0.49895
4.581,-1.6794,3.0121,-0.49082,-1.4665,-0.7071,-2.2151,-0.9639,0.81551,-0.51993,-0.11403,-0.49306
4.5649,-1.6896,2.7888,-0.3699,-1.5181,-0.60353,-2.2791,-0.83001,0.56223,-0.39456,-0.13723,-0.39809
4.727,-1.6792,2.6613,-0.29872,-1.7957,-0.49785,-1.9712,-0.98128,0.29933,-0.33668,-0.15812,-0.3655
4.76,-1.2934,2.5016,-0.082639,-1.8529,-0.50502,-2.3428,-0.98751,0.60747,-0.3673,-0.26687,-0.46807
4.4462,-1.0229,2.6611,-0.22757,-1.7632,-0.59906,-2.2208,-0.78512,0.4259,-0.44512,-0.10506,-0.37704
4.6725,-1.2505,2.5881,-0.28817,-1.4679,-0.64674,-2.2961,-0.86004,0.46251,-0.43066,-0.017002,-0.56754
5.2881,-1.5954,2.6954,-0.42257,-1.5427,-0.76467,-2.2676,-0.80162,0.33384,-0.4313,-0.17467,-0.50664
5.9003,-1.6106,2.4851,-0.33117,-1.6417,-0.70748,-2.4219,-0.82521,0.26053,-0.62086,0.13471,-0.72983
6.3305,-1.2222,1.8486,0.36798,-1.8687,-0.8073,-2.4613,-1.0739,0.21623,-0.60741,0.28871,-0.92709
6.731,-0.76313,1.5851,0.43323,-1.5598,-1.3685,-2.3657,-0.89471,-0.022203,-0.32997,0.05654,-0.87038
6.1366,-0.15426,1.2811,-0.25277,-1.2135,-1.0915,-2.4411,-1.2022,0.52191,-0.23065,-0.23674,-0.60419
6.2441,-0.78775,1.5291,-0.13102,-1.6095,-1.5975,-2.4796,0.091755,0.63593,-0.36702,0.35031,-1.4969
6.0054,-0.96651,1.7168,0.19561,-1.9481,-1.6892,-2.9713,-0.55524,0.021413,-0.65182,-0.14921,-1.1694
6.3044,0.49435,2.0021,-0.42676,-2.3803,-1.4991,-2.7793,-0.89326,0.31403,-1.0164,0.032236,-0.73061
5.0261,-1.1591,1.4749,-0.053199,-2.4673,-0.84608,-1.6751,-1.112,0.20061,-1.0601,0.013033,-0.86473
5.4679,-0.6657,1.0841,0.20212,-2.3883,-1.6618,-2.5769,-1.0362,0.94665,-0.88306,0.66249,-0.59532
4.7792,-0.67554,0.91822,0.38734,-2.3192,-1.3831,-2.4774,-2.2665,0.36075,-0.70883,0.60131,-0.22002
4.973,-0.046924,0.52572,0.27317,-1.5322,-0.80353,-1.948,-1.5138,-0.097037,-1.1221,0.0089071,-0.66364
5.1382,0.96394,1.3612,0.39748,-2.5269,-1.6605,-1.8981,-1.6085,0.037641,-1.166,0.7371,-0.60714
4.895,0.51016,0.86594,0.48423,-1.8066,-1.328,-2.9551,-1.5676,0.67816,-0.6033,0.1853,-0.38176
5.2347,0.28768,0.92641,0.52615,-2.3899,-1.8451,-2.5198,-1.2369,0.017955,-0.95761,-0.16845,-0.25783
4.6905,0.73651,1.5342,0.97106,-2.3337,-1.7904,-2.3754,-1.4565,0.091538,-1.1415,-0.017037,-0.81238
5.191,1.0936,1.5016,0.70374,-1.5391,-2.0236,-2.475,-2.6181,-0.83934,-0.66504,0.6602,-0.096546
5.7078,0.88899,1.5823,0.24068,-1.9215,-2.1226,-2.9575,-1.5411,0.00988,-0.62159,-0.7733,-0.75412
5.7617,0.21852,1.3027,0.27655,-1.5376,-1.2502,-2.9604,-2.0644,-0.54378,-1.2042,-0.6131,-0.71015
5.1768,0.22537,1.261,-0.0698,-1.957,-1.4879,-2.5995,-1.7422,-0.48556,-0.97551,-0.14909,-0.40608
4.7079,0.28805,0.82724,0.0011786,-1.4555,-2.1577,-2.5079,-1.9067,-0.67121,-0.83491,-0.14403,-0.57793
4.7263,1.2295,1.2397,0.26336,-1.2881,-1.7601,-2.8049,-1.0971,-0.50478,-0.93228,-0.067846,-0.12636
5.3458,0.89738,0.59672,0.51725,-1.3802,-1.2828,-2.6618,-1.8997,-0.78859,-0.42445,-0.5341,-0.51275
5.6116,0.72659,1.197,1.3108,-1.5314,-1.9893,-2.1253,-2.3563,-1.1897,-0.13226,-0.066174,-0.32711
3.7019,0.12838,0.38109,1.2762,-1.0805,-1.9505,-2.593,-2.1649,-1.3186,-0.97449,-1.1523,-1.7852
3.4829,0.53716,-0.24207,0.56793,-1.0182,-1.9293,-3.1017,-1.604,-0.95276,-1.2783,-0.55923,-1.468
3.5642,1.2423,0.035969,1.4155,-0.45931,-1.7987,-2.9539,-1.8783,-0.60509,-0.69151,-0.48457,-0.96244
3.1126,1.2586,-0.61153,0.21002,-1.0281,-2.022,-2.599,-2.1966,-0.43437,-0.32653,0.66908,-0.7265
3.4233,2.2289,0.20865,2.1899,-0.64843,-1.2507,-2.27,-1.3,0.25138,-1.1553,-0.55076,-1.1123
2.4899,1.687,-0.15193,1.5456,-1.1934,-1.3511,-0.9381,-1.0783,0.67213,-0.68435,-0.27815,-0.94943
2.7223,1.5458,-0.3003,2.4806,-0.84918,-2.3248,-0.77844,-0.49539,-0.0038138,-0.64036,-0.79695,-1.5926
3.0305,1.243,-0.6075,1.3253,-0.97488,-1.7298,-2.0478,-1.587,-0.79186,-1.4067,-0.027769,-0.28963
4.0551,1.6851,0.028221,1.417,-1.5119,-2.1315,-2.6313,-1.8406,-0.38697,-1.0109,-0.16065,-0.19517
4.215,3.0081,-0.10761,1.9385,-0.82377,-2.1492,-2.3648,-2.0004,-0.45175,-0.85167,-0.49404,-1.049
4.2363,3.0247,0.13343,2.2674,-0.94933,-2.2792,-2.5788,-1.3691,0.45944,-0.70089,-0.82661,-0.93224
3.2977,2.8967,-0.92221,0.96146,-1.6251,-1.7733,-1.5648,-1.1116,-0.30766,-1.1602,-0.069771,-0.83108
4.2652,3.5747,-0.01056,1.1906,-1.4286,-1.6678,-2.2105,-1.0626,-0.40358,-0.76573,-0.28984,-1.1721
4.1736,3.5395,0.073272,0.67627,-2.6022,-2.2145,-1.2848,-1.1352,-0.6866,-1.4246,-0.15113,-1.1552
4.8942,3.5124,-0.058084,1.2658,-2.0329,-2.3407,-2.0638,-1.6114,-0.73794,-0.74125,-0.27569,-0.62841
4.3135,2.7908,-0.043899,0.88396,-2.1047,-1.9115,-2.0521,-2.1083,-0.8743,-1.0758,-0.2027,-1.3238
3.9249,3.3175,0.11887,0.37844,-2.6356,-1.6506,-1.6747,-1.7347,-0.033452,-0.62881,0.24658,-1.3737
3.9425,4.0302,0.30211,0.97411,-1.8832,-2.4145,-2.0657,-1.2804,0.32502,-0.98406,0.78646,-0.40836
4.8792,3.6302,-0.20073,0.024685,-1.9935,-1.7523,-2.095,-1.4344,-0.29024,-0.53299,0.35728,-0.73704
4.4786,3.3278,0.81517,0.14689,-2.5327,-2.7436,-2.2361,-0.74347,0.0086369,-0.9797,-0.64425,-0.61199
4.078,3.0982,0.52484,0.85385,-1.7259,-2.1467,-2.3426,-1.1002,-0.27887,-0.96613,-0.55731,-0.91571
2.4704,1.9414,0.42511,-0.51248,-0.44488,-1.6557,-2.6879,-0.80117,-0.035192,-1.3257,-0.65965,-1.7031
1.7453,0.66649,0.41737,0.39137,-0.41078,-1.8274,-3.466,-0.91001,0.38108,-0.36889,-0.025711,-1.5681
3.3638,1.5195,0.13019,0.20806,-1.3416,-2.5965,-2.8595,-1.1281,0.19926,-0.079525,-0.39244,-0.48291
1.4841,1.217,1.4904,-1.6675,-1.6476,-2.6698,-3.094,-1.028,-0.23177,-0.17718,0.24296,-1.3136
-1.2419,-0.14965,2.1169,-1.072,-1.3633,-2.3681,-2.5726,-1.9505,-0.198,0.66277,0.025351,-2.6203
1.7074,0.42594,1.5959,-0.64601,-1.4395,-1.6065,-2.5425,-1.8441,-0.26539,0.45172,-0.57421,-1.2944
2.8145,1.0961,0.64115,0.10584,-1.0126,-2.1741,-2.2823,-1.4558,-0.74544,0.35575,-0.1271,-0.81953
2.1191,1.1791,0.62575,-0.17731,-1.5292,-1.8673,-2.8396,-1.8309,-0.63164,0.23503,0.11749,-0.88323
3.8851,2.0765,-0.37178,-1.2195,-2.2696,-1.8937,-2.2985,-1.4731,-0.58928,-0.15402,-0.02392,-0.88818
3.1047,2.6248,0.067029,-0.72466,-2.5164,-2.7567,-2.5214,-1.4207,-0.84726,-0.32803,0.69932,-0.97398
2.7491,3.4214,0.1486,-0.089371,-2.0991,-1.8472,-1.8098,-1.4433,-0.89478,-1.1543,-0.14966,-0.70154
-1.7383,1.3227,1.8417,-0.41887,-1.5922,-1.7543,-3.8634,-1.046,-0.93811,1.2622,-0.032493,-2.4625
-0.45097,1.4586,1.5732,-0.59397,-2.2147,-1.5097,-3.8706,-1.35,-0.38217,1.6897,-0.059717,-2.5429
1.0742,2.8202,-0.1029,0.10673,-2.1978,-1.793,-3.1851,-1.3489,-0.26482,1.0377,0.69399,-1.5444
2.4444,0.39504,-2.2422,-1.3253,-0.55135,-0.4111,-2.0732,-1.6037,-0.23193,0.32826,-0.90927,-0.78809
0.7868,-1.375,-3.6885,-3.2239,-0.38136,-0.15,-1.3429,-0.95376,0.62208,0.54562,-1.934,-1.0229
0.78975,-0.83576,-2.444,-2.2947,-0.46362,-0.91632,-1.2047,-0.90976,0.076246,0.021,-1.5394,-1.0335
1.666,-1.3008,-1.354,-2.1786,-0.36156,-1.2382,-1.6261,-1.552,0.26129,0.14332,-1.0678,-0.91391
1.7256,-0.99588,-1.7805,-2.1581,-0.059609,-0.70341,-0.87911,-1.2396,-0.51653,-0.60528,-1.4469,-1.1555
4.7874,0.9351,-2.6422,-2.3308,-0.46593,0.21982,-1.0644,-1.0985,0.1649,-0.025544,-1.1564,-1.322
3.2044,0.35063,-2.2505,-0.61364,-0.12686,0.11522,-0.85647,-0.75164,0.53519,0.020794,-0.073248,-0.6353
5.8363,0.19885,-1.6994,-0.42176,-0.35686,-0.080076,-0.82509,-1.5567,-0.11333,-1.0696,-0.25977,-0.97638
4.3522,-0.52799,-0.87181,-0.97937,0.4366,-0.22095,-1.1501,-1.421,0.4442,-0.89882,-0.83409,-1.1999
5.147,-1.5698,-0.95477,-1.9024,0.71778,-0.19843,-0.45475,-1.6154,0.46818,-1.1324,-0.12305,-1.298
5.5574,-0.47582,-1.9054,-2.309,0.4563,0.36126,-1.2749,-1.2623,0.35193,-0.76066,-0.55703,-1.0321
4.6289,-0.74629,-1.1926,-2.5933,0.44292,-0.21795,-0.59708,-1.4257,0.64933,-0.90752,-0.40216,-1.0125
4.5309,-0.49778,-1.0415,-2.2402,0.27219,-0.27053,-0.76755,-1.7217,0.80747,-0.95031,-0.26998,-0.87829
6.336,-0.25463,-2.8238,-0.89658,0.074591,-0.037313,-0.95811,-1.6701,0.54766,-1.0158,-0.089334,-1.1103
6.7686,-0.93653,-2.1815,-1.0278,-0.24252,0.035083,-0.42855,-2.3011,0.89981,-1.2966,-0.10723,-1.1986
6.5243,-1.081,-2.1832,-1.044,-0.36924,0.34904,-0.30131,-2.0785,0.50618,-1.0694,-0.1925,-0.99447
6.5042,-1.4998,-1.5566,-1.4421,-0.25042,0.43778,-0.44413,-2.0237,0.56691,-1.2067,-0.1261,-0.96065
5.8348,-1.4553,-1.597,-1.4232,-0.18422,0.30269,-0.41268,-1.9589,0.37077,-1.1389,-0.24129,-0.84663
5.9153,-1.7112,-1.1107,-1.8284,0.27604,-0.066617,0.097981,-2.412,0.73943,-1.3901,-0.0087585,-0.83797
5.7244,-1.845,-1.0874,-1.5489,0.36262,-0.059765,-0.023603,-2.1924,0.55284,-1.1937,-0.14562,-0.72879
5.4296,-1.731,-1.2533,-1.604,0.34448,-0.015359,-0.11264,-2.1809,0.52894,-1.2213,-0.17694,-0.80229
6.165,-2.4339,-0.6287,-2.1531,1.0212,-0.60755,0.46039,-2.6395,0.87433,-1.5499,0.33084,-1.0677
6.2889,-2.2667,-0.77071,-1.967,0.72541,-0.28077,0.24828,-2.6641,0.76571,-1.2647,0.2519,-0.72733
6.3953,-2.2092,-0.76391,-2.1502,0.75759,-0.26908,0.056805,-2.6298,0.80951,-1.1303,0.37278,-0.65882
6.8469,-2.1603,-0.68096,-2.5263,0.70698,-0.3099,0.23963,-2.6767,0.94547,-1.3997,0.63914,-0.74679
6.7878,-1.8744,-1.0483,-2.1127,0.19072,-0.1036,-0.16714,-2.2441,0.95692,-1.5313,0.63287,-0.79193
6.2196,-1.0871,-2.0807,-1.8834,-0.27844,0.28015,-0.74492,-2.0344,0.37437,-0.87339,0.10855,-0.84952
7.5449,-1.8828,-1.7739,-2.1118,0.44902,-0.32299,-0.14768,-2.5965,0.52504,-1.3886,0.33614,-1.2994
5.2116,-1.0633,-3.0142,-1.8932,-0.17418,-0.078645,-1.0234,-1.6235,-0.8553,-1.2958,-0.29399,-1.3864
7.0823,-1.6606,-2.2147,-2.5979,-0.086925,0.17591,-0.76717,-1.7321,0.25502,-0.7814,1.356,-1.6613
6.3505,-1.7737,-2.7846,-1.4381,-0.70451,-0.086735,-0.49768,-1.9339,-1.2324,-0.76114,0.87409,-0.31709
5.6773,-1.6633,-2.6496,-1.1962,-0.22455,0.35925,-0.45625,-2.2075,-1.8027,-1.2138,0.52383,-0.066657
6.5324,-0.43698,-1.8543,-1.0893,-0.89705,-0.081599,-0.78848,-2.2248,-1.895,-1.3716,-0.084813,-0.29706
6.2081,-0.71283,-2.2316,-1.7151,-0.95667,-0.30895,-1.3677,-1.8872,-1.6658,-1.125,-0.19408,-0.3354
6.1177,-0.3768,-2.0544,-1.6874,-1.2259,-0.40234,-0.82573,-1.3483,-1.4456,-1.2484,-0.013472,0.19248
6.9109,-1.6037,-2.6891,-1.1424,-0.63473,0.13974,-1.0566,-1.9875,-1.1767,-0.75048,-0.21136,-0.67304
7.3896,-1.2662,-2.4804,-1.0872,-1.0988,-0.56418,-1.0946,-1.3577,-1.271,-1.078,-0.42276,-0.4392
7.6454,-0.4661,-3.1052,-1.0432,-0.60071,0.11215,-0.26166,-1.0379,-1.1869,-1.4594,-0.11513,-0.41686
7.8265,-0.58275,-3.3848,-0.58881,-0.81134,-0.032344,-0.63662,-1.1963,-0.89689,-0.95597,-0.56433,-0.68023
7.8969,-0.49023,-3.1712,-0.84055,-0.78734,-0.046332,-0.89712,-1.3283,-1.053,-1.1963,-0.5266,-0.30873
6.8386,0.73618,-2.334,-1.4645,-0.95052,-0.50835,-1.0162,-1.2481,-1.1465,-1.5883,-0.87697,-0.43941
6.7542,0.24983,-3.5067,-2.2264,-0.89985,-0.16027,-1.5806,-1.9481,-1.2098,-1.0817,-0.55742,-0.56489
7.3875,0.94262,-2.5305,-1.0905,-0.50695,-0.26614,-1.6778,-1.7388,-1.1824,-0.66935,-0.11107,-0.38375
7.3837,1.0728,-2.4861,-1.7672,-0.81853,-0.22489,-1.4055,-1.9027,-1.0731,-0.70693,-0.67497,-0.69828
5.9934,0.3813,-3.2411,-2.3856,-1.3507,-0.4499,-0.78926,-1.1767,-1.002,-0.57398,-0.1801,-0.25096
7.6267,1.2862,-3.3009,-1.6436,-0.32758,0.37708,-0.95517,-1.8731,-1.0302,-0.75916,0.017603,0.026983
5.5809,0.65211,-2.8057,-2.087,-1.1377,-0.93159,-1.7045,-1.9933,-1.187,-0.52627,-0.17046,-0.32421
8.1664,1.7052,-3.4221,-1.2793,0.15925,-0.15807,-1.7058,-2.6493,-1.2433,-0.27665,-0.17609,-1.0544
5.6818,1.2029,-1.9104,-1.3834,-0.58058,-0.70802,-1.913,-2.2283,-1.6354,-0.8965,-0.53023,-0.54129
6.577,1.8274,-2.8932,-1.1797,-0.94093,-1.1731,-2.0418,-2.6561,-1.9495,-1.2786,-0.47048,-0.76449
6.1156,1.2401,-1.9062,-0.50506,0.51187,0.1367,-1.7053,-2.4906,-1.5178,-0.80208,-0.13035,-0.44741
7.0774,1.694,-2.8042,-0.92198,-0.15622,0.84527,-0.85723,-2.8798,-1.2355,-0.58828,0.10951,-0.57053
7.5115,1.5144,-3.0889,-1.2587,-0.10269,-0.11256,-1.5601,-1.7697,-0.83181,-0.72091,0.21088,-0.38577
6.7692,1.8522,-2.5593,-1.0937,0.2124,-0.011453,-1.0546,-1.9273,-1.8181,-1.1045,-0.1392,-0.72439
6.4645,1.5793,-2.6177,-1.4287,-0.83996,-0.39481,-1.1706,-1.5893,-1.6317,-1.1862,-0.71686,-0.92232
6.907,1.7753,-3.0123,-2.0899,-0.53642,-0.22046,-1.1239,-1.3398,-1.2628,-0.78378,-0.52484,-0.86291
5.9456,2.9531,-2.7615,-1.6218,0.42806,0.21677,0.46897,-1.7078,-0.56469,0.076662,-0.25908,-0.90144
2.7194,5.3167,-1.9857,-0.75725,0.034921,-0.98314,0.5195,-2.2251,-1.0808,-0.46073,-0.35424,-0.041808
0.40205,6.1371,-2.5997,-1.0262,0.37972,-0.69422,-0.29714,-2.2899,-1.0514,0.72574,-0.048226,-0.96261
-0.70568,6.4439,-2.4801,-1.1733,0.47744,-0.2407,0.57232,-2.1042,-0.53189,0.26014,0.3429,-0.67442
-2.6718,6.9944,-1.5413,-0.92874,0.045592,0.08389,0.10488,-2.622,0.1641,0.28212,0.1164,-0.46345
-3.83,5.6042,-1.3206,-0.40429,-0.39153,-0.36023,-0.49106,-1.8938,-0.67824,-0.174,0.50074,0.21135
-4.8501,4.95,-2.4689,-1.4101,-0.18648,-0.84933,-0.82609,-2.0815,-0.32906,-0.3238,0.9171,0.046039
-4.8915,4.9014,-3.0887,-1.576,-0.70317,-1.6373,-0.50497,-1.7148,-0.77269,-1.0365,0.41321,0.31386
-4.9487,3.8689,-2.3471,-0.93993,0.20327,-0.60458,-0.70212,-1.874,-0.31166,-0.74019,-0.22172,-0.40555
-5.8448,2.9131,-2.7832,-1.0041,0.034906,-0.97422,-1.1459,-1.4732,-0.32623,-1.1805,-0.35991,-0.38771
-6.9736,2.8584,-3.6473,-2.0746,-0.038496,-0.72526,-0.21854,-1.2673,-0.46811,-0.056106,0.15222,-0.58094
-7.2309,2.9918,-3.1992,-1.4737,0.20948,0.37657,0.11684,-1.162,-0.80706,-1.4371,-1.2452,-0.66593
-6.4509,3.9314,-3.0868,-1.5805,-0.52999,-0.29245,-0.46402,-1.4169,-0.149,-1.4777,-0.67092,-0.94929
-6.163,4.5826,-3.4687,-2.0118,1.1145,0.75529,-0.16656,-1.3582,-0.82387,-1.312,-1.0807,-0.8279
-7.0407,3.7218,-3.2581,-2.5526,-0.085945,-0.28035,0.092918,-1.0472,-0.92964,-1.6378,-0.32413,-0.68352
-6.7669,3.8596,-2.2481,-2.1075,-0.23654,0.49871,0.55382,-0.32699,-0.8405,-1.02,-0.23755,-0.35229
-6.5064,4.7483,-2.7354,-1.2933,0.1253,-0.12828,0.27448,-1.675,-0.87319,-1.3673,-0.45507,-0.3351
-6.6202,5.1802,-2.4129,-1.5936,0.60733,0.079824,-0.49667,-1.5558,-0.71532,-2.0807,-0.15086,-0.19364
-6.2233,5.4549,-2.3231,-0.69872,0.1117,-0.94525,-0.68816,-0.93097,-0.26185,-1.7655,-0.75305,-0.38029
-7.1631,5.0959,-1.8034,-1.4212,0.18556,-1.5694,-0.80213,-1.7376,0.10146,-1.4936,-0.4677,0.10261
-7.6768,5.2483,-1.7763,-0.823,0.3363,-0.63506,-0.71011,-1.6772,0.053029,-2.0095,-1.103,-0.33961
-7.912,5.1347,-2.1291,-0.82853,0.38423,-1.2705,-1.3662,-1.9076,-0.56166,-1.3352,-0.60498,-0.73938
-7.0613,5.0285,-2.2672,-1.2054,0.95824,-0.37979,-0.92554,-1.3085,0.047949,-1.4951,-0.89058,0.20809
-7.0601,5.3565,-1.4666,-0.88354,0.16636,-0.19249,-0.69011,-1.161,-0.056485,-1.4462,-1.1025,-0.46478
-6.9582,4.5469,-1.3503,-0.92669,-0.17558,-1.508,-0.66079,-1.2822,-0.16417,-1.5146,-0.88985,-0.40814
-7.2635,3.632,-1.1907,-0.78224,-0.61447,-0.96589,-0.57941,-1.7125,-0.28182,-1.3834,-0.84036,-0.23601
-5.6902,3.9308,-0.93864,-1.3568,-0.3107,-1.9851,-0.3049,-0.90368,-0.073981,-1.3874,-0.93335,0.025088
-4.0495,3.5309,-1.1778,-2.1933,-2.4733,-3.0901,-0.85995,-0.51884,0.1502,-1.3583,-1.3864,0.11303
0.83702,2.9554,0.18133,-0.73867,-0.51684,-2.1071,-0.69677,-0.60467,0.61298,0.16216,-0.75236,-0.38
2.4718,0.2373,1.0184,-0.83017,-0.89829,-2.2817,-0.33359,-1.1209,0.85233,-0.22128,-0.71679,-0.098611
2.6514,-0.43539,1.0594,-1.1415,-0.78948,-2.2937,-0.010724,-1.1759,1.0261,-0.40299,-0.67498,0.025861
2.844,-0.30655,0.6985,-0.62107,-1.4341,-2.0626,0.00050338,-0.83756,1.2981,-0.57496,-0.6296,0.042798
2.2503,0.12338,0.026052,-0.81544,-0.87149,-2.7668,0.38354,-0.89994,1.4333,-0.34376,-0.82392,-0.13785
2.7901,-0.67592,0.63353,-1.2275,-0.84867,-2.6048,0.21555,-0.59378,1.1402,-0.081521,-1.1936,0.072173
3.6275,-0.33273,0.073916,-1.1059,-1.2063,-2.4575,-0.2197,-0.84052,1.1202,0.04582,-0.94972,-0.098719
3.5788,0.18205,-0.029179,-1.2498,-1.1077,-2.7314,-0.026487,-1.2088,0.87084,-0.078884,-0.57196,-0.43112
2.6229,0.42624,0.20528,-1.1263,-0.75036,-3.1195,-0.06648,-1.3544,1.0184,0.081963,-0.69285,-0.50736
4.44,0.75016,-0.41876,-0.0028529,-0.9026,-2.9628,-0.42386,-1.4527,0.86473,-0.34469,-0.38395,-0.4288
3.0863,1.319,-0.12008,-0.31534,-0.16737,-3.0992,-0.1311,-1.7401,0.76185,0.17926,-0.75574,-0.54072
4.7142,1.5195,0.027935,0.084024,-0.50598,-2.0947,-0.38482,-1.7456,0.01381,-0.56381,-0.39099,-0.3495
5.4154,2.3807,-0.45887,0.13249,-0.47945,-2.1136,-0.74377,-0.88782,-0.024199,-1.1602,-0.22879,-0.44051
3.9375,1.4302,0.034627,0.47883,-1.1579,-2.3872,-0.86366,-1.3915,0.48543,-0.353,-0.29999,-0.07581
4.7126,0.89602,-0.52538,0.55099,-0.052925,-2.2168,0.28767,-1.37,0.068419,-0.82587,0.34212,0.69864
3.764,0.87549,0.6517,0.51617,-0.89918,-2.555,0.12223,-1.1606,-0.034329,-0.52494,-0.57241,-0.1214
3.7792,0.92646,-0.089497,-0.23089,-1.3308,-3.3022,-0.6592,-1.5468,0.18909,-0.91814,-0.603,0.27777
4.1708,0.39575,-0.46146,-0.06019,-1.7811,-2.7148,-0.75462,-0.92531,0.19272,-0.6126,-0.82697,0.71431
4.4033,1.5425,-1.196,-0.24805,-2.2268,-2.7026,-1.0715,-1.1657,-0.25383,-0.81555,-0.95723,-0.14931
4.6442,0.45414,-1.5432,-0.51591,-3.1915,-2.8339,-1.0613,-0.60618,0.12892,-1.1137,-0.87012,0.43132
4.7335,1.4023,-1.7105,-0.5544,-2.4846,-2.2703,-0.49185,0.042447,0.40154,-0.87092,-0.79803,0.16083
4.8458,1.375,-1.1149,-0.27085,-2.2862,-2.975,-1.5635,-1.0852,-0.33839,-1.4179,-1.3256,-0.32654
4.0323,1.199,-0.99645,0.47294,-1.8101,-2.5864,-0.9297,-0.1395,0.40302,-1.2809,-0.92121,0.084854
4.3547,1.2893,-1.7857,-0.28968,-2.2868,-2.4629,-1.2094,-0.20905,1.0249,-0.54622,-0.14939,-0.20524
5.1937,1.567,-1.7517,0.23679,-2.1083,-2.8702,-1.5449,-0.38954,-0.14202,-1.1702,-0.90875,-0.13709
4.0692,2.4916,-0.73966,0.93327,-2.5175,-2.8561,-1.5733,-1.0202,0.9555,-0.89927,-0.52523,-0.48625
4.4398,2.4496,-0.69785,0.52775,-1.8158,-3.1918,-1.3982,-1.2267,0.78966,-0.72407,0.26135,-0.51202
2.9471,2.186,-0.21576,1.3423,-1.7479,-2.6208,-1.402,-1.2617,0.79777,-0.48033,0.21786,-0.22634
3.2254,1.699,-1.1655,0.21724,-1.3646,-1.7062,-1.0148,-1.1721,-0.20904,-1.351,-0.21987,-0.0058747
-2.7365,2.2922,-1.5937,-1.6231,-1.3819,-2.1186,-1.2702,0.15225,0.12497,-0.84754,-0.46095,-0.22126
-2.2638,3.1482,-1.9933,-0.525,-1.534,-2.9044,-1.7091,-1.4405,-0.483,-0.4694,-0.483,-0.57685
-3.5783,4.1654,-1.4784,-0.8511,-0.83634,-2.3983,-1.1337,-1.3494,-0.12088,-1.2458,-1.1776,0.13725
-4.3214,3.2083,-1.8324,-1.9731,-1.4088,-2.6529,-1.3192,-0.47401,0.26711,-1.4277,-1.3763,-0.47763
-3.4996,1.9039,-2.5591,-1.3476,-1.8413,-2.859,-1.2684,-0.32399,0.24631,-0.63237,-0.45113,-0.72473
-3.8653,2.1304,-2.4276,-1.0812,-0.55663,-2.3492,-0.79007,-1.0156,-0.33044,-0.9899,-1.1959,-0.97141
-3.1008,1.7253,-2.4769,-1.0073,-0.91108,-1.5696,-1.1819,-1.3966,0.48568,-0.43338,-0.7209,-1.2236
-3.3227,1.7193,-3.4582,-2.6499,-0.46302,-1.7165,-0.64226,-1.1949,0.46182,-0.15922,-0.50073,-0.75962
-3.2522,1.5982,-3.3537,-2.5359,-0.75593,-2.0828,-0.61644,-0.7242,0.5126,-0.84064,-1.1013,-0.5454
-3.2878,0.47464,-2.9362,-2.2185,-0.32712,-2.3951,-0.79205,-0.80133,-0.019396,-0.90221,-1.2328,-0.13655
-1.5743,-0.33776,-2.5941,-1.5712,-0.55566,-1.5546,-0.9583,-1.5382,0.2516,-0.10872,-0.77005,-0.49105
1.4275,1.8291,-1.7782,-0.47001,-1.1044,-2.2843,-1.2,-1.0782,0.33305,-1.276,-0.43014,0.17461
0.96347,2.3027,-1.7288,-0.83345,-0.55512,-1.9209,-0.41563,-1.6603,-0.20275,-0.95599,-0.043803,0.35207
0.58913,2.6339,-1.4981,-0.4607,-0.71126,-2.2374,-1.0799,-1.338,-0.6309,-0.48701,-0.080955,-0.072254
0.69545,2.639,-2.1118,-1.0268,-1.48,-2.6126,-0.25124,-0.81876,0.25592,-0.29793,-0.21594,-0.13824
1.195,2.3355,-1.2977,-0.70768,-0.77463,-2.6149,-0.49082,-0.57609,0.52212,-0.17774,0.1849,-0.34463
1.0553,2.6971,-0.836,-1.0323,-0.83654,-2.1299,-0.31934,-0.66728,-0.21641,-0.98569,-0.19285,-0.16612
0.87842,1.2858,-1.5595,-0.95865,-0.75576,-1.386,-0.15122,-0.32397,-0.2564,-0.90459,-0.58203,-0.14697
0.99094,0.90665,-1.3107,-0.55907,-0.90974,-1.5993,-0.87591,-0.63921,0.088759,-0.79064,-0.10309,0.12526
1.9975,1.909,-0.50254,0.10266,-1.3687,-1.4073,-1.0862,-0.34283,0.35243,-0.53032,-0.31217,-0.21167
1.5104,0.93923,-0.13671,-0.3232,-0.93411,-0.076883,-0.71764,-1.5768,-0.94336,-0.57256,0.016435,-0.14123
0.95399,0.38512,-0.10905,0.77086,-0.7948,-0.2438,-0.47763,-0.80732,0.2943,-0.8086,-0.1294,-0.32664
0.34468,-0.49226,-1.0001,-0.87317,-0.99835,-0.20817,-0.13585,-0.48282,0.046969,-0.57182,-0.16008,-0.65892
1.6778,0.063364,-1.1578,-0.048821,-0.93492,-0.30759,-0.42053,-0.54426,-0.48103,-0.88183,-0.75783,-0.4128
0.9322,0.1746,-1.3794,-0.6915,-1.5448,-1.0193,-0.30008,-0.073505,-0.47323,-0.82401,-0.71292,0.044073
2.0887,0.97124,-0.78608,0.1691,-0.99145,-1.3292,-0.1261,-0.77315,-0.20659,-0.96647,-0.43892,-0.24269
1.5088,1.002,-1.3627,-0.025406,-0.99307,-1.1492,-0.072372,-0.75527,-0.099952,-0.54654,-0.11793,-0.25876
5.4822,4.0761,1.2457,0.82136,-0.65288,-0.88979,-0.76584,-1.3643,-0.19153,-0.40948,0.1627,-0.23535
7.1392,4.7142,2.907,0.23705,-2.5458,-1.1101,-1.5233,-1.5931,-0.31628,-0.83528,-0.055765,-0.49872
6.7987,4.7208,1.9872,-0.89327,-2.3105,-1.1646,-1.3669,-1.07,0.10169,-0.44436,-0.023762,-0.77756
5.6773,4.1138,3.7215,-1.1469,-2.3087,-0.43093,-2.1411,-1.1721,0.94297,-0.57736,0.41894,-0.95248
6.1273,4.0997,3.7955,-0.90919,-2.5682,-0.60222,-1.9273,-1.4552,0.38043,-0.35272,0.2215,-1.017
6.6733,3.2679,3.0119,-0.54123,-2.4647,-0.48028,-1.5985,-1.6371,0.26969,-0.98315,-0.29953,-0.73697
6.4693,3.543,2.906,-1.0923,-2.74,-0.62451,-1.9265,-0.94163,0.40038,-0.93561,-0.30537,-0.56082
6.7388,3.0925,3.6312,-1.182,-2.6884,-0.37604,-1.8437,-1.3037,0.52078,-1.2015,0.064684,-1.2113
5.8458,2.9529,2.6965,-0.53328,-2.2687,-0.82723,-1.3459,-1.0535,-0.26602,-0.80109,-0.57983,-0.519
5.3281,3.3865,1.85,-0.22117,-1.3997,-1.2636,-1.8005,-1.2672,-0.63484,-0.61963,-0.25471,-0.30978
5.8151,2.1613,2.5945,-0.37535,-1.6451,-1.3109,-2.2375,-0.71068,-0.0059459,-1.0686,-1.0453,-0.43726
6.4821,-0.0097586,1.958,-1.3951,-1.229,-0.66346,-2.7331,0.33718,-0.33502,-1.0642,-0.54238,-1.0404
4.6395,-0.61213,1.4685,-1.5529,-0.93888,-0.58572,-2.1018,0.24971,-0.21887,-1.0079,-0.81917,-0.81893
4.7385,-1.3988,0.44704,-0.88473,-1.6007,-0.73183,-1.4786,-0.10027,0.44493,-1.5255,-0.17868,-1.2166
5.8134,-1.0312,0.62789,-1.2372,-1.3104,-0.50562,-1.503,0.23291,0.80322,-1.331,-0.37979,-1.3614
5.6932,-0.93095,0.24458,-1.0084,-1.2307,-0.0081456,-1.3841,0.20552,0.54378,-1.2213,-0.473,-1.5071
5.8083,-0.91208,-0.19592,-1.2354,-0.80092,-0.38282,-1.5754,0.24749,0.39402,-1.2106,-0.4081,-1.432
5.6587,-1.242,0.36413,-0.99937,-1.3869,-0.34456,-1.2111,0.16047,0.42586,-1.2784,-0.29494,-1.3488
6.2261,-0.84355,0.33897,-0.91558,-1.3745,0.1249,-1.4504,0.2844,0.49982,-1.1622,-0.76494,-1.4794
6.1578,-0.96301,0.38876,-1.1236,-1.0271,-0.00025761,-1.9459,0.46716,0.26804,-1.2464,-0.28625,-1.9754
5.7881,-1.1603,0.54356,-1.6485,-0.27943,-0.5567,-1.7454,0.72274,-0.37124,-1.003,-0.77704,-1.7156
5.0395,-1.107,1.8776,-1.8147,-1.3016,0.82191,-1.8345,0.41504,-0.36492,-0.65493,-0.67218,-1.9356
6.2753,-1.0669,1.0245,-1.7262,-1.0267,-0.063117,-2.0421,0.26782,0.024473,-0.25131,-0.90532,-1.5094
7.3799,-1.6453,0.87184,-1.5399,-1.087,0.053652,-2.5936,0.33718,-0.26791,-0.18842,-0.59363,-1.5576
6.0607,-1.5034,1.3475,-1.8558,-0.92646,-0.37482,-2.0421,0.19621,-0.31862,-0.42015,-0.58089,-1.4507
5.7914,-1.9339,1.1085,-1.8855,-0.84687,-0.075374,-1.5775,0.72863,0.44671,0.16931,-0.41739,-1.0089
6.0676,-2.2969,1.8998,-1.2172,-0.76516,-0.26992,-1.5977,0.33944,0.34876,0.21497,-0.00015749,-1.2023
6.0005,-0.32537,1.7061,0.045319,-0.69317,-0.74061,-1.3474,0.16278,0.1688,-0.66087,-0.54474,-0.39059
3.3504,0.0073195,2.4428,0.084704,0.23832,0.90835,-1.1848,-0.13504,0.10224,0.13554,-0.80815,-0.93712
1.493,0.93787,2.1226,-1.7157,0.66102,0.24821,-1.3859,1.2482,-0.04003,-0.43279,-1.7,-0.36213
0.9438,2.2233,2.0086,-1.7061,1.2314,-0.97137,-1.5644,0.39906,-1.5497,-0.95645,-1.1161,-0.5646
-0.69263,2.1872,1.7714,-1.326,0.49005,-0.93629,-1.2619,0.27521,-0.66315,-0.43189,-1.6755,-0.76116
-1.5198,3.464,1.0409,-2.2898,-0.69724,-0.75669,-1.6715,0.44785,-0.16803,-0.43263,-1.5248,-0.77166
-2.558,3.075,0.33424,-1.1488,-0.20665,-0.50891,-0.7174,0.78601,-0.11277,-0.79461,-1.5138,-0.63564
-2.6111,2.8586,0.35771,-1.1786,-0.67926,-1.6905,-0.98247,0.29897,-0.3535,-0.69836,-2.2097,-0.052245
-2.5864,2.0853,1.032,-1.6944,-0.80398,-1.446,-0.52298,-0.21703,-0.98101,-0.64667,-2.0443,-0.1667
-1.7067,2.2562,0.82861,-2.0343,-0.56733,-0.86624,-1.2576,-1.2552,-0.58128,0.054691,-1.2106,-0.43769
-1.2603,2.6426,0.8518,-1.6592,-0.80606,-2.8899,-2.0561,-0.056383,-0.34997,-0.725,-2.0516,-0.24725
-1.4649,3.818,0.68759,-1.1925,-1.357,-2.4335,-1.4025,-0.71516,-0.15896,-1.0279,-1.5901,-0.33986
-1.7292,3.4145,0.56221,-1.3518,-0.41063,-1.9571,-1.6048,-1.1036,-1.4137,-1.6365,-1.7947,-0.62503
-0.99635,3.5294,0.66345,-0.77266,-1.049,-1.6357,-0.6841,-1.0139,-0.85123,-0.88365,-1.6769,-0.81697
-1.6345,3.8703,1.4502,-0.71426,-1.7036,-0.86264,-0.35664,-1.6043,-1.2773,-1.139,-1.4391,-0.14053
-2.4961,3.6356,1.6802,-0.611,-0.98491,-1.7246,-0.98484,-1.1446,-0.34426,-0.53998,-1.3402,-0.21983
-2.6268,3.2208,1.4522,-0.48835,-1.3196,-1.5712,-0.87189,-1.3421,-0.31115,-0.80205,-1.2251,0.035442
-2.1525,3.2905,1.5937,-0.68371,-1.0802,-0.19802,-0.7755,-1.5781,-1.2026,-1.7168,-1.072,-0.20776
-2.0633,2.9168,1.5851,-0.38261,-1.1211,-0.84752,-0.57701,-0.18853,-0.60123,-0.57366,-1.3112,-0.38769
-2.6288,2.2105,1.1806,-0.15699,-0.71664,-0.97364,-1.4018,-0.9226,-0.85525,-0.46233,-1.5059,0.049012
-2.2501,1.7055,1.3048,-0.55027,-0.52451,-0.94339,-1.5825,-1.6489,-0.78997,0.22003,-1.5809,-0.50656
-2.3024,1.3868,1.0185,-0.37812,-0.4317,-0.87363,-0.95721,-1.5169,-0.83542,-0.44186,-1.6123,-0.99341
-1.3522,1.7822,0.78916,-0.99649,-1.7838,-1.5669,-0.89278,-0.75916,-0.73299,-0.10409,-1.6724,-0.20452
-0.97199,1.9735,1.0586,-0.84601,-1.4708,-1.7291,-1.6056,-1.1242,-0.94968,0.023903,-1.602,-0.28897
-0.13127,1.0679,0.86335,-1.0412,-0.61585,-1.0574,-1.5339,-0.98554,-0.96716,0.20638,-1.7039,-0.91978
0.48123,1.251,1.2616,-0.91291,-0.29925,-0.98871,-1.7429,-0.91993,-1.3384,-0.62329,-0.64698,-1.0021
1.1862,1.2433,1.249,-1.0542,-1.0834,-1.3419,-1.4731,-0.25546,-0.97592,-1.2906,-0.32385,-0.39413
0.67797,0.22092,-0.44856,-1.3229,0.072543,-0.73051,-1.4892,-0.84304,-0.20401,-0.64103,0.016134,-0.94893
2.1155,1.4558,-0.37398,-0.96674,-0.5901,-0.75993,-2.2581,-0.71329,-0.19128,-0.88726,-0.87101,-0.47586
