-6.9872e-16,-4.6376e-16,2.3017e-16,4.5559e-16,2.2475e-16,0,2.1668e-16,4.2338e-16,1.0304e-16,9.993e-17,1.9306e-16,1.8569e-16
-6.9872e-16,-4.6376e-16,2.3017e-16,4.5559e-16,2.2475e-16,0,2.1668e-16,4.2338e-16,1.0304e-16,9.993e-17,1.9306e-16,1.8569e-16
-0.031878,0.031737,-0.031504,0.031178,-0.030761,0.030253,-0.029657,0.028974,-0.028206,0.027355,-0.026424,0.025415
-6.9872e-16,-4.6376e-16,2.3017e-16,4.5559e-16,2.2475e-16,0,2.1668e-16,4.2338e-16,1.0304e-16,9.993e-17,1.9306e-16,1.8569e-16
-6.9872e-16,-4.6376e-16,2.3017e-16,4.5559e-16,2.2475e-16,0,2.1668e-16,4.2338e-16,1.0304e-16,9.993e-17,1.9306e-16,1.8569e-16
0.34348,-0.069012,-0.51781,-0.82885,-0.30419,-0.01834,0.58432,0.69465,-0.012896,-0.070897,-0.2103,-0.46526
0.79049,0.3973,-0.55445,-1.1814,-0.16093,-0.29453,0.8709,1.1951,-0.33529,0.19698,-0.19664,-1.0239
-0.084765,0.39678,0.38381,-0.48994,0.42038,-0.36752,-0.28423,0.1581,-0.73048,0.053258,-0.15624,-0.36493
0.3813,0.65304,0.48052,-0.2469,0.1562,-0.5067,-0.6411,-0.33373,-0.91853,-0.23969,-0.339,-0.30125
0.33126,0.46381,0.30952,-0.2238,0.16097,-0.27255,-0.24675,0.049666,-0.40016,0.14391,-0.13683,-0.24906
3.206,2.419,0.52938,-2.0377,-1.3006,-2.0268,-1.5755,-0.16831,-1.3791,-0.077185,-0.5385,-0.70131
3.4982,2.1151,0.2028,-1.9092,-1.3276,-1.5855,-0.74592,0.081889,-0.72428,-0.11018,-0.63878,-0.65928
1.4777,1.288,0.65472,-0.90307,-0.35984,-1.06,-0.9423,-0.015109,-0.76674,0.074189,-0.12697,-0.61866
1.6372,1.3932,0.75058,-0.59459,0.030599,-0.67436,-0.43292,0.16678,-0.55059,0.21381,-0.23314,-0.51765
0.69924,0.96888,0.65985,-0.34534,0.20591,-0.7482,-0.57324,-0.2547,-0.94779,0.0095573,-0.50354,-0.28798
1.6943,0.80398,-0.27237,-0.45142,-0.75527,-0.57362,-0.44455,-0.14152,-0.0034987,0.15711,0.19293,0.14592
4.9966,3.4302,1.319,0.064039,-0.62654,-0.83797,-0.72505,-0.34569,-0.40312,-0.12347,-0.16048,-0.15488
6.7779,4.6209,1.7135,-0.22503,-0.48438,-1.0994,-0.53642,-0.044077,-0.41637,0.16503,-0.55262,-0.7958
7.2379,4.2071,1.2579,-0.76308,-0.90397,-0.93899,-0.18631,-0.089248,-0.5607,0.1932,-0.32137,-0.44623
6.4216,3.6767,1.8835,-0.25096,-1.616,-0.91149,-0.31951,-0.42015,-0.58771,0.17356,-0.20724,-0.42661
6.2863,3.9021,1.9626,-0.019095,-1.0431,-0.68809,-0.37364,-0.4147,-0.65685,-0.17636,-0.31666,-0.42772
7.5038,3.887,2.3843,0.050808,-1.916,-0.88129,0.13977,-0.37379,-0.87574,0.020411,-0.25031,-0.65217
6.0339,3.5038,1.5725,0.21447,-1.2489,-1.0154,-0.34081,-0.54697,-0.74382,-0.029266,-0.081533,-0.52359
7.5221,4.0423,1.7421,-0.4571,-1.3038,-0.60536,0.37859,-0.36163,-1.3837,0.059917,0.077505,-0.84311
2.3233,-0.93495,3.5042,-0.51442,-1.0675,0.73729,-0.40216,0.51641,-0.4185,-1.4345,-0.6796,0.27001
4.3032,1.1689,3.3691,0.2642,-1.7651,-1.7428,-2.0576,-0.38061,-0.091135,-0.91256,-0.055093,-0.25803
3.6342,-0.37177,3.5345,0.91185,-2.0943,-1.8448,-2.103,-0.22069,0.1755,0.27143,-0.18946,-0.25087
4.2212,-1.0514,3.0266,1.0059,-2.2747,-1.1111,-2.1344,-0.31593,0.52471,-0.047654,-0.06712,-0.20239
4.6797,-0.68938,2.5101,0.99566,-2.5682,-0.97405,-2.0256,-0.62156,0.34766,-0.27935,-0.12225,-0.37552
4.4528,-0.21007,2.596,1.1228,-2.4887,-1.5634,-2.2798,-1.081,0.56043,0.07107,-0.46145,-0.42781
4.7229,-0.66834,2.2975,1.3186,-2.3441,-1.5227,-1.993,-1.3241,0.67137,0.26257,-0.10824,-0.71163
5.1847,-0.80978,2.2157,1.1287,-2.2597,-1.4479,-1.4669,-1.2419,0.63451,0.070135,-0.18526,-0.27567
6.1675,-0.88554,1.1159,0.79197,-1.549,-0.89714,-1.6602,-0.99934,0.18463,0.52575,0.075668,-0.7578
6.5855,-1.4097,1.4958,0.51798,-2.0219,-0.82152,-1.9105,-1.5223,0.92039,0.39544,0.69455,-0.60103
6.1927,-0.83508,1.7084,0.56612,-1.9639,-1.1709,-1.8818,-1.7175,0.78764,0.37253,0.59877,-0.098185
5.876,-0.16402,1.4954,0.73636,-1.8729,-1.2526,-1.6743,-2.0445,0.62813,0.34804,0.70873,-0.3002
5.7829,-0.29498,1.9401,0.46897,-1.825,-1.4013,-1.5014,-1.7828,0.58959,0.21354,0.70045,-0.57282
4.9643,-0.052711,1.8608,0.59498,-1.7775,-1.1093,-1.7683,-1.6422,0.18002,0.28232,0.24448,-0.21686
5.6807,-0.26402,1.6478,0.8163,-1.4427,-1.1651,-1.8646,-1.9067,0.21534,0.46381,0.30475,-0.39273
6.5131,-0.65265,2.3079,0.69647,-1.9933,-1.1862,-1.3712,-2.0037,0.58877,-0.31317,0.71165,-0.55557
6.5492,-0.2785,2.3842,0.67944,-1.9071,-0.77741,-2.416,-2.1787,0.40026,0.034386,0.70319,-0.65495
5.0697,1.03,2.0891,0.52209,-1.9437,-1.3207,-1.854,-1.7093,-0.022266,-0.26324,0.24441,0.049023
5.384,0.79215,1.7134,0.32745,-1.8445,-1.088,-1.9316,-1.4684,0.37707,0.048256,0.32856,-0.10158
5.7955,-0.073603,1.8143,0.66931,-1.776,-1.4713,-2.3486,-1.0864,0.42204,0.45191,0.53883,-0.58333
6.4693,-0.47427,2.0362,0.56039,-1.8217,-1.5874,-2.7049,-1.0584,0.26881,0.36131,0.26197,-1.1261
7.0098,-0.12728,2.3252,-0.01818,-1.4576,-0.6692,-2.794,-1.0516,-0.059551,-0.036272,0.18994,-0.70186
6.8762,-0.15182,1.9833,0.24893,-1.8298,-1.0935,-3.0321,-1.1585,-0.27311,-0.17019,-0.090271,-0.66628
5.7771,0.73709,1.1048,-0.12605,-0.9637,-0.75543,-2.0996,-1.0831,0.26385,0.35734,-0.64801,-0.699
7.5577,0.1862,2.031,1.1124,-1.4299,-1.0913,-2.6567,-1.615,-0.0086173,0.26776,-0.31113,-1.0436
6.773,0.43965,1.1704,0.66555,-0.20082,-0.72153,-2.2166,-1.3275,0.34872,0.13614,-0.074022,-0.18102
6.0934,1.1088,1.8015,0.60917,-1.3171,-0.60726,-1.5821,-1.3166,-0.33201,-0.452,-0.34312,-0.47866
5.5953,0.64285,1.9218,0.61723,-1.3255,-1.7476,-2.1931,-1.8143,-1.3727,-0.69155,-0.98091,-1.0887
4.9934,0.24778,1.0315,0.52597,-1.9217,-1.7132,-1.3789,-1.6223,-1.1791,-0.14982,-0.34108,-1.2897
6.0304,-0.35276,1.1428,0.069484,-1.3378,-0.73036,-1.7905,-2.2259,-0.80612,0.11513,-0.14338,-0.11149
6.8855,0.34391,1.699,1.0314,-0.88185,-1.072,-1.4784,-1.3986,-0.69321,-0.12974,-0.81875,-1.2689
5.1022,0.34299,1.1285,0.7897,-0.91701,-1.306,-1.4125,-0.98812,-0.42779,0.15491,-0.14812,-0.51502
7.3741,-0.3755,1.8816,0.73841,-1.2864,-0.67451,-1.3822,-1.6868,-0.27115,0.57447,-0.39897,-1.209
6.6506,-0.71562,0.9187,0.71102,-1.2632,-1.0673,-1.6767,-1.2852,0.078168,0.24374,-0.012478,-0.50259
6.5502,-0.45411,0.81509,0.32778,-1.159,-1.221,-1.3985,-1.1221,-0.63778,0.49371,0.2099,-0.35139
7.0396,-0.84984,2.1897,1.7584,-0.95015,-1.0781,-1.4025,-1.3816,-0.43094,0.63029,-0.066323,-0.84427
6.795,-1.374,0.81609,0.86969,-0.34905,-0.70155,-1.0293,-0.7553,-0.2156,0.54245,0.56317,-0.26344
6.6217,-0.10964,0.67065,0.58396,-1.0639,-0.88242,-1.7437,-1.8253,-0.38719,0.037399,-0.34163,-0.43729
6.213,-0.24184,0.80886,0.1745,-1.5952,-1.1277,-2.1958,-2.4622,-0.54518,-0.1446,-0.52738,-0.17619
6.5702,0.19965,1.339,0.57258,-1.7279,-1.6245,-2.2699,-2.4484,-0.87305,0.33461,-0.34195,-1.0579
6.7855,-0.61763,0.59123,0.99898,-0.54977,-1.1683,-1.5305,-1.83,-0.69161,0.024019,0.19435,-1.0593
7.218,-0.18465,0.63101,1.2641,-0.51258,-0.95884,-1.2476,-1.3583,-0.87707,0.55848,0.48363,-0.83602
7.2016,0.70912,1.261,0.55426,-0.89194,-0.82453,-1.4456,-1.6808,-0.91231,0.37713,-0.021548,-1.1167
7.5713,-0.44834,1.3927,0.80839,-0.93483,-0.98624,-1.768,-1.2452,-0.37095,1.0412,0.23917,-1.3262
7.3045,-0.18678,1.3528,0.25833,-1.5105,-0.80319,-1.1249,-1.3643,-0.68798,0.36225,0.055594,-0.15508
7.2843,0.16798,0.69756,0.56079,-0.93789,-0.86213,-1.4725,-1.5803,-0.89784,0.39086,-0.10004,-0.45457
7.7997,0.53808,1.0758,1.1264,-0.17369,-1.2186,-1.2868,-1.5771,-0.88653,0.87589,-0.074032,-1.3017
7.2459,0.48957,0.5683,1.1757,-0.40545,-1.1201,-1.0863,-1.7239,-1.3533,0.277,-0.22838,-1.1485
6.69,0.41051,0.36931,0.35589,-0.65156,-1.343,-1.0692,-1.0402,-0.97902,0.23094,0.2825,-0.55885
7.1581,0.3982,0.69753,1.5934,-0.2791,-2.2005,-1.4723,-1.128,-1.4702,0.32408,0.024119,-1.5195
5.8697,2.2684,0.95037,0.57285,-0.87546,-1.4723,-1.3596,-1.3509,-1.3674,-0.57221,-0.55749,-0.84105
7.68,1.355,-0.1819,0.5174,-0.55072,-2.2947,-1.8881,-1.5229,-1.3962,0.19107,0.065874,-1.0133
5.2237,1.8672,0.91744,0.9214,-0.53943,-1.2885,-1.1776,-0.99513,-0.59417,0.68867,0.49867,-0.68748
7.4134,1.8294,1.0122,1.1623,0.20673,-1.6505,-0.76179,-0.2646,-0.75529,0.25894,-0.60652,-1.0931
7.3008,1.6432,0.37229,0.44231,-0.80734,-1.5579,-1.2331,-0.94562,-1.2293,0.89277,0.18328,-1.6549
6.764,1.5148,0.76327,0.23249,-0.54687,-1.5604,-1.2355,-1.0458,-1.2965,1.0867,0.098973,-2.0834
6.3767,1.6693,-0.15218,-0.97612,-1.4021,-2.9052,-2.0111,-0.91914,-1.7805,0.28315,-0.44903,-1.3213
5.8897,1.5376,0.64872,-0.45619,-0.42401,-2.3977,-2.063,-1.2814,-1.1533,1.0914,0.031098,-0.99894
6.6374,1.7884,0.45974,-0.31465,-0.8213,-2.2473,-1.9116,-1.3421,-1.399,0.84528,0.12064,-1.819
6.8652,1.569,-0.28805,-0.012484,-0.61885,-2.492,-2.5272,-1.3097,-0.69414,1.1832,0.36458,-1.2843
4.8013,-0.23525,-1.4292,-1.0808,-1.0578,-1.7995,-1.5852,-0.71473,-0.3993,1.2294,0.26363,-1.2341
6.2774,1.8459,0.58541,0.54475,0.22023,-1.5374,-1.6699,-1.0227,-1.0403,0.68727,-0.51164,-1.6397
5.8309,1.4705,-0.31384,-0.65552,-0.36996,-2.0179,-1.7688,-0.54278,-0.74519,0.59761,-0.48756,-0.93041
6.4369,2.2302,0.22375,-0.46762,-1.2208,-2.72,-2.0636,-1.0531,-1.5289,-0.08255,-0.67933,-1.2569
6.4736,1.9908,-0.050893,-0.15577,-0.39638,-2.0202,-2.1159,-1.1146,-0.65967,0.26362,-0.16181,-0.879
6.7799,1.1823,0.13047,0.095939,-0.79143,-2.5611,-1.6617,-0.067597,-0.70766,0.030024,-0.33602,-0.74464
6.9485,1.348,-0.29327,0.46568,0.34712,-2.0276,-1.3922,-0.80472,-0.32633,0.47645,0.066064,-0.55315
6.8396,2.0812,0.3634,0.49819,-0.59387,-2.3279,-2.2532,-0.50356,0.031767,0.80768,-0.0298,-0.80336
6.8269,2.237,0.147,-0.53468,-0.53106,-1.5662,-1.4131,-0.28402,-0.25441,0.097596,-0.5382,-1.1238
6.5878,1.6925,-0.21779,0.083129,-0.072165,-2.0962,-2.01,-0.55129,-0.52557,0.099788,-0.29991,-0.54334
5.9263,1.1241,-0.17206,0.030524,-1.0523,-2.6806,-2.1168,-0.80013,-0.96102,-0.66112,-0.39313,-0.94598
5.5339,2.007,1.0942,0.67589,-0.59618,-2.7403,-1.8454,-0.93186,-0.57756,-0.032777,-0.20762,-0.44083
3.4101,4.1287,1.0408,1.1699,0.046946,-2.6405,-1.7163,-1.7079,0.025279,-0.84003,0.6578,-0.89154
0.18681,4.5719,-0.33773,0.31117,-0.7199,-2.4481,-0.86437,0.67068,0.72913,-0.56423,0.7157,-0.61844
-1.032,5.2475,0.18414,0.3812,-1.6131,-3.4374,-1.1666,-0.28449,-0.40448,-1.2225,0.31521,-0.47259
-2.1819,4.9362,0.6999,0.61941,-1.2946,-2.5079,-1.8775,-1.3925,-0.23119,-0.39977,-0.52287,-0.53046
-3.4978,4.992,1.2641,1.0487,-0.65729,-2.3637,-1.2864,-0.29735,-0.14694,-0.1532,0.33924,-0.88609
-3.4347,6.1861,0.7421,0.50866,-1.735,-1.1204,-0.95086,-0.65638,-0.11743,0.47076,0.43437,-1.027
-4.4196,6.3717,1.0828,-0.038076,-1.973,-1.0533,-1.4644,-0.96856,-0.64014,-0.19345,-0.078464,-0.81536
-5.7752,6.4885,1.1411,-0.22621,-0.59979,-1.083,-1.622,-0.82199,-1.025,-0.81156,-0.47634,-1.1175
-5.9371,4.8565,1.3152,1.438,-0.92298,-1.3431,-1.1346,-0.57662,0.18766,-0.96039,-0.034979,-0.46813
-4.703,5.7885,0.50658,0.70094,-1.8033,-2.5031,-2.0597,-0.91788,-0.3546,-0.26013,-0.38445,-0.78194
-6.2367,6.0691,1.0595,0.26455,-1.3173,-1.2783,-1.4623,-1.3926,-1.029,-0.75126,-0.101,-0.43232
-6.4006,5.7865,1.301,0.65723,-1.958,-2.0285,-2.271,-1.2784,-0.73224,-0.55139,0.3446,0.059574
-6.4253,5.7761,0.99049,-0.13541,-1.4565,-1.7343,-1.1888,-0.63642,-1.0979,-0.61848,-0.013324,-0.34077
-5.2727,6.8534,1.1635,0.77376,-1.5884,-1.841,-1.5587,-1.5681,-1.1388,-0.32764,0.4779,-0.081796
-6.7218,5.8787,1.5552,1.2871,-1.1256,-1.237,-1.4117,-1.6702,-0.20651,-0.18304,-0.1135,0.019783
-6.5266,5.2371,0.97582,0.91198,-1.4113,-1.2718,-0.95166,-0.38218,-0.33849,-0.72467,-0.27069,0.30927
-6.0569,4.3979,0.17868,-0.3474,-2.915,-2.5954,-0.70813,-0.72034,-0.37714,-0.4569,-0.56289,-0.842
-4.8265,5.3981,0.71003,0.095907,-1.7239,-2.6192,-1.1661,-1.3862,-0.084707,-0.79469,-0.24681,-0.72432
-2.9775,3.6694,0.58239,0.24298,-1.8918,-2.8614,-0.53888,-0.041066,-0.28172,-0.72659,-0.13719,-0.92454
-1.0231,3.8174,1.1578,0.45134,-1.586,-1.8418,-0.1409,-0.07428,0.0038903,-0.68763,0.023796,-0.59512
1.9742,1.4145,1.7322,0.74514,-1.9584,-1.6688,0.036683,0.13745,0.52079,-0.10606,0.055705,-0.22337
2.9968,-0.66166,3.3498,0.53983,-2.857,-2.117,-0.98626,-0.2581,0.99953,-0.25268,0.020331,-0.38959
2.8832,-0.0087441,2.7801,-0.17149,-2.4686,-2.1199,-0.56033,0.1562,0.77511,-0.030457,-0.0028823,-0.16439
3.2383,-0.4293,2.7661,0.048189,-2.8748,-2.126,-0.25085,0.090891,1.1267,-0.41819,-0.092064,-0.45923
2.6982,-1.2572,2.7962,0.030258,-2.0342,-1.6994,-0.70809,0.49822,0.91115,-0.10346,-0.0085197,-0.35316
2.8689,-0.44228,2.0177,-0.024111,-2.0458,-2.1156,-0.011956,0.31961,1.1936,-0.017892,-0.20571,-0.26058
3.3557,0.30176,1.859,0.051847,-2.1433,-2.48,0.081153,0.13702,0.926,0.084546,-0.13277,-0.46254
3.4717,-0.0086285,1.8548,0.5083,-2.2516,-2.7036,-0.60908,0.21226,0.8641,-0.096759,-0.11634,-0.17784
3.7001,0.26366,2.0471,0.59987,-1.9435,-3.217,-0.36629,0.26373,0.94761,-0.080127,-0.87563,-0.35892
3.9594,0.62331,1.5104,0.24475,-1.3177,-2.661,-0.51481,-0.091767,0.34057,-0.056475,0.28158,-0.40219
3.9704,0.6024,1.75,0.81495,-0.7745,-2.5139,-0.91534,-0.54191,0.86518,-0.088075,0.21941,-0.78035
2.4102,1.6059,1.3376,0.99614,-1.3718,-3.171,-0.67565,0.014529,0.82333,-0.59472,-0.024069,-0.36826
2.6719,0.3329,0.904,1.2619,-0.35887,-1.7695,0.27706,0.20416,0.79047,-0.61343,-0.66139,-0.84028
2.7531,0.58963,1.8051,0.25632,-1.8104,-2.1582,0.50793,-0.0043599,0.69561,-1.1503,-1.0229,-0.592
3.3241,-0.33647,0.98057,0.10934,-1.8877,-2.4351,0.0095944,-0.61368,0.38068,-0.87365,-0.61028,-0.63649
3.3558,-0.38343,1.2373,0.66171,-1.7585,-2.1476,0.87552,-0.842,0.22848,-0.51399,-0.62098,-0.84525
3.4779,0.065827,1.8442,-0.14972,-1.9481,-3.0618,0.046211,-1.2324,-0.074417,-0.40748,-0.30549,-0.87565
3.6201,0.22389,1.8367,0.47455,-1.8716,-2.9474,-0.82021,-0.96005,0.39165,-0.35991,-0.36711,-0.76314
4.3327,-0.23198,1.1734,0.1142,-1.3363,-1.9179,-0.11953,-0.44458,0.67321,-0.84047,-0.80665,-1.1994
4.3355,-0.55203,2.2936,1.3914,-1.4955,-2.2166,-0.3914,-0.91039,0.24242,-0.63349,-0.8127,-0.81701
4.4818,-0.53874,2.3313,1.8079,-1.808,-1.9221,-0.53713,-0.29588,-0.045252,-1.5928,-0.76044,-0.44501
4.4272,-0.32664,1.7127,1.1408,-2.5755,-2.5327,-0.78926,-0.69072,-0.058617,-1.3415,-1.2697,-0.66623
4.5675,-0.42838,2.7032,2.0488,-1.896,-2.489,-0.11881,-0.356,-0.73186,-0.41401,-1.043,-0.7418
4.1324,-0.98848,1.1401,1.1365,-1.695,-1.6716,0.82527,0.32139,0.087829,-0.75531,-0.7022,-0.27622
4.4032,-0.98047,1.2126,1.4499,-1.546,-1.4284,0.81393,-0.092985,-0.52701,-0.016538,-1.1279,-0.70864
5.011,-0.1701,1.0965,0.5236,-2.4673,-2.4208,0.065256,0.3885,-0.2168,-0.20981,0.013079,0.00080225
4.4818,-0.81903,1.4528,1.3771,-2.5075,-2.3766,0.53248,-0.64384,-0.41126,-0.19453,-0.43035,0.36129
4.0655,-1.081,1.1288,0.40856,-2.385,-1.8551,0.76467,0.29347,0.44519,1.125,0.41597,-0.070747
4.7733,-0.014219,1.2811,0.94946,-2.5312,-2.9367,-0.50255,-0.23182,-0.26976,-0.056127,-0.31073,-0.54272
3.2832,1.2144,1.1315,0.58298,-3.0169,-2.9339,-0.52374,0.12083,-0.066845,0.052028,-0.25419,-0.32536
-1.2583,1.3337,1.0546,-0.33602,-2.0922,-1.6267,-1.2113,-0.78603,-0.42848,-1.0403,-0.5896,-0.63494
-2.211,3.3218,-1.3626,-0.28455,-2.0694,-1.6604,-0.24158,-0.31849,0.27238,-0.58971,-0.39999,-0.1108
-1.6053,3.5167,-0.080884,1.4223,-1.9569,-2.7037,-0.79928,-0.48125,0.21104,-1.2577,-0.85379,-0.48015
-2.3434,3.2427,-0.34884,-0.60831,-1.2532,-2.3912,-0.36676,-0.027442,-0.60592,-0.97697,-0.67498,-0.56508
-2.6338,2.0972,0.30473,-0.26282,-1.184,-1.8426,-0.76841,0.80117,0.25641,-0.8485,-1.0259,-0.049561
-1.6626,2.1174,0.72646,-0.18364,-0.63059,-1.3285,-0.20502,0.63025,-0.8747,-1.5136,-0.23282,-0.056429
1.2205,2.9773,-0.22443,-0.63618,-1.7691,-2.8504,-0.66682,-0.55845,-0.61458,-1.5208,-0.61836,0.57284
1.0669,1.2701,0.092386,-0.56553,-1.2161,-2.5319,-0.54196,0.1118,-0.27486,-1.0108,-0.58423,-0.29651
1.9558,2.0221,-0.7461,-0.66528,-1.3019,-2.4498,-0.23407,0.082866,0.3946,-0.57189,0.02906,-0.00029949
1.7999,1.9397,-0.29045,-0.5124,-1.2842,-3.0548,-0.55082,-0.15535,-0.34648,-1.0307,-0.44036,-0.24644
2.2433,1.0567,-0.26893,-0.20965,-1.5624,-3.3492,-0.80646,1.0883,0.18581,-0.79466,-0.60583,-1.0755
2.9233,1.2109,-0.82429,-0.60838,-1.5164,-3.5695,-1.2358,-0.22462,-0.11231,-0.88484,-0.85221,-0.70847
2.5779,0.59589,-0.51224,-2.0911,-1.579,-3.0783,-1.041,-0.54329,-0.30477,-0.17243,-0.085879,-1.1001
3.5563,1.5494,0.52844,-1.9911,-1.7834,-2.9912,-0.99823,-0.098454,-0.83188,-0.82093,0.28276,-0.72
3.4003,0.39327,0.43779,-1.4003,-1.8446,-3.5122,-1.2844,0.65611,-0.073464,-0.64304,-0.47622,-1.1412
3.1867,0.1812,-0.45788,-1.5265,-2.0649,-3.3822,-1.5737,0.49188,0.5124,-0.34613,-0.4363,0.2184
3.9753,-0.076551,-0.90642,-0.70018,-2.2916,-3.2699,-1.0888,0.55912,-0.10862,-0.18815,-0.25859,-0.21117
4.6017,1.1523,-0.1533,-0.47419,-1.4463,-3.2847,-0.87638,0.39389,0.11909,0.15956,-0.5192,-0.11341
4.4855,0.78011,-0.34197,-0.56101,-1.2705,-2.9228,-1.2953,0.58955,-0.041486,-0.4202,-0.2909,-0.39425
3.9882,0.94731,0.7774,-0.52886,-1.5416,-3.3262,-1.8638,0.094252,-0.50497,-0.32982,-0.62078,-0.39949
3.2818,1.0932,-0.53013,-1.4278,-1.8457,-3.062,-1.4519,0.22132,-0.5826,-0.42209,-0.049584,0.13155
3.2916,1.3065,0.10153,-0.91617,-1.7534,-2.7844,-0.7841,0.72332,-0.39604,-0.34877,-0.85901,-0.49285
3.0206,0.51766,-0.23845,-0.99376,-1.2572,-2.5285,-0.47075,0.37495,0.45094,0.16204,-1.1336,-0.17225
3.4078,0.94882,-1.2639,-1.4979,-1.3331,-1.6872,-0.40273,0.66052,0.24643,0.074533,-0.32045,-0.37889
7.5503,2.2465,-0.15577,-1.0267,-0.44328,-0.80608,-0.1417,-0.18872,-0.55168,-0.029861,-0.35001,-0.46438
5.6616,2.9568,1.1895,-0.076648,-0.48061,-1.0892,0.30199,0.63029,0.028062,0.6562,-0.1492,-0.20355
4.3101,2.4279,0.9993,-0.5247,-1.3335,-1.5278,-0.21981,0.65543,-0.3469,0.3961,0.088172,0.27205
3.3108,2.3955,-0.023908,-1.0892,-1.3714,-1.7464,-0.71174,-0.32241,-0.17351,-0.30966,0.0058535,-0.15871
3.5615,1.9421,-0.24482,-1.4861,-1.472,-1.6278,-0.89537,-0.33869,-0.46742,0.165,0.028489,-0.37411
3.4105,1.4397,0.066536,-0.71186,-1.4828,-2.0805,-0.9932,0.12398,-0.35107,0.28621,-0.023469,-0.098721
3.3265,1.6599,0.45009,-0.87275,-1.5355,-2.2168,-1.4473,-0.44085,-0.5795,-0.42379,-0.035932,-0.11405
2.5929,1.2907,0.076723,-1.3291,-1.5783,-2.4911,-0.81001,-0.16702,-0.47549,0.048992,-0.45988,0.22585
3.0435,1.385,0.11132,-1.3113,-1.0292,-1.5355,-0.64409,-0.13467,-1.0139,-0.080037,-0.61931,-0.67346
3.3841,2.0618,-0.032803,-1.2979,-1.2458,-1.7426,-1.0517,-0.055966,-0.89882,-0.18507,-0.43608,-0.16171
3.1852,1.5974,-0.53754,-1.7977,-1.6306,-1.8097,-0.95896,-0.33509,-0.22329,0.17129,0.12838,-0.59043
2.2395,0.29115,-0.22104,-0.85777,-1.2522,-2.1325,-0.83725,0.51056,0.35538,0.48522,-0.24076,-0.29704
2.7557,1.363,-0.50946,-1.6161,-1.4114,-1.9441,-0.76086,0.14379,0.075651,-0.029796,-0.30341,-0.59268
3.0022,1.4477,-0.0083099,-0.70427,-1.3032,-1.6531,-1.3018,-0.24281,0.060092,-0.015934,-0.27215,-0.26844
1.8746,0.79374,0.13735,-0.12195,-0.16056,-1.3694,-0.97557,0.023401,5.6959e-05,0.19386,-0.59514,-0.62789
2.3106,1.3153,-0.046582,-0.25739,-0.55319,-0.77819,-0.91434,-0.55862,-0.5997,-0.45268,-0.2521,-0.25856
2.1455,1.6276,0.48384,0.18826,0.022028,-0.99223,-0.93334,-0.75173,-0.45078,-0.71648,-0.4447,-0.62339
-0.29776,0.8366,0.86923,-0.59767,-1.0525,0.12806,-1.6816,-0.91198,0.18459,-0.61031,-0.72681,0.23678
1.5244,0.59805,0.52973,-0.6925,-0.88392,-0.50707,-1.341,0.039589,0.45609,-0.21592,-0.68944,-0.10744
2.3348,1.5941,0.239,-0.73258,-1.3176,-1.6844,-1.2116,-0.5151,-0.094761,0.32126,0.063369,0.070711
1.2538,1.7645,0.80487,-0.13679,-0.44118,-1.1043,-1.2728,-1.1529,-0.59517,-0.81179,-0.33899,-0.88649
1.8659,1.9986,0.24732,-0.37594,-0.26536,-0.90299,-0.49948,-0.28151,-0.16372,-0.24147,-0.014065,-0.88798
2.0982,1.5028,0.36587,-1.2013,-0.65297,-1.7451,-1.0312,-0.048445,-0.69602,0.12305,-0.27062,-0.2761
1.3364,0.87626,0.13174,-0.5816,-0.42145,-1.0017,-0.47786,0.13971,0.030559,0.46602,-0.082203,-0.16879
2.0468,1.4436,0.56927,-0.39788,-0.81442,-1.5613,-1.4118,-0.4991,-0.63913,-0.26071,-0.26622,-0.10984
2.0056,1.6116,0.37948,-0.37827,-0.35366,-1.0725,-1.1911,-0.73903,-0.86244,0.051915,-0.11989,-0.39417
0.89302,0.81273,0.22421,-0.030489,-0.21328,-0.54039,-0.53749,-0.076025,-0.82631,-0.25278,-1.0868,-0.6179
1.0499,0.60975,-0.15682,-0.26666,-0.18439,-0.37117,-0.60873,-0.39018,-0.79099,-0.44033,-0.32608,-0.093178
1.7874,1.1793,0.078128,-0.79055,-0.6504,-0.74386,-0.2014,0.039186,-0.3969,-0.24615,-0.54741,-0.77186
1.6841,1.4794,0.28876,-0.68048,-0.62277,-1.1597,-0.60097,-0.16756,-0.4874,-0.064831,-0.59376,-0.70938
2.7888,-3.9755,-2.2625,-2.348,0.28001,0.071551,-2.4219,1.1938,1.2459,-1.8676,-0.019567,-0.53047
1.956,-3.247,0.53271,-1.2125,-1.2566,0.21572,-0.80234,0.40146,1.6362,-0.90718,0.15885,-1.6641
4.5697,-0.27926,0.57782,-0.46945,-0.30844,0.27613,-0.85474,-0.33538,0.62395,-1.4577,0.015159,-1.3225
7.0736,-1.6583,0.2024,-1.1041,0.24419,-0.24696,-1.1599,-0.8937,0.96137,-1.6262,-0.48688,-1.0215
7.7256,-2.1368,0.506,-0.94372,0.23636,0.35826,-1.4659,-1.114,1.0869,-1.1475,-0.57986,-0.91918
7.3211,-2.1226,0.64667,-0.92777,0.59015,0.19293,-1.3726,-1.1462,1.4035,-1.5566,-0.18212,-1.0821
6.1939,-1.6207,0.2614,-0.65372,0.55139,0.45486,-1.4178,-1.1273,1.264,-1.4618,-0.37292,-1.0279
7.758,-2.1431,0.40307,-1.041,0.84898,0.18378,-1.2372,-0.86282,1.2078,-1.5354,-0.083639,-1.0077
7.4368,-1.3576,-0.21942,-0.9025,0.84836,0.058509,-1.1307,-0.57324,1.0081,-1.3163,-0.13792,-0.76748
7.4114,-0.73557,-0.25072,-0.94525,1.0658,-0.16953,-1.2214,-0.63384,1.3132,-1.6972,0.038101,-0.65335
8.2278,-1.4102,-0.60455,-0.95418,1.153,0.14628,-1.2615,-1.001,1.4325,-1.5451,0.25895,-1.1681
7.8632,-0.89435,-0.86917,-0.29587,0.70733,0.26557,-1.7032,-0.27575,0.99954,-1.4496,-0.15381,-0.76823
8.2666,-1.0518,-0.91416,-0.38627,0.68891,0.48387,-1.446,-1.1923,1.1741,-1.1221,0.13235,-0.73244
8.6592,-1.0854,-1.1372,-0.5799,0.62262,0.14035,-1.2033,-0.88896,1.0692,-0.98738,-0.26636,-0.62051
7.0434,-0.53975,-0.69165,-0.36399,0.3173,0.096378,-1.5036,-0.58136,0.75548,-0.67923,-0.25801,-0.52924
7.9115,-0.87098,-1.2293,-0.46472,0.50116,0.33964,-1.6048,-0.75463,0.79871,-0.48624,-0.43194,-0.73146
8.2061,-1.4511,-0.77408,-0.57506,0.36395,-0.0073489,-1.327,-1.07,1.3928,-1.0693,0.089367,-0.85332
7.4558,-0.93636,-0.98329,-0.52561,0.096728,0.26684,-1.2995,-0.83828,0.82101,-0.94985,-0.21997,-0.43371
8.5372,-1.7363,-0.16411,-0.39646,0.46341,0.087344,-1.8753,-0.7415,1.3128,-1.9916,0.45023,-1.0064
7.3547,-0.73063,-0.58258,-0.11158,0.415,0.27507,-1.8676,-0.90165,0.88962,-1.0507,-0.70918,-0.72414
7.3257,-1.1538,-0.53401,-0.25072,0.11455,0.17742,-1.7082,-0.86595,0.98193,-0.91589,-0.22555,-1.1301
6.7931,-0.76586,-0.71971,-0.23757,0.077112,0.13341,-1.6632,-0.50441,0.67593,-1.3115,-1.0794,-0.63224
6.9607,-0.23809,-0.55714,-0.63837,0.2284,0.3195,-2.1079,-0.5263,0.42186,-1.5872,-0.83668,-0.76061
6.3446,-0.028696,-0.56,-0.30089,0.42295,0.011533,-2.5315,-1.158,0.35468,-0.65329,-0.37201,-0.78746
8.1625,-0.84299,-0.19437,0.28733,-0.2591,0.19903,-2.1435,-0.85169,1.0296,-2.2564,0.54198,-1.2478
6.9921,-0.71792,-0.22296,-0.054373,-0.1626,0.29134,-2.2218,-0.4186,0.68343,-0.88023,0.25802,-0.91402
7.0043,0.17676,-1.0932,-0.18072,0.26748,0.58267,-1.8628,-0.7732,0.95979,-0.37318,-0.59561,-0.47718
8.5501,-1.0346,-0.722,0.83832,-0.56562,0.52093,-1.5957,-0.46472,0.024207,-1.521,-0.064914,-1.4981
6.8416,0.53289,-1.3058,-0.32328,0.19669,-0.055844,-1.4964,-0.52263,0.14209,-0.77768,-1.0791,-0.99738
8.0687,-0.69212,-1.1913,0.64716,0.12045,0.078648,-1.6551,-0.92887,-0.18396,-1.0777,-0.60157,-1.0607
6.8098,-0.040112,-1.5245,0.38802,0.64779,-0.5077,-1.5606,-1.0223,-0.64581,-0.61816,-0.51526,-0.82268
7.8305,-0.42202,-1.5085,-0.0707,0.43452,-0.17033,-1.1163,-0.78081,-0.76397,-0.59251,-1.2897,-1.0616
6.9241,0.003225,-1.0758,0.32156,1.001,0.26218,-1.1309,-1.3218,-1.1884,-0.96595,-1.1578,-0.73391
8.7036,-0.46325,-0.68238,-0.57556,1.0404,0.25748,-1.3596,-0.95379,-1.0182,-1.0301,-0.89898,-0.68105
8.3504,-1.0064,-2.2483,-0.2482,1.3475,0.41947,-1.3753,-0.47685,0.28601,-0.75177,-1.8725,-1.5686
8.8155,-1.6115,-2.524,0.23661,1.5776,0.15744,-1.9442,-1.0378,0.2296,-1.034,-0.88065,-0.94332
8.1205,-0.017984,-1.5634,-0.48661,0.19805,-0.59169,-1.5416,-0.67276,-0.43549,-0.91962,-1.1653,-0.75264
8.3053,-0.79092,-2.8254,-0.49201,1.2182,0.44195,-0.98085,-0.75086,-0.42101,-0.80922,-1.6456,-1.2474
8.3948,-0.29479,-2.3441,-0.26809,0.69174,-0.0020367,-0.79025,-0.19467,-0.29969,-0.76997,-0.89305,-0.78666
7.2393,0.80902,-1.8982,-0.088466,0.91162,0.022751,-1.3834,-1.2564,-0.61312,-0.63374,-0.82762,-0.51057
10.144,0.80577,-1.9092,-0.65879,1.1667,-0.1402,-1.1787,-0.75541,-0.27514,-0.63313,-1.3386,-1.4196
8.478,0.79385,-1.6908,0.052273,1.3456,-0.036374,-1.0844,-0.55848,-0.10731,-0.061858,-1.1763,-1.1131
8.6553,0.83693,-1.634,0.13059,1.8754,0.71086,-1.0262,-0.71685,-0.26474,-0.000443,-0.86186,-1.5317
10.124,0.7846,-1.9532,-0.1626,1.5086,0.016106,-1.5255,-0.85166,-0.37335,-0.18681,-1.1678,-0.97216
9.3553,1.0606,-1.6057,-0.020606,0.69821,-0.60762,-1.0742,-0.60431,-0.6503,-0.48931,-0.90744,-1.091
7.4343,1.1061,-1.7395,-0.48522,0.57181,0.25843,-0.71351,-0.80704,-0.79824,-0.95834,-1.2294,-0.87389
8.0595,0.88518,-2.1319,-0.74816,1.0099,0.67627,-0.73607,-0.80686,-0.54801,-0.5143,-1.2575,-1.2383
7.1393,0.62271,-1.7314,0.22554,1.5592,0.65658,-1.1782,-1.2826,-0.5958,-0.12125,-0.53244,-0.73546
8.3237,0.29054,-2.1732,-0.12009,1.1971,0.1751,-0.99391,0.1299,0.62214,0.16743,-0.95012,-1.1458
8.1546,0.81501,-1.8842,-0.23791,2.0482,0.56055,-1.3916,-0.8786,-0.27298,0.12974,-0.70545,-1.3185
7.9712,1.1356,-1.5481,0.4016,1.7042,0.36109,-1.28,-1.3844,-0.72257,-0.25941,-0.83424,-0.82578
8.7745,1.1133,-1.8565,0.041013,1.2425,0.059685,-1.4573,-1.2971,-0.74841,-0.1813,-1.1259,-0.81496
6.7554,1.6493,-1.2575,-0.63821,0.25513,0.1611,-0.68423,-0.93376,-0.87921,-0.70151,-0.83109,-0.76694
8.0755,1.5491,-1.3827,-0.074635,1.1069,-0.30441,-1.8933,-1.0338,-0.21312,0.19845,-0.61871,-1.1439
7.6575,1.2893,-1.9961,-0.61835,1.0026,0.36179,-0.91948,-1.1088,-0.51153,0.0562,-0.54816,-0.9055
9.3058,1.7994,-2.1822,-1.3798,0.92094,0.44338,-0.75435,-0.66178,-0.64715,0.047607,-0.5344,-0.49197
8.0031,1.6013,-1.8724,-1.0265,0.71485,0.23742,-0.65598,-0.84135,-0.56161,0.25858,-0.85523,-1.0892
8.465,1.5769,-2.0303,-1.2918,1.6766,0.37562,-1.131,-0.31029,-0.9442,0.17971,-1.0332,-1.3506
6.9253,0.84266,-1.8861,-0.52209,1.7277,0.44463,-0.58529,-0.31511,-0.60551,-0.30667,-1.0089,-1.3106
6.6872,0.41927,-1.8409,-0.96622,1.7852,0.46449,-0.77079,-0.51045,-0.34607,0.81032,-0.40071,-1.5237
7.0113,0.10324,-2.7075,-1.4527,1.2831,-0.19987,-1.5655,-1.0549,-0.55215,0.60646,-0.555,-0.91129
7.391,0.44664,-3.0601,-1.6294,0.93317,0.11478,-1.3826,-1.0606,-0.6528,-0.32637,-1.0662,-1.4356
6.3956,0.089611,-2.7625,-0.90597,0.93925,-0.084998,-1.0365,-1.0143,-0.53803,0.13652,-0.93389,-1.1434
7.4054,0.43443,-3.042,-1.7149,0.68915,-0.23456,-1.2462,-0.98944,-0.14683,0.35627,-0.75959,-1.355
6.8821,0.96674,-2.1179,-0.73056,1.1242,-0.080139,-1.0224,-0.78141,-0.83386,-0.18042,-0.75245,-0.49179
7.0223,1.3549,-2.0694,-0.83285,0.7947,0.1483,-0.69523,-0.67631,-0.4783,-0.39148,-0.68784,-0.92428
6.5096,1.2251,-1.7855,-0.66805,1.4749,0.5849,-0.79676,-0.66839,-0.52633,-0.035365,-0.70154,-1.2064
7.0041,1.6169,-1.7004,-0.48949,1.2823,0.16402,-1.1526,-0.86721,-0.74542,-0.11538,-0.54928,-0.86251
7.025,1.8235,-1.2746,-0.50914,1.3216,0.38104,-0.85736,-0.78517,-0.8299,0.02753,-0.66948,-1.1442
7.7956,1.6795,-1.4675,-0.25812,1.9048,0.5663,-1.0589,-0.66158,-0.0692,0.42056,-1.2633,-1.7018
7.7176,2.6319,-0.97124,-1.127,0.72091,0.53043,-0.035548,-0.14141,-0.27764,-0.13443,-1.1966,-1.558
8.3041,1.8415,-1.9476,-1.389,1.2704,0.75142,-0.48645,-0.84079,-0.45078,0.48253,-0.66072,-1.2682
7.1901,1.6043,-1.666,-0.6644,1.2429,0.72037,-0.85428,-0.62213,0.0095705,0.58921,-0.56683,-1.3967
5.9418,1.4926,-1.2754,0.038103,1.557,0.93119,-0.67072,-0.78562,-0.47035,0.067844,-0.94514,-1.3313
6.3996,1.9228,-0.84948,-0.68079,0.78184,-0.20821,-1.1655,-1.3423,-1.5441,-0.38525,-0.42588,-0.085072
7.1833,1.4135,-2.0949,-1.3144,0.35032,-0.49585,-1.4396,-1.3416,-0.45429,0.18885,-0.91118,-1.2087
7.1966,1.4326,-2.1526,-1.6277,0.27019,0.037136,-0.49754,-0.69347,-0.28655,-0.1989,-0.58038,-1.0866
5.5438,1.0182,-1.4982,-0.7116,0.90078,-0.033522,-1.1602,-0.4546,-0.26757,0.24947,-0.89083,-1.3164
5.6398,1.0182,-1.4628,-1.3927,0.39744,0.23851,-0.12604,-0.34372,-0.83499,-0.10512,-0.32731,-0.82782
5.9951,1.4676,-1.5148,-0.78024,0.81852,-0.041845,-1.0993,-0.86871,-0.52344,-0.076849,-0.80471,-1.0944
4.9948,1.0369,-1.5112,-0.99943,0.2481,-0.054162,-0.051214,0.29543,-0.78013,-0.69058,-0.68829,-1.1304
4.9205,1.378,-1.086,-1.556,0.3283,0.42534,-0.074041,0.10103,-0.37619,-0.40254,-0.23211,-0.74646
4.7218,1.842,-0.95936,-1.344,-0.074205,0.10771,-0.016591,0.1207,-0.16277,-0.1856,-0.64681,-0.91552
4.5577,1.6006,-0.92979,-1.4286,-0.27982,0.58086,0.80764,0.56722,-0.010849,0.089412,-0.41178,-0.82971
4.4273,0.78207,-1.6983,-1.9594,0.49243,0.6769,0.57763,0.85236,-0.038907,0.33094,-0.73223,-1.2337
0.51285,0.13292,0.99261,-2.1791,-0.66946,1.3897,-0.043964,-0.19941,0.27273,-0.46365,-0.35388,-1.1691
-1.3592,0.57312,1.6386,-2.8815,-3.0853,0.30247,-1.3985,-0.51749,0.7327,-0.53508,0.10881,0.44869
-0.10939,-0.081862,-1.2195,-2.3116,-0.75527,-0.27749,-1.3586,0.067121,0.067417,-1.0141,0.10464,0.45974
1.7747,2.382,-0.19898,-2.6817,-0.11013,-0.032442,-1.2211,-0.20057,0.032244,-0.57648,-0.58803,-0.44212
1.4452,2.05,-1.3134,-3.1487,-1.1934,-0.48858,-0.80763,0.64969,0.062509,0.028946,-0.011147,-0.35049
-0.10135,2.8269,-1.6643,-2.9377,-1.1551,-0.068826,-1.2537,0.2746,0.337,-0.073933,-0.27971,-0.12143
0.85531,3.424,-1.6632,-2.5367,-1.0256,0.59115,0.14521,0.15894,0.61715,0.22666,-0.13383,-0.20584
0.74995,4.7323,-1.9818,-2.2056,-1.3951,0.6421,-0.23481,-0.32219,0.77056,-0.40843,-0.30093,-0.22241
0.3754,3.7888,-1.2572,-2.0342,-0.66729,-0.42852,-0.76573,-0.47778,0.77061,-1.0461,-0.15256,-0.047487
-0.67091,4.5916,-1.9127,-3.7932,-1.5045,0.48148,-0.89972,-1.403,1.5384,-0.58507,-0.081113,0.02028
-0.64983,3.5699,-1.7956,-2.9491,-1.5358,0.79026,-1.421,-1.4681,0.20928,-0.9175,0.16186,0.026159
1.7827,4.336,-1.1717,-3.1836,-2.0425,0.62344,-1.0381,-1.4457,0.7968,-0.78237,-0.16048,-0.41692
5.3219,4.0146,0.43402,-3.1258,-2.4199,0.38372,0.54991,-0.99491,0.65704,-0.7595,0.041209,0.27992
7.434,1.8673,1.085,-3.4094,-3.2299,0.90103,-0.11464,-0.97377,0.20986,-0.75561,0.30274,0.15112
7.807,0.84066,1.0638,-3.464,-3.3586,1.0456,-0.46723,-0.60864,0.19415,-1.0866,0.1694,-0.14414
7.5954,0.20748,1.0708,-3.3921,-3.0494,1.0858,-0.50086,-0.75091,0.25412,-0.85048,0.29096,0.050132
7.2069,0.034431,0.85013,-3.4459,-2.9132,1.0821,-0.48361,-0.73028,-0.10486,-0.4783,0.2369,0.093637
7.4031,-0.50398,1.1548,-3.5449,-2.5088,1.0931,-0.60766,-0.65487,-0.059083,-0.55509,0.52056,-0.084434
7.2613,-0.66229,0.71232,-3.592,-2.1922,1.065,-0.61543,-0.72777,-0.17017,-0.44194,0.28675,-0.19161
6.73,-0.5374,0.26271,-2.7967,-2.4084,0.89812,-0.94239,-0.90291,0.035161,-0.64676,0.39887,-0.066544
8.5524,-1.8343,1.062,-3.5104,-2.4689,1.1595,-1.1365,-0.4172,-0.26912,-0.90229,0.46656,-0.46918
6.1275,-0.23609,-0.47161,-2.8658,-2.2455,0.80016,-0.5327,-0.54225,-0.047987,-0.6724,0.30511,-0.15241
8.1076,-1.2644,-0.16478,-2.7899,-2.1767,1.8703,-1.4249,0.43217,-0.019613,-0.3667,0.44393,-0.19107
7.6239,0.082577,-0.89054,-2.2602,-2.0297,1.5399,-0.92879,-0.28668,-0.21036,-0.39937,0.22682,-0.50058
8.7093,-0.069169,-1.1741,-1.8193,-1.9436,2.2152,-1.5277,0.27357,-1.1609,-0.82946,-0.24096,-0.59675
7.5964,-0.20078,-0.87543,-0.74223,-1.5068,1.0559,-0.86986,-0.32134,-0.22508,-1.074,-0.88047,-0.61518
8.201,0.50394,-1.1174,-1.0998,-1.3811,1.5311,-0.37049,-0.59566,-0.66519,-0.17581,0.099694,-0.64815
7.0896,0.85102,-0.51961,-1.4751,-1.6223,1.4421,-0.25385,-0.51546,0.042316,0.075249,0.23306,-0.18775
8.1436,0.19471,-0.20902,-1.3538,-1.9456,1.4149,-0.35359,-0.21783,-0.48156,-0.0034076,0.63689,0.27878
7.9019,-1.0023,-0.82574,-0.66986,-1.1564,2.0828,-0.90813,-0.16871,-0.088229,-0.41026,0.4633,0.47666
7.1877,-0.65699,-1.1519,-1.2312,-0.65568,1.7742,0.23715,-0.15904,-0.72135,-0.77483,0.18711,0.14645
7.3762,-1.711,-1.263,-2.0331,-0.92688,1.3917,-0.7545,-0.31699,-0.70738,-1.0129,0.24862,-0.40978
7.3572,-1.4864,-1.2752,-2.5087,-1.648,0.90557,-0.36255,-0.60182,-0.16012,-0.13269,0.40046,-0.066026
7.6791,-0.74676,-0.76759,-2.6891,-1.9148,1.3076,0.11222,-0.55379,-0.456,-0.1631,0.15002,-0.63837
7.1679,0.32218,-0.79278,-2.4514,-1.4098,0.94073,0.21491,-0.69909,-0.86428,0.22881,0.56542,-0.75
7.3063,0.50058,-0.6808,-2.3666,-1.7462,0.79193,-0.0012777,-0.68985,-0.64742,-0.77433,0.27518,-0.32837
7.8314,1.0081,-1.3428,-2.4479,-1.4447,0.64506,-0.12725,-0.41629,-0.52924,-0.77453,-0.1772,-0.82491
7.44,0.2698,-1.5835,-3.2576,-1.3427,1.7766,-0.007264,-0.65897,-0.41079,-0.99273,0.13298,-0.47565
7.3104,0.11293,-1.7002,-3.5823,-2.0072,0.2685,-0.27303,-1.0445,-1.0712,-0.33642,0.39163,-0.33698
6.13,-0.40585,-0.98652,-3.5345,-1.6332,0.26513,-1.3675,-2.1778,-1.5493,0.30156,1.4998,0.027833
7.7137,0.84282,-1.1305,-3.419,-1.7305,0.49884,-0.46561,-0.93313,-1.1258,-0.36911,0.8134,-0.52159
7.7254,1.2636,-0.73105,-2.815,-1.3654,0.41788,-0.9494,-0.963,-0.68164,-0.17927,0.81173,-0.48712
7.4838,0.96995,-0.11214,-2.5756,-1.0073,1.3104,-0.91653,-1.1941,-0.93439,-0.74367,0.31204,0.25416
7.4826,0.90376,-1.0458,-3.0555,-0.91641,1.7787,0.11848,-1.5286,-1.532,-1.2525,0.7195,0.42962
6.5306,0.26847,-1.6668,-2.9677,-0.49079,1.4825,-0.50132,-0.87343,-0.51526,-0.68014,0.54875,0.10781
7.163,-0.44752,-2.0811,-3.114,-1.1633,1.4841,-0.64265,-1.3912,-1.382,-0.53086,0.29074,-0.054535
7.1204,0.63205,-1.5782,-4.4955,-2.0487,0.27615,-1.8222,-1.2703,-1.1253,-1.3467,0.19794,-0.35057
6.3497,1.3513,-1.2276,-2.7097,-1.6238,-0.023244,-1.0516,-0.8894,-0.34277,-0.61719,-0.039163,-0.4954
8.6302,1.7902,-1.6059,-3.879,-1.2871,0.50706,-0.45974,-1.0564,-0.68008,-0.37229,0.15973,-0.35122
7.2648,1.7666,-2.0606,-2.8032,-1.0195,0.4587,-0.025387,-0.59938,-0.74516,-0.43038,0.020855,-0.28296
7.8976,2.3201,-1.3016,-3.276,-0.36002,1.6815,0.32405,-0.026973,-0.68456,-0.42111,0.65689,-0.11846
7.9289,1.5982,-1.7281,-2.8716,-0.44344,1.7969,1.0563,0.26956,-0.42437,-0.21952,0.24188,-0.44934
7.4988,1.8289,-1.7614,-2.361,-0.1141,1.1656,0.38217,0.33178,0.27872,0.73716,0.22398,-1.0793
