2.3291e-16,2.3188e-16,0,0,4.4949e-16,2.2104e-16,2.1668e-16,4.2338e-16,1.0304e-16,9.993e-17,9.6528e-17,1.3926e-16
2.3291e-16,2.3188e-16,0,0,4.4949e-16,2.2104e-16,2.1668e-16,4.2338e-16,1.0304e-16,9.993e-17,9.6528e-17,1.3926e-16
2.3291e-16,2.3188e-16,0,0,4.4949e-16,2.2104e-16,2.1668e-16,4.2338e-16,1.0304e-16,9.993e-17,9.6528e-17,1.3926e-16
2.3291e-16,2.3188e-16,0,0,4.4949e-16,2.2104e-16,2.1668e-16,4.2338e-16,1.0304e-16,9.993e-17,9.6528e-17,1.3926e-16
2.3291e-16,2.3188e-16,0,0,4.4949e-16,2.2104e-16,2.1668e-16,4.2338e-16,1.0304e-16,9.993e-17,9.6528e-17,1.3926e-16
-0.015038,-1.2675,-0.93987,-1.3431,0.3175,-0.33641,-0.042961,0.97375,0.54423,0.18948,0.04433,-0.84426
0.94003,-0.63247,-0.53611,-1.613,0.50883,-0.92815,-0.5053,0.49742,0.20033,0.088722,0.062901,-1.2994
-2.3381,1.5906,-1.8294,0.18497,-0.12127,-0.075831,-1.1971,1.0308,-0.13792,1.0394,-0.054944,-1.0416
-4.2737,1.6514,-0.46362,-0.40167,-0.90076,0.33919,-0.85641,-0.63868,0.71771,1.284,-1.5899,-0.49709
-1.9121,1.5164,-0.56078,-0.60508,-0.76316,-0.62983,-0.75227,0.16645,-0.049211,1.1479,-0.50633,-0.30717
-1.5305,0.84319,-0.036234,-0.75079,-0.62803,-1.2833,-1.11,-0.17884,0.57114,0.22593,0.13025,-0.036857
-1.2321,0.90317,-0.60649,-1.2502,-0.39883,-1.2219,-2.0534,0.37602,0.9804,0.74157,-0.03796,-0.18715
-2.2676,-1.1324,-0.52856,-0.17194,0.46992,-0.31021,-0.77341,-0.2142,-0.10154,0.79211,-0.034253,-0.18367
-2.3224,-1.3781,-0.25623,-0.4083,-0.12905,-1.2048,-1.293,-0.5994,-0.93225,0.47226,0.83215,-0.049429
-2.9376,-1.5486,-0.18487,-0.084925,-0.2626,-0.51312,-0.63189,-0.14507,-0.30849,0.37696,-0.32553,-0.57245
-2.033,-0.60674,-0.81605,-0.6249,-1.046,-0.14163,-0.53897,1.0877,-0.41039,-0.17518,-0.17536,-0.63622
-1.5149,3.07,-1.6536,0.3891,-1.3103,-0.54111,-1.1725,0.78768,-0.13453,-0.11094,-0.15723,-0.62865
0.3889,4.8488,-0.43379,0.70507,-0.37601,0.29718,-0.19775,1.2813,-0.015168,0.22367,-0.011702,-0.97353
1.6201,4.7999,1.2971,0.77073,-0.46022,-0.68868,-0.81848,0.09329,-0.18357,0.12914,0.52849,-0.16259
-0.43357,3.7927,2.127,1.4934,-0.55628,-1.85,-1.0692,-0.24068,0.47184,-0.2002,-0.24629,-0.44024
3.8587,2.4159,1.8115,2.5147,-1.2282,-1.4695,-1.9646,0.29051,0.5672,-0.62984,-0.14615,0.31389
3.8623,1.2695,2.283,3.2837,-2.1958,-1.4672,-1.8335,0.16913,0.55924,-0.7811,-0.047681,1.1495
3.424,1.5559,2.9158,3.6473,-2.8691,-1.751,-1.5528,-0.24711,0.44862,-0.78597,0.76159,0.78241
3.5898,0.53914,3.9065,3.6013,-3.7337,-1.5297,-1.3994,-0.11054,0.0071811,-0.94626,1.1498,0.57106
2.6975,1.0712,4.8696,2.319,-3.7496,-1.0335,-0.8673,-0.96398,-0.26579,-0.87908,0.94246,0.2751
2.3733,0.65378,5.1073,1.8059,-3.7479,-1.0019,-1.0192,-1.0792,0.073324,-1.1061,0.23287,0.25345
2.4785,0.56639,5.1615,1.2881,-3.8237,-0.60274,-1.2203,-1.1666,-0.12626,-1.3012,0.37099,0.19228
2.1172,1.1486,5.0936,0.95178,-3.7091,-0.54854,-1.3712,-1.5356,-0.046057,-1.5527,0.56823,0.059005
2.1536,1.4207,5.098,0.16143,-3.3473,-0.3222,-1.5395,-1.8316,-0.030042,-1.5152,0.63992,0.14304
1.9217,1.81,4.9329,0.02806,-3.3769,-0.67197,-1.73,-1.4834,-0.24132,-1.354,0.63258,-0.078533
1.0813,2.364,4.7197,-0.21365,-3.4605,-1.4095,-1.4979,-0.91911,-0.45949,-1.7676,0.35577,0.15532
1.1134,2.3424,4.3902,-0.22986,-3.5597,-1.2633,-1.678,-1.1693,-0.1994,-1.4905,0.52142,-0.1269
0.88881,2.1808,3.7455,0.41669,-2.5021,-1.2726,-1.2274,-1.1106,-0.27637,-0.96711,0.33447,-0.16538
0.6509,2.099,3.7486,1.0363,-1.981,-0.86721,-0.47874,-1.0303,-0.30399,-0.29958,0.10478,0.32242
2.4787,2.1444,4.7825,0.49939,-2.0725,-0.68017,-0.4929,-1.0997,-0.86785,-1.2662,0.13727,0.029973
3.1895,1.3149,4.6137,0.59744,-1.995,-1.3453,-1.2432,-1.3241,-0.21893,-1.3382,0.046596,0.24326
2.4218,1.3891,4.7215,-0.65615,-2.7523,-1.0708,-0.92135,-0.99705,-0.045744,-1.3297,-0.14769,0.25384
2.3071,1.1536,4.1887,-0.044466,-2.0704,-1.0876,-0.86457,-0.29964,-0.30477,-1.6807,-0.42283,0.1951
2.5885,0.66699,4.7922,0.93293,-1.4339,-0.20073,-1.3457,-1.0601,-1.0137,-1.5467,0.02868,-0.12193
3.3627,0.99827,3.847,0.60574,-1.742,-0.94125,-0.77797,-0.91334,-0.49166,-1.4683,0.2238,0.14814
3.4049,0.73414,4.6125,-0.16557,-2.1342,-0.58984,-0.9803,-1.311,-0.95512,-1.4048,-0.11637,0.37616
2.2023,0.081159,4.7348,-0.51327,-2.3015,-0.77261,-0.89683,-1.4644,-1.1444,-0.8156,-0.030028,-0.10718
2.7227,0.29884,4.9985,-0.017997,-1.6096,-1.2516,-0.22024,-1.1428,-0.4871,-0.69568,-0.28928,0.33881
2.8941,-0.40578,4.9782,0.2316,-1.3953,-0.87558,0.46251,-0.38912,0.37928,-0.26343,0.069322,-0.48871
2.7625,0.30882,6.3413,0.64837,-2.2396,-0.25591,0.21691,-0.45526,-0.86711,-0.67504,0.20024,0.039937
3.7776,-0.028163,5.6817,0.7238,-2.0693,-0.66492,-0.56795,-0.89208,-1.6528,-1.6491,0.16298,0.52258
3.3911,0.9308,5.5694,0.38539,-2.1353,-0.43481,-1.3224,-1.3185,-1.6583,-1.1556,0.24786,-0.2061
3.9478,-0.26241,5.1997,0.52454,-2.2391,-0.86688,-0.72643,-0.88925,-0.77102,-1.2127,0.027094,-0.080664
3.0717,-1.327,5.8356,1.3269,-1.6006,-0.51233,-1.0496,-0.3657,-0.7162,-1.191,0.047071,0.46286
3.5853,0.12981,6.4272,0.54608,-2.7024,-0.29818,-0.58355,-0.4143,-0.44891,-0.80578,-0.15844,0.1133
4.2611,0.73266,6.496,1.1996,-2.645,-1.1552,-0.95084,-0.75224,-0.78375,-0.89545,0.35822,0.516
4.7991,-0.08429,5.8484,0.18446,-1.8475,-0.39907,-1.5148,-0.53974,-0.6637,-0.51155,0.17018,0.039648
0.74128,4.0334,3.0941,0.77309,-1.8431,-1.4491,-0.59504,-1.0713,-0.94223,-0.76519,-0.32708,-0.18286
-0.66359,3.5628,1.6744,0.7707,-0.50172,-1.04,-1.2464,-1.47,-1.0171,-0.46612,0.00077344,-0.11834
-1.2841,4.3418,1.3677,0.4581,-1.367,-0.9246,-0.51471,-0.92752,-1.054,-1.1418,-0.48549,-0.32336
-2.1428,5.073,1.0764,-0.12607,-1.0416,-2.0543,-0.84435,-1.0092,-1.1453,-1.0959,-0.092367,-0.19014
-2.3348,4.4201,0.29218,0.20684,-1.0561,-2.1141,-0.76187,-1.0674,-1.2293,-1.4021,-0.34125,-0.59084
-1.9158,4.912,0.64843,0.49689,-1.1779,-2.3839,-0.98391,-1.0417,-1.6322,-0.35526,-0.3982,-0.10324
-2.7294,3.8203,1.5827,0.36784,-0.67513,-1.9739,-1.5009,-1.4419,-1.3375,-0.85941,-0.28425,-0.057625
-1.9919,4.2611,2.0073,0.80249,-1.0146,-2.1622,-1.2287,-0.67076,-0.60821,-1.223,-0.45411,0.28608
-0.70343,3.5303,2.2216,0.12181,-1.4525,-1.6921,-0.82059,0.35449,-0.46569,-1.1946,0.0011609,0.063369
-0.44836,3.0247,2.496,0.54236,0.23636,-1.1566,-0.56367,-0.63842,-1.4403,-0.61239,0.44531,0.42652
0.049168,2.7347,1.8844,0.31551,-0.13884,-0.80709,-0.7239,-0.65709,-1.0487,-1.2768,-0.23146,0.37649
0.98919,1.8269,1.4729,0.49885,-1.1048,-2.1449,-0.77388,-0.64504,-0.7243,-1.2744,-0.050849,0.17108
0.41739,1.9249,2.4512,1.0705,-0.10099,-1.5868,-0.88831,-0.97526,-0.47416,-0.79705,0.33172,0.23098
0.66525,1.2415,1.9846,0.14828,-1.4449,-2.3181,-0.18294,-0.29258,0.24614,-0.57679,-0.048755,-0.20366
0.4796,1.6454,2.5272,0.64724,-1.3222,-2.0124,-0.86326,-0.0017623,-0.25712,-0.73801,0.12121,0.28278
0.86702,2.2068,2.4596,-0.021011,-0.95362,-1.7705,-0.056911,-0.19497,-0.43401,-1.1423,0.25735,0.51109
1.1397,2.6388,2.7543,0.037861,-0.60293,-1.4432,0.0012914,-0.17587,0.30567,-0.69337,0.23019,0.6354
1.9006,2.8142,2.8794,0.44083,0.22261,-1.4872,0.26639,-0.27198,-0.26351,-1.2357,-0.84215,0.14623
2.55,2.4304,3.8714,-0.23566,-0.71434,-1.3568,0.54112,-0.31756,-0.16291,-1.0417,-0.3324,0.11442
2.6107,2.6065,3.4392,0.1721,-0.5385,-2.3873,0.051246,-1.4585,-0.6984,-1.0723,-0.60669,0.31608
3.1729,2.5708,3.6485,-0.34389,-1.451,-2.2034,-0.9637,-1.4835,-0.47102,-1.1911,-0.57641,0.76898
3.1003,2.8741,3.5179,-0.070598,-1.5605,-1.8936,-0.29818,-1.416,0.18624,-1.3685,-0.45493,0.50375
3.5194,2.7356,3.6165,-0.63283,-1.0999,-1.5415,-0.16903,-1.16,-0.4891,-0.7888,0.40119,0.65265
2.9337,3.2065,3.0271,0.62788,-1.9168,-0.80351,-1.0703,-0.036403,-0.82087,0.10169,-0.35815,0.45021
2.1109,3.6568,2.3773,1.648,-1.8389,0.012256,-1.6892,-0.60203,-1.5363,-0.079866,-0.044398,0.86635
3.0199,3.3344,3.2062,-0.39709,-1.0703,-1.0062,-1.3014,0.39352,-0.71797,-0.31917,-0.19328,0.21838
2.9328,3.0999,2.6398,-0.74512,-0.97613,-1.2425,-1.1814,-0.20363,-1.0804,-0.29299,0.25947,0.046744
4.2117,3.6364,2.7802,-0.58442,-1.5732,-1.9799,-1.5193,-0.78219,-1.013,-0.0046364,-0.14256,0.38336
4.4018,2.8602,2.6997,-0.95374,-1.3466,-1.4911,-1.2706,-0.78584,-1.1397,-0.56995,-0.26933,0.48212
3.6587,2.9078,2.764,-0.44493,-0.90595,-1.8503,-0.83951,-0.0074674,-1.1493,-0.59911,-0.35906,0.23526
4.2902,3.1918,2.4932,-0.60948,-1.0934,-2.3088,-1.5805,-0.43842,-1.2274,-0.27335,0.094199,-0.13477
5.0743,3.4797,2.2875,-0.14625,-1.4842,-2.7455,-0.72564,0.11934,-1.8444,-0.4346,0.22291,-0.40662
4.0745,3.2427,2.2944,-0.051352,-0.83631,-2.3008,-1.1626,-0.58433,-2.3211,-0.47394,-0.39441,-0.5183
3.9494,2.7369,2.264,0.87472,-0.59305,-1.9586,-0.8411,-0.57437,-2.2015,-0.52341,0.016131,-0.17762
3.6954,2.6635,2.3381,0.93501,-0.78675,-1.4685,-0.74405,-0.50292,-1.8594,-0.11602,0.10788,-0.68939
4.4827,2.3349,2.4831,0.90398,-1.07,-1.3034,-0.7417,-0.71986,-1.3753,-0.27452,-0.049543,-0.66655
4.5714,2.8822,1.6303,0.79251,-0.17932,-1.1191,-0.82358,-1.2137,-1.7555,-0.57061,-0.1776,-0.40591
-0.54606,4.7401,0.98393,0.84672,-0.58199,-2.3321,-0.51613,-1.6496,-1.5688,-0.9118,0.6383,0.1812
1.4988,3.6806,1.3131,0.19206,-0.85533,-2.4431,-0.85373,-1.4207,-1.0288,-0.45257,-0.031513,-0.36477
3.2878,2.6992,1.8932,0.76409,-0.76592,-2.2654,-0.52144,-0.84962,-1.5809,-0.86875,-0.44022,-0.2014
3.243,2.3796,1.4786,-0.053011,-0.45309,-1.4124,-0.78943,-0.74142,-0.77994,0.040048,-0.20253,-0.4356
3.6583,3.1688,1.9587,-0.22309,-0.38587,-1.4111,-0.83198,-0.42345,-1.0593,0.21526,-0.41712,-0.31748
3.6839,3.1521,1.3436,-0.0090977,-0.40483,-0.70376,-0.17307,0.082836,-0.70304,-0.13178,-0.20291,-0.53534
4.2045,3.16,1.2349,0.028343,-0.75945,-0.98872,-0.95909,-0.43735,-0.72349,-0.1802,-0.26629,-0.069944
4.3417,3.034,1.8253,-0.32391,-1.3207,-1.983,-1.9745,-1.6373,-1.6453,-0.79228,-0.48157,-0.41931
4.4947,3.161,1.22,-0.72458,-1.1782,-2.0387,-1.7216,-1.1701,-1.6596,-0.9513,-0.49586,-0.21644
4.3943,3.1196,1.9359,-0.014881,0.037571,-1.1597,-1.2334,-0.8088,-1.4013,-0.52039,-0.64298,-0.55857
3.7771,3.0084,1.9616,0.74454,0.42701,-1.7662,-1.2222,-1.151,-0.68237,0.02269,-0.25946,-0.21473
4.2381,2.7899,0.85889,-0.15652,-0.40535,-1.5067,-1.2217,-0.89795,-1.104,-0.42939,-0.27116,0.41833
4.6146,3.4404,1.2235,-0.25389,-0.97107,-1.4171,-1.1033,-0.50764,-0.43729,0.29316,0.36252,-0.48086
4.5264,4.0303,1.8621,-0.023002,-0.58172,-1.7539,-1.4708,-1.1666,-1.109,-0.023453,-0.22215,-0.099654
4.7093,3.5015,1.9254,0.30938,-0.6441,-1.5045,-1.3582,-1.0907,-1.5536,-0.77626,-0.46139,-0.32316
2.9262,2.8285,1.6821,-1.4599,-1.8953,-1.1101,-2.1043,-1.1717,-0.46511,-1.0078,-0.57499,-0.58781
3.6942,3.2271,1.5808,0.019768,-0.28706,-1.401,-1.1825,-1.2883,-1.4245,-0.89686,-0.93119,-0.60189
4.3712,2.6112,0.52039,-1.1578,-0.7255,-1.2296,-1.0935,-0.61787,-0.96245,-0.35135,-0.64494,-0.40847
0.18711,-0.68119,3.2906,-0.0074286,-3.43,-0.24037,-0.60309,-1.0505,0.78695,0.012635,-0.74458,-0.535
-2.0658,1.1531,1.1844,-0.61714,-1.8865,0.23514,-1.1938,-1.4019,0.48515,0.52525,0.63439,0.097663
-0.83661,0.7557,-0.022244,-0.68128,0.6903,0.59362,-0.80843,-0.15464,-0.57241,-0.91388,0.47802,-0.41227
0.26571,1.5154,1.3508,-1.9865,0.042709,-0.002314,0.11758,0.15716,-0.4546,-0.60549,-0.91383,-0.18357
2.1767,2.1766,-0.69076,-1.9711,-0.74294,0.08458,-0.73196,0.57638,0.19799,-0.048509,-0.23287,-0.60369
2.3024,3.403,0.3543,-1.2666,-0.25644,-1.0181,-1.78,1.0055,0.73933,0.12901,0.0064429,-1.1917
0.016195,3.9566,-1.1297,-2.3214,-0.94035,-0.2912,-0.99998,0.68043,0.12346,-0.037605,0.70472,0.012937
1.1072,4.1188,-0.73924,-1.5538,-1.3275,-0.65086,-0.66411,-0.12318,-0.17666,0.21984,0.098806,-0.78971
-0.41619,3.6187,-1.4172,-1.3918,-1.6005,-0.43891,-0.43621,-0.014813,-0.0099739,-0.35795,0.25944,-0.58905
0.40077,5.033,-1.2514,-1.2122,-1.5095,0.83727,-0.60897,-1.018,0.22332,-1.0338,0.01638,-0.82095
0.92723,3.4069,-0.87809,-1.2621,-1.4186,-0.23312,-1.0649,-0.55804,0.27219,-0.37291,-0.33005,-0.67852
1.7074,3.3712,-0.30285,-1.5724,-1.3957,0.70451,-0.28517,-0.39449,0.39724,-0.7534,-0.33855,-0.70971
1.8374,3.5709,-0.28029,-2.2003,-0.5767,-0.0261,-0.76621,-1.353,0.044931,-0.5969,0.20214,0.28031
4.5537,4.3856,-0.11814,-2.5363,-1.3939,0.59404,-0.85858,-0.97514,-0.075114,0.52899,0.57797,-0.29088
5.9107,2.4299,0.97029,-2.5095,-3.1377,0.4937,-0.174,-0.4112,0.10594,-0.22635,-0.038725,-0.20987
6.5146,1.7193,0.76169,-2.2314,-3.3882,0.70614,-0.23083,-0.33894,0.48738,-0.28192,0.031489,0.036235
6.9155,0.64829,0.74557,-2.4343,-3.1993,0.96369,-0.50009,-0.52562,0.38744,-0.19883,0.50132,-0.054999
6.0708,0.7933,0.61498,-3.0658,-3.1582,0.7907,-0.02984,-0.59935,0.031756,-0.029554,0.27815,0.47998
7.3701,-1.1852,1.7704,-3.6912,-3.5509,1.6727,-0.52885,-0.46511,0.054912,-0.083788,0.50193,0.019334
6.3092,-0.99586,1.3365,-3.5038,-3.454,1.5121,-0.10126,-0.40253,0.042044,-0.17938,0.21374,-0.031904
6.7802,-2.7155,1.6304,-3.5586,-3.1585,2.1039,-0.91103,0.10571,-0.2006,0.30746,0.2962,-0.30007
5.9622,-2.0215,0.91627,-3.3148,-2.7998,1.7108,-0.236,-0.25223,-0.1424,0.1094,0.27699,-0.3884
6.1194,-1.4081,0.3282,-3.6373,-2.7229,2.072,0.054485,-0.35437,-0.1361,0.23466,-0.011849,-0.46195
4.5387,-0.93124,-0.19911,-3.257,-2.2152,1.8052,-0.090359,-0.30333,0.41301,0.1281,0.097527,-0.054399
6.0478,-2.3581,0.71978,-3.2685,-2.709,2.1752,-0.53107,-0.32135,-0.32347,0.13237,0.067116,-0.32809
5.3485,-1.0178,-0.10129,-2.8643,-1.9336,1.7178,-0.054,-0.88009,-0.049253,0.24083,-0.1558,-0.33306
7.2121,-2.1901,0.48007,-3.3852,-1.8162,2.4274,-0.50172,0.11511,-0.7073,0.2492,0.060624,-0.63217
7.3353,-2.0408,0.55025,-4.1672,-1.6536,2.1999,-0.62902,0.05945,-1.1726,0.87755,0.13047,-0.62335
6.2816,-0.77838,1.0759,-3.181,-1.8741,1.5324,-0.06796,-0.59257,-0.86272,0.24639,0.31883,-0.55438
7.9895,-1.9653,1.0613,-2.9731,-0.59497,1.7262,-0.54494,-0.66572,-1.1566,0.31664,-0.39801,-0.54721
6.7071,-0.65709,-0.38588,-2.7984,-0.79664,1.7171,0.036296,-0.53544,-0.70745,0.24374,0.031553,-0.78291
6.5282,-0.93554,0.3671,-2.9826,-1.2173,1.8155,0.34794,-0.23004,-0.32492,0.50885,-0.071246,-0.68628
7.2277,-1.0307,0.45703,-3.6296,-1.418,2.2904,0.014321,-0.071009,0.26105,0.65169,0.12084,-0.040986
5.3662,-0.08079,-0.23288,-2.3961,-0.9746,2.0896,0.84786,-0.18986,0.14574,0.59044,-0.13207,-0.68039
6.9359,-0.35837,0.021332,-2.6127,-1.3059,1.9259,0.077983,-0.24428,-0.085624,0.12181,-0.36032,-0.57571
6.3177,-0.77333,0.011989,-2.568,-1.3084,1.954,0.063753,-0.55277,-0.40914,-0.055065,0.37724,0.37264
7.6363,-1.0253,-0.20187,-2.5577,-1.6333,1.7571,-0.061758,-1.7484,-0.79145,-0.18262,-0.16576,0.19535
7.3028,-1.3002,0.1347,-3.2069,-1.5304,1.4757,-0.41411,-1.135,-0.58304,0.57805,-0.018514,-0.53208
7.6069,-0.5553,-0.90724,-3.3284,-1.7008,1.5305,-0.44098,-1.1863,-0.33516,0.40851,0.064666,-0.80856
7.3128,-0.37992,-0.54821,-3.0631,-2.2574,1.3629,0.11489,-1.0509,-0.7062,-0.1225,-0.41099,-0.45049
7.7463,-0.71328,-0.20703,-3.2196,-2.954,1.2253,0.033784,-1.4659,-0.57191,0.014441,-0.12086,-0.40067
7.7784,-0.077232,0.0017559,-3.9301,-3.0448,1.9377,-0.34363,-2.227,-0.53466,0.11306,-0.41907,-0.93114
6.9048,0.48567,-0.12041,-3.465,-2.8458,1.1762,0.25492,-1.1268,-0.44959,-0.021483,-0.81995,-1.015
6.7645,-0.13437,-0.45391,-3.5384,-2.298,2.1742,0.84594,-0.56839,-0.19856,0.5804,-0.76237,-1.1939
5.5899,-0.49028,-1.0937,-3.1608,-2.7707,0.98893,0.080263,-1.9495,-1.1485,-0.41959,-0.46607,-0.71691
7.0108,0.083958,-0.14349,-2.3281,-1.7988,2.2757,0.14809,-2.3526,-0.94402,0.18759,-0.53019,-0.61776
6.7938,-0.44502,-1.0749,-3.4604,-2.2141,2.383,0.54581,-1.5281,-0.72693,0.35548,-0.31514,-0.51187
6.179,0.322,-0.44295,-2.4968,-1.1211,1.8163,0.13858,-1.466,-1.166,-0.62421,-0.61922,-0.98535
7.4946,0.12504,-0.8083,-3.2149,-1.8575,1.7694,0.63866,-1.479,-1.1907,0.51497,0.0060465,-0.86563
6.3583,-0.80173,-0.9618,-3.9303,-1.9859,1.9556,0.073134,-1.8348,-0.98258,0.55614,-0.082618,-1.0938
5.9962,-0.24287,-1.8874,-3.643,-1.7058,1.7058,-0.30155,-1.6215,-0.69507,-0.14042,-0.27505,-0.14263
8.1203,0.75829,-1.0357,-3.5354,-1.2218,1.4875,-0.23487,-1.6573,-1.065,-0.060515,-0.33673,-0.55051
6.1969,0.37419,-2.4176,-3.4122,-1.7823,0.071883,-0.77569,-1.5682,-1.4211,-0.56255,-0.87179,-0.95864
6.9745,0.87832,-1.7299,-3.5885,-0.68964,1.6266,0.011328,-1.181,-1.4363,0.31604,-0.68472,-1.2058
6.6712,1.0574,-1.6887,-3.2032,-0.86808,0.67239,0.17882,-0.73294,-1.4101,-0.28482,-0.66892,-0.98674
7.2628,0.52277,-1.9099,-3.2334,0.037012,1.7944,0.011019,-1.2964,-0.93093,0.57814,-0.33636,-1.0904
7.1851,0.27021,-1.881,-2.7964,-0.89856,1.7589,0.27269,-1.6747,-1.5517,0.015342,-0.54766,-1.0822
6.8044,0.79856,-1.9026,-3.3768,-1.5866,0.33099,-0.24637,-1.0655,-1.0484,-0.0016892,-0.59402,-1.0633
7.0119,1.0715,-2.3872,-3.8891,-1.9178,-0.058427,-0.32013,-1.3643,-1.6876,0.29712,-0.14352,-0.63256
5.9028,0.11905,-3.2256,-4.1175,-1.1951,0.53885,0.38881,-0.91397,-1.1842,0.46193,-0.15212,-0.72026
5.7504,0.60611,-2.8128,-4.0462,-1.872,0.54296,0.053538,-0.625,-0.84165,-0.33144,-0.56889,-0.62173
5.8326,0.31059,-2.8524,-3.9943,-1.9649,0.60892,0.44319,-0.86602,-0.6186,0.26493,0.07083,-0.18608
5.2228,0.57397,-2.6035,-3.9593,-2.0035,-0.23901,0.28252,-0.25012,-0.65228,-0.3003,-0.80181,-0.56843
6.4507,0.87598,-2.739,-3.249,-1.8446,0.27533,-0.19527,-1.1822,-1.0907,-0.073239,-0.23911,-0.42892
5.9831,0.76699,-2.4797,-3.2594,-1.2951,-0.0013828,-0.66858,-1.195,-0.89612,0.22983,0.044108,-0.046686
6.8608,1.4034,-2.4765,-3.4916,-1.1833,-0.18636,-0.60825,-1.2675,-1.4757,0.18132,0.25632,-0.54357
6.5454,0.75842,-2.6818,-2.7863,-1.2985,0.70187,0.25439,-0.87969,-0.93138,0.052649,-0.19578,-0.66788
6.4014,1.1632,-2.2967,-2.8669,-1.4494,0.26539,0.3448,-0.33738,-0.54475,0.14457,-0.41662,-0.78146
6.0001,0.75994,-2.3345,-3.443,-1.6633,-0.5684,-0.23528,-0.34823,-0.5918,0.10814,-0.34373,-0.68305
6.6535,1.8002,-1.7895,-3.3647,-1.1735,-0.020633,0.0647,-0.35836,-1.0448,0.033052,-0.6112,-1.0606
6.3919,1.3975,-2.4331,-3.4563,-0.89311,-0.30482,-0.97357,-0.65182,-1.5367,0.14309,-0.42715,-1.2893
6.1841,1.0418,-2.5263,-3.663,-0.94742,0.26343,0.10362,-0.74955,-1.5302,-0.1374,-0.67753,-0.98505
6.322,1.2973,-2.5608,-3.5376,-0.99489,-0.17313,-0.13138,-0.48988,-1.1121,-0.06118,-0.35255,-0.83362
5.6285,1.1542,-1.966,-2.5089,-1.2216,-0.12772,-0.39366,-0.74342,-1.0405,-0.3973,-0.20619,-0.67059
6.5938,1.5104,-2.2304,-3.7062,-2.0713,-0.71835,-0.61503,-0.88584,-0.80146,0.35937,0.040874,-0.65196
6.2638,1.7769,-2.0024,-3.1277,-1.6872,-0.69481,-0.2683,-0.93924,-1.5904,-0.23336,-0.35166,-0.48687
6.3705,1.2678,-2.2685,-2.7015,-1.0639,0.29651,0.076395,-0.87614,-1.2752,-0.56457,-0.31093,-0.74098
5.9069,1.3525,-1.9526,-2.4899,-1.2398,0.20175,-0.11944,-1.0248,-1.4492,-0.24518,-0.42059,-0.67105
6.4306,1.414,-2.5656,-2.9808,-1.1274,-0.31595,-0.38611,-0.67075,-1.0786,0.35336,0.13059,-0.36348
5.9254,1.0723,-2.045,-2.8184,-1.2463,-0.35946,-0.28778,-0.92755,-1.298,0.16516,0.33915,-0.56829
5.4038,1.1753,-2.2537,-2.7103,-0.75267,0.30586,0.34402,-0.38306,-1.0505,0.032887,0.015879,-0.46185
6.3066,1.619,-1.9864,-2.4148,-0.81984,0.47785,0.21065,-1.1323,-1.4837,-0.24406,0.018136,-0.19942
5.5614,1.2401,-2.1618,-2.3373,-0.33922,0.29739,-0.35637,-1.4004,-1.551,-0.73214,-0.27978,-0.36757
6.1136,1.7835,-1.8071,-2.5252,-0.54304,0.47965,0.11139,-0.52737,-1.0845,-0.033668,0.45514,-0.035958
6.3684,1.6722,-1.982,-2.1687,-0.27047,0.60473,-0.10101,-0.84567,-0.853,0.45299,0.80602,0.085221
5.4913,1.3191,-1.9772,-2.4131,0.019762,0.46089,0.04522,-0.47706,-1.0933,0.22447,0.19222,-0.4429
5.3121,1.2623,-2.0695,-2.9541,-0.83599,-0.10726,-0.13226,0.020711,-0.58137,0.14749,-0.17472,-0.93114
4.7487,0.99394,-2.3305,-2.8018,-0.81441,0.1894,0.29614,0.056951,-0.75769,-0.33541,-0.62099,-0.9152
4.8917,1.4478,-1.8723,-3.3246,-1.7095,-0.72732,-0.21806,-0.15244,-1.2304,-0.52955,-0.42492,-0.32199
5.3368,1.7101,-1.588,-2.5476,-1.1625,0.10964,0.23246,-0.20303,-1.1089,-0.65692,-0.26429,-0.41978
4.8051,1.394,-2.017,-2.6297,-0.5024,-0.041644,0.011283,-0.83661,-1.6241,-0.64675,-0.39333,-0.40066
5.6514,1.4903,-2.0272,-2.6756,-1.0694,-0.27854,-0.46248,-0.90368,-1.1116,-0.23273,-0.14292,-0.48019
4.8017,1.3065,-2.2689,-2.748,-1.2139,0.22344,0.30676,-0.27719,-1.1336,-0.61193,-0.22437,-0.29504
3.7556,0.70385,-1.9732,-2.0961,-0.51149,0.4283,0.024884,-0.59259,-1.1067,-0.14087,0.39685,0.076915
4.5522,0.99874,-2.1735,-2.2609,-0.80253,0.87429,0.77811,0.0069942,-0.78224,-0.58985,-0.18042,-0.16301
3.5017,0.046967,-2.7375,-2.5212,-0.39408,0.75883,0.57063,-0.18871,-0.93946,-0.30709,-0.41283,-0.43838
3.2759,0.85337,-1.5563,-1.8645,0.10016,0.68642,0.78578,0.041309,-0.78704,-0.18219,-0.189,-0.60727
3.4088,0.72746,-1.8102,-2.3679,-0.3587,0.43172,0.81539,0.36325,-0.49201,0.21475,0.097059,-0.16546
2.9404,0.50234,-1.8899,-2.6397,-0.92913,-0.12189,0.33231,0.24385,-0.59072,0.20137,0.12326,-0.01136
3.4752,0.44465,-2.044,-2.3821,-0.98632,-0.21247,-0.29446,-0.54256,-0.89815,-0.26726,0.0029401,-0.10452
4.3104,1.9374,-1.0403,-1.842,-0.9221,-0.32179,-0.38059,-0.51128,-1.0112,-0.093933,0.27811,0.033434
3.1504,1.2122,-1.2526,-1.6262,-1.0385,0.014733,0.16966,0.12589,-0.44592,-0.024212,0.0043454,0.13361
2.6323,0.55348,-1.6894,-2.2727,-0.75756,-0.19973,0.30706,0.12887,-0.41516,-0.0092579,-0.071386,-0.17693
-3.9808,1.6905,-0.36971,-3.2865,-1.7032,-0.61476,0.78485,0.76557,-0.090121,-1.327,0.88029,-0.55222
-4.0965,1.7164,-0.50022,-1.6037,-1.7529,-1.2873,-1.0456,-0.36992,-0.52647,-1.5793,-0.35769,-0.51845
-4.229,3.0635,0.37821,-2.1172,-2.0626,-1.3313,-1.4531,-0.60478,-1.3647,-1.4268,-0.59398,-0.5765
-3.389,2.0693,0.85372,-1.4752,-2.4854,-1.3825,-1.2885,-0.96325,-0.78721,-1.1587,-0.4585,-0.14463
-0.43496,2.0256,1.7267,0.1907,-2.1065,-0.11945,-0.22146,-0.23525,-0.16163,-0.34058,-0.24429,-0.34653
2.0786,0.48939,3.3052,0.71504,-4.1346,-0.82636,-1.2832,0.063995,0.50087,-0.76796,0.43793,0.058872
3.5003,-0.75278,3.2129,0.50419,-4.4227,-0.90508,-1.6107,-0.055919,0.88699,-0.88806,0.81345,0.32832
4.2159,-1.5196,2.6539,0.29767,-3.3542,-1.0914,-1.3979,0.22731,0.83596,-0.61147,0.57298,0.066714
3.8889,-1.2201,1.6951,0.39682,-3.719,-0.37834,-1.0278,0.28569,1.3307,-0.65743,0.37712,-0.37786
4.8755,-2.6122,2.095,-0.7607,-2.6224,-1.1634,-0.32552,0.33584,1.3879,-0.71394,0.10666,-0.43684
5.3227,-2.6626,2.0285,-1.1191,-2.1438,-0.87633,-0.48816,0.054063,1.6487,-1.048,0.13354,-1.0196
4.9429,-2.6181,1.7665,-1.2718,-1.7782,-0.7664,-0.62983,-0.13193,1.7158,-0.87075,-0.076037,-1.1072
5.1984,-3.4117,1.7042,-1.1211,-1.5871,-0.61982,-0.4409,0.30569,1.4966,-0.88251,-0.059302,-0.8914
4.6855,-2.4872,1.1152,-0.86471,-1.5202,-0.6584,-0.42257,0.091859,1.5741,-1.0957,-0.0096754,-1.1149
5.4629,-2.2583,1.0401,-1.1568,-1.435,-0.59941,-0.71287,-0.15869,1.7587,-1.0032,0.12382,-1.4484
5.3812,-1.8096,0.68691,-0.69513,-1.719,-0.7953,-0.45338,0.19913,1.7325,-0.92804,0.023874,-1.5519
5.1161,-1.2858,0.66109,-0.60634,-1.46,-1.1595,-0.67406,0.10232,1.8811,-0.68739,1.0492,-2.0518
4.0225,-0.16417,1.2767,0.53819,-1.5702,-0.97089,-0.77663,-0.15921,0.52318,-0.27673,1.0267,-1.2432
3.2224,0.050317,0.76156,0.84404,-1.1773,0.02004,-0.72566,-0.95945,-0.14365,-1.0624,-0.56938,-0.41411
4.0556,-0.72676,1.1261,0.39157,-1.511,0.067992,-0.39566,-0.15132,-0.06696,-0.81569,-0.83553,-1.4395
4.8089,-2.5786,0.69059,-1.1572,-2.0339,-0.13561,-0.74932,0.21789,0.90159,-0.24645,0.24601,-1.0008
4.9102,-2.7998,0.33102,-0.53004,-2.3954,-0.45227,-0.49785,0.41733,0.88687,-1.163,0.33153,-1.7826
5.3022,-3.3483,0.84323,-0.8827,-1.8657,-0.25828,-0.5987,-0.39605,1.104,-1.0591,-0.45403,-0.79301
4.9985,-4.0703,0.1632,-0.82899,-2.4639,-0.80932,-0.96099,-0.34871,0.21023,-1.5325,-0.5702,-1.9911
4.4168,-4.114,0.52689,-0.55758,-1.6068,-0.38237,-1.3084,0.34151,0.39333,-1.4145,-0.80782,-1.3862
3.0624,-0.95838,0.20914,-1.2665,-1.5068,-0.92433,-0.024075,-0.071231,0.56897,-0.44966,-1.3984,-0.96707
5.9684,-2.3611,0.85778,-0.60913,-1.6772,-0.65368,-0.64982,-0.41037,0.24191,-0.76373,-0.84595,-0.69092
0.51011,0.73071,-0.76216,-0.31868,-0.68762,-1.6434,0.1968,0.56917,0.335,-0.11916,-0.92851,-0.56215
-1.3559,2.049,-1.0247,-0.13089,-0.57791,-0.83059,0.13652,-0.13771,0.57109,-0.091643,-0.52373,-0.7825
-0.86311,2.1046,-0.57834,-0.21085,-0.8151,-1.4444,-0.53909,-0.29532,0.81555,0.091067,-0.27817,-0.88982
0.39764,1.466,-0.17254,0.40428,-0.89789,-1.7012,-0.45868,0.16573,1.1675,-0.12589,-1.0001,-1.1343
0.78807,0.050341,-0.4338,-0.65019,-1.1024,-1.7661,-0.5535,0.31715,0.21268,-0.29229,-0.29187,-0.66166
0.21317,0.92758,-1.5789,-0.83384,-1.1912,-1.087,-0.81811,0.22314,0.078032,0.30202,-0.40199,-1.2531
-1.8862,1.87,-2.6526,-0.19471,-0.35802,-1.2636,-1.4077,0.30209,0.46673,0.7397,0.17661,-1.2007
-0.57056,1.7196,-1.2526,-0.047137,-0.84686,-0.44568,-1.1725,0.40612,-0.19567,-0.043119,-0.63166,-0.78625
-1.7965,1.9544,-2.2993,-1.1659,-0.62755,-0.91864,-1.1354,-0.13148,0.28264,-0.027988,-0.33888,-0.78474
-0.314,0.40023,-1.9778,-1.3065,-0.77445,-0.97904,-1.0344,0.81537,0.18853,0.24202,-0.18272,-0.58469
0.30086,1.7544,-1.3025,-1.4114,-0.24012,-0.87758,-1.2155,1.2373,0.38193,0.25672,-0.30568,-1.0833
1.0704,1.2514,-1.224,-0.8904,-1.3146,-1.0501,-1.9682,0.53634,0.7496,-0.073315,-0.96957,-1.3671
2.4265,0.97262,-1.3657,-0.54927,-0.1153,-1.2809,-1.0313,0.65317,0.32285,0.055951,-0.50389,-0.49995
1.6366,2.0166,-0.18047,-0.55455,-0.022646,-0.70812,-1.9238,0.72275,0.049338,-0.50218,-0.81678,-0.24586
0.26346,1.3029,-0.30791,0.10806,0.071338,-0.60275,-2.0252,-0.296,-1.428,-0.99879,-0.49071,-0.38898
1.1008,-0.30112,-0.76134,-0.36336,0.59827,-1.0104,-2.145,-0.87381,-0.655,-1.1111,-0.89134,-0.98575
1.263,0.88655,0.062342,-0.72038,-0.26431,-0.66233,-2.0341,-0.14725,-0.69563,-0.23419,-0.55984,-0.86125
2.3738,0.68719,-0.28526,-1.36,-0.003275,-1.3012,-1.7017,0.34578,0.43284,-0.12128,-0.70037,-1.7166
2.4059,-0.17198,-0.031647,-0.52892,0.17937,-1.2087,-1.7184,0.16336,-0.72096,-0.65859,-0.45055,-0.84572
2.9427,-0.82999,-0.23227,-0.92599,-0.98904,-1.4196,-1.0644,0.80795,-0.14809,-0.23128,-0.77905,-0.55069
3.1336,-1.7519,-1.1051,-0.51447,-0.41172,-0.77364,-1.0358,0.33118,-0.69477,-0.27732,-0.73657,-0.66277
3.4373,-1.79,-0.99524,-1.1497,-0.75747,-1.2854,-1.3631,0.16746,-0.068367,-0.006594,-0.648,-0.80234
3.8079,-2.2819,-1.0209,-1.3986,-1.3547,-1.6632,-1.2222,0.91041,0.0081675,-0.40371,0.32631,-0.37014
3.8452,-1.6795,-0.65587,-1.4789,-1.1146,-1.8303,-1.8384,0.2246,0.22433,-0.41031,0.26152,-1.0875
4.6205,-1.2602,-0.39851,-1.4204,-2.2069,-1.7721,-1.0651,0.2732,0.21347,-0.57891,-0.98183,-1.2477
5.0192,-0.44885,-0.63116,-1.3684,-0.91663,-1.1373,-1.4326,0.47715,-0.0078241,-0.45164,-0.24302,-1.1473
5.198,-0.94085,-1.9706,-1.1837,-0.98186,-1.8501,-1.1775,0.20072,-0.092039,-0.053173,-1.0616,-1.4688
4.9912,-2.0476,-1.0382,-0.61944,-1.5567,-1.5072,0.29599,1.0055,0.49055,0.50537,-1.2367,-1.7074
4.6554,-0.80992,-0.51408,-0.5985,-1.662,-1.7155,0.0055125,1.3897,0.24296,-0.31211,-0.30799,-0.72459
4.4225,-0.74219,-0.36576,-0.54868,-1.1661,-1.9884,-0.47906,0.21766,0.097286,-0.14092,-0.1943,-0.52215
4.5782,-0.48051,-0.29822,-0.51646,-1.5649,-2.232,-0.78911,1.2024,0.16084,0.20632,-0.2798,-0.49269
3.9865,-1.19,-0.74207,-0.54016,-1.2914,-2.4968,-1.3306,1.6592,1.1017,-0.60831,-0.083283,-0.22914
4.2464,-0.018017,-0.60773,-0.21231,-1.6631,-3.0818,-0.41657,1.2319,0.97305,-0.43318,-0.63904,-0.13663
4.5989,-0.37852,-0.28043,0.037876,-1.7468,-2.4702,-0.35426,1.5484,0.61088,-0.40252,-0.68348,-0.77485
3.5691,-1.3381,-1.3535,-0.51513,-0.32041,-1.2974,-0.39204,0.81385,0.30908,-0.40491,-0.9156,-0.67546
3.4109,-0.25781,-0.57436,0.024649,0.45935,-2.0995,-1.9336,0.26435,0.29036,0.32792,-0.56861,-0.73179
3.8263,0.39202,-0.33517,-0.20634,-1.7365,-2.6029,-1.1424,-0.20039,-0.3655,-0.81471,-0.2075,-0.22936
4.1056,0.040261,-1.411,-1.595,-2.4035,-2.7011,-0.87792,0.72772,0.17397,0.07683,-0.3954,0.013789
4.4469,0.17731,-1.2701,-1.6864,-2.4109,-2.5163,-0.94446,0.61391,0.57084,0.67872,-0.23559,-0.86863
4.7443,0.43797,-1.5963,-1.8861,-1.5841,-1.5837,-0.61546,0.69374,0.80396,0.72711,-0.62483,-0.91965
4.3476,0.72861,-1.0882,-1.8637,-1.8977,-1.4441,-0.40921,0.52537,0.81669,0.89709,-0.66848,-1.4826
3.6604,0.39784,-1.3712,-1.6164,-1.5663,-1.4079,-0.20778,0.94925,0.49287,-0.39282,-0.74859,-0.66063
4.1082,0.50992,-1.341,-1.8052,-0.9911,-0.82192,0.12571,0.95637,0.51251,0.46658,-0.23438,-0.81097
3.7945,1.0094,-1.0836,-2.5095,-1.8752,-1.629,0.29138,1.2585,0.31847,0.54509,-0.48148,-0.74082
4.1614,0.45859,-1.9845,-2.4899,-1.8747,-1.1848,-0.15497,0.81056,-0.012204,-0.020782,-1.0496,-1.2846
2.1516,1.1289,-2.1909,-2.1478,-1.7496,-1.5085,0.38295,0.4078,0.39666,-0.63107,-0.34074,-1.0466
3.2649,1.1522,-1.6207,-1.3232,-0.65063,-1.1728,-0.13454,0.24155,0.23162,-0.83384,-0.79267,-1.0405
2.5561,0.43746,-1.1951,-2.4601,-1.5267,-0.8109,-0.6598,0.65483,-0.00028616,-0.45138,-0.76325,-0.076926
3.2025,0.56042,-0.60379,-0.89192,-1.1749,-1.8328,-0.85237,0.63011,0.5805,0.86828,-0.46205,-1.0726
3.1207,1.0919,-0.88721,-1.3716,-1.5701,-1.934,-0.13778,1.0635,0.37097,0.073269,-0.90056,-0.82852
3.7025,1.0436,-1.1308,-1.6437,-1.5466,-0.97011,0.14667,1.1008,0.24215,-0.62424,-1.154,-1.0951
2.9941,0.65859,-1.3666,-1.8491,-1.5415,-1.0943,0.42186,1.5354,0.91668,-0.028459,-0.90976,-1.3046
3.1263,0.70701,-0.87584,-1.5316,-1.1343,-0.87863,-0.53232,-0.17173,-0.55408,-0.20089,-0.46889,-0.41374
2.9652,0.44396,-1.0151,-1.1908,-0.95459,-1.2249,-0.12636,1.0574,0.96547,-0.18697,-1.2107,-1.1087
3.1727,1.1834,-0.94551,-1.3622,-0.91685,-0.76324,-0.11593,0.54036,0.21143,-0.15362,-0.38865,-0.55639
3.5903,1.4118,-0.52539,-1.5807,-1.2322,-1.1188,-0.48786,0.47351,0.17528,-0.0055963,-0.59788,-0.7034
4.229,1.2499,-1.028,-2.0533,-1.6793,-1.5587,-0.5264,0.52231,0.071598,-0.50554,-1.4653,-1.2748
3.8265,1.6479,-0.90227,-2.2344,-1.8985,-1.1424,-0.22521,0.1991,-0.17879,-0.42054,-0.99992,-1.2172
3.1512,1.1872,-0.79883,-1.7238,-1.5031,-1.08,-0.53556,-0.011407,-0.081505,0.23748,-0.024829,-0.59593
1.7784,0.72063,-0.36664,-0.59022,-0.37955,-0.46965,-0.098252,0.44485,0.14318,0.062245,-0.51243,-0.59196
2.8579,1.206,-0.61752,-0.80133,-0.66077,-0.42019,-0.18522,0.46456,0.3477,0.024856,-0.81421,-1.065
3.3179,1.2351,-0.90933,-1.4605,-1.3064,-0.57683,-0.31414,-0.020727,-0.088002,-0.16883,-0.54275,-0.77162
2.4276,0.69859,-1.2937,-1.7147,-1.2154,-0.21358,0.42881,0.56076,-0.020918,-0.54298,-0.71503,-0.86205
2.5181,0.83466,-1.0394,-1.8695,-1.1638,-0.8585,0.15798,0.83059,0.65967,0.48415,-0.49944,-0.82197
3.198,1.1707,-1.1667,-2.1029,-1.679,-0.51516,0.39113,0.82951,0.35142,-0.11048,-0.67039,-1.0112
2.5294,0.74033,-1.3988,-2.4805,-1.877,-0.829,0.42929,0.98378,0.51433,0.036064,-0.64048,-0.77151
2.6316,0.98625,-0.97424,-1.8897,-1.5386,-0.7517,0.16127,0.78666,0.19553,-0.22504,-0.91831,-0.79677
2.5715,0.98047,-0.50259,-1.3027,-1.1195,-0.77046,-0.18798,0.033914,-0.25451,-0.40036,-0.66923,-0.75363
1.9845,0.84157,-0.8074,-1.5067,-1.2885,-0.75672,-0.032146,0.22307,0.04183,-0.24385,-0.59403,-0.63049
2.7532,0.96277,-0.64905,-1.4832,-1.4187,-1.0575,-0.4373,0.020688,-0.16139,-0.47008,-0.69998,-0.54077
2.0621,0.8879,-0.43103,-1.2251,-1.242,-0.75835,-0.051547,0.29276,0.12323,-0.32052,-0.66382,-0.74694
2.545,0.80988,-0.91262,-1.7679,-1.2457,-0.40796,0.57676,0.85389,0.26001,-0.3998,-1.0618,-1.0229
2.1501,0.74276,-0.74744,-1.6077,-1.433,-0.66595,0.21014,0.6617,0.46151,-0.0077101,-0.50435,-0.67824
1.5576,0.76883,-0.34465,-0.96264,-0.74792,-0.30932,0.12166,0.31467,-0.31058,-0.69022,-1.1005,-1.0595
0.74461,-1.6377,-2.0223,-0.21485,0.015991,-0.21631,-0.82635,0.73748,0.12316,-1.5184,-0.44872,-1.4598
2.4716,-2.6531,-2.8967,1.0587,1.4819,1.7592,-2.0114,0.93391,1.2261,-2.2848,1.0329,-1.3976
4.5293,0.59891,-1.09,-0.50097,0.016888,0.11945,-2.9625,-0.093881,0.92265,-2.1623,0.42626,-1.4383
5.7299,0.032729,-0.74195,-0.39527,0.33288,0.13076,-3.1871,-0.66689,0.97065,-2.5324,0.54138,-1.1826
4.9253,-0.059094,-0.18443,-0.3949,0.029405,-0.002213,-2.8402,-0.41831,0.73032,-2.1286,0.27167,-1.0084
4.644,0.0039168,-0.2659,-0.22792,0.030427,-0.072845,-2.7474,-0.48159,0.98271,-2.2119,0.22139,-1.0045
5.6371,-0.27207,-0.29856,-0.08775,-0.47378,0.41045,-2.7468,-0.871,1.5459,-2.3368,0.5179,-0.95087
5.0935,0.071144,-0.74478,-0.078411,0.40336,-0.08387,-2.0849,-0.71574,1.1517,-2.1565,-0.35649,-0.71148
5.5604,-0.023582,-0.70361,-0.066025,-0.28053,-0.022741,-2.6097,-0.5768,0.89698,-1.9705,-0.21645,-0.71136
5.7581,-0.62415,-0.63852,-0.0076416,-0.31511,0.10874,-2.8025,-1.0352,0.87216,-2.2025,-0.12301,-0.79693
5.7091,-0.61494,-0.12418,-0.1081,0.083959,0.10858,-2.9934,-1.3769,0.81695,-1.7984,-0.14429,-0.65393
5.1491,-0.20863,-0.02007,0.059247,-0.35732,-0.071537,-2.6073,-1.3844,0.32746,-1.8059,-0.41424,-0.54517
6.3854,-0.32764,-0.56137,0.21756,-0.14288,-0.34239,-2.4405,-1.202,0.79134,-2.0423,-0.098342,-0.95409
6.3655,-0.16727,-0.35955,0.35347,0.25695,-0.1238,-2.6936,-0.91968,0.83128,-1.9628,-0.13692,-0.48149
5.975,0.35432,-0.16829,0.90343,-0.94855,0.38891,-2.6984,-0.7389,0.42534,-1.8501,0.21705,-1.025
5.6993,0.1563,0.33421,0.77481,-0.00096786,-0.47974,-2.4809,-0.65555,0.63213,-1.5452,-0.31285,-0.98796
6.357,0.16335,-0.45066,1.6823,0.37849,-0.43813,-2.545,-0.9224,0.015443,-1.3284,-0.11967,-0.83379
6.7784,0.48406,-1.2492,2.0883,-0.68197,1.5948,-2.8865,-1.1064,0.65282,-1.6579,0.75751,-1.1832
5.7938,-0.31364,-0.44407,1.5992,-0.58354,1.3989,-1.86,0.83797,1.3359,-1.444,0.24943,-2.1279
5.584,-0.41025,-0.45158,1.1059,-1.2485,1.3482,-2.5284,0.18843,1.0522,-0.78111,0.12276,-1.4178
5.3955,-0.82193,-1.1091,0.17736,-0.098767,1.6635,-2.4624,-0.43212,0.53082,-1.3895,0.1126,-1.4698
6.3077,-0.08962,-0.95013,0.39555,-0.065924,0.19296,-2.1444,-0.86772,0.16952,-0.33562,-0.30204,-1.382
6.4817,-2.1208,-0.20038,1.2806,0.45645,1.0822,-2.6341,-0.9838,-0.36175,-1.9388,-0.93205,-0.76543
6.5525,-1.7785,-0.05777,0.54124,0.57958,0.68681,-1.9409,-0.71499,0.44265,-1.2447,-0.90408,-0.69152
6.9154,-2.2566,-0.11644,0.27828,0.56088,0.496,-2.5514,-0.98085,-0.078237,-1.1541,-0.53165,-0.71243
7.5095,-1.5397,-0.74284,-0.48586,0.51541,1.0148,-2.1263,-0.82081,0.43117,-0.52722,-0.7622,-1.2194
7.2551,-1.9345,-0.77476,0.1947,1.2689,1.0033,-1.9953,-0.13361,-0.08329,-1.4306,-0.62074,-1.0275
7.3836,-1.3854,-0.80448,-0.24203,0.51021,1.1046,-2.4204,-1.4661,0.42323,-1.1403,-1.1071,-0.68818
7.3342,-1.9492,-0.47318,-0.0075521,0.09184,-0.02829,-1.8477,-0.77369,-0.066204,-1.2898,-0.3989,-0.39645
7.3832,-1.9455,-0.50443,-0.43658,0.043483,0.14789,-1.944,-0.73257,-0.31545,-1.5934,-0.54163,-0.78559
7.538,-0.5064,-0.38564,-0.20987,0.60784,0.037718,-2.0475,-0.51096,-0.29478,-0.77097,0.22942,-0.43271
7.9413,-0.030133,-0.21909,-0.098335,1.3115,0.4089,-2.6987,-1.3197,-0.66905,-0.93656,0.22241,-0.83724
8.1294,0.078025,0.011331,0.031841,1.0445,0.4173,-2.6381,-1.2475,-0.18329,-1.0981,-0.72223,-0.59467
7.5657,0.71393,-0.10455,-0.5911,0.67224,0.60066,-2.433,-0.96706,0.017667,-1.1929,-0.70095,-0.5594
7.1475,0.71556,-0.0059759,0.0718,0.8081,0.11909,-2.2116,-1.1132,-0.35221,-1.3499,-0.71597,-0.32675
6.9432,0.38541,-0.34861,-0.2042,0.80373,-0.095032,-2.4676,-1.1386,-0.9774,-1.8581,-0.36278,-0.03396
5.1368,0.12142,-0.65296,-0.34354,0.4013,0.058061,-2.1271,-1.2816,-0.88437,-1.4101,-0.41602,-0.39415
3.6366,1.2377,-1.6617,-0.39744,0.61856,-0.62639,-2.2482,-2.2068,-0.38898,-2.5974,-0.51893,-0.20923
5.7575,0.94005,-1.1687,-0.56259,0.24294,-0.39681,-2.3101,-2.1766,-1.1545,-1.4243,-0.48595,-0.59066
7.0239,1.0303,-0.66338,-0.65268,0.31749,-0.31577,-3.3449,-1.7145,0.13771,-1.0743,-0.57489,-0.83417
7.8319,1.2909,-0.73912,-0.276,0.32999,-0.47018,-2.0854,-0.65401,0.44635,-0.62065,-0.82821,-1.1244
8.9851,1.0511,-1.0457,-0.7207,1.196,0.28353,-1.7526,-0.54511,-0.066711,-0.25954,-0.672,-1.0783
8.6121,1.218,-0.94776,-1.4507,0.93374,0.63134,-0.88483,0.11174,-0.16205,-0.72957,-0.62988,-0.70513
7.8685,1.4259,-1.1551,-0.76634,1.1952,0.86925,-0.88481,-0.0088929,0.073162,-0.67861,-0.72023,-1.0184
8.1973,0.94984,-1.1831,-0.35888,1.8178,0.45489,-1.2083,0.14543,0.43891,-0.17484,-0.73468,-1.0336
7.8207,0.97987,-1.2175,0.12113,1.0746,-0.017909,-1.0297,0.094104,0.097345,-0.42868,-0.8597,-1.1105
7.9096,1.1637,-1.1729,0.3624,1.0296,-0.53826,-1.424,-0.26292,0.16673,-0.35079,-1.1322,-1.1061
6.82,0.94472,-1.0078,-0.26222,1.7823,0.29896,-1.3751,-0.027112,0.056684,-0.39729,-1.0445,-0.96845
6.7534,0.11532,-1.738,-0.30512,1.7708,0.31968,-1.0488,0.37521,0.35779,-0.27282,-0.86166,-1.1366
6.5814,0.18052,-1.8001,-0.31566,1.0192,0.10674,-0.98643,-0.65719,-0.13088,0.14516,-0.52951,-1.2669
6.5599,-0.00098773,-2.4327,-0.48256,1.2801,-0.33049,-1.7108,-0.91746,0.074236,-0.094227,-0.70439,-0.88255
5.7434,-0.029146,-1.7931,-0.62766,0.94881,-0.4769,-1.6375,-0.71758,-0.44927,-0.51064,-0.76321,-0.61656
5.4916,0.14907,-2.1011,-0.53946,0.62774,-0.071461,-1.2135,-0.67212,-0.1453,-0.40016,-1.0492,-1.636
6.2327,0.79826,-1.8145,-0.81368,-0.1444,-1.1242,-1.9226,-1.0333,-0.54596,-0.35871,-0.86717,-1.1733
6.7837,1.3691,-1.6594,-0.59623,0.25238,-0.81513,-2.1114,-1.2577,-0.3933,-0.1802,-1.0708,-1.2088
7.8047,1.8659,-0.93384,-0.14567,0.56038,-1.4084,-2.6568,-1.2404,0.45311,0.4195,-1.2706,-1.4513
7.463,1.7865,-0.63338,0.24209,0.52504,-0.83342,-2.0381,-1.3105,-0.3062,-0.10956,-0.93367,-0.94105
6.9224,1.8407,-0.58513,-0.049146,0.66353,-0.72107,-1.8013,-1.0191,-0.023969,-0.41544,-1.0802,-1.1703
6.4158,1.2219,-0.97123,0.017004,0.8923,0.12933,-1.0213,-0.89128,-0.49873,-0.42851,-0.59818,-0.29856
5.1489,0.66737,-1.3238,-0.65751,0.66496,-0.54773,-1.8248,-1.5388,-0.91685,-0.3671,-0.84511,-1.025
5.1589,0.50378,-1.8133,-1.1537,0.12247,-0.61968,-1.8743,-1.6808,-1.1669,-0.53685,-0.62735,-0.83107
4.8221,1.5557,-1.1001,-0.19238,0.28335,-1.1083,-2.2813,-1.8011,-1.0688,-0.3762,-0.3959,-0.41407
5.8404,1.5732,-0.52402,-0.47799,-0.005836,-1.0827,-2.5004,-1.9576,-0.55593,0.015267,-0.39718,-0.75914
6.0723,2.2191,-0.33057,-0.35382,-0.15187,-0.94591,-1.7487,-1.1496,-0.98766,-0.61345,-0.6495,-0.64795
