-0.0222,0.022102,-0.021939,0.021712,-0.021422,0.021068,-0.020653,0.020177,-0.019642,0.01905,-0.018401,0.017699
2.3291e-16,-2.3188e-16,-2.3017e-16,0,2.2475e-16,0,2.1668e-16,-2.1169e-16,0,9.993e-17,9.6528e-17,9.2843e-17
2.3291e-16,-2.3188e-16,-2.3017e-16,0,2.2475e-16,0,2.1668e-16,-2.1169e-16,0,9.993e-17,9.6528e-17,9.2843e-17
2.3291e-16,-2.3188e-16,-2.3017e-16,0,2.2475e-16,0,2.1668e-16,-2.1169e-16,0,9.993e-17,9.6528e-17,9.2843e-17
-0.048207,0.047995,-0.047642,0.047149,-0.046518,0.045751,-0.044849,0.043816,-0.042654,0.041367,-0.039959,0.038434
-0.25306,0.12052,0.046509,-0.18956,0.26179,-0.24481,0.15346,-0.027247,-0.087127,0.15432,-0.16217,0.12252
-0.89838,0.44749,0.36762,-0.91694,1.1218,-0.95038,0.13514,0.03771,-0.65612,0.65451,-0.55749,0.20463
-0.51362,0.21861,0.32033,-0.97008,0.58457,-0.50016,-0.094479,0.60942,-0.525,0.49074,-0.083268,-0.33404
0.20181,0.59359,0.26166,-1.0025,0.13343,-0.8395,-0.27152,0.31705,-0.57478,0.46754,-0.328,-0.25458
-0.36585,0.3804,0.084231,-0.62293,0.33004,-0.56548,-0.32125,0.18937,-0.45252,0.58426,0.10438,-0.0974
-3.0572,1.9054,-0.6565,-1.0572,0.77439,-0.85184,0.6312,0.21497,-0.21931,-0.8456,0.8214,-1.382
-1.5672,1.3832,-0.6523,-1.2997,0.4919,-1.2353,0.32172,0.47311,-0.034156,-0.065986,0.45193,-0.45352
-0.1568,1.0999,0.21177,-1.3472,0.46488,-1.1114,-0.76721,0.16534,-0.66002,0.71192,0.80396,-0.61857
-0.51496,0.62505,0.54785,-1.1992,0.76168,-1.0098,-0.53081,0.23509,-0.95419,0.55611,0.13412,-0.24373
0.47751,0.7227,0.43419,-1.0576,0.66813,-0.65172,-0.69336,-0.35971,-1.8179,-0.21301,-0.24015,-0.088707
0.99221,1.1596,0.57559,-1.2613,1.165,-0.61955,-0.20218,0.65547,-0.88092,0.99661,0.028305,-0.19395
-0.2419,-1.0806,0.88047,-0.99255,-0.86502,-0.50037,-1.196,-1.0104,0.28021,-0.068355,0.358,-0.1934
-0.023247,1.4902,-0.11252,-1.0001,-1.0161,-0.40497,-1.3804,-0.63812,0.85305,0.33689,0.51486,-0.30354
0.31879,0.28809,-0.33598,-3.0231,-0.15024,-0.64085,-0.74052,0.076792,1.1696,0.27377,0.6569,-0.015527
0.2305,1.6469,0.33805,-2.9206,0.05701,0.14775,0.13223,0.8543,0.73528,-0.78575,-1.1855,-0.89387
1.23,2.9184,-2.8258,-3.6293,-1.1377,-0.040901,-0.10805,0.46891,1.025,-0.72954,0.31784,0.1623
1.036,3.079,0.021698,-2.9007,-0.22752,-0.78045,-0.83435,0.41432,0.61639,-0.69683,-0.087718,-0.076402
0.97794,3.6862,-0.41101,-3.3994,-0.82162,-0.67257,-0.99488,0.61447,0.82066,-0.58425,0.5169,-0.37901
2.1048,3.0595,-1.7945,-2.9983,-1.1759,-1.5489,-0.59497,0.21592,1.329,-0.52654,0.19195,-0.62087
1.4849,3.339,-0.97562,-2.6829,-0.95743,-0.92214,-1.0639,0.14401,1.2262,-0.32899,-0.28636,-0.29817
1.0834,3.3051,-1.1708,-2.5558,-0.91594,-0.43469,-0.72084,-0.39918,0.4259,-0.98364,-0.030578,-0.018396
1.1995,4.0226,-0.64354,-2.5135,0.06581,-0.40322,-0.0076571,-0.54753,1.5311,-0.61183,0.35646,-0.74619
1.2312,4.0695,-0.31773,-1.9709,0.13435,-0.14444,-0.81063,-0.045893,0.67593,-0.82725,0.02398,-0.012726
1.2265,4.2331,-0.51759,-3.3065,-0.31073,-0.066385,-0.23683,-0.074529,0.4869,-0.105,-0.32766,0.30803
0.060811,3.1746,-0.63486,-2.7855,-0.14622,-0.55955,-0.56144,-0.21432,0.11894,-0.2078,-0.46689,-0.10901
2.6352,4.2312,0.46771,-2.3685,-0.84296,-1.2247,-0.38709,0.40813,0.35546,-0.51181,-0.90572,0.27094
5.9225,3.7423,0.29223,-3.1964,-1.8639,-0.67994,-0.50182,0.030972,-0.068381,-0.29929,0.11513,-0.057404
6.6544,2.905,0.15435,-3.1773,-2.3552,-0.77857,0.056866,-0.27054,0.62545,-0.55339,-0.030831,-0.0073546
7.106,2.2596,0.31642,-3.0917,-1.863,-0.69011,0.048156,-0.27725,0.6345,-0.85504,0.072098,0.083254
7.5897,1.7269,0.35481,-3.3395,-2.0988,0.33683,-0.12971,-0.30679,0.16521,-0.6469,0.056194,-0.24878
7.7424,1.7915,0.018264,-3.1797,-1.9941,0.35555,-0.14252,-0.27577,-0.17193,-0.38632,0.47796,-0.50664
7.2943,1.7322,-0.049383,-3.2012,-1.7896,0.39811,-0.21903,-0.33268,0.081679,-0.51463,0.16491,-0.043283
7.3564,1.7898,-0.16713,-3.1267,-1.8222,0.8454,-0.32397,-0.49916,0.042984,-0.67964,0.47136,0.13519
7.3186,1.5972,-0.50479,-3.1064,-1.7095,0.65798,-0.19592,-0.14202,-0.25321,-0.63495,0.47182,0.25286
7.1759,1.3033,-0.80512,-2.7141,-1.8053,0.5407,-0.071433,-0.31314,-0.14645,-0.32179,0.31612,0.053732
8.5474,-0.16014,0.27811,-3.9028,-1.124,0.52254,0.3246,-0.87774,0.28145,-0.50166,0.60051,-0.5093
7.2114,0.3967,-0.75831,-3.0598,-1.3224,0.8483,-0.11899,-0.25693,0.0019071,-0.49906,0.57383,-0.63257
8.4961,0.34898,-0.57362,-3.5529,-1.123,0.56346,0.096573,-0.57942,0.26663,-0.64006,0.26448,-0.60283
8.5246,-1.1306,0.32096,-3.8331,-1.1014,-0.13441,0.34045,-0.40119,0.094049,-0.57351,0.22725,-0.84236
7.0523,-1.102,0.32993,-3.9149,-1.4355,0.30291,-0.036339,-0.64768,0.027806,-0.1559,0.21612,-0.69068
5.6768,-0.89701,-0.74563,-3.3803,-1.8392,0.63337,-0.12197,-0.16966,-0.15608,-0.46895,0.15595,-0.67753
7.0473,-1.7844,0.13269,-4.7924,-1.4415,0.36119,-0.69231,-0.59645,-0.095065,-0.36857,0.46366,-0.66873
5.3828,-0.33669,-1.1667,-3.635,-1.8481,0.26756,-1.2128,-0.5572,-0.45439,-0.58458,0.37271,-0.69316
7.6502,-1.7999,-0.12836,-3.9614,-1.215,0.4026,-1.1911,-0.66103,-0.52897,-0.55581,0.48108,-1.1702
6.3704,-0.29832,-1.274,-3.0185,-1.4604,0.28914,-1.0609,-0.35755,-0.19337,-0.27351,0.18453,-1.1472
7.2001,-0.7893,-0.88068,-2.9929,-1.0047,0.3535,-1.0046,0.16096,0.044411,0.17933,0.30229,-0.86907
5.6534,0.21844,-1.2276,-2.9574,-1.378,0.45314,-0.41721,0.34036,0.83465,0.51096,0.24109,-0.90243
8.8285,-1.3873,-0.59345,-4.2941,-0.53983,0.6243,-0.57458,0.082256,-0.35435,0.73767,0.45597,-0.65357
7.4149,-0.91162,-1.0748,-3.4677,-0.97716,0.86899,-0.77919,-0.17693,-0.25205,0.28059,0.93774,-0.64452
8.3299,-1.5742,-0.39158,-3.5036,-0.68668,0.4678,-0.64403,-0.39325,-0.65318,0.70761,0.93363,-0.4278
7.0455,-0.81901,-0.95585,-3.3132,-1.6672,1.0684,0.33388,0.12682,0.04015,0.51014,0.26966,-1.2146
4.2947,-0.56954,-1.8536,-2.7099,-1.1996,0.43582,0.33112,0.11475,-0.10349,0.53895,0.41155,-0.69312
7.1797,-1.5667,-1.3026,-3.816,-0.30277,1.5392,0.13257,0.29326,-0.9158,0.28042,0.4565,-0.73313
5.896,-0.1194,-0.89589,-1.8868,-0.23529,1.512,-0.2602,-0.37535,-0.093602,-0.33091,0.044369,-0.51288
7.8538,-0.79711,0.7026,-2.7501,0.56702,1.5262,-1.2879,-0.49704,-0.7178,-0.3197,0.53602,-0.90604
8.5373,-0.56587,-0.25285,-3.4195,0.026522,1.0899,-0.71628,0.058762,-0.76541,-0.061535,0.2174,-0.88136
7.8597,-0.017275,0.21446,-3.0288,-0.33099,1.2846,-0.36639,0.13256,-0.93638,0.27046,0.61011,-1.3729
8.1418,0.12409,0.28493,-3.4107,-0.63174,1.0939,-0.11078,-0.44019,-1.0244,0.41353,0.29713,-1.0171
6.957,-0.95351,-0.99729,-1.9696,0.026522,0.27781,-0.91275,-0.41839,-0.45678,0.41755,-0.34914,-1.0812
7.0506,-0.7198,-0.96518,-2.3045,-0.34774,0.90695,-0.40322,-0.14139,-0.20223,-0.01025,-0.44238,-1.3672
6.8217,-0.37621,-1.5068,-2.7291,-0.86158,0.70329,-0.20686,0.16724,0.18768,0.36318,0.60448,-1.4152
6.6497,0.0060402,-1.1802,-2.3012,-1.1516,1.1201,-0.43826,-0.37186,-0.29099,0.085294,1.0059,-0.51746
7.626,-0.071805,-0.57127,-2.2274,-0.5503,0.99181,-0.83929,0.020097,-0.28949,0.24541,0.30943,-1.1165
6.9563,-1.1149,-1.45,-1.2522,-0.61153,0.30782,-0.78795,0.35262,0.69108,0.1251,0.49033,-0.68218
7.3113,-0.021882,-0.89825,-1.0152,-1.0068,0.11247,-0.7045,-0.088956,0.053067,-0.23167,0.16961,-0.53207
6.4362,0.43786,-1.3821,-1.4681,-0.72176,0.021415,-0.18702,0.34624,0.01768,-0.46871,-0.1764,-0.42717
6.4048,0.19693,-1.2432,-1.8334,-0.9992,-0.29422,-0.73537,0.018012,0.036075,-0.056518,-0.26567,-0.88198
7.4095,-0.093705,-1.5472,-2.976,-0.72327,0.61993,-1.1039,-0.85495,-0.85063,0.08103,0.82229,-0.47657
7.0702,0.13334,-2.0304,-3.2285,-1.557,0.40522,-1.0283,-1.26,-0.85171,-0.21886,0.40412,-0.3826
7.2747,-0.34012,-1.112,-2.9808,-1.2669,0.25057,-1.2994,-0.70472,-0.62402,-0.23992,0.87823,-1.0145
6.0876,0.087589,-1.739,-2.434,-0.83504,0.22559,-0.49116,-1.0525,-1.238,0.3228,0.33412,-0.75294
7.2346,0.60222,-2.0403,-3.5485,-0.79509,0.18651,-0.79149,0.081506,-0.34361,0.20351,0.65984,-0.67735
6.6385,0.53453,-1.8006,-3.4748,-0.71246,0.78561,-0.29545,0.10218,-0.78083,-0.17035,0.43837,-0.66528
6.5173,0.42907,-1.6474,-3.1918,0.074289,1.1813,-0.67152,0.014179,-0.60386,-0.596,0.077717,-0.71136
7.7933,0.61651,-1.8914,-3.7557,-0.63463,0.35326,-1.2297,-0.81437,-1.0609,-0.37907,0.39821,-0.6377
8.7213,0.47478,-1.6686,-2.6367,0.15729,-0.022266,-1.3751,-0.54429,-0.66916,-0.097637,0.12185,-0.87634
6.5736,0.40046,-1.7819,-2.0745,0.36451,1.201,-0.53579,-0.29575,-0.54355,-0.52274,0.23583,-0.45799
8.1738,1.2772,-1.3425,-3.0187,-0.25168,0.81228,-0.58217,-0.25095,-0.20012,-0.158,0.010177,-0.69241
7.9391,1.9459,-1.0805,-2.4244,0.32308,0.37732,-0.2581,-0.4587,-0.50389,-0.11788,0.27477,-0.85109
7.11,2.1594,-1.0813,-1.778,-0.46826,0.020668,-0.25025,0.18039,-0.089075,0.0070339,-0.54829,-1.2266
8.5913,1.5831,-1.5559,-3.0551,-0.39775,0.84701,0.36779,-0.2371,-0.16701,0.28844,0.091135,-1.0762
7.5638,1.9108,-1.467,-1.8801,-0.54428,0.54705,-0.064846,-0.47081,-0.4981,0.11492,0.33399,-0.43708
7.5362,1.2795,-1.7019,-1.5906,0.19597,1.0229,-0.29068,-1.0294,-0.73101,0.24244,0.67393,-0.18507
8.5344,0.96382,-1.6871,-2.5465,-0.37516,1.1628,-0.0033138,-0.32037,-0.20545,0.17396,0.33116,-0.3873
8.7356,1.4467,-2.6294,-2.3818,-0.28373,0.55198,0.025288,-0.47864,-0.39673,0.68076,0.4316,-0.66303
8.5562,1.216,-2.2587,-2.5108,-0.29656,1.207,0.51041,-0.19184,-0.32778,0.16994,0.20513,-0.89009
7.6086,2.0766,-1.2025,-1.8228,-0.15569,0.22501,-0.072461,-0.40755,-0.73435,0.51486,0.32503,-0.29924
7.4864,3.1521,-1.6581,-2.7673,-0.67829,0.046037,-0.036525,-0.045787,-0.17887,-0.40681,0.23772,-0.61475
8.7198,2.0847,-1.9422,-2.7202,-0.011845,-0.091706,-0.19838,-0.22587,-1.2724,0.70571,0.38753,-1.3556
8.5177,2.8136,-1.8632,-2.7095,-0.321,0.1332,-0.4288,-0.24184,-0.4112,-0.047017,0.25126,-1.3093
7.7945,1.9026,-2.1705,-2.5061,-0.792,-0.40998,-0.1846,-0.38559,-0.38576,0.45191,-0.22167,-1.1463
6.6864,1.3274,-2.2218,-3.1451,0.050101,0.53696,-0.068637,0.16421,-0.88913,0.47769,0.1711,-1.0561
6.2906,1.2402,-2.0762,-2.5789,0.44684,0.64838,-0.15741,-0.40966,-1.2226,0.31323,0.14479,-0.3888
6.9704,1.631,-2.2969,-3.8146,-0.34559,-0.69778,-0.13267,-0.23092,-1.4253,0.48576,0.22328,-0.61293
6.9168,1.8585,-2.4908,-3.7593,-0.43652,-0.35643,-0.4165,-0.26325,-1.1496,0.5776,-0.031882,-0.9743
5.9966,1.328,-2.2691,-2.9383,-0.49683,-0.093999,-0.63367,-0.63266,-1.4142,0.32335,0.066026,-0.6094
6.0544,1.1016,-3.0828,-3.9315,-0.54125,-0.068942,0.081355,0.31221,-0.66728,0.51286,-0.34507,-1.0202
5.7756,0.96969,-3.4856,-4.5802,-1.2128,-0.32789,-0.2903,0.45503,-0.28709,0.66946,-0.014596,-1.4088
6.5921,0.98397,-3.1914,-3.8861,-0.56765,-0.67999,-0.75795,-0.32019,-0.44829,0.79157,0.49708,-0.75035
6.0666,0.93522,-2.418,-3.2892,-0.46812,-0.94329,-0.63733,-0.23351,-1.2365,0.64444,-0.30792,-0.76253
6.0305,1.0585,-2.2867,-3.0226,-0.58478,-0.22198,-0.27901,-0.55587,-1.7633,-0.1212,-0.0582,-0.72647
7.6259,2.3737,-1.6204,-2.8683,-0.92442,-0.58865,-0.3885,-0.18797,-1.0678,-0.22024,-0.80052,-1.1662
7.5234,3.1567,-1.4822,-2.6137,-0.81023,-0.16501,0.40922,-0.058157,-0.41201,-0.36974,-0.40503,-0.63771
6.7675,2.4362,-1.6617,-2.2029,-0.45386,-0.40282,-0.05,-0.47243,-0.7555,0.19784,0.20454,-0.66958
6.917,2.6508,-1.4408,-2.721,-0.2572,0.18692,0.079047,-0.040459,-1.0903,-0.33009,-0.13633,-0.63878
6.6892,2.3709,-1.6159,-2.3576,0.31349,0.0376,-0.82959,-0.82793,-1.2014,0.77636,0.59532,-0.49038
7.3104,2.6032,-1.821,-2.965,-0.47343,0.094198,-0.053189,-0.37803,-1.1012,-0.079215,0.57166,-0.24648
6.8359,2.6314,-1.3597,-2.6811,-0.32243,-0.18072,-0.33159,-0.47117,-1.0633,0.15808,0.092094,-0.78517
7.2882,2.6181,-2.0214,-2.9555,-0.5383,-0.24696,-0.15368,0.056981,-1.0286,0.41663,0.039129,-0.76698
7.0842,2.7002,-1.5509,-3.0706,-0.99444,-0.54803,-0.52483,-0.25982,-1.012,0.44404,0.18667,-0.67302
6.7864,2.8833,-0.93467,-3.0239,-0.81472,-0.43766,0.17522,-0.051588,-0.73649,0.077488,-0.028833,-0.62002
6.8451,3.0576,-0.1679,-2.2032,0.46596,-0.023077,-0.51787,-0.046535,-1.1919,0.46326,-0.002223,-1.1635
7.6036,3.8307,-0.018035,-1.8758,0.45318,0.38937,-0.11801,0.24176,-1.0929,0.31858,0.053618,-0.68531
7.0915,3.869,0.58678,-0.75361,-0.24107,-0.40956,-0.58948,-0.68124,-1.2243,-0.23426,-0.13585,-0.39919
8.3253,4.7675,0.81361,-1.0862,-0.27688,-0.28001,-0.14417,-0.43194,-1.8752,-0.72292,-0.31072,-0.16333
7.2623,4.2345,0.77683,-1.1113,-0.57165,-0.5525,-0.32061,-0.15281,-0.97204,-0.3303,-0.54699,-0.74005
7.1681,3.9036,0.48018,-1.0738,-0.77628,-0.50446,-0.45554,-0.26257,-0.67098,-0.091175,-0.013724,-0.26366
7.3707,4.312,0.69116,-0.9768,-0.60437,-0.58034,-0.39513,-0.30227,-0.61421,0.13432,0.049821,-0.011537
8.2912,4.2014,0.3074,-1.5334,-0.30805,-0.41883,-0.42686,-0.461,-0.93253,0.40351,-0.076464,-0.31917
7.5446,4.1891,0.19403,-1.2126,-0.57509,0.014806,-0.066509,-0.084764,-0.95155,-0.28988,-0.12373,-0.40195
8.2015,4.383,0.47659,-1.0897,-0.8447,-0.15382,0.36135,0.31898,-0.37328,-0.41105,-0.5202,-0.91376
7.0671,3.9004,0.5957,-0.65674,-0.32273,0.082205,0.2067,0.11684,-0.78976,-0.57781,-0.66505,-0.54026
8.5218,4.1233,-0.16663,-2.0954,-0.18115,0.056238,0.043222,0.093681,-1.3695,0.4605,0.26456,-0.59927
7.9149,4.0125,-0.080969,-2.1097,-0.38618,-0.26761,0.21476,0.28397,-1.2725,0.17694,0.16334,-0.49767
8.1565,4.0928,0.31184,-1.4124,0.22835,0.15575,0.30358,-0.24939,-1.4912,-0.40153,-0.29612,-0.55787
3.1641,0.16572,2.6575,-1.7822,-0.10766,0.23955,0.17871,0.13016,0.37111,-0.24244,-0.24695,-0.25393
2.1565,1.1046,2.2794,-0.1148,-0.4082,-1.3055,-1.2248,-0.70212,-0.16037,-0.71118,-0.14403,-0.4417
2.4316,1.0717,3.2186,0.3328,-1.3179,-2.4548,-1.9603,-0.090599,0.48752,-0.52071,-0.27796,-0.36243
5.3489,-0.75372,2.3184,0.45442,-1.386,-2.283,-1.6261,-0.16508,0.60173,-0.16799,-0.1008,-0.092594
5.4539,-0.23779,1.617,0.76077,-1.5125,-2.0968,-2.0366,0.16345,0.42739,0.21958,-0.13961,0.33394
5.2187,0.7318,1.5463,0.51093,-1.2465,-1.8823,-2.2448,-0.209,0.50797,-0.13135,-0.19091,0.051574
5.649,0.6571,1.4331,0.67929,-1.4472,-1.7184,-2.3036,-0.71279,0.37319,-0.099677,-0.15936,0.13697
5.9381,0.541,1.7551,0.57637,-1.5748,-1.6936,-2.2138,-0.56877,0.2003,-0.16085,0.28548,-0.21159
6.0606,0.20073,1.3456,1.1115,-0.91651,-1.5909,-2.4627,-1.1515,0.98462,0.075959,-0.012196,-0.138
5.4539,0.30904,1.2277,0.87893,-1.1604,-0.73092,-1.8463,-1.3531,0.29092,0.15093,0.54597,-0.56083
6.1841,0.15388,1.0623,0.29069,-1.5103,-0.66603,-1.696,-0.2783,0.6329,-0.17988,0.49146,-0.89396
6.0477,-0.46514,1.7394,0.55545,-1.3468,-1.0807,-2.0091,-0.72519,0.61798,0.056632,0.49741,-0.47547
6.5379,0.09449,1.9845,0.3935,-1.1994,-1.1439,-2.2631,-0.8386,0.44695,-0.30525,0.67843,-0.70443
6.5159,0.15818,2.3851,0.98317,-1.667,-1.1761,-2.2495,-1.2399,0.36505,-0.19608,1.1338,-1.0308
6.5075,-0.89639,2.4357,0.50335,-1.4902,-1.1413,-2.4283,-1.1584,0.56374,-0.38924,1.209,-1.177
6.2708,-0.60943,1.7755,0.37749,-1.5455,-1.0514,-1.994,-1.2835,1.1373,-0.42585,0.93614,-1.1985
6.1675,-0.29069,2.2475,0.20312,-1.2953,-1.0073,-2.0434,-1.2588,0.74655,0.23517,1.0131,-1.1913
7.1018,-0.048894,1.8073,0.47721,-1.0415,-1.1413,-2.3518,-0.69946,0.78592,-0.61901,0.53178,-0.85573
6.6259,0.34317,1.9401,0.49917,-0.90492,-1.2821,-1.9507,-0.61913,-0.38977,-0.92005,0.18367,-0.95871
6.3928,0.92265,2.4964,0.26254,-1.0183,-1.3182,-2.431,-1.5465,-1.0225,-0.42556,0.30681,-0.26493
6.7849,0.31929,1.5801,0.25751,-1.2362,-2.0049,-2.0018,-0.93286,-1.271,-0.16548,-0.1914,-0.51287
6.5713,0.57688,1.5108,0.20285,-1.3058,-1.6443,-2.042,-0.97155,-0.51656,-0.41132,-0.31671,-0.65452
7.2691,0.62423,2.1361,0.08911,-1.1889,-1.5159,-3.2797,-1.607,-0.28892,-0.71057,-0.14609,-0.3934
5.3049,0.11393,1.2704,0.39799,-1.8417,-1.8298,-2.2576,-2.1155,-1.4351,-0.81378,-0.29902,-0.80589
7.1518,-0.44192,1.7721,0.69198,-1.3061,-1.3527,-2.1634,-1.218,-0.28065,-0.25637,-0.05988,-0.75234
7.7698,-0.42457,2.0256,1.1922,-0.72141,-1.2274,-2.1432,-1.7049,-1.295,-0.23804,0.50842,-0.12843
4.9195,0.92591,1.5166,1.0296,-0.52316,-0.68203,-1.1671,-0.83517,-0.5722,-0.55136,0.014044,-0.079748
6.2277,0.5855,2.0945,1.7869,-0.41842,-1.0753,-1.5544,-1.1072,-0.38614,0.22771,0.037025,-0.7843
5.8574,0.18155,1.8978,1.6897,-0.069672,-1.4729,-1.6041,-0.51377,-0.49639,-0.13601,-0.052777,-0.61088
6.524,-0.17299,2.3523,1.2936,-0.39682,-1.8169,-1.7752,-0.2142,-0.4836,0.40769,-0.040666,-1.3735
5.614,0.79995,1.6303,0.85167,-1.1449,-2.1176,-1.896,-0.46209,-0.27866,-0.10613,-0.063686,-0.61015
7.0105,0.0045459,1.4123,0.57352,-1.3441,-2.7766,-2.1656,-0.68616,-0.73679,0.23986,0.38057,-0.43845
6.1001,0.31776,0.75899,0.4559,-1.1367,-2.6308,-2.2586,-0.7126,-0.42586,0.60956,0.40755,-0.66037
6.6218,0.44938,0.78166,0.30938,-1.2849,-2.3271,-2.1378,-0.97747,-0.90927,0.3989,0.37234,-0.79432
7.4129,0.8311,0.44516,-0.21866,-0.91892,-1.5452,-1.5815,-1.0401,-0.89378,0.58632,0.094417,-1.2678
6.3536,0.81217,0.6404,0.69256,-0.48966,-1.6461,-1.3584,-1.2742,-1.633,-0.27722,-0.31092,-1.0474
5.8883,1.4994,1.5538,0.69263,-0.9419,-2.1443,-1.6598,-0.97805,-1.4943,-0.094278,0.23138,-1.1211
5.6686,2.0601,0.95354,0.50405,-1.3118,-2.1583,-1.3258,-0.64918,-0.85955,-0.36526,-0.58218,-1.4454
7.5053,1.7725,1.1212,0.7348,-0.65544,-1.8295,-1.3954,-1.1995,-1.441,-0.1163,0.0090502,-1.5335
5.5105,2.3264,1.3789,0.79928,-0.97297,-2.0779,-1.8522,-1.038,-1.027,-0.55641,-0.27636,-0.8628
5.7403,2.6148,0.7176,-0.16933,-0.98574,-2.257,-2.2921,-0.57644,-0.24741,-0.28796,-0.83747,-1.0629
4.8863,1.9035,1.9782,1.1096,-0.93865,-1.8819,-0.94965,-1.1161,-1.2097,0.35474,-0.043868,-0.65886
4.9229,0.84043,1.38,1.0729,-1.2128,-2.3475,-1.1744,-1.0338,-0.97473,1.1904,0.51582,-1.3771
4.7708,0.29678,-0.10773,0.26042,-0.76308,-1.6234,-0.97252,-0.19187,-0.12827,0.92168,0.084389,-0.86481
5.1794,1.2267,0.44722,0.14198,-0.84285,-2.4902,-2.5724,-1.0476,-0.57211,1.1132,0.09496,-1.0967
6.5639,2.1227,0.6383,0.17408,-0.57883,-2.3121,-2.0611,-0.80231,-0.57343,0.28498,-0.93293,-1.3373
5.1067,1.7654,0.66843,0.26587,-0.73267,-2.6709,-2.3518,-1.2156,-0.95329,-0.30097,-1.1433,-1.4786
5.1884,1.5805,0.91879,0.65233,-0.96471,-2.5206,-1.9596,-0.96543,-0.71905,0.21211,-0.59435,-1.302
5.4051,2.0226,0.94516,0.034648,-0.30868,-1.9695,-2.3963,-1.5387,-1.4582,0.1007,-0.52605,-1.3134
5.0494,2.731,1.2888,0.58207,0.56631,-1.4576,-2.2882,-1.0663,-1.1603,-0.19946,-0.45866,-1.1005
5.0348,2.3983,0.49966,0.054888,-0.33968,-2.3333,-1.8774,-0.83468,-1.1324,-0.35673,-0.41542,-0.68404
5.7332,2.7035,0.89249,-0.5489,-0.89484,-2.5147,-2.5443,-0.88801,-0.61904,0.15355,-0.13065,-0.75551
5.1266,1.6726,-0.060565,-0.78072,-0.94531,-2.3283,-2.0581,-0.7422,-0.76372,-0.089212,-0.29003,-0.82531
4.6896,1.7203,0.45897,-0.12436,-0.56988,-2.1261,-2.1278,-1.0586,-0.36951,0.17757,-0.1326,-0.42762
4.76,2.1595,0.48869,0.10703,-0.21356,-1.5078,-1.8528,-1.195,-1.3067,0.14138,-0.093301,-0.84154
4.7689,2.8549,0.87835,-0.36319,-1.0968,-3.024,-1.8113,-0.52386,-1.1115,-0.14261,-0.63085,-1.3366
2.9742,1.8447,0.6122,-1.1626,-0.79392,-1.5014,-0.36799,0.12547,-1.0215,0.93103,0.47052,-0.31654
3.8928,2.1798,0.031663,-1.3878,-0.83587,-2.014,-1.4328,-0.89912,-0.77301,0.53466,0.18728,-0.67784
3.674,1.8925,0.10366,-1.0554,-0.54497,-1.7391,-1.6786,-0.85217,-0.72836,0.7634,0.1845,-0.57971
4.907,2.8245,0.89803,-0.50949,-0.32924,-1.4382,-1.4328,-0.76872,-0.96038,-0.37892,-0.80846,-0.71954
4.2536,2.5609,0.79705,-0.91245,-0.99658,-2.2139,-1.2525,-0.47853,-0.58188,0.25227,-0.078783,-0.40259
3.8828,1.3605,-0.26944,-1.0425,-1.3437,-1.8778,-1.8116,-1.1409,-0.62104,0.3006,0.18238,-0.2643
3.8738,2.0794,-0.13409,-1.6635,-1.3927,-2.3396,-1.7726,-0.92523,-0.80459,0.060771,-0.41898,-0.29688
4.5553,2.963,1.0889,-0.69131,-1.332,-2.1506,-1.6301,-0.79851,-0.93401,-0.32298,-0.54053,-0.63002
3.9716,2.1459,0.55984,-1.1241,-1.7173,-2.3944,-1.3009,-0.73655,-1.0852,-0.46384,-0.44103,-0.45007
3.7136,2.2167,0.63171,-0.6776,-1.5704,-2.301,-1.386,-0.53435,-0.79408,-0.039986,0.079982,-0.49799
3.6149,2.4796,0.49022,-0.84304,-1.0576,-2.0742,-1.667,-0.85595,-0.26905,0.13513,-0.043755,-0.29294
4.5475,2.5012,0.45539,-0.98716,-1.3181,-2.2519,-1.7637,-0.99206,-0.82293,0.25511,-0.12433,-0.72964
4.5746,2.5025,0.13415,-2.0248,-2.3636,-2.6644,-1.9292,-0.51514,-1.091,-0.045604,-0.53034,-0.88594
3.4737,2.1467,0.62613,-1.1417,-1.2783,-2.6735,-1.7312,-1.2594,-1.3072,0.081465,-0.31943,-0.50089
3.9412,2.4857,0.59237,-0.93288,-1.3122,-2.1992,-2.1439,-1.2869,-1.0761,-0.030657,-0.4016,-0.57058
3.3959,2.2907,0.74484,0.054859,-0.93829,-1.6145,-2.1641,-1.5287,-1.0138,-0.21489,-0.31429,-0.55949
3.9756,2.7748,0.85006,-0.66429,-1.0432,-1.9087,-1.8024,-1.4452,-1.1746,-0.38793,-0.39905,-0.51829
3.5699,2.6556,0.69585,-0.43445,-0.712,-1.6275,-1.357,-1.1822,-0.99468,-0.51873,-0.85899,-0.5313
3.5291,2.4999,0.44955,-0.253,-0.39999,-0.89168,-0.6105,-0.38348,-0.065878,-0.069477,-0.57351,-1.0717
3.0919,2.1104,0.56054,-0.25741,-0.51235,-0.8848,-1.3808,-1.0598,-1.2845,-0.26941,-0.26299,-0.35209
3.2729,2.2403,0.96268,-0.47938,-0.48526,-1.3094,-1.3004,-1.5056,-2.1057,-0.88288,-0.73658,-0.32465
3.5709,2.7175,1.1991,-0.15823,-1.0296,-1.7432,-1.7792,-1.4406,-1.0954,-0.41461,-0.46764,-0.32047
3.306,2.601,1.1776,-0.04662,-0.78821,-1.4948,-1.4224,-1.3054,-0.83606,-0.5384,-0.32691,-0.51749
4.3452,3.0268,1.361,-0.23287,-1.0466,-2.0595,-1.8278,-1.1677,-0.87966,-0.18556,-0.5282,-0.43292
4.2422,3.0854,1.2769,-0.90561,-1.3635,-2.136,-1.7397,-0.84492,-0.84716,0.010266,-0.062097,-0.093506
3.6793,2.2743,0.36655,-1.1939,-1.8104,-2.1881,-1.8363,-0.81054,-0.55326,-0.00019611,0.013684,-0.50364
3.081,2.1518,0.83571,-1.1123,-0.94556,-1.8731,-1.295,-0.56628,-0.94443,0.43573,0.18027,-0.10317
3.0526,2.3264,0.63527,-1.0504,-1.096,-1.8459,-1.6507,-1.0639,-1.1585,-0.25415,0.05889,-0.24647
2.668,1.8518,0.14652,-1.1765,-1.5545,-1.9867,-1.3706,-0.64608,-0.42971,0.024764,-0.18838,-0.16272
-1.3206,5.7747,-1.1863,0.46977,-0.76501,-2.2481,-0.48463,-1.6672,-0.77404,-0.45945,-1.0029,-0.021103
-4.5757,6.7213,-2.4639,0.94802,-0.49502,-2.147,-0.15991,-1.9733,-0.22451,-0.3821,-0.022643,-0.40265
-5.4104,5.8095,-1.4674,0.47206,-0.4223,-2.3451,-0.64301,-1.6107,-0.42085,-0.78702,-0.0078543,-0.32093
-6.2983,5.8486,-0.49054,0.75728,-0.85395,-3.0951,-0.42386,-1.2267,-0.59717,-1.1517,-0.77399,0.044963
-7.7996,6.2741,-0.20557,0.83461,-0.79033,-2.0724,-0.68532,-1.6707,-1.1196,-0.24321,-0.46645,-0.45425
-8.1404,5.386,0.04145,0.76073,-1.5948,-2.6316,-0.1191,-1.1711,-0.1888,-0.96191,-0.33229,0.016178
-8.3901,5.0703,0.087191,1.069,-0.93565,-2.0949,-0.19536,-0.59278,-0.45028,-0.12785,0.36946,-0.46009
-7.907,5.278,0.28543,0.63032,-0.59266,-1.6667,0.47527,-0.95131,-0.94401,-0.5425,-0.41129,-0.40752
-8.2289,5.3736,-0.61314,0.29854,-1.3306,-2.4493,-0.61321,-1.5045,-0.42054,-0.77296,-0.69072,0.54721
-7.4293,6.4284,-0.64063,-0.48952,-1.2888,-1.641,-0.53603,-1.531,-0.81303,-0.1499,-1.099,-0.69392
-7.9374,5.9824,0.16596,1.2184,-0.63402,-1.6731,-0.10681,-0.97693,-1.0104,-0.76856,-1.1683,-0.31848
-7.9224,6.299,0.12795,1.2263,-0.60051,-2.0292,-1.1265,-2.0333,-0.2905,-0.26636,-1.183,-0.41163
-8.1546,6.1517,-0.30886,0.14242,-0.81196,-1.7937,-0.94652,-1.5889,-0.1263,-0.54748,-0.77959,-0.28934
-8.1903,6.8586,0.26212,0.88703,-1.0889,-1.7839,-0.47539,-1.9612,-0.38467,-0.44778,-1.2694,0.2457
-8.699,5.6014,-0.15619,0.46256,-1.1286,-1.7839,-0.28543,-2.1164,-0.57513,0.04999,-1.034,0.25118
-9.5692,5.485,-0.28538,-0.18885,-1.2949,-1.1598,-0.17958,-1.5473,-0.37464,-0.51214,-0.53909,-0.11529
-8.3892,6.4498,0.96426,-0.57502,-0.87615,-1.7734,-0.45178,-1.416,-0.70547,-0.25488,-0.12469,-0.42595
-9.1617,4.5857,0.38281,-0.90018,0.07688,-0.80555,-0.24781,-1.6678,-0.18309,-0.092561,-0.3704,-0.057546
-8.0407,4.505,0.70356,-1.292,-0.37338,-1.0526,-0.32155,-0.89751,-0.044691,-0.27055,-0.78709,-0.58651
-7.868,4.1945,1.2685,-1.8048,-0.63498,-1.3051,-0.86915,-1.326,-0.36291,-0.65398,-0.69794,-0.28468
-6.6504,4.1266,1.6146,-0.8452,-0.37803,-0.78961,-0.34411,-1.0846,0.08269,-0.45143,-0.13799,-0.22161
-1.5742,4.8177,3.4724,0.16118,-1.3646,-1.2289,-0.87796,-0.61324,0.41075,-1.0748,0.5842,0.44939
0.12412,4.8554,4.4282,0.23161,-2.9852,-1.5971,-1.1605,-0.11984,0.88163,-1.8316,0.069934,0.14206
0.75307,3.7104,3.9216,0.20191,-2.3674,-0.82072,-1.4505,-0.76889,0.48398,-1.9192,0.49581,0.028205
0.3927,4.2344,4.3727,-0.26848,-2.4316,-0.98698,-1.179,-0.98312,0.12601,-1.6682,0.54356,-0.038894
1.2006,3.385,3.5405,-0.3294,-2.0136,-0.46698,-1.4239,-1.1768,0.20912,-2.3234,0.54644,-0.26545
0.79814,4.0357,4.2938,-0.17623,-2.6897,-0.90469,-1.3617,-0.82652,0.42631,-2.4763,0.29953,-0.024031
1.1302,3.7462,3.1867,-0.32785,-1.5521,-0.30287,-1.3782,-1.5829,0.37759,-2.1539,0.4167,-0.24627
0.98984,4.1478,3.9864,-0.16849,-2.3746,-0.65478,-1.4881,-0.66164,0.089057,-2.0732,0.52705,0.20006
1.1213,4.3469,3.8857,-0.054938,-2.4846,-0.87046,-1.4899,-0.75743,0.43687,-2.3826,0.74156,-0.022881
1.4466,3.6487,3.183,-0.13707,-1.9481,-0.71724,-1.3288,-1.2193,0.30324,-1.8753,0.69136,0.0015821
0.81979,4.6088,4.1189,-0.27735,-2.3005,-1.5812,-0.98787,-1.0215,-0.083646,-1.2766,0.38758,0.3282
1.0937,3.9218,3.3563,-0.106,-1.8543,-1.6193,-1.0722,-1.4547,-0.11173,-1.1568,0.50405,0.36796
1.8272,4.0545,3.3422,0.21711,-1.9488,-1.3538,-1.4366,-1.1413,-0.18976,-1.3508,0.62359,0.44899
0.93438,4.5776,4.0952,-0.094759,-1.0466,-2.7657,-0.73036,-1.1634,-0.76276,-0.59908,0.36554,0.52841
0.61767,5.049,2.6592,0.27691,-0.775,-2.0189,-0.45261,-1.6786,-0.0075834,-1.4106,0.0024187,0.93474
-1.4955,6.0614,3.0036,0.39112,-0.98443,-2.3582,-0.50137,-0.99363,-0.65351,-0.59326,-0.12243,1.3172
-2.3689,7.0244,2.6789,0.3411,-0.75524,-1.7267,-0.46647,-1.4903,-0.58766,-1.5102,-0.015758,0.33147
-2.3714,6.4141,0.86493,0.13175,-0.86006,-1.875,-0.57788,-1.8219,-0.34166,-0.94721,-0.42684,0.4479
-3.4201,7.5074,2.7246,-0.2388,-2.3444,-2.4613,-0.048805,-0.90973,-0.35089,-2.0824,-0.15174,0.45411
-3.0312,6.9602,1.0191,-0.010106,-1.4006,-2.1736,-0.58697,-1.7826,-0.401,-0.83893,-0.58509,0.14587
-3.9489,7.5785,1.6178,0.97124,-1.5457,-2.4866,0.011863,-1.6588,-0.31866,-0.85305,-0.30862,0.12175
-4.1022,7.7129,1.5957,0.33585,-1.465,-2.2197,0.2623,-1.2318,-0.25439,-1.4999,-0.27053,0.21718
-3.393,7.4246,1.0848,0.46087,-0.65319,-2.0597,-0.55927,-1.8564,-0.14855,-1.1398,-0.33917,-0.020174
-4.2724,7.2576,1.6581,0.83846,-0.9827,-1.841,-0.49595,-1.8151,-0.56974,-1.5569,-0.29755,-0.02019
-4.6369,7.702,1.8031,0.77575,-1.071,-1.9569,-0.54057,-1.6427,-0.51796,-1.4489,-0.79789,-0.57767
-3.7952,7.5508,0.95026,0.25304,-0.48738,-1.7735,-0.88217,-1.445,-0.63123,-1.1611,-0.28227,0.25198
-4.5634,7.6249,1.5526,0.66699,-0.55377,-1.2438,-0.44162,-1.6774,-0.50947,-1.3461,-0.36336,-0.15979
-4.6844,7.9077,2.2818,0.81474,-0.5046,-1.7457,-0.3362,-1.4196,-0.898,-1.5263,-0.29502,0.41844
-3.8208,7.8083,1.671,0.77778,-0.30349,-1.7727,-0.18581,-1.3708,-0.43427,-1.1796,-0.16223,-0.031623
-3.7589,7.8382,2.137,0.62261,-0.70757,-1.7664,-0.32487,-1.6134,-0.6491,-0.77915,0.20012,0.6662
-3.4461,7.4191,1.573,0.8528,-0.40895,-1.5274,-0.67372,-1.4015,-0.60188,-0.38315,-0.39033,0.57646
-3.9031,8.1264,2.1785,1.0904,-0.60722,-2.3172,-0.11185,-1.6745,-0.26798,-1.29,0.4843,0.34107
-4.3431,8.4513,1.6925,1.0249,-0.65794,-1.3551,-0.33028,-1.5992,-0.39979,-0.72519,-0.036851,0.52048
-4.4461,8.1872,1.1473,0.69291,-0.54429,-0.50934,0.57111,-0.60753,-0.028326,-0.42067,0.28797,-0.69269
-4.165,8.175,1.1536,0.65479,0.2408,-0.93079,-0.2786,-1.5045,-0.28798,-0.92176,-0.37041,0.024767
-4.5528,9.078,1.7173,0.3107,-0.19811,-1.4444,0.027143,-1.5147,0.20484,-0.8485,-0.61399,-0.38746
-4.3473,7.8496,1.6524,0.75997,0.32878,-1.5157,0.23659,-1.657,-0.59759,-1.2625,-0.72136,0.014975
-4.3746,7.4668,1.3849,0.55397,0.27266,-1.3411,-0.048534,-1.1526,-0.49257,-1.3129,-0.677,0.62769
-3.8116,7.1781,2.1949,-0.099806,0.3338,-2.0532,-0.14528,-0.83873,0.096758,-0.85057,-0.71937,1.1915
-3.6589,6.2921,1.9433,0.57022,0.46006,-2.0528,-0.066697,-1.1486,-0.26735,-0.91004,-1.167,0.63369
-3.1035,7.0396,2.0749,0.24064,0.019271,-2.3542,-0.24853,-0.8042,-0.0072925,-0.84773,-0.50194,1.5404
-3.435,5.7946,2.2926,0.036209,0.37402,-2.249,-1.3046,-0.5591,-0.28412,-1.0835,-0.73858,1.1759
-3.0049,6.5936,2.4844,0.012624,-0.039668,-2.61,-0.68823,-0.58353,0.025251,-1.3766,-0.59607,0.58767
-2.069,5.8333,1.5323,-0.51303,0.59451,-3.0214,-1.5615,-1.4344,-0.40728,-1.5899,-0.75562,0.23761
-0.67468,5.558,1.0612,-0.31793,0.10561,-2.5655,-1.155,-1.2574,0.2181,-0.25479,-0.6977,0.55105
-1.5352,6.1038,2.3255,0.77612,0.78542,-1.3796,-1.2127,-1.7611,-0.52237,-1.9278,-0.85113,0.89721
-1.6454,6.1706,1.5871,0.26475,0.32919,-2.3328,-2.0546,-1.7472,-0.16662,-2.255,-0.7406,-0.017144
-1.0283,5.864,0.92788,-0.59088,0.038783,-2.1583,-1.1962,-1.7198,-0.71081,-1.7573,-0.51792,-0.36632
-0.39849,5.4079,0.83475,-0.64295,0.19341,-2.3737,-0.85712,-1.4725,-0.3304,-1.3298,0.42066,0.058672
-0.56757,5.6628,0.37508,-0.79201,-0.065305,-1.8793,-1.0029,-1.7737,-0.63943,-1.3946,-0.42404,0.1283
0.56321,4.7101,0.78011,-0.050404,0.26691,-2.4412,-0.98775,-1.7557,-0.042345,-1.0558,0.26019,0.66689
0.21055,5.273,0.37325,-0.91524,-0.11309,-2.1788,-0.24154,-1.8039,-0.046943,-0.94058,-0.22102,0.14042
1.0883,5.0462,0.48233,-0.44804,0.28009,-2.0874,-0.019858,-1.9599,0.050592,-0.92687,-0.5445,0.18692
0.50919,4.5475,1.0954,0.22525,0.94415,-1.6715,0.49318,-1.2817,-0.39843,-1.0026,-0.64687,-0.10538
1.5873,4.9679,1.1092,0.37786,0.27532,-2.1717,-0.71622,-2.6189,-0.95744,-0.69745,-0.30951,0.020182
2.1809,4.9542,1.6343,0.021567,0.23403,-2.4391,0.061774,-1.8288,-0.96565,-1.0124,-0.23263,0.15983
2.4024,4.9605,1.6657,0.056191,0.83839,-1.9251,-0.45335,-2.0594,-0.79523,-1.2671,-0.57027,0.11546
1.9387,4.4552,2.1174,0.82124,0.73823,-1.7824,-0.76591,-1.9519,-0.92852,-1.5512,-0.4432,0.091354
2.7238,4.549,1.6303,0.46575,0.63942,-1.5933,-0.59424,-1.5748,-1.0477,-1.3062,-0.50938,-0.091058
2.739,4.7592,2.022,0.22102,0.60545,-1.5229,-0.7599,-1.5722,-0.18003,-0.74746,-0.52023,0.084307
2.8014,4.8404,2.4074,0.33301,1.0315,-1.1361,-0.61376,-1.5002,-0.92529,-0.65924,-0.45513,0.32133
3.2111,4.0888,1.5444,0.60238,0.59477,-1.6028,-0.93912,-1.3477,-1.0069,-1.0232,-0.63045,0.17054
2.9299,4.6011,2.3101,0.49729,0.6376,-1.7025,-1.0724,-1.491,-0.89392,-0.77484,-0.14962,0.088164
3.4469,3.8901,1.7102,0.65873,0.49288,-0.99657,-1.0282,-1.8366,-1.3716,-1.1614,-0.3918,-0.1176
2.9137,4.5519,1.9136,0.20209,0.027299,-1.521,-1.606,-1.9197,-1.0223,-1.1516,-0.59342,-0.058193
3.4133,4.2277,1.8527,-0.07469,-0.46331,-1.602,-1.2804,-1.5736,-0.77211,-0.96974,-0.12946,0.10092
3.6199,3.3848,1.4857,0.10582,-0.3541,-1.6934,-1.5295,-1.3585,-1.0137,-0.84411,-0.42651,-0.01617
3.0672,4.064,1.0658,-0.6078,-0.43471,-2.1636,-1.0558,-1.079,-0.65307,-0.38566,-0.63408,-0.33733
3.1826,3.7044,1.3092,-0.44128,-0.13737,-1.4556,-1.3052,-1.2272,-1.0716,-0.46198,-0.11116,-0.20698
3.3796,3.2687,1.1599,-0.094565,-0.31567,-1.8855,-1.1973,-1.2957,-1.2467,-0.32079,-0.17156,0.43186
3.1003,2.8886,1.1893,0.013205,-0.30826,-2.0233,-0.88102,-1.1564,-0.77688,-0.78076,-0.63294,0.24757
2.7583,3.4089,1.109,-0.39278,-0.36425,-2.0229,-0.89232,-1.3551,-0.58185,-0.39339,-0.13771,-0.11759
2.1833,2.7759,1.1654,-0.070256,0.22623,-1.1944,-0.50985,-0.93985,-0.67309,-0.78347,-0.45112,-0.364
3.089,3.037,0.95347,-0.31236,-0.32436,-1.7339,-1.1513,-1.6122,-1.2175,-0.81437,-0.80718,-0.58234
3.2515,3.2597,0.99999,-0.71806,-0.0094928,-1.6483,-1.1269,-1.693,-1.9701,-1.0578,-0.67401,-0.32744
3.7866,3.4571,1.1795,-0.40971,-0.16987,-1.408,-1.2037,-1.5737,-1.6999,-1.0945,-0.73241,-0.43119
3.986,3.4263,1.4099,-0.52819,-0.80536,-1.5627,-1.5142,-1.2195,-1.4339,-0.93886,-0.35036,-0.64051
3.0035,2.9133,1.3626,-0.16101,-0.25602,-1.4488,-1.5143,-1.4515,-1.6359,-0.66773,-0.40487,-0.51026
2.9077,2.7586,1.3363,-0.50881,-0.30947,-1.8018,-1.3735,-1.235,-1.2536,-0.58004,-0.6246,-0.50127
2.4131,2.393,1.3842,-0.25528,-0.3034,-1.5774,-1.5236,-1.3729,-1.5348,-0.76238,-0.80148,-0.46412
3.3101,2.9708,1.2721,0.28113,0.17622,-0.75985,-0.97566,-1.1874,-1.5089,-0.39524,-0.60013,0.0057489
3.1659,3.0432,1.3245,-0.22068,-0.5548,-1.7059,-1.3491,-1.2282,-1.3475,-0.62079,-0.76458,-0.36759
3.4494,2.652,1.3156,-0.036354,-0.33297,-1.5987,-1.403,-1.5219,-1.8191,-0.99834,-0.64953,0.023848
3.8487,3.0876,1.417,-0.045678,-0.17708,-1.3713,-1.6664,-1.363,-1.6011,-0.35217,-0.58665,-0.32669
3.1339,2.8925,1.1985,-0.25886,-0.72616,-1.729,-1.7442,-1.378,-1.6285,-0.9313,-0.99701,-0.85
3.5298,3.4818,1.9642,0.40052,0.053146,-1.1998,-1.5327,-0.98121,-1.6251,-0.52901,-0.58627,-0.45607
3.6507,3.3372,1.5359,0.54608,0.00078659,-1.2555,-1.4797,-1.3969,-1.4333,-0.6576,-0.71006,-0.33118
3.2379,2.7403,1.2622,-0.2265,-0.61439,-1.6319,-1.608,-1.6351,-1.7647,-1.1534,-0.90469,-0.57798
2.6722,2.6243,1.0806,-0.493,-0.2472,-1.4915,-0.99425,-1.1164,-1.3751,-0.85406,-0.83228,-0.54213
3.0265,2.4626,1.3665,0.072927,-0.46423,-1.4108,-1.2215,-1.1382,-1.5928,-0.68527,-0.46926,-0.22393
0.96604,3.7285,0.5683,0.457,0.35586,-1.7683,-0.65257,-1.2198,-1.1018,0.0261,-0.96302,0.33349
-2.9015,6.0868,-1.2988,-0.11753,0.82762,-2.6162,0.6068,-1.921,-0.95589,-0.25455,-1.3085,0.80477
-5.617,6.5401,-2.5511,0.1105,-0.29704,-1.9339,0.65538,-1.8362,0.44881,-0.92086,0.11145,-0.17229
-7.392,6.7649,-0.79038,-0.17272,-0.090133,-0.38781,-0.505,-0.14921,0.40193,-1.0774,0.052565,-0.81024
-8.2278,6.9307,-0.4667,0.22991,0.49062,-0.49565,-0.45741,-0.97451,0.19931,-0.95509,-0.64814,-0.013602
-7.4465,6.443,-2.3573,0.16354,1.2237,-1.3659,-1.2787,-1.0188,0.80677,-1.1045,-0.21075,-0.044197
-8.1695,6.6566,-1.795,0.17836,0.35865,-2.3498,-1.5636,-1.7281,0.060565,-0.72178,-0.16139,0.23459
-8.5095,7.3806,-1.8415,0.57806,0.30745,-1.3628,-0.44983,-0.84003,-0.22984,-0.36939,-0.40276,0.075503
-8.8382,7.6012,-2.1615,0.48143,-0.503,-0.91981,-0.0042859,-1.1221,-0.28324,-1.0931,-0.59831,-0.18207
-8.9293,7.0676,-2.1816,0.27861,-0.65263,-1.621,-0.36008,-1.305,-0.42494,-0.12625,-0.59179,-0.28322
-9.4795,6.4551,-1.8241,0.3743,-0.82024,-1.5794,0.31567,-1.048,-0.36993,-0.15836,-0.5419,-0.058399
-9.6252,6.0537,-1.157,-0.11132,-0.33205,-1.2847,0.16487,-1.3681,-0.52697,-0.57036,-0.72383,-0.60601
-9.1827,6.5322,-0.97179,0.56393,0.50013,-1.5394,-0.35094,-1.6948,-0.62999,-0.5876,-0.020408,-0.67365
-9.1196,4.9354,-0.30877,0.99369,-0.041135,-1.4246,-0.81782,-0.90003,0.26942,-0.30531,-0.0093212,-0.41154
-9.0786,3.3952,-1.101,-0.1197,-0.20421,-2.2152,-0.44416,-0.91181,0.44996,0.088691,0.13057,0.51
-4.5026,4.6415,-0.12374,-0.035477,-1.2533,-3.0047,-1.3828,-0.64117,0.5048,-0.23054,-0.70008,-0.75875
0.49382,5.3687,-0.56857,0.70987,-0.73843,-1.9399,-0.30375,0.72013,0.4773,-0.68706,-0.98813,-0.78393
3.2421,0.79357,-0.80421,0.059454,-1.0037,-0.6201,-1.5073,-0.65738,1.0941,-1.1359,-0.35268,-1.0216
4.5479,0.84545,-1.2571,0.52308,-0.60414,-0.83606,-1.7158,-1.1455,0.9462,-1.3857,-0.46413,-1.2683
4.6091,0.32048,-0.95446,0.51136,-0.51041,-0.45037,-2.0457,-1.1495,0.71914,-1.716,-0.30911,-1.0533
4.1586,0.66929,-0.80678,0.45753,-0.035213,-0.53269,-2.6587,-0.93439,0.68656,-1.719,-0.19282,-0.48804
4.528,0.27973,-0.71488,0.78035,0.081065,-0.42585,-2.5182,-0.93544,0.33354,-1.8665,0.00072416,-0.53104
5.2512,-0.0028708,-0.76751,0.25713,-0.10691,-0.13676,-2.769,-0.97734,0.45904,-2.0505,0.0022081,-0.53823
4.899,-0.3772,-0.75275,0.30377,-0.041299,-0.53581,-2.947,-1.155,0.55585,-2.1986,-0.085369,-0.7528
4.6855,-0.4074,-0.55175,0.5324,-0.38969,-0.2687,-3.1218,-0.87322,0.90033,-2.4629,-0.086101,-0.82807
4.4214,-0.31728,-0.19356,0.48985,-0.29944,-0.59025,-2.9326,-1.043,0.87746,-2.1576,-0.044746,-0.85621
4.8148,-0.44881,-0.3116,1.0417,-0.24517,-0.35893,-3.2276,-1.5148,1.314,-2.0516,0.3485,-0.4752
4.6823,-0.44026,-0.21521,1.022,-0.0022815,-0.28406,-3.119,-1.4515,0.89676,-2.1743,-0.034174,-0.46329
5.0055,-0.47778,-0.30051,1.5519,-0.21077,0.10732,-3.4331,-1.821,1.1456,-2.6462,-0.010464,-0.50797
4.5946,-0.36041,0.26749,0.9506,0.35144,-0.18418,-3.2078,-1.4699,0.47861,-2.0684,-0.37705,-0.50184
5.1181,0.14576,0.032425,0.34703,0.11628,0.15331,-3.6381,-1.2664,0.74875,-2.1383,-0.22027,-0.54818
5.3419,-0.14119,-0.18519,0.8357,-0.37216,0.064331,-3.4177,-1.3369,1.0106,-2.3927,0.34793,-0.83459
5.1832,-0.2484,-0.3203,0.75718,0.010513,-0.22647,-3.2175,-1.2953,0.47779,-2.4134,0.081992,-0.58936
4.8858,-0.60843,-0.25119,0.78096,0.0067418,-0.11393,-3.2747,-1.5791,0.76818,-2.5725,0.14777,-0.58342
5.0224,-0.66001,0.53895,1.2862,0.19171,-0.23106,-3.3831,-1.6007,0.26347,-2.8017,-0.18066,-0.14839
5.6234,-0.90619,0.32653,1.7902,-0.3725,-0.26891,-2.9766,-1.9918,0.84731,-2.3569,0.1975,-0.46881
6.0963,-1.1495,0.36397,1.2611,-0.62153,-0.34608,-2.7777,-1.7168,0.80262,-2.5649,0.080976,-0.56101
4.9788,-0.72999,0.81225,1.2198,-0.69583,-1.0398,-2.7838,-1.0136,0.75008,-2.2531,-1.1142,-0.30248
5.2811,-1.341,0.56361,1.1387,-1.3904,-0.69695,-2.3845,-1.261,0.90504,-1.9962,-0.80147,-1.0423
5.7425,-1.2778,1.3028,1.011,-1.7354,-0.56361,-2.1611,-1.054,1.0197,-2.4659,-0.12431,-1.1732
6.1875,-0.78968,0.99357,1.0636,-1.6728,-1.0197,-2.3702,-0.71001,1.2767,-1.7497,-1.2806,-0.83916
6.9842,-1.6802,1.0382,1.1095,-1.4823,-0.842,-1.9033,-1.1707,0.49945,-1.4508,-0.81369,-0.84929
6.4168,-1.1314,0.9091,1.0248,-1.7405,-0.69263,-1.8383,-1.935,0.36795,-1.6747,-0.27105,-0.5929
6.1774,-0.74466,0.57111,0.59227,-1.3689,-0.63787,-1.8415,-1.9617,-0.017755,-2.0602,-0.50917,-0.21882
6.8449,-0.82143,0.98074,1.1685,-0.90475,-0.5114,-1.5696,-1.9171,-0.088906,-2.1301,-0.26069,0.28908
5.9816,-0.2919,1.4467,0.72783,-0.76136,-0.72277,-2.3917,-1.5832,0.016931,-1.3836,-0.27047,-0.17178
5.1539,-0.87081,1.2361,0.33084,-0.40816,-0.17486,-2.239,-1.8149,-0.23219,-1.9006,-0.18159,-0.4411
5.3732,-1.3238,1.1102,1.8943,0.28245,0.12757,-1.8087,-0.92334,0.7161,-1.1416,0.47972,-0.40255
6.6795,-1.4584,1.7739,1.0388,-0.29147,0.40298,-1.8033,-1.5682,0.097288,-1.1405,-0.37934,-0.32387
6.8371,-0.26866,1.6143,0.53116,-0.24452,0.45143,-2.0808,-1.7896,-0.15073,-1.1398,-0.20426,0.2455
7.7405,-0.93742,1.0804,0.38061,-0.10503,0.58814,-1.5746,-1.2911,-0.15262,-1.527,-0.68572,0.04437
6.9182,-0.51842,1.4705,0.368,-0.61129,0.41358,-1.6777,-1.2274,-0.24823,-1.6755,-0.31526,0.12466
4.8768,0.965,1.1923,-0.048683,0.16174,-1.1343,-1.2009,-1.3762,0.20353,-0.67111,-0.90556,-0.085144
1.3175,1.8328,1.5134,-0.36394,0.16863,-1.5768,-1.1558,-1.6037,0.56252,-0.34901,-0.99743,-0.2934
-0.15176,3.4284,0.47959,-0.021094,1.447,-1.1585,-1.5507,-2.0337,-0.033934,-0.4038,-0.16252,0.17734
-1.2361,2.1753,0.79354,-0.23411,1.0316,-1.0141,-1.1659,-1.5376,0.79978,-0.069776,-0.68856,-0.48732
-0.10134,2.2898,0.58963,-1.0443,0.9493,-0.93344,-1.4848,-0.76993,0.41757,-0.083201,-0.94521,-0.44032
-0.54617,2.5508,0.82532,-0.1102,1.401,-0.37118,-1.7727,-1.2315,0.05328,-1.2551,-1.1743,-0.12663
-0.063237,1.6857,1.0867,-0.62174,1.0884,-0.50388,-1.9076,-1.3595,0.28998,-0.42841,-0.77195,-0.51115
0.32045,1.3991,1.9935,-0.12772,1.1827,-1.4199,-1.54,-1.5554,-0.036461,-0.3316,-1.1436,-0.45552
2.4079,1.4573,0.88542,-0.90219,0.68965,-0.90882,-1.8618,-1.4823,0.24234,-0.84908,-1.0826,-0.40504
2.7582,1.24,0.92553,-0.77206,0.31891,-0.43676,-2.0074,-1.8215,0.31228,-0.22214,-1.146,-0.33407
3.6648,0.46819,0.76847,-0.19232,1.1535,-0.34559,-1.7026,-2.2568,0.014383,-0.85544,-1.3513,-0.17213
3.5057,0.94517,2.1187,0.2218,0.15026,-0.65106,-2.0372,-1.9193,-0.18577,-0.86597,-0.73351,-0.21049
4.1901,0.5396,2.1142,-0.30878,1.1273,-1.5487,-2.2975,-1.5067,0.31078,0.092992,-0.73536,-1.2201
5.0602,0.23197,1.8737,-0.30957,0.70629,-1.5745,-2.159,-0.59157,0.48915,-0.33027,-1.1582,-0.88423
5.7883,0.25575,1.4843,-0.48735,0.6713,-0.67522,-2.0389,-0.37678,0.89212,-0.84698,-2.0206,-0.51559
5.4062,0.7139,0.55341,-0.23423,0.93314,-0.29236,-1.7053,-0.67743,0.87831,-0.26465,-2.4514,-0.66863
5.8752,0.64558,0.4749,-0.055556,1.2338,-0.53924,-1.5388,-0.65091,0.22204,-0.22063,-1.8281,-0.54797
6.3599,0.72478,0.50058,-0.27802,0.59057,-0.45773,-1.4471,-1.0598,0.5546,0.23724,-1.7887,-0.61214
6.2943,0.4875,1.1596,-0.017959,0.63166,-0.7396,-2.0571,-0.48677,0.0068662,-1.4032,-0.65048,0.10196
