1.1645e-15,4.6376e-16,-2.3017e-16,4.5559e-16,0,0,0,2.1169e-16,1.0304e-16,1.9986e-16,9.6528e-17,1.8569e-16
-0.0080179,0.0079826,-0.0079239,0.0078419,-0.007737,0.0076093,-0.0074594,0.0072875,-0.0070943,0.0068803,-0.0066461,0.0063924
1.1645e-15,4.6376e-16,-2.3017e-16,4.5559e-16,0,0,0,2.1169e-16,1.0304e-16,1.9986e-16,9.6528e-17,1.8569e-16
1.1645e-15,4.6376e-16,-2.3017e-16,4.5559e-16,0,0,0,2.1169e-16,1.0304e-16,1.9986e-16,9.6528e-17,1.8569e-16
1.1645e-15,4.6376e-16,-2.3017e-16,4.5559e-16,0,0,0,2.1169e-16,1.0304e-16,1.9986e-16,9.6528e-17,1.8569e-16
-0.80194,-1.0545,-1.2583,-1.1421,-0.63431,-0.11754,0.041179,1.0484,0.23585,0.97125,-0.57584,-0.24187
-0.53017,-0.42201,-1.0987,-1.3941,-1.1091,-0.77926,-0.6542,0.54805,-0.2452,0.83821,-0.87774,-0.594
-0.44193,0.78486,-0.54012,-0.47587,-1.0853,-1.2191,-0.32148,0.2628,-0.70772,0.71373,0.188,-0.13308
-2.4058,2.4962,-1.6796,0.45102,-1.2585,0.56945,-0.60215,0.61572,-1.2046,0.20527,0.076238,-1.031
-1.5354,0.48314,0.15393,-0.62099,-0.92527,-0.12826,-0.6351,0.93485,-1.7098,0.49694,0.13979,-0.73455
-3.7054,0.42555,0.30581,-0.19539,-0.45338,0.21766,-0.43977,1.7107,-1.9231,0.54108,1.1471,-0.9519
-3.2741,0.45095,1.5768,-1.0539,-2.921,-1.5883,-0.67453,-0.29294,0.21348,-0.55418,-1.1113,-0.6418
-0.863,1.1304,0.66824,-1.7666,-1.5758,-2.492,-0.57012,-0.7308,-0.817,-0.063704,-0.72554,-0.40497
0.45491,0.83477,0.7358,-0.79883,-2.0897,-2.6341,-1.1446,0.32079,-0.13065,-0.3387,0.57503,-0.42232
0.27321,0.47948,1.4227,-0.93124,-1.5025,-0.94134,-0.68987,-0.70059,-1.7295,-0.75788,0.37729,0.55605
-3.5744,2.5006,-0.36899,0.54682,-0.84676,-0.77278,-0.040236,-0.18804,-0.61391,-0.48835,0.5391,-0.78461
-7.1064,4.5587,0.11347,-0.62036,-1.7107,-0.64343,-0.34212,-0.54843,0.46332,-0.80531,-0.043595,-1.233
-8.2234,4.5016,-0.65748,-0.069188,-1.3592,-0.48499,-0.31528,-0.15175,0.27311,-0.16803,0.36101,-0.34683
-9.4044,4.7933,-1.0679,-0.80486,-1.8961,-1.1398,-0.080029,0.030551,-0.44637,-0.44073,1.2586,-0.14816
-8.5761,4.7636,-0.80319,0.19114,-0.98785,-0.57622,-0.31602,-0.13151,-0.52673,-0.02696,0.38786,-1.12
-5.6165,6.3805,-0.027978,0.65408,-1.0156,-1.1359,-0.22709,-0.22641,-0.55864,-0.37851,-0.51914,-0.60325
-7.0811,6.1385,1.4296,1.6619,-0.52495,-0.10185,0.36771,0.44761,-0.87343,-0.013023,-0.12852,-0.39793
-8.975,5.0636,0.90334,1.3531,-0.52535,-0.23123,0.13113,0.29728,-0.0043384,-0.01998,0.41483,-0.016593
-9.4726,5.336,0.72942,0.62662,0.033452,0.46931,0.2643,0.23717,0.25353,0.22699,-0.26059,-0.3895
-9.4322,5.5415,0.034639,0.41019,-1.1501,-0.53414,-0.3381,0.03322,-0.30445,-0.31372,0.11116,-0.64388
-9.8959,4.8426,-0.26773,0.20642,-1.6307,-1.1789,-0.74488,-0.3668,-0.46069,-0.13254,-0.090072,-1.0056
-10.119,3.0078,-0.83185,-0.26655,-0.61726,-0.38381,-0.61433,-0.46712,0.16831,0.030891,0.13618,0.081705
-9.7374,2.9046,0.078988,-0.2072,-0.69883,-0.98668,-0.91522,0.34339,-0.2797,-0.25632,-0.50668,-0.92978
-10.336,1.7586,-0.72585,-0.23456,-0.24987,-0.31319,-1.0237,-0.027945,0.024268,-0.38209,-0.024517,-0.2165
-5.6737,3.9779,0.46805,-0.5396,0.047951,0.47404,-0.94653,-0.67217,-0.43477,0.066961,-0.0091153,-0.60255
-5.2262,4.3345,1.7357,0.23871,0.1458,0.45614,0.16293,-0.42097,-0.44215,0.024808,0.43327,-0.71202
-3.5076,6.0584,2.7641,0.13608,-0.49542,0.069311,-0.89187,-0.4017,-0.86684,-0.03796,0.62718,-0.41109
-1.7527,4.4089,4.3567,0.013637,-1.722,-0.46974,-0.70824,0.034527,-1.2243,-0.77545,0.53536,0.48104
-0.78486,4.5635,5.6351,-0.37101,-2.3345,-0.63649,-1.0425,-0.19156,-0.66911,-0.89369,1.0056,-0.21726
-0.45297,3.8527,4.4282,0.026994,-1.6343,-0.11035,-0.72979,-0.8899,-0.19318,-0.61984,0.52001,-0.063699
-0.44473,4.7234,4.6203,-0.053012,-2.2687,-0.059484,-0.57759,-0.88646,-0.20718,-1.2231,0.56224,-0.26854
-0.38204,3.8183,4.504,-0.23527,-1.637,0.061659,-0.80587,-0.96214,-0.14843,-0.93566,0.63441,-0.14619
-0.22461,4.16,5.127,-0.53099,-2.3548,-0.32193,-0.48381,-0.44018,0.085948,-0.9116,0.77961,-0.28391
-0.45693,4.4425,5.0121,-0.22913,-2.6153,-0.39582,-0.36455,-0.68705,0.14429,-0.88278,0.67618,-0.015174
-1.231,4.7722,5.731,-0.081713,-2.9298,-1.4788,-0.75696,0.60841,0.075103,-0.46695,0.35935,-0.28307
-1.0858,4.26,4.7389,-0.17807,-2.1722,-1.1964,-0.65017,-0.15313,-0.041792,-0.47807,0.2421,0.14089
-1.1424,5.0014,4.7348,-0.61684,-2.6849,-1.2742,-0.39215,0.38479,-0.74493,-0.53079,0.26998,0.33098
-0.54566,4.1646,4.7539,-0.13722,-2.4203,-0.99233,-0.39448,-0.28383,-0.26621,-0.70152,0.46219,0.21158
-1.2565,5.3379,5.1472,0.0048813,-2.3352,-1.4775,-0.87237,0.4292,-0.73014,-1.0632,0.14322,-0.16706
-0.18523,4.8985,4.5031,-0.14538,-2.1849,-1.4286,-0.95369,-0.15795,-0.72879,-1.0098,0.28733,-0.16846
-0.15068,4.593,3.8097,0.32074,-2.0775,-0.93145,-1.3665,-0.55519,-0.4853,-0.92054,0.38538,-0.042631
-0.36114,4.6127,3.8724,-0.19074,-1.8112,-1.29,-1.0545,-0.31683,-0.92542,-0.61386,0.070829,-0.30074
0.2234,4.3592,2.0019,-0.40107,-1.5977,-0.57461,-0.67423,-0.6227,-0.85537,-1.6523,-0.11694,-0.28619
-0.16016,4.7627,3.2205,0.14286,-1.4303,-1.1375,-0.44645,-0.93847,-1.2494,-0.79526,-0.037895,-0.31002
-1.0712,4.8959,2.3966,-0.11334,-1.4309,-1.0166,-0.91068,-1.2685,-1.2907,-0.30528,-0.094981,-0.35903
-0.97212,5.5431,2.2299,-0.11014,-1.8327,-1.5218,-0.88516,0.043038,-0.93278,-0.95245,-0.046911,-0.72265
-1.277,5.1009,1.9866,-1.0083,-1.6043,-1.0408,-0.72083,-0.82253,-1.111,-0.71481,-0.70036,-0.015775
-2.348,5.4406,2.1781,-0.22867,-1.0547,-2.2222,-0.63485,0.013975,-0.87114,-0.7759,-0.20955,-0.65809
-3.8434,5.215,0.70801,0.79933,-0.1099,-1.2431,-1.2083,-0.81423,-0.39477,-0.32413,-0.024975,-0.22661
-4.9522,4.8476,0.88965,0.77619,-0.73647,-1.591,-2.0241,-1.8306,-1.4685,-0.88894,-0.60007,-0.23486
-5.0659,6.8411,1.2941,0.86013,-1.1357,-1.0615,-0.68991,-2.3981,-2.348,-0.95802,-1.4033,-0.67251
-4.2779,6.8959,1.628,0.39638,-2.083,-1.7302,-0.90144,-1.3755,-1.2648,-1.245,-0.75364,-0.74386
-5.7567,6.2578,1.3482,1.2084,-1.3915,-1.7064,-0.91021,-0.83981,-0.89171,-0.76238,-0.64852,-0.58345
-5.3409,7.0648,1.4971,1.4943,-0.69351,-0.94178,-0.82585,-1.5715,-1.2922,-0.58232,-0.71208,-0.80276
-4.5125,6.6383,0.85831,1.476,-1.2362,-1.6744,-0.55434,-0.86,-1.5961,-0.67576,-0.32728,-0.4917
-6.1511,5.5705,0.77848,1.5347,-1.082,-0.98383,-0.50695,-0.26068,-0.79036,-0.78734,-1.2117,-0.68057
-4.9425,6.4073,0.92898,1.3747,-0.67673,-1.1579,-0.9869,-0.96594,-1.2091,-0.096562,-0.43229,-0.18643
-5.2835,5.65,1.1257,1.6414,-0.23557,-1.9525,-0.77124,-1.5938,-0.88153,-0.51256,-0.41735,0.42319
-4.9096,6.5372,1.7407,1.7651,-1.1733,-2.652,-0.66094,-0.30132,-0.13579,-0.64492,-0.79914,-0.58471
-5.6374,6.5412,1.9808,1.1572,-1.4532,-1.0867,-0.43525,-0.12337,-0.68843,-0.58942,-0.58744,-0.34513
-5.9516,6.566,1.56,1.2244,-0.38557,-1.2251,-1.3278,-0.80211,-1.7671,-1.3095,0.065799,-0.019036
-5.9422,5.8429,0.40869,-0.38854,-0.82357,-1.6793,-1.4439,-1.0402,-1.0938,-0.98757,-0.1571,-1.0236
-4.7983,4.9155,1.3963,0.44881,-0.30698,-1.5602,-1.2546,-1.4279,-2.5594,-1.4963,-0.3266,-0.40727
-5.2153,5.0496,0.79114,0.32403,-1.1131,-2.1228,0.12013,-0.064238,-0.56702,-0.84212,-0.86186,-0.48208
-4.1235,4.417,0.095861,-0.1808,-1.224,-1.4727,-0.17057,-0.16914,0.1157,-0.69552,-0.54783,-0.39905
-3.6505,4.6895,1.0585,-0.1015,-0.85444,-1.3154,-0.11815,0.15367,-0.73939,-1.741,-0.63862,0.4074
-2.6118,4.3691,0.87697,-0.40612,0.21794,-1.4974,-0.14035,-0.44074,-0.27992,-1.4297,-0.78992,-0.44174
-2.7044,4.5149,2.2153,0.70922,0.057955,-2.1518,-0.57095,0.29233,-0.37576,-1.3244,-0.35296,-0.17658
-1.3378,3.8765,2.1006,0.096078,-0.24982,-1.6064,-0.40646,-0.082584,-1.099,-1.2909,-0.66982,0.096046
-1.0545,4.0674,2.8072,0.75641,-0.80762,-1.5865,-0.52517,-0.43024,-1.0343,-1.4228,-0.36923,0.17737
-0.52653,4.2082,2.9894,1.0142,-0.9029,-1.7771,-0.99241,-0.33358,-1.0306,-1.4773,-0.54328,0.21215
0.41205,4.1605,1.1202,-0.25051,-0.12498,-1.6782,-0.68358,-0.032064,-0.26601,-0.99407,-0.37032,0.014135
-0.29998,4.8769,1.9571,1.2091,0.1293,-2.6302,-0.58212,-0.39934,-0.63761,-1.5734,-0.82126,0.14978
-0.2193,4.4459,0.80333,0.31212,-0.69411,-2.8954,-1.2428,-0.35748,-1.4348,-1.7362,-0.53493,-0.028608
-0.087058,5.2436,1.0399,0.19281,-0.13236,-2.8319,-1.0794,-0.61124,-1.85,-2.0346,-0.52529,0.28772
0.021557,4.5006,0.4056,-0.3581,-0.42889,-3.3463,-1.4831,-1.0159,-1.4211,-1.5709,-0.41162,0.36724
-0.072797,5.4029,1.0686,-0.20064,0.13095,-2.3629,-1.2113,-0.43537,-1.1053,-1.7203,-0.43434,0.21496
1.0283,5.2494,0.67931,0.12635,0.072774,-2.3454,0.072215,0.15936,-0.014699,-0.94344,-0.61282,0.2605
0.89671,5.0368,1.829,0.71957,0.72166,-2.1615,-0.53824,-0.33856,-0.66791,-0.92094,-0.89704,-0.014993
0.64914,4.8691,2.0225,-0.39218,0.64825,-2.0652,-0.13872,-1.4027,-1.4892,-0.76511,-0.46141,0.44852
-0.0024541,3.689,1.2109,-0.13218,0.94236,-2.4142,-0.63696,-1.3411,-1.4316,-0.10093,-0.36648,-0.14644
0.67347,4.37,1.0665,-0.34159,0.74682,-1.8356,0.41006,-0.64944,-0.21566,0.076975,-0.79596,-0.46575
1.0221,4.0256,0.93597,-1.0401,0.5052,-1.5883,-0.41597,-0.71928,-0.071919,-0.21801,-0.027245,-0.35179
0.88109,4.0997,1.0468,-1.1964,-0.24549,-2.5291,-1.0073,-0.68575,-0.84559,-0.030821,-0.21931,-0.83048
1.9418,4.4787,1.6528,-0.28781,0.9239,-1.8006,-0.61211,-1.0821,-0.89956,-0.19324,-0.53151,-0.043901
2.5526,4.456,1.4572,0.40651,1.0724,-1.144,-0.36991,-1.732,-0.59585,-0.025394,-0.4072,0.15284
3.2716,4.0389,1.8099,-0.15981,0.32992,-1.7699,-0.45418,-1.2049,-0.7645,-0.1633,-0.76321,0.10324
3.3435,4.3114,1.2842,-0.73649,-0.073325,-1.8035,-1.0124,-1.491,-1.428,-0.92974,-0.31427,-0.21302
2.4223,3.4276,1.4956,-0.019936,0.16305,-1.2864,-0.43826,-1.0581,-0.77949,-0.91043,-0.69599,-0.89802
3.5805,3.7244,1.1252,-0.33653,-0.055838,-1.5851,-1.1371,-1.1408,-0.47601,0.10568,0.40457,-0.31011
3.1067,3.5772,1.3314,0.27399,-0.056399,-1.3677,-0.67085,-1.0547,-1.1257,-0.95268,0.054602,0.025128
2.2933,3.2851,1.2662,0.5578,0.51325,-1.0089,-0.63557,-0.79255,-0.48911,-0.098327,0.01576,0.095461
2.9756,3.3537,0.8587,-0.088065,-0.21177,-1.2644,-0.83984,-1.1098,-0.98128,-0.42806,-0.61909,-0.43989
3.3479,3.5164,1.4533,-0.26627,-0.1868,-1.6068,-0.75144,-0.44091,-0.37779,-0.40964,-0.34402,-0.76365
3.7475,3.2194,1.7653,-0.23739,0.036921,-1.0783,-0.82922,-0.29635,-0.69171,0.12845,-0.25494,-0.73419
3.9098,3.6698,2.2987,0.37137,-0.23129,-1.7187,-1.3827,-1.2473,-1.3718,-0.38619,0.077524,-0.22576
4.1516,3.7426,1.4798,-0.74754,-0.78516,-2.1812,-1.0771,-0.6644,-0.39487,0.064363,0.11558,-0.28146
2.9286,2.7657,1.323,-0.097073,0.35218,-1.0548,-0.46976,-0.60093,-0.59203,-0.14419,-0.37275,-0.30717
3.4827,3.0628,0.8025,-0.34094,-0.57274,-0.93668,-0.77337,-0.63716,-0.56207,-0.23517,-0.20746,-0.30136
3.255,2.5117,1.3629,-0.082858,-0.41953,-1.2572,-0.89727,-0.25277,-0.60908,-0.1398,-0.077299,-0.34906
3.3728,3.2436,1.6037,0.7823,-0.39834,-1.3351,-1.4154,-1.038,-1.1358,-0.4186,-0.14242,0.090402
3.475,3.2272,1.7226,-0.016838,0.076397,-1.111,-0.84261,-0.52824,-1.1019,-0.53034,-0.81714,-0.68258
2.6064,2.2289,0.91692,-0.75419,-0.67679,-1.5771,-1.5679,-1.1871,-1.7013,-1.1838,-0.86281,-0.84576
2.8791,2.5944,1.2424,-0.69177,-0.52537,-1.4659,-1.3278,-0.53199,-1.2198,-0.43027,-0.67823,-0.87473
1.4976,1.8001,0.67135,0.56793,0.21003,-0.25091,-0.069171,-0.34121,-0.28181,-0.20179,0.068624,-0.26571
1.5036,1.0757,0.39777,-0.56213,-0.17293,-1.0696,-1.0868,-0.91176,-1.0808,-0.15495,-0.13469,-0.002415
2.1483,1.8652,0.86196,-0.97114,-0.57113,-1.5814,-1.5031,-0.55148,-1.1707,-0.28177,0.070314,-0.45869
-0.43896,3.0837,1.0372,-1.6448,-0.8568,-1.0332,-1.403,-1.4453,-0.7632,-0.86945,-0.3494,-0.8458
-4.6028,2.1116,-0.027221,-2.9084,-1.83,-2.0618,-1.9961,-0.42516,-0.83695,-0.99011,0.04021,-0.44705
-3.7977,1.4263,-0.33206,-2.2111,-1.3883,-1.6265,-2.1325,-0.92764,-0.65715,-0.76016,-0.25705,-0.44173
-3.8124,2.6386,2.1611,-1.7278,-1.205,-0.48751,-1.7923,-0.26831,-0.35254,0.0063165,-0.28116,-0.6146
-0.075106,1.2244,2.7949,0.55374,-1.4163,-0.73204,-0.16047,0.3217,-0.039081,0.10075,0.26135,-0.34511
2.631,0.41042,3.7034,0.6698,-4.196,-1.7382,-0.83516,-0.035469,0.09417,-0.61,0.46956,0.45783
3.0295,-0.65876,4.0252,0.060226,-3.7657,-0.84986,-1.1718,0.57767,0.27713,-0.7732,0.40396,-0.10795
2.809,-0.85965,3.0678,-0.094907,-3.3009,-1.3006,-0.88901,0.63545,0.6641,-0.31782,-0.022978,0.12275
3.1302,-1.8839,2.8363,-0.46741,-3.0497,-0.94343,-0.66865,0.97753,0.89983,-0.38893,-0.0064914,-0.45938
3.6776,-2.8271,2.4336,-0.61481,-2.2813,-0.82535,-0.28067,1.0174,0.89812,-0.55029,-0.081642,-1.1281
4.036,-2.3843,1.4454,-0.62505,-1.7964,-0.80573,0.43795,0.73483,1.1183,-0.80736,-0.20669,-0.77107
4.3113,-2.5306,1.2329,-1.1188,-1.4018,-0.53067,0.23752,0.70899,1.3434,-0.93399,-0.05502,-1.1792
4.5831,-1.8764,0.58495,-1.1487,-0.86478,-0.89019,0.55826,0.67679,1.2358,-0.56329,-0.42093,-1.7799
5.2656,-2.3642,0.24373,-0.57106,-0.66318,-1.0363,0.10014,0.87349,1.1298,-1.0683,-0.074375,-1.8734
5.42,-2.4218,0.82576,-0.78049,-0.81362,-0.87822,-0.12771,0.47212,1.0592,-0.93319,-0.28573,-2.0416
5.3737,-2.176,0.38057,-0.57889,-1.0485,-0.55654,-0.65565,0.062799,1.1453,-0.46891,0.06932,-2.3544
4.7692,-1.4555,0.32931,-0.7363,-0.95176,-0.9283,-0.34315,0.019268,0.7077,-0.34068,-0.27967,-1.6351
5.6581,-1.3716,0.74142,-1.0593,-1.0463,-1.1091,-0.96503,0.094538,1.2922,-0.48185,-0.28117,-1.6199
5.8674,-1.0343,0.82,-1.0146,-1.2773,-0.82925,-1.2941,0.21475,0.78829,-0.56391,0.31856,-1.5703
6.3604,-0.48076,1.3552,-0.58931,-1.1453,-2.0662,-1.2613,0.17212,0.57297,0.10114,0.16878,-2.3496
5.3001,-0.57739,0.64413,-0.19965,-0.56132,-0.93598,-0.55557,0.36801,-0.036355,0.16899,-0.27983,-1.4236
3.9733,-0.75944,0.093946,0.026952,-1.3495,0.23026,-0.26876,1.2181,0.40705,-0.2961,-1.1952,-1.7494
2.7768,-1.613,-0.49399,0.59234,-1.3329,-0.21347,-0.7279,0.77027,-0.00077967,-0.56675,-1.1028,-1.43
4.7444,-2.339,-0.49266,-0.67472,-1.0572,-0.58696,-1.2424,0.89697,0.57236,-0.53593,-1.2212,-0.71755
6.1021,-2.4674,0.59449,-0.37645,-0.77973,-0.21114,-1.2486,-0.15178,-0.70298,-0.71766,-0.52993,-0.92962
5.8202,-2.3755,1.0091,0.37173,-0.74772,-0.011443,-0.74929,0.17152,-0.045057,-0.5437,-0.64279,-1.4233
6.884,-2.1048,1.8178,0.57088,-1.6103,-0.73734,-0.59803,-0.24906,-0.55244,-1.1399,-0.86685,-0.88787
6.833,-2.5019,1.3081,0.26633,-1.6068,-0.60414,-0.75303,0.46368,0.1056,-0.96423,-1.3127,-1.6062
6.6391,-2.3683,1.4223,-0.23147,-1.8164,-0.34903,-1.0238,-0.37435,0.27451,0.046517,-0.19521,-0.92714
3.469,-1.1487,0.0034384,-1.4864,-0.50989,-1.3726,0.53539,-0.10428,0.16161,-0.83041,-0.78257,-1.4574
0.057293,1.0836,-1.2367,-1.4874,-0.79262,-1.9864,-0.6101,-0.040574,-0.41415,-0.30149,-0.7945,-1.031
-1.5472,2.2025,-0.12508,-1.1581,0.41896,-2.0215,-1.1104,0.21755,-0.24078,-0.23408,-0.84181,-0.85714
-0.64078,2.2463,-1.1793,-1.0403,0.1511,-1.2388,0.02674,0.54024,0.46272,0.26267,-0.84236,-0.7547
1.1052,1.0661,0.37658,-0.97533,-0.45739,-1.4069,-0.61763,0.71889,0.76836,-0.52943,-0.51657,-0.93553
1.0351,0.28127,0.25709,-0.8894,-0.26556,-1.1966,-0.63657,0.59484,0.10156,-0.83887,-0.8181,-1.2385
-0.39575,1.1243,-0.28265,-0.23966,1.28,-0.22437,-1.8769,0.72298,-0.19533,0.15109,0.20179,-0.97159
-1.9339,0.6897,-0.70931,-0.86072,0.99946,-0.053358,-1.5443,1.3051,0.79347,0.0021198,-0.40401,-0.71743
-1.6065,1.4496,-0.89275,0.36797,-0.1361,0.12818,-2.1907,0.91211,-0.20723,-1.2056,-0.91931,-1.1042
-0.91805,1.9316,-1.3324,-0.67557,0.019066,-0.42561,-2.1599,0.53237,-0.02223,-0.53735,-0.45287,-1.4262
-0.39126,0.56841,-0.97316,-0.86519,0.68602,-0.3358,-2.5037,0.62733,0.65799,-0.54844,-0.72087,-1.9368
-0.97577,0.25145,-1.3351,-1.2161,0.19215,-0.725,-2.5011,0.98981,0.6638,0.17207,-0.93691,-1.6475
0.85523,-0.5881,-1.5717,-0.22994,-0.063063,-0.36189,-1.3102,0.17166,0.70442,-0.40762,-0.56523,-1.2478
0.16636,-0.64425,-1.3258,-1.5855,-0.11209,-1.1769,-1.1653,0.62853,0.287,-0.30824,-0.20701,-1.2169
1.2149,0.77162,-0.49305,-0.88897,-0.72345,-1.0015,-1.25,0.98745,0.3054,0.0094353,-0.36693,-0.65628
2.002,0.5356,-0.32487,-0.14997,0.57911,-0.54758,-1.55,0.84516,0.22798,-0.31781,0.18678,-1.4414
3.48,0.8111,0.46264,-0.82567,-0.46286,-0.84948,-0.55778,1.0327,0.49905,-0.4047,-0.92371,-1.7114
4.5884,0.042647,-0.068402,-0.40939,-0.91778,-1.1039,-0.58756,0.55688,-0.095719,-0.1967,-1.0755,-1.1303
3.9878,-0.49588,-0.60687,-1.1908,-0.5677,-0.70674,-0.70846,1.3655,0.067684,-0.72258,-0.55786,-0.93143
3.9061,-1.7914,-0.60466,-0.72743,-0.24488,-0.13134,-1.1303,0.32711,-0.3145,0.066717,-0.26418,-1.1312
4.0805,-0.99201,0.14613,-0.44184,-0.84682,-0.47077,-1.4289,0.50668,-0.079305,-1.3057,-1.3995,-1.7592
5.0862,-0.42111,0.049418,-0.69738,-1.2593,-1.0028,-1.5332,-0.67596,-0.97441,-1.2237,-0.88148,-1.9384
5.4916,-0.38972,0.044798,-0.80861,-0.93386,-1.3156,-0.81175,0.12797,-0.18373,-0.13296,-1.0327,-1.2985
5.487,-1.8523,-0.63513,-0.81794,0.026036,-0.56594,-1.0238,0.8356,0.27316,0.063148,-0.85735,-1.3211
6.0541,-0.23906,-0.15765,-0.10413,-0.17421,-1.3742,-0.42409,0.14803,0.13417,0.31112,-0.39521,-0.82149
5.9455,-0.54757,-0.61121,-0.044905,-0.24399,-0.45911,-0.0095817,0.14122,-0.40296,-0.31017,-1.1188,-1.4018
5.6505,-1.1699,-0.53394,-1.2643,-0.54852,-1.3193,-0.64661,1.5625,0.63632,-0.067636,-0.64559,-1.7301
4.516,-1.3577,-1.4048,-1.6618,-1.0037,-1.2286,-0.62619,1.4485,0.40998,-0.23358,-0.64171,-1.5263
4.2232,-1.8482,-1.0729,-1.7928,0.017872,-1.3252,-0.77209,1.7106,-0.20604,0.084121,-0.60419,-1.382
4.2272,-1.3382,-1.6952,-2.2508,-0.87928,-2.0732,-1.8246,1.2704,0.46394,0.44133,0.079434,-1.3902
3.8,-2.1782,-1.8529,-1.9238,0.18593,-0.17108,-0.74043,1.523,0.61587,-0.19308,-0.44284,-1.5046
4.6302,-2.1443,-1.9247,-1.333,-0.39591,-1.5829,-1.5621,1.2951,0.43922,-0.15697,-0.33311,-0.90228
4.791,-1.4296,-1.8458,-1.7269,-0.62032,-1.737,-1.1179,0.53713,-0.09325,-0.096877,-0.54066,-1.438
4.867,-0.96375,-1.8466,-1.5465,-0.76639,-2.0707,-1.7018,0.98346,0.1562,-0.57155,-0.75988,-0.95345
5.4018,-0.80423,-1.7473,-0.32828,0.12339,-1.2914,-1.5801,0.31301,0.23636,-0.27485,-0.76699,-0.4998
5.1258,-0.016912,-1.3329,-0.76759,0.33114,-1.211,-1.1945,0.20244,-0.34682,-0.39389,-0.82391,-0.62224
4.4131,1.1787,-0.78107,-0.90747,-0.72608,-1.2301,-0.73248,-0.14312,-0.0092473,-0.27774,-0.068755,-0.41857
5.8342,0.45569,-1.2748,-2.1141,-0.7644,-1.0391,-0.2159,0.93408,0.37611,0.11447,-0.54883,-0.76951
5.5724,-0.12725,-2.1285,-1.5598,-0.20021,-0.5879,-0.15075,0.25925,0.34455,0.4724,-0.63712,-1.3172
5.652,0.55247,-1.2904,-1.2971,0.070018,-1.3375,-1.6254,0.13749,0.069132,-0.31557,-0.93461,-1.3532
6.0964,0.32797,-1.6031,-1.3479,-0.44697,-1.4042,-0.96954,0.26657,0.16554,0.15681,-0.65542,-1.3808
4.3933,0.0057346,-1.5305,-1.7438,-0.22133,-0.35682,0.26662,0.30338,-0.23616,0.47885,-0.343,-1.1127
4.1904,0.30589,-1.1023,-1.9395,-1.0776,-1.1193,-0.31633,0.68003,0.14724,0.48828,-0.73908,-1.9718
4.4965,1.1677,-1.5213,-1.6085,-1.4916,-0.80651,-0.45156,0.2668,-0.44548,0.36931,-0.88197,-0.84728
4.8304,1.4746,-0.92178,-1.8075,-0.90163,-1.0735,-0.47671,0.31594,-0.12866,0.024061,-0.56797,-0.95642
5.0654,0.79488,-1.321,-1.3714,-0.98132,-1.0399,-0.26424,0.50323,-0.04805,-0.3271,-1.4189,-1.1549
5.0427,0.95177,-1.2684,-2.2149,-1.1663,-1.1101,-0.38368,1.4029,0.73703,0.42697,-0.39933,-0.82915
4.6796,0.9174,-1.4085,-1.6879,-1.2162,-0.79831,-0.38211,1.548,0.70662,-0.27245,-1.0059,-1.0582
4.9541,0.95332,-1.6067,-1.8806,-1.2662,-1.3255,-0.38973,0.76647,-0.0098658,-0.58278,-0.83244,-0.8716
4.3036,1.3752,-0.57032,-1.3902,-1.8913,-1.4166,-0.23759,0.14983,-0.73419,-1.2648,-0.9062,-0.89808
4.5381,1.0296,-2.0647,-2.5349,-1.9394,-0.87573,-0.05984,0.32535,-0.21096,-0.66906,-0.56167,-1.0034
3.9997,0.96041,-0.9782,-1.8438,-1.0759,-1.226,-1.258,0.47147,0.20289,-0.21635,-0.73163,-0.9473
3.6277,0.79103,-1.1906,-2.5828,-1.271,-1.7742,-0.78175,0.61831,0.1911,-0.072296,-1.2387,-0.5512
3.4275,0.39462,-0.60763,-2.3429,-1.6698,-1.2207,-0.835,0.25164,-0.080044,-0.45606,-0.71165,-0.38138
2.4412,0.61209,0.36892,-2.2045,-1.43,-1.0096,-0.99473,0.16206,0.56484,0.13154,-0.38266,-0.47307
2.213,0.31897,1.2081,-1.8143,-1.7292,-0.17898,0.1435,1.0104,1.0166,0.5115,-0.66704,-0.41406
4.8458,2.3454,0.45895,-1.324,-0.95093,-0.35799,-0.015452,1.3948,0.68312,-0.13406,-1.0508,-0.72454
5.6868,2.5075,1.441,0.91234,-0.56992,-0.89371,-0.95375,1.5796,0.85911,-0.24387,-0.46379,0.17874
7.1907,2.2519,1.9777,2.0352,-0.40937,-2.2603,-1.8803,0.84061,0.00032567,-0.49368,-0.59108,-0.36961
6.5119,0.22901,2.8205,2.7205,-2.7885,-1.1042,-1.974,1.0603,1.2442,-1.4339,-0.74873,0.078478
4.7365,1.1478,3.0578,2.725,-2.35,-1.1726,-1.7952,0.42793,0.6017,-1.1627,-0.33061,0.75143
4.9514,0.93877,3.9356,3.7301,-3.6882,-1.298,-1.7409,0.27415,0.84389,-1.3231,0.11098,0.41961
4.8156,0.95471,3.6962,2.3168,-3.1886,-1.3753,-0.39268,-0.16822,0.13513,-1.6269,0.23462,0.45758
4.6336,0.92012,3.8267,2.5489,-3.129,-1.2616,-0.20764,-0.37985,0.26757,-1.7574,0.47989,-0.054172
4.7595,1.6655,4.1103,1.7831,-3.4484,-0.91078,-0.3021,-0.8665,0.53948,-1.0282,0.15754,-0.24956
4.0139,1.6533,4.0768,1.5942,-2.6632,-0.39693,-0.4329,-1.0717,-0.0066639,-1.2133,-0.27453,0.15644
3.4219,1.5365,4.4475,0.87358,-3.0537,-0.08931,-0.63515,-0.77014,0.36706,-1.1834,-0.2121,-0.29334
2.1717,2.3631,6.1911,1.2179,-3.8441,0.017722,-1.5899,-0.60385,0.55473,-1.1325,0.08731,-0.072751
1.4832,2.8268,6.0889,0.97689,-3.6312,-0.77296,-0.95235,-0.51492,0.44683,-1.3367,0.11164,0.099709
2.1962,2.467,5.8311,0.53168,-3.1582,-0.64469,-1.2126,-0.74107,0.25192,-0.92367,0.11377,-0.089121
2.0054,3.1751,5.313,0.98241,-3.8228,-0.37738,-1.2898,-0.885,0.41512,-1.329,0.44312,-0.19829
1.6837,3.263,5.2437,0.83899,-3.4591,-0.70306,-0.89168,-0.66175,0.0211,-1.3744,-0.10927,0.3935
1.176,3.4278,6.1437,0.4688,-2.5379,-2.0446,-0.83604,-0.19428,-0.6863,-0.67805,-0.11823,0.11477
0.55991,4.0759,5.795,0.25295,-2.2674,-2.2938,-0.56111,-0.15693,-0.48392,-0.7073,-0.2378,-0.39472
0.92724,3.8745,4.7683,0.18995,-2.7083,-1.5654,0.37612,-0.33936,-0.56792,-0.8608,0.032774,-0.16775
1.0378,4.2577,4.2279,1.1623,-1.6098,-1.3014,0.047196,-0.59293,-0.6876,-0.53451,-0.96403,-0.3944
2.6287,3.0606,4.063,0.38573,-1.925,-0.80955,-0.22979,-0.77317,0.0093544,-1.4668,-0.37236,-0.34984
2.4401,2.2716,3.9115,-0.24602,-1.7772,-0.93966,0.024824,-0.64741,-0.48403,-1.0197,-0.77558,-0.76923
2.2215,2.2825,4.7854,-0.48168,-2.894,-2.1124,-0.78921,-0.59695,-0.4337,-1.3919,-0.24996,-0.14067
2.6851,1.6811,4.6045,-0.38015,-2.4617,-1.4776,-0.40135,-1.4495,-0.40522,-1.3855,-0.31518,-0.25483
3.1158,1.552,4.9282,-0.38285,-2.9921,-1.46,-0.37971,-1.2855,-0.7464,-1.0407,-0.34889,-0.44407
4.1454,1.8052,4.5749,-0.64029,-2.9592,-1.2539,-0.56796,-1.3604,-0.79914,-1.6487,-1.1011,-0.22719
4.3149,1.3382,4.7884,-0.59858,-3.3414,-1.6886,-0.77781,-1.3161,-1.0469,-1.7079,-0.76197,-0.6078
4.7563,2.1551,3.5763,0.36542,-2.5919,-1.7676,-1.3017,-1.7654,-1.4264,-1.4322,-0.97576,-0.46724
4.4486,1.795,3.7572,0.91028,-2.2818,-1.1992,-1.3254,-2.0844,-1.5691,-1.5191,-0.95381,0.0039788
4.0475,1.4602,3.7184,0.6916,-1.8467,-1.0641,-0.92783,-1.7254,-1.7456,-1.8394,-1.1997,-0.46577
5.1563,2.4399,4.1915,-0.26567,-2.2091,-0.82714,-0.67582,-1.5067,-1.1394,-1.5371,-1.4405,-0.060539
5.4336,1.8826,3.8473,0.18815,-2.238,-0.41144,-1.0911,-1.6142,-1.033,-0.88597,-1.205,0.0056839
5.609,3.009,4.0853,0.434,-2.2181,-1.0212,-0.54971,-1.2209,-1.0931,-0.42929,-0.73051,-0.40531
5.4417,2.7981,4.5709,0.12811,-2.4743,-1.0186,-1.2158,-1.3013,-0.41834,-0.52244,-0.42642,0.42
5.0969,2.801,3.2935,0.35458,-1.6408,-0.82647,-1.184,-1.2295,-0.79731,-0.66253,-0.27959,0.19384
4.8864,2.6035,3.8717,0.71496,-1.3747,-0.14998,-1.0676,-1.4254,-0.71306,-1.1786,-0.82387,0.056723
5.3833,2.9577,3.7234,0.36923,-1.5942,-0.55222,-0.60903,-0.60377,-1.0898,-0.82929,-0.34821,-0.30299
-2.0148,3.9363,3.6837,-0.092494,0.20459,-1.4806,-1.4717,-0.80668,-1.1176,0.35279,-0.51941,-0.35425
-2.3758,5.4251,2.5575,0.41869,-0.50149,-1.8272,-1.3724,-1.0584,-0.87719,0.079536,-1.0883,-1.0403
-4.1895,6.9079,2.2733,-0.67858,-1.375,-1.7403,-0.85402,-0.74948,-1.2114,-0.38958,-0.96696,-0.526
-4.2886,6.2426,1.458,-1.5424,-0.49041,-1.693,-0.99574,-0.18018,-1.5284,-0.5826,-1.5991,-0.97487
-3.6184,4.8011,1.8497,-0.36456,-0.47612,-3.3174,-1.1041,0.89597,-1.1128,-1.6865,-1.3096,-0.23289
-2.2055,2.8662,1.5286,-0.64657,-1.1351,-2.8842,-1.1713,1.2958,-1.105,-1.514,-1.2902,-0.034583
-3.6891,2.6143,1.5777,0.063955,-1.009,-3.095,-1.4598,0.79286,-1.208,-2.2828,-2.3822,-0.13118
-2.1574,2.5933,2.2524,-0.05061,-1.3845,-3.334,-1.257,0.6634,-0.674,-1.8784,-1.3776,0.50628
-1.3516,2.852,3.0439,0.075656,-1.2416,-3.6759,-1.7096,-0.20708,-0.57747,-1.1751,-0.27503,0.0013806
0.004339,2.3478,2.475,0.56831,-0.42162,-3.1775,-0.5671,0.066078,-0.56368,-1.4034,-1.3914,0.13143
0.26189,3.3112,2.2224,0.45217,-0.47568,-2.8114,-0.62716,0.58236,-1.5163,-1.2596,-1.0727,-0.066301
0.2603,2.2586,2.2941,0.72531,-0.015017,-2.8242,-0.99025,0.5424,-1.0377,-1.3611,-1.4329,0.24248
-0.14096,2.3861,1.886,0.070798,0.27594,-2.4802,-1.3573,0.89617,-0.97319,-0.74664,-0.93447,0.50263
1.0714,3.2034,1.4471,0.55458,0.12103,-3.4053,-1.8679,-0.089175,-0.99477,-1.3835,-1.336,0.37226
1.7626,2.5473,1.566,0.068096,0.66839,-3.1586,-0.9311,-0.25839,-1.8049,-1.6677,-0.96566,0.46675
2.6308,2.7656,2.4549,0.12979,0.31028,-2.9161,-1.3938,0.36717,-1.2651,-1.1541,-1.5119,0.24241
3.2398,2.9517,2.491,0.87189,0.33935,-3.0476,-0.96589,-0.46096,-1.5594,-1.2581,-0.65083,0.45706
3.5812,3.242,2.2563,0.52407,0.44228,-2.3357,-0.76807,-0.54021,-1.4056,-1.3585,-0.89144,0.58077
3.9661,3.0621,2.2618,1.0691,0.55138,-2.446,-1.5891,-0.74086,-0.74393,-1.4672,-1.4008,0.31014
3.9593,2.6247,1.8684,1.1095,0.085894,-2.5558,-1.3218,-0.1977,-1.439,-1.1538,-0.65722,0.3804
3.5576,3.0392,1.762,0.30068,0.50446,-2.1809,-1.3825,-0.70044,-0.76781,-0.53007,-1.0495,0.26164
2.9136,1.8048,1.5666,0.85071,-0.10097,-2.8924,-1.6947,-0.80845,-1.2173,-0.86143,-0.86642,0.21361
2.7053,1.7673,1.2687,0.49083,0.0653,-2.0012,-1.1482,-0.46371,-1.2047,-1.412,-0.94371,0.22599
1.7734,0.92258,0.75251,0.43209,0.18718,-1.8002,-0.59604,-0.30848,-0.99577,-1.2132,-1.3375,0.079943
1.913,0.77514,0.78938,-0.0030516,-0.28875,-2.0599,-0.8225,0.11364,-0.70958,-0.67047,-0.90733,0.58969
1.6376,0.98858,0.68229,-0.2903,-0.032315,-1.9751,-0.99588,-0.025863,-0.74731,-0.55088,-0.50294,0.77125
1.8821,0.87007,0.7205,-0.08554,-0.39485,-1.4578,-1.4121,-0.3863,-0.62988,-0.3589,-0.3362,-0.21329
1.4652,0.71484,0.29743,-0.5002,-0.41201,-0.99474,-0.42826,-0.27321,-0.75206,-0.45467,-0.14251,0.25169
1.1374,1.2425,0.491,-0.11736,-0.20724,-0.92423,-0.86969,-0.68547,-0.62004,-0.12757,-0.25047,-0.043025
1.3486,1.066,0.99174,0.13086,0.055792,-1.5448,-0.6862,-0.29624,-1.3227,-0.78254,-0.78329,-0.26995
1.5815,1.429,1.134,0.2995,0.051411,-1.503,-1.3264,-0.54052,-1.2956,-1.1138,-1.1203,-0.2939
2.0513,1.5226,0.80397,-0.31837,-0.17711,-1.4014,-1.2726,-0.55303,-1.1033,-0.32898,-0.55578,-0.46938
1.852,0.99918,0.57977,0.1029,-0.50047,-1.3838,-0.91166,-0.4141,-0.88241,-1.002,-0.90832,-0.29886
2.4261,1.6342,1.1816,0.24847,-0.23276,-1.735,-1.7995,-0.74473,-1.3805,-0.80312,-0.37509,-0.48391
1.8671,1.4854,1.0522,-0.19853,-0.44486,-1.7193,-1.6148,-0.76057,-1.4462,-0.64413,-0.46966,0.027343
1.3111,1.1669,0.23925,-0.63833,-0.48876,-1.4378,-0.76178,-0.43956,-0.63792,-0.45664,-0.55281,-0.23633
0.67682,0.73369,0.29872,-0.17301,0.1832,-0.91374,-0.59547,-0.47959,-0.97454,-0.34982,-0.34439,0.25839
2.4111,1.9247,0.56815,-0.25603,-0.78561,-1.2317,-0.99537,-0.6599,-0.99291,-0.59056,-0.52009,-0.38193
2.3153,1.7677,0.75127,-0.22339,-0.56832,-1.3439,-1.0814,-0.80765,-0.92775,-0.62409,-0.67785,-0.46422
1.6243,1.1315,1.2387,0.51865,0.59364,-0.76595,-0.48195,-0.42208,-1.2619,-0.46011,-0.57578,-0.30684
2.2182,2.1467,1.3762,0.55197,0.46604,-0.75969,-0.92566,-0.4491,-1.2314,-0.56267,-0.38858,-0.17733
4.8806,3.9106,2.5985,1.4022,0.37772,-1.0506,-1.4979,-0.53567,-0.8746,0.00040779,-0.35332,-0.10236
5.8258,4.7245,2.9751,1.0887,0.43013,-1.1368,-1.0585,-0.38191,-0.94431,-0.12341,-0.25316,-0.063502
7.1011,4.8858,2.2638,0.35281,-0.30358,-1.5154,-1.432,-0.56671,-0.50267,0.0063711,0.24967,-0.16415
6.6008,4.562,2.0398,-0.35221,-0.73542,-1.0382,-0.59079,0.11649,-0.081557,0.29805,0.16118,-0.11693
6.6933,4.7615,2.2269,-0.11746,-0.30344,-0.88404,-0.56585,0.098435,-0.55814,-0.097947,-0.21506,-0.75537
6.6968,4.5937,2.2534,-0.16385,-0.41721,-1.1296,-0.64568,0.013316,-0.40132,0.171,-0.54436,-0.68125
6.2895,4.4498,2.2107,-0.073075,-0.41685,-0.7607,-0.68676,0.14248,-0.19502,0.40604,0.1001,-0.52117
6.7297,4.2009,2.0888,-0.51832,-0.45273,-0.82128,-0.52707,-0.013455,-0.44561,0.034293,-0.15082,-0.50398
5.0314,6.3822,1.2664,0.36245,-1.7993,-1.3596,-0.43336,-0.03082,0.16635,-0.15849,0.055684,-0.77683
1.3778,5.4343,1.025,1.6905,-1.534,-1.1049,-0.48167,0.3136,1.0164,-0.15092,-0.44395,-0.71813
1.5641,1.4617,4.2737,0.28265,-0.99386,0.19259,-2.0093,0.46144,0.20647,-0.62956,-0.057046,-0.96189
0.98288,1.8506,2.5656,-0.67173,-0.72311,-0.99919,-2.4654,0.1417,-0.49596,-0.31748,-0.25701,0.21554
3.1069,1.2679,3.014,0.6041,-1.9409,-1.8537,-2.4503,0.19375,0.13495,-0.25817,-0.21683,-0.35479
5.0535,0.11935,2.5854,1.2154,-2.1245,-1.5995,-2.7184,-0.0622,0.15317,-0.11914,-0.33708,-0.065395
4.6132,-0.11546,2.7239,1.363,-2.5358,-1.4481,-2.8864,-0.40793,0.6618,-0.24088,-0.083154,-0.13911
5.2283,0.23187,2.6572,0.83024,-2.7029,-1.1054,-2.6985,-0.64859,0.44358,-0.45492,0.18532,-0.011196
4.5114,0.43676,1.6593,0.48414,-1.7643,-1.2024,-2.515,-1.1069,0.40041,-0.16897,0.12915,0.10869
5.894,0.065142,1.7088,0.48044,-2.1653,-0.8003,-2.6472,-0.93802,0.20806,0.15044,0.45663,-0.024936
5.139,0.96092,1.0917,0.20983,-1.8136,-1.0104,-2.5511,-1.1254,0.3059,0.037781,0.49934,0.13612
5.9906,0.38709,1.1504,0.17049,-1.8269,-0.78291,-2.8031,-1.1581,0.18919,0.018563,0.49508,0.22099
5.4775,0.76402,1.3368,-0.12533,-1.3923,-0.91766,-2.3338,-1.1803,-0.1838,0.12616,0.58939,0.34574
6.131,0.57517,1.265,0.38233,-1.2363,-0.76812,-2.5847,-1.2701,-0.51759,0.64076,0.866,0.084792
6.9967,0.48562,1.0232,1.0141,-1.5832,-0.76902,-2.6026,-1.0829,-0.22347,0.50591,0.91904,-0.39384
7.659,0.67755,0.17692,0.91187,-1.723,-0.72377,-2.1783,-0.86736,0.19127,0.32082,0.36483,-0.34422
6.8844,1.0368,1.6163,1.1349,-3.037,0.1756,-2.9153,-0.55518,0.22405,0.54304,0.69691,-0.32967
6.7749,-0.015841,1.0038,1.7018,-1.9046,-0.33057,-2.7092,-0.24178,0.91185,0.37059,0.7836,-0.87215
7.1366,0.8741,1.0905,1.3729,-1.7,-0.26279,-2.7025,-0.6016,0.23831,-0.2761,0.53667,-0.2742
6.6439,0.31826,0.77363,1.7742,-2.0145,-0.1693,-2.2139,-0.53992,0.10913,-0.11215,0.6655,-0.60263
6.9196,0.63946,0.45673,2.5194,-2.5753,-0.14425,-2.054,-0.4328,-0.42226,0.10258,0.69421,-0.72303
8.0764,0.74091,0.88622,1.4661,-1.8852,0.044009,-2.1262,-0.8446,-0.27171,-0.20833,-0.29509,-0.54212
7.0862,0.56731,0.70184,1.1804,-1.7669,-0.97839,-2.6143,-1.6876,-0.48944,-0.57018,-0.34955,-0.67159
6.3017,0.53045,0.82211,1.3015,-1.1042,-1.7975,-2.0672,-1.2009,-0.2739,-0.073394,0.17873,-0.078972
7.3701,0.77924,1.6825,0.36276,-1.3816,-1.2279,-2.4257,-1.4439,-0.18957,-0.020137,0.29419,-0.30043
5.5782,1.4404,0.9503,0.65396,-0.91584,-1.5369,-1.6908,-1.1642,-0.53415,-0.21696,-0.4059,-0.69754
7.5843,0.50723,2.0334,0.94653,-1.1756,-1.2411,-2.176,-1.3552,0.03962,0.076962,-0.29335,-0.66667
5.9067,0.30327,1.1093,1.3695,-0.42583,-1.1151,-1.4556,-1.2803,-0.49044,0.47968,0.10913,-0.65103
5.5758,0.63217,0.63569,0.86414,-0.64203,-1.1767,-1.4773,-1.3264,-0.51445,0.54181,0.26841,-0.70827
7.3144,-0.27885,2.1249,1.8444,-0.39256,-1.4117,-2.9317,-2.0529,-0.38542,-0.044671,0.3149,-0.44566
6.468,0.64678,1.4666,1.5024,-0.5852,-1.5162,-2.1472,-1.6865,-0.79009,0.32122,0.48607,-0.67212
6.3395,0.735,1.1411,0.73938,-0.8923,-1.2599,-1.3783,-0.72905,-0.20911,0.13673,-0.11961,-0.98102
7.8273,0.037708,1.2787,0.96664,-0.57188,-0.5531,-1.3577,-1.2866,-0.54659,0.46877,0.3589,-1.1032
7.494,1.7192,1.5418,0.91433,-1.0056,-1.2251,-1.4163,-1.4523,-0.90276,0.17962,-0.16054,-1.0826
7.5611,1.691,2.0834,0.78761,-0.74624,-1.1269,-2.3555,-1.4849,-0.07603,0.12608,-0.18223,-0.57076
8.4183,0.549,1.0414,0.75814,-0.013064,-1.1205,-1.6442,-1.5907,-0.80341,0.019544,0.25727,-0.88484
7.1136,1.2818,1.5822,0.95019,-0.17836,-0.48076,-1.2755,-1.5039,-0.79343,0.51837,0.36336,-1.3172
-0.44798,3.0996,0.98306,1.4553,0.98324,-1.256,-1.772,-1.16,-0.15461,-0.47472,-0.085624,-0.7508
