-0.0088263,0.0087874,-0.0087228,0.0086326,-0.0085171,0.0083765,-0.0082115,0.0080223,-0.0078096,0.007574,-0.0073161,0.0070369
-0.019509,0.019423,-0.01928,0.019081,-0.018826,0.018515,-0.01815,0.017732,-0.017262,0.016741,-0.016171,0.015554
-0.027668,0.027546,-0.027344,0.027061,-0.026699,0.026258,-0.025741,0.025148,-0.024481,0.023743,-0.022934,0.022059
-0.095658,0.095237,-0.094536,0.093559,-0.092307,0.090784,-0.088994,0.086944,-0.084639,0.082086,-0.079291,0.076264
-0.00072613,0.00072294,-0.00071762,0.0007102,-0.00070069,0.00068913,-0.00067555,0.00065999,-0.00064249,0.00062311,-0.00060189,0.00057892
-0.27188,0.05771,0.18391,-0.33804,0.33138,-0.16709,-0.076684,0.28398,-0.35619,0.25897,-0.038568,-0.20018
-0.93272,0.45167,0.61831,-1.186,1.0786,-0.51414,-0.29568,0.99508,-1.212,0.66835,-0.32604,-0.71907
-0.4453,0.89467,0.89182,-1.0214,1.1196,-0.67247,-0.39239,0.75231,-1.3488,0.5985,-0.36074,-0.63844
1.691,1.6581,0.75927,-1.2353,0.10689,-0.85036,-0.55319,0.49139,-1.1652,0.059133,-0.72191,-0.9108
1.9307,1.6329,0.65025,-1.1774,-0.071267,-1.089,-0.76395,0.12942,-1.3311,0.094459,-0.55906,-0.7149
1.295,1.0865,0.19873,-1.2356,0.54291,-0.61756,-1.0798,-0.12316,-1.404,0.68694,0.31747,-0.36498
1.7562,0.66428,-0.77247,-1.5156,0.14586,-0.69512,-1.0551,-0.2439,-1.0585,0.57495,0.030821,-0.48396
2.7481,1.1587,-0.91821,-2.0278,-0.13789,-0.99829,-1.174,-0.30063,-1.1962,0.73353,-0.2484,-0.50792
1.5802,0.66209,-0.6215,-1.8548,0.17276,-0.96958,-0.9115,-0.11471,-1.1775,0.55669,-0.55008,-0.66755
1.5447,1.0352,-0.0092844,-2.1701,0.21748,-0.95129,-0.84555,0.58609,-1.2046,0.64669,-0.16353,-0.939
1.8592,0.53864,0.72213,-0.58851,0.0093652,-0.081254,-0.6591,0.57587,-0.58916,0.23533,0.26041,-0.095511
6.4841,4.7275,2.0908,-0.9631,0.0050337,-1.0491,-0.54128,0.61333,-0.78838,0.028892,-0.54129,-0.92995
6.8906,5.0064,1.8034,-0.83932,-0.33321,-1.1119,-0.22552,0.65604,-0.22319,0.15391,-0.63868,-0.92027
7.554,4.6129,1.1024,-1.476,-0.17263,-0.46407,-0.14968,0.58414,-1.1143,0.41341,-0.19245,-0.635
6.8267,5.1908,2.4556,-0.97472,-0.091176,-1.0826,-0.52557,1.0211,-1.0133,0.13946,-0.46373,-0.71102
5.9659,4.2826,1.9831,0.023109,0.35375,-0.52273,-0.11579,0.55672,-0.57262,-0.052184,-0.77883,-0.75574
6.9361,5.2251,2.2828,-0.49036,-0.023042,-0.8755,-0.5996,0.73471,-0.53965,-0.094018,-0.61676,-1.0504
6.6755,4.8049,1.7261,-0.67228,-0.28952,-0.93524,-0.2791,0.42335,-0.49711,-0.073135,-0.50088,-0.74515
2.046,0.66817,1.8271,-0.11447,-0.069172,0.50549,-1.1792,-0.77496,-0.38202,0.052409,-0.32918,-0.065715
1.407,1.6303,2.0902,-0.22274,-0.53706,-1.676,-1.0708,0.30712,0.35617,-0.27738,-0.33917,0.47737
2.2939,2.0827,2.3015,-0.26126,-0.84862,-2.1294,-0.708,0.51173,0.41867,-0.62559,0.26718,0.61204
4.6513,1.3503,1.6629,0.61203,-1.1703,-2.1811,-1.3229,-0.13181,0.52315,-0.08318,0.33301,0.10227
5.3591,1.5395,1.6927,0.73034,-1.9014,-2.1859,-1.6221,-0.014885,0.17917,0.10358,0.069121,-0.025763
5.5876,1.4921,1.4594,0.99136,-1.7598,-2.4921,-1.6353,-0.43106,0.10327,0.22491,0.1043,-0.16157
5.372,1.1351,1.2601,0.79183,-1.6539,-2.019,-1.9083,-0.78605,0.32302,0.46889,-0.017563,-0.51346
5.7915,1.0863,1.5807,0.90856,-1.7538,-2.1822,-1.9871,-0.51025,0.69299,0.32694,5.9982e-05,-0.77573
5.9495,0.96015,0.5969,0.81847,-1.0167,-1.9523,-1.9679,-0.69293,0.61678,0.044469,0.22627,-0.59176
7.2866,0.28935,0.92839,1.1495,-1.6408,-1.7483,-1.8863,-1.1468,1.1123,0.017113,0.20994,-0.61018
6.5159,0.88413,1.1075,0.65175,-1.6969,-1.4029,-1.72,-0.71236,0.35986,0.19023,0.38072,-0.70772
6.5483,0.46866,1.1056,0.67786,-1.3483,-1.204,-1.4804,-1.314,0.57771,-0.3499,0.89722,-0.88002
5.8776,0.66609,0.71276,0.8494,-1.505,-0.52583,-1.6626,-1.5055,0.49129,-0.324,0.66074,-0.64327
6.9337,0.10701,1.7459,1.1822,-1.6241,-1.161,-1.9684,-0.81462,0.38393,-0.10499,0.38371,-1.262
6.1344,1.4008,1.28,0.6012,-0.83327,-1.1905,-2.0874,-1.0776,0.074648,-0.15663,0.58544,-0.60832
6.4732,1.1786,1.693,0.69991,-0.82606,-1.4284,-2.2668,-1.3717,-0.13396,0.049847,0.60359,-0.54742
6.8401,1.1885,2.1208,1.0823,-1.6041,-1.2512,-2.3225,-1.9714,0.378,-0.18152,1.1156,-0.77373
6.7122,0.94564,1.5472,0.42126,-1.2058,-1.2809,-2.1016,-1.6032,0.28255,-0.15651,0.3904,-0.5958
6.7887,0.34414,1.6004,0.74596,-0.78945,-1.5676,-2.4537,-1.9559,-0.48646,0.32946,1.1933,-0.60848
5.845,0.94768,1.3731,-0.031819,-1.5184,-1.9593,-2.6832,-1.2,0.23813,0.18904,0.37698,-0.38236
7.2211,-0.41474,0.67893,-0.15619,-1.5084,-2.0637,-2.5192,-1.157,0.21238,0.28424,0.54149,0.023979
5.5734,0.20302,0.95509,0.012107,-1.4336,-1.9618,-2.5201,-1.1929,-0.16978,0.037361,-0.19068,-0.56521
7.101,-0.99252,1.1737,0.25041,-1.4445,-1.7731,-2.7565,-1.1859,-0.14743,-0.088321,0.292,-1.0869
5.1397,-0.52126,1.006,-0.26341,-1.6019,-1.6598,-2.6278,-1.123,0.33926,0.31552,0.33408,-0.41994
6.5246,0.3335,1.9147,0.78231,-1.0223,-1.6773,-2.3184,-1.0011,-0.47433,-0.010429,0.21524,-0.13202
7.5451,0.10161,2.5932,0.97063,-1.5011,-2.0263,-2.5945,-1.2921,-0.34516,0.54102,0.14074,-0.74371
5,0.97417,0.9818,0.61923,-0.9146,-1.3102,-1.813,-1.3565,-0.83991,-0.59515,-0.27225,-0.63071
8.3336,0.81694,1.6677,1.1391,-0.77921,-1.4077,-1.9778,-1.2493,-0.87267,-0.73741,-0.26874,-0.75146
7.6218,0.7098,1.0264,1.2148,-0.38743,-1.1928,-1.8857,-1.0222,-0.35763,-0.069475,-0.25522,-0.63282
6.4318,0.64901,1.2199,1.1951,-0.60086,-1.4816,-1.8907,-0.9021,-0.17756,0.046241,-0.048319,-0.86819
5.8004,-0.95066,0.62917,0.54304,-0.41169,-0.80272,-0.86003,0.19869,-0.23725,-0.23394,0.20258,-0.54973
6.3994,-1.1065,-0.30719,0.48623,-0.097612,-1.347,-1.8606,-0.22063,-0.52384,0.24393,0.6593,-1.1774
7.4018,-0.4575,0.90665,0.61785,-0.042176,-1.3299,-1.6778,-0.97705,-0.77395,-0.028871,0.89118,-0.51207
6.3633,0.25026,0.96183,0.98931,-0.39532,-1.525,-1.361,-0.96714,-1.3295,0.45538,0.60553,-1.0145
7.2878,0.0054825,1.0732,0.74252,-0.31769,-1.3792,-1.9207,-0.56523,-1.1304,0.13961,0.83563,-0.1269
7.2802,0.60019,1.3444,0.91136,-0.50972,-2.002,-2.0098,-0.74865,-0.34309,0.71199,0.47372,-0.81816
6.0692,1.8614,1.4105,0.73528,-0.57149,-1.9993,-2.0685,-0.99875,-0.82353,-0.056723,-0.10309,-0.52003
7.0775,1.3607,0.97649,-0.44117,-0.5571,-2.2221,-2.6132,-0.81955,-0.44632,-0.021386,0.066683,-0.41759
4.7185,1.3973,0.54959,-0.039933,-0.73476,-2.3641,-2.4834,-1.4261,-1.6007,-0.44903,-0.4674,-0.96314
6.2708,0.55163,0.75502,0.25507,-0.013631,-1.8523,-2.8002,-1.4869,-0.93487,0.10049,-0.38677,-1.2012
6.6832,0.78391,0.14121,0.62055,-0.12649,-2.8495,-2.4873,-0.75885,-1.2101,0.24735,0.14431,-0.53297
6.728,-0.35877,0.27267,-0.081372,0.13305,-1.4875,-2.3009,-0.85572,-1.1664,-0.10586,-0.55987,-1.3547
6.1218,0.22498,-0.13814,-0.03428,-0.46386,-2.392,-2.6139,-1.4345,-1.0388,0.32813,-0.58001,-1.4249
6.8744,0.61394,0.446,-0.30306,-0.33533,-1.9184,-1.5658,-0.93098,-0.95335,0.54013,0.11817,-1.5369
6.0856,1.5319,0.44065,0.7031,-0.27766,-1.6531,-2.149,-1.7849,-1.2198,0.2269,0.52409,-0.15859
7.4449,1.5889,0.49929,-0.37968,-0.30463,-2.4243,-2.5418,-0.9533,-0.76358,1.2651,0.1643,-0.98
5.5589,2.6071,1.1124,0.073813,0.29524,-1.7363,-2.2801,-1.0385,-1.0528,0.72534,-0.075828,-0.88377
7.4052,2.894,1.1421,-0.049707,0.63681,-1.8701,-2.032,-0.46705,-1.2522,-0.24327,-0.21528,-1.0409
7.0448,2.2497,0.97727,-0.51736,-0.10111,-2.1407,-1.4162,0.049111,-1.2791,0.14832,-0.79722,-1.4221
6.5683,1.7742,0.30144,-0.021676,0.18317,-1.5553,-1.9565,-0.903,-0.33096,0.39939,-0.64546,-1.4787
7.1315,2.4874,0.12795,-0.022148,-0.12891,-2.576,-2.1779,-0.83218,-1.0097,-0.080875,0.018081,-1.1555
6.3582,2.1417,0.095393,-0.54831,-0.8332,-2.1653,-2.171,-1.207,-1.0135,-0.069058,-0.89213,-1.529
6.8983,2.2285,-0.25484,-0.63565,-0.054236,-1.5734,-1.5386,-0.86667,-1.5939,0.1279,-0.17999,-1.0989
6.7895,2.6342,0.63891,-0.045734,0.11498,-2.3499,-2.5051,-0.48521,-0.13265,0.56681,-0.0066226,-1.3091
7.304,3.0937,0.17322,0.046949,-0.1506,-2.3295,-2.6144,-0.93285,-0.21923,0.70272,0.024992,-1.125
6.8671,2.3518,0.37754,0.3975,-0.027457,-1.7452,-1.6774,-0.91996,-0.76302,0.34801,-0.25635,-1.5282
7.4031,2.5142,-0.10405,0.00086506,-0.40929,-2.0159,-1.8154,-1.0522,-0.37983,0.31724,-0.11267,-0.93709
6.2474,2.3168,-0.12451,-0.4646,0.089889,-1.378,-1.9014,-0.98211,0.17392,0.71716,-0.43658,-1.9379
6.1568,1.9335,-0.51597,-1.6622,-0.72159,-2.4116,-2.0452,-0.9028,-0.20568,0.93569,-0.43423,-1.515
6.3465,2.2238,-0.19072,-1.3029,-0.50651,-1.8741,-1.5142,-0.49205,-0.83967,0.71062,0.56035,-0.71333
5.7469,2.0433,-0.37166,-0.95911,-0.10738,-2.0105,-1.986,-1.4285,-0.77145,0.99357,-0.17027,-0.72386
5.0176,1.8955,0.26279,-0.018696,-0.083985,-2.5069,-1.7705,-1.1765,-0.87952,1.002,0.15075,-0.37106
5.4037,2.0013,-0.062178,0.15062,-0.93237,-1.9791,-1.8762,-1.4931,-0.85785,0.47661,0.056191,-0.55956
5.6105,2.0662,0.034027,-0.9402,-1.7542,-2.8398,-2.0343,-1.9228,-1.8715,-0.3113,0.18384,-0.678
5.9824,2.4693,0.1194,-0.31205,-0.44264,-1.8274,-2.3096,-1.7757,-1.0658,0.26117,0.12867,-0.88676
4.7763,2.1421,-0.1679,-0.5713,0.32436,-1.6951,-1.7151,-0.81255,-0.44151,0.72932,-0.22129,-1.1721
5.1014,2.3866,0.63188,-0.045661,0.23145,-2.4543,-2.1794,-0.43163,-0.11812,0.59354,-0.64598,-1.1563
5.5535,2.5845,0.84964,-0.25609,-0.081906,-2.9606,-1.8076,-0.29941,-0.12365,0.24368,-0.92762,-1.7045
5.7402,2.8334,0.67361,-1.456,-0.38759,-2.4063,-1.767,-0.92854,-1.1536,0.32495,0.028747,-1.3372
5.5984,2.7704,0.25432,-0.8031,-0.068664,-2.2028,-2.3109,-0.89284,-0.66448,0.61436,-0.52731,-1.3048
5.8516,3.0857,0.35202,-1.0253,-0.026268,-2.7183,-2.2915,-0.54824,-0.5641,1.1179,-0.37816,-1.1958
4.524,2.5549,-0.016581,-1.1938,-0.13281,-2.4157,-2.2429,-1.0911,-1.2559,0.70922,-0.34753,-0.93175
4.7745,3.5364,1.0897,-0.69464,0.37159,-2.3532,-1.872,-0.66172,-1.0835,0.69427,-0.3342,-0.77807
5.3132,3.3582,0.98648,-1.1891,-0.43998,-2.1585,-1.8561,-0.4053,-1.0357,0.15509,-0.014577,-0.25331
4.5773,3.6319,1.6708,-0.37086,-1.1201,-2.6002,-1.7833,-0.90075,-1.5028,0.17328,0.51703,0.28339
5.1136,3.6528,1.7568,-0.23041,-1.6221,-2.7841,-1.6648,-0.65407,-1.2095,0.098051,0.4397,-0.32934
4.3509,3.1808,0.962,-0.32707,-0.86377,-1.6842,-0.86256,0.02424,-0.64934,-0.052308,-0.053168,-0.45357
4.678,3.0552,0.52057,-1.5496,-1.0404,-2.445,-1.3445,0.14907,-0.79361,0.65149,0.13779,-0.38182
4.7327,2.8483,0.8139,-1.5254,-0.53989,-2.6941,-1.1087,0.3827,-1.4114,0.22698,-0.36467,-0.53816
2.4934,4.8586,1.0519,-1.5462,0.24712,-3.5889,-0.63246,-1.6401,-1.0945,-0.2499,0.36009,-0.022602
0.3667,5.9702,-0.040884,-0.81075,0.8831,-4.3863,-0.43425,-0.99835,-0.37799,0.37642,-0.45195,-0.4096
-1.2956,6.2311,-0.64613,-1.3093,-0.87893,-3.9428,-0.12611,-0.83454,-0.8486,-0.10812,-0.08923,0.11667
-2.2905,7.407,-0.59952,-1.1302,-0.1915,-3.3638,-0.33947,-0.33933,-0.54124,-0.16834,0.043033,0.18276
-2.6833,7.2914,-0.8075,-0.69825,0.28089,-3.1058,-0.51173,-0.96941,-0.49299,0.26685,0.82203,0.34629
-3.4278,7.4821,-0.89443,-1.5177,0.10379,-3.3427,-0.68446,-1.284,-0.42683,0.63535,-0.62048,-0.79455
-3.8225,8.2484,-1.9277,-1.6195,-0.13736,-4.0601,-1.366,-1.0095,-0.41781,-0.63187,-0.81421,-0.96674
-3.9598,8.4259,-1.2773,-1.3848,-0.24977,-3.2008,-0.92624,-0.6345,-0.61555,-0.2978,-0.089576,-0.4997
-4.0028,8.2741,-1.3705,-1.094,-0.46772,-3.913,-0.773,-1.0404,-0.026393,-0.48585,0.34578,-0.80667
-5.0821,8.252,-1.378,-1.3509,-0.95445,-3.4978,-0.21094,-0.54465,-0.68495,-0.030333,-0.013665,-0.71295
-5.0032,7.0658,-0.9933,0.18985,-0.20607,-2.6984,-0.4736,-1.8868,-0.62917,-0.51704,-0.49774,0.11236
-5.7072,7.3851,-0.91626,0.058597,-0.44433,-3.0851,-0.28812,-1.3451,-0.67569,-0.17299,-0.4104,-0.0060549
-5.9644,8.3008,0.091904,-0.79424,-0.80661,-3.1601,-0.62514,-1.4908,0.21141,0.42199,-0.47729,0.21859
-6.631,6.7544,-0.20211,-0.77814,-0.88646,-3.7723,-0.53316,-0.80151,0.7324,0.048566,-0.39982,0.34996
-6.3396,6.3747,-0.72581,-1.357,-1.0814,-3.23,0.081977,-1.2603,0.12451,0.19666,-0.35027,-0.43624
-5.2854,3.5617,-1.4134,-1.003,-1.2584,-3.1258,0.32282,-0.8015,0.054492,-0.46992,-1.1011,-0.89253
-4.6079,3.6412,-1.4697,-1.5454,-1.0647,-2.867,-0.34146,-1.5849,0.39944,0.10759,0.088946,-0.34277
-2.7744,3.3542,-1.9256,-1.2289,-1.2061,-3.3417,-0.75958,-0.89621,0.37625,-0.63863,0.023334,0.20154
0.26229,3.3592,-1.1422,-0.5973,0.60254,-1.5904,-0.30484,-0.31961,0.47908,-0.1058,-0.65162,-1.0418
3.9837,0.24227,-0.97098,0.3043,-0.13761,-1.2949,-0.51246,-0.42355,0.91574,-0.11841,-0.78418,-0.73205
4.5847,0.20649,-0.72386,-0.035416,-0.3218,-1.3665,-0.91759,-1.0132,1.4056,-0.37916,-0.7387,-0.4742
4.6986,0.41782,-0.7458,0.14648,-0.47446,-0.87745,-1.1962,-1.144,1.0784,-0.66052,-0.34291,-1.0122
4.7846,-0.19301,-0.88284,0.20964,-0.43971,-0.88987,-0.91922,-1.2051,1.022,-0.71833,-0.60456,-1.0587
5.3469,0.30665,-1.7236,0.43695,0.10532,-1.1675,-1.058,-0.82651,0.55602,-0.6074,-0.62105,-0.73572
5.3952,-0.73327,-1.3387,0.4788,0.18257,-1.2766,-1.2528,-0.96826,0.50855,-0.62269,-0.11877,-0.5114
5.5674,-0.47011,-1.4309,0.52027,-0.30349,-1.0416,-1.0771,-0.78722,0.70218,-0.61619,-0.065892,-0.28491
5.3626,-0.27051,-1.0329,0.3507,0.17428,-0.91083,-1.3505,-1.2293,0.80564,-1.0013,0.16237,0.17097
5.1702,-0.046667,-0.96799,0.2851,0.19658,-1.2141,-1.3191,-1.2239,0.41085,-1.0633,0.15624,-0.34322
5.7923,-0.36778,-1.0567,0.18831,0.29664,-1.4964,-1.1866,-1.2115,0.63209,-0.72888,-0.52201,-0.34184
5.8304,-0.64499,-0.94234,0.41242,0.39967,-1.2072,-1.4896,-1.1306,0.87796,-1.074,-0.14756,-0.23433
5.4672,-0.18752,-1.0008,0.24732,0.41647,-1.4153,-1.1557,-0.83223,1.0168,-1.6986,-0.23715,-0.10614
5.5109,-0.15588,-0.91873,0.34629,-0.36091,-1.1171,-0.9783,-0.9607,0.75175,-1.4448,-0.23114,-0.14772
5.8571,-0.13221,-1.0174,-0.13094,-0.18016,-1.235,-0.59961,-1.0624,0.46792,-1.1703,-0.2093,-0.060503
5.7151,-0.22675,-0.24352,-0.12166,-0.48796,-1.062,-0.72754,-1.4507,0.92856,-0.81311,-0.45389,-0.36989
5.6448,0.36383,0.048,-0.29123,-0.36202,-1.2318,-0.77725,-0.96755,1.1122,-1.4284,-0.69226,-0.69231
5.8429,-0.87673,0.067587,0.55185,0.048578,-0.82513,-0.65535,-1.1268,0.47634,-1.476,-0.67654,-0.48585
5.9844,-0.40176,0.29229,0.7159,-0.74033,-1.2235,-0.27791,-0.54567,0.73298,-1.4882,-0.71863,-0.49575
6.0028,-0.18176,-0.16865,0.19599,-0.02115,-0.66752,-0.27916,-1.2171,0.78473,-1.168,0.028142,-0.065794
5.0391,-0.51911,0.77125,0.18146,-0.76477,-1.4477,-0.78937,-0.61944,0.41556,-1.5063,0.24923,-0.34725
5.5461,-0.95959,0.61305,0.48966,-0.46209,-1.8544,-0.021922,-1.1165,0.71788,-1.3952,-0.060045,-0.54832
5.258,-0.63473,1.2979,-0.3582,0.1509,-1.9228,-0.26104,-0.34815,0.00041589,-1.3714,0.32518,-0.60719
5.4034,-0.38865,1.2163,0.82076,0.24185,-1.9694,0.026991,-1.4236,0.1876,-0.30232,0.0017368,-0.99061
5.2934,-0.75075,1.0381,0.89194,0.11853,-1.562,-0.0012158,-1.5166,-0.5516,-0.65842,0.33765,0.14148
5.3511,-1.2116,1.2209,0.64317,0.72632,-1.6684,-0.94628,-2.2254,-0.28536,0.029961,-0.068334,0.3176
5.7256,-0.77804,0.94629,0.041955,0.78646,-1.3078,0.0098964,-1.3019,0.055163,0.26168,-0.11149,-0.55074
5.0204,-1.3745,0.0043222,0.094184,0.06386,-1.6762,-1.6453,-1.5011,-0.66424,-0.20811,-0.76247,-0.4894
5.7231,-1.861,0.35467,-0.29452,0.45814,-1.2431,-0.87042,-0.98603,-1.0329,-0.19714,-0.62776,0.074456
6.4705,-1.9603,-0.41332,-0.24617,0.2899,-1.0637,-0.8162,-1.2697,-0.79357,-0.60691,-1.5125,-0.37021
6.2326,-1.8211,-0.6592,0.063498,-0.17604,-0.53813,-0.46259,-0.74595,-0.0015775,0.74589,-0.51453,-0.13005
6.9415,-1.8421,0.30376,0.90343,-0.72017,-0.93924,-0.85372,-1.0917,0.28796,-0.32568,-0.29236,-0.0069526
7.1999,-1.4124,0.067994,0.15797,-0.50934,-1.5311,-0.78188,-0.85727,-0.05516,-0.22866,-0.5232,-0.34369
7.7766,-0.57539,0.42252,-0.041077,-0.33951,-1.4039,-1.1941,-0.91312,-0.94348,-0.10875,-0.69727,-0.79891
6.0444,-1.1516,-0.49483,0.30176,-0.78032,-1.1512,-1.1245,-0.89702,-0.71776,-0.75212,-0.78999,-0.67465
7.2417,-1.0868,0.11064,0.81658,0.32197,-0.76545,-1.3749,-1.2551,-0.93746,-0.2,-0.6122,-1.0381
5.1926,-0.15444,-0.31001,-0.17879,-0.55496,-1.4928,-1.3456,-1.2836,-0.70518,-0.23376,-0.50529,-1.0369
2.1192,1.0739,1.0735,-1.6997,0.54993,-1.9625,-0.56591,-1.0751,-0.27724,-1.2749,-0.59206,-0.45943
-0.13819,2.5219,1.15,-1.693,-0.2398,-1.9355,-1.4433,-1.2714,-0.43641,-0.82747,-0.42541,-0.44336
0.2281,2.6147,0.17928,-1.8777,0.8567,-1.7142,-2.154,-1.4994,-0.43072,-0.58302,-0.5564,-0.434
-1.4076,2.5828,0.4277,-1.435,0.69842,-1.4643,-1.1593,-2.1372,0.16607,-0.35857,-0.27633,-0.44245
-1.9658,1.903,0.45616,-1.2855,0.67474,-1.0007,-0.8363,-1.1578,0.3883,-0.58472,0.093409,-0.50293
-1.8253,1.5484,-0.21224,-1.6261,0.21587,-0.43008,-0.61061,-1.3459,0.28487,-1.2477,-0.80131,-0.71055
-1.1835,0.54342,-0.66765,-1.7922,0.13294,-0.90554,-1.2653,-1.6134,0.40042,-0.75972,-1.0101,-1.1039
-0.75563,0.079664,-0.51652,-2.3488,-0.16913,-0.93874,0.099257,-1.0078,-0.25037,-1.335,-1.0478,-0.70673
-0.57528,0.12256,-0.51453,-2.5215,-0.086558,-0.60804,-0.88421,-1.761,-0.56799,-0.93609,-0.74424,-1.1022
0.59118,-0.15717,0.07988,-1.2843,0.73597,-1.2594,-0.80294,-0.98818,0.15842,-0.44577,-0.7421,-1.0156
1.675,0.36208,-0.21696,-2.2592,0.34752,-1.1046,-0.82073,-1.0309,0.75356,-0.80839,-0.64004,-0.73775
2.4487,0.22901,0.2526,-2.2002,0.6727,-0.82261,-1.5844,-1.2017,0.31522,-0.6899,-0.67841,-0.62672
2.1207,-0.27376,-0.13034,-2.3134,0.13843,-1.2915,-1.1947,-1.795,0.17173,-0.59835,0.068767,-1.1939
2.7562,-0.40812,0.37228,-2.2444,-0.22001,-1.0725,-1.3708,-2.0014,-0.35979,-0.85475,-0.2314,-1.0061
1.945,-1.1846,-0.18241,-2.5034,0.86028,-0.81692,-0.53253,-0.77292,-0.15671,-0.93926,-0.70777,-0.88389
2.1103,-1.473,0.22892,-2.1163,0.062367,-0.90029,-1.6127,-1.2483,0.27042,-0.38113,-0.49457,-0.14615
2.6777,-0.77136,-0.13683,-1.5789,0.11598,-0.57056,-1.5523,-0.96456,0.63708,-0.60844,-0.79904,-0.99846
3.1971,-1.5163,-0.38806,-3.0722,0.10938,-0.30333,-1.542,-0.38468,0.18274,-0.22001,-0.69813,-0.73587
2.5596,-1.5795,-0.16576,-1.8986,0.35113,-1.0338,-2.4226,-0.68231,-0.61406,-0.90527,0.11017,-0.39443
3.5366,-0.86527,-0.029484,-1.8943,1.1522,-0.74973,-2.8315,-1.7503,-1.1285,-1.2073,-0.45618,-0.52797
3.7283,-1.2199,0.067313,-1.4779,0.47857,0.018969,-1.4703,-0.42072,-0.31131,-0.87982,-0.71741,-0.73907
4.4225,-1.0593,0.15685,-2.3416,-0.32552,0.30612,-1.6259,-0.88493,-0.80677,-1.585,-1.0781,-0.79174
4.4795,-0.49567,-0.1308,-2.473,-0.1854,-0.45427,-2.8199,-1.1387,-0.42944,-0.27923,-1.0733,-0.65403
4.8637,-1.0357,-0.24546,-2.4099,-0.91239,-0.27031,-2.3539,-1.7244,-0.13668,-0.16606,-0.69544,-0.61946
5.2608,-0.27045,-0.73726,-2.1802,-0.48291,-0.98107,-2.6265,-1.9384,-0.28992,-0.74582,-0.64303,-0.44131
5.0429,0.36829,-0.65329,-2.1612,-0.99254,-1.0669,-2.7931,-1.5122,0.041164,-0.53725,-1.0765,-0.71789
5.0409,0.326,-0.036805,-1.322,-0.85659,-1.1697,-2.2443,-1.379,-0.25894,-0.60084,-0.77539,-0.30326
5.4652,1.2613,-0.73286,-2.22,-0.59368,-1.0348,-0.91158,-0.59253,-0.46825,-0.98369,-0.70748,-1.087
5.6431,1.5454,-0.89138,-1.4533,-0.62532,-1.1541,-1.0741,-0.49597,-0.067905,0.047199,-0.36543,-0.91013
4.6516,1.0212,-0.94545,-1.9568,-1.1173,-0.73548,-0.63889,-0.068441,-0.28027,-0.81817,-0.58714,-1.1498
4.7626,1.8987,0.7351,-1.2653,-1.1622,-2.0118,-1.0694,-0.75094,-0.62926,-0.2268,-0.11695,-0.17077
5.3517,1.2046,-0.58924,-1.3338,-1.2003,-1.1334,-1.3743,-1.1271,-0.9038,0.023192,-0.31816,-0.27145
5.9961,1.8637,0.22346,-1.1937,-0.94879,-1.8881,-1.6734,-0.36598,-1.0486,-0.84074,-1.1979,-0.9314
5.8367,2.1793,0.033292,-1.3985,-1.1631,-1.7397,-1.7964,-0.7067,-0.80785,-1.2085,-1.0403,-0.88152
5.4906,2.6687,0.29037,-0.86493,-0.91281,-1.2913,-1.3992,-0.49268,-0.88542,-0.72373,-0.69209,-0.83061
6.0695,2.913,0.29872,-1.922,-0.39811,-0.91369,-1.03,-0.73697,-0.93487,-0.7067,-1.2127,-0.6461
4.7807,2.0715,0.69424,-0.8487,-0.99534,-1.9601,-2.2072,-1.4657,-1.3683,-0.45586,-0.16354,-0.34948
4.8635,3.1405,1.594,-0.079393,-0.76444,-1.7889,-2.04,-0.43482,-0.8618,-0.93193,-0.33045,-0.2695
5.8258,3.3821,1.0777,-1.1101,-0.88802,-0.46822,-1.4495,-1.026,-0.67304,-0.85136,-1.365,-1.176
5.1951,2.468,0.5184,-0.51464,-0.10109,-1.5477,-1.4443,-0.44389,-1.0211,-1.1525,-0.96245,-0.56184
4.8622,1.6136,0.42738,-1.1178,-0.18577,-0.87602,-0.59901,0.056226,-0.92422,-0.75507,-1.0756,-1.4814
4.7003,2.322,-0.22435,-1.1511,-1.0442,-1.4364,-0.88619,-0.61494,-1.9203,-1.2542,-1.0977,-1.0291
4.369,2.0534,0.10826,-1.1305,-1.1105,-1.5653,-1.4261,-0.95459,-0.91367,-0.49727,-0.63679,-1.0868
3.6809,2.2808,0.36313,-0.86839,0.053228,-1.6639,-1.8659,-0.37553,-0.54323,-0.40383,-0.52043,-0.69554
3.603,1.8697,-0.13602,-0.73402,-0.24509,-1.0899,-1.293,-0.18605,-1.3375,-0.15371,-0.51651,-0.94102
3.0632,2.3454,0.19422,-1.1794,-0.08473,-0.28249,-0.26074,-0.1189,-0.92872,0.027784,-0.79946,-0.63339
2.7431,1.4595,-0.18048,-1.6687,-0.54394,-0.93192,-0.15145,0.16899,-1.0919,-0.48385,-1.0265,-1.5973
2.7977,1.411,-0.35311,-1.3544,0.31957,-1.195,-0.90557,0.079011,-1.2103,-0.26315,-0.79179,-1.5402
2.8697,1.9997,-0.71674,-1.2908,0.011355,-0.92975,0.034339,-0.67156,-0.21905,-0.7115,-1.1232,-1.6989
-1.2997,4.7692,-1.6556,-0.69561,0.95649,-1.3726,0.90595,-1.1538,-0.089265,-1.125,-0.85462,-0.91544
-3.9057,4.8628,-1.6243,-0.017278,1.2002,-1.9098,0.3363,-1.5849,-0.018043,-0.8172,-0.70337,-0.79916
-5.1143,5.9468,-0.7392,0.29421,-0.027007,-2.0505,-0.13819,-0.97351,-0.14466,-0.32669,-0.14533,-0.14858
-5.3687,6.9576,-1.0916,0.3462,0.21989,-2.5977,-0.6302,-1.3541,-0.22957,-0.84741,-0.44986,-0.57892
-6.0476,5.7542,-0.55553,-0.5568,-0.84078,-2.227,-0.98563,-1.5221,-0.42288,-0.072648,-0.52762,-0.78731
-5.3645,6.4303,-1.2177,-1.4127,-0.97656,-2.6824,-1.4927,-1.7855,-0.50498,-0.55267,-0.36507,-0.72725
-5.574,6.9973,-0.31901,-0.32876,-0.2669,-2.458,-1.2332,-2.1054,-0.91755,-1.1068,-1.2025,-0.95516
-5.7586,6.6576,-0.49217,-0.8314,-0.097268,-1.8576,-0.46727,-0.79572,0.16553,-0.18834,-0.13788,-0.64809
-6.1434,6.7577,-1.5774,-1.1679,-0.83049,-2.6429,-1.0949,-1.0049,-0.26129,-0.57418,-0.45433,-0.96172
-6.6967,7.3126,-0.91648,-0.98803,-0.27505,-1.5398,-1.0557,-1.7356,-0.77246,-0.90781,-1.1201,-0.7573
-6.825,6.5947,-1.288,-1.1012,-0.75431,-1.5613,-1.4275,-1.9054,-0.9709,-0.90678,-0.91496,-1.2666
-7.7966,7.0903,-0.1777,0.023756,0.39532,-1.6257,-0.86059,-0.98329,-0.32959,-0.4619,-0.82463,-0.71547
-8.4044,6.5489,-0.84334,-0.30689,-0.2659,-0.81702,-0.50192,-1.7802,-0.614,-0.57092,-0.46087,-0.45763
-9.4487,6.1453,-0.37293,-0.17702,-0.75621,-0.99257,-0.39751,-1.6248,0.11967,0.48509,-0.65654,-0.59071
-9.1502,5.5905,-0.074622,-1.1678,-0.84338,-0.56853,-0.043613,-1.4805,-0.089455,0.13563,-1.4808,-0.64814
-9.3226,5.1502,0.82904,-0.75459,-0.060052,-1.0525,-0.10103,-1.3142,-0.31796,-0.67691,-0.83167,-1.6351
-7.7665,4.3102,0.1239,-1.2764,-0.4693,-1.2929,-0.12019,-0.92302,-0.26924,-0.54112,-0.76955,-1.101
-6.4642,5.1679,0.19463,-0.82169,-0.43365,-0.44249,0.016721,-1.0703,-0.69285,-0.9671,-0.59548,-1.228
-6.7084,4.3815,0.041363,-1.9567,-1.0174,-1.0145,-0.57867,-0.74025,0.35019,-0.31027,-0.67795,-0.083818
-4.5613,6.0968,2.2215,-0.33105,0.17464,-0.50681,-0.53996,-1.2612,-0.29902,-0.48434,-0.11639,-0.29279
0.44197,4.6136,3.2846,0.38632,-2.2073,-1.7265,-0.82018,-0.5158,0.23076,-0.84956,0.066637,0.41772
1.5314,3.691,3.1597,0.32822,-2.5013,-1.0984,-1.1767,-1.3341,-0.01585,-1.6121,0.15934,0.28711
0.53213,4.1814,4.2651,0.054717,-2.8783,-1.6131,-0.97619,-1.2187,-0.0057721,-2.12,0.063474,0.35703
0.89426,3.7161,3.7424,0.35763,-2.5686,-0.98148,-1.3296,-1.7012,-0.044482,-2.1515,0.34186,0.020638
1.2298,3.7321,3.3641,0.31594,-2.3232,-0.71071,-1.3034,-1.5163,-0.13278,-1.9241,0.1491,0.12541
0.60577,4.5075,4.3132,1.0234,-2.9644,-1.5151,-1.3647,-1.1556,0.15079,-2.0525,0.30891,0.19633
0.68749,4.3597,4.4963,0.64703,-2.7868,-1.1333,-1.1517,-1.3263,0.29451,-2.2735,0.38744,0.082273
0.83026,4.6293,4.7461,-0.25826,-1.9993,-1.9516,-0.67528,-1.1639,0.06865,-1.7591,-0.052884,0.21582
1.0465,3.6839,3.7161,-0.25017,-1.9062,-1.135,-0.91412,-1.5164,0.20417,-2.0452,0.2974,0.14957
0.93297,3.9874,3.2839,-0.30374,-1.8473,-1.4416,-1.0188,-1.2998,0.013842,-1.4962,0.52866,0.1803
1.2235,4.7228,4.0251,-0.14318,-2.8077,-2.3561,-0.57467,-0.73127,0.13666,-1.7602,0.47888,0.31709
0.70881,5.068,4.1503,-0.11994,-2.6999,-2.6195,-0.30249,-0.84435,0.20746,-1.5079,0.43087,0.34496
1.5461,3.786,3.1885,-0.10181,-1.9218,-1.4323,-1.2354,-0.88226,-0.13625,-1.4209,0.60636,-0.0034232
1.39,5.0208,3.5038,-0.094642,-1.5161,-2.2001,-0.59296,-1.5293,-0.098993,-1.2078,0.2558,0.37541
1.4089,4.725,2.7623,-0.4063,-1.007,-1.4609,-1.1603,-1.6993,0.24313,-1.0004,-0.22876,0.37888
0.12509,5.812,2.9924,0.46748,-1.2202,-1.7045,-0.5538,-1.2083,-0.39385,-1.0294,0.24832,0.46724
-1.4983,5.1348,2.7147,0.52434,-0.7208,-1.5822,-0.19847,-0.89776,-0.58139,-1.5449,-0.15556,0.66137
-3.5197,6.0161,2.6209,-0.21465,-1.085,-1.9914,-0.15882,-1.1518,-0.15038,-1.7078,-0.21539,-0.025665
-3.8226,6.7492,2.6214,-0.20978,-0.81463,-2.2238,0.043085,-0.56418,-0.66535,-1.4366,-0.16349,0.48013
-3.2442,6.6353,2.1871,0.76729,-0.91602,-2.1474,-0.27675,-1.1433,-0.15952,-1.3017,-0.28249,0.55801
-4.248,7.0948,2.0167,0.081982,-0.69741,-1.9089,-0.083997,-1.34,-0.43889,-1.2687,0.0080096,0.052184
-5.2542,7.6219,3.3419,0.7966,-1.5693,-2.6786,-0.44722,-1.5136,-0.95837,-1.2353,0.026566,0.44054
-4.548,7.5507,1.499,-0.19587,-0.8771,-2.0195,-0.45472,-1.7614,-0.70133,-1.0761,-0.28071,-0.11763
-5.4732,6.6836,1.5547,-0.32907,-1.4009,-2.916,-1.5728,-1.5756,-0.91446,-1.0489,0.033796,0.44718
-5.6336,7.0757,2.5224,-0.23946,-1.5339,-3.0968,-1.1316,-0.94529,-0.62616,-0.80117,0.49383,0.7931
-5.2553,7.2851,2.0355,0.62525,-1.1281,-2.9614,-0.9745,-1.168,-0.33989,-1.2298,0.30933,0.38066
-5.6619,6.8856,0.42515,-0.69323,-1.6173,-3.8286,-1.2105,-2.2284,-0.87455,-1.8275,-0.11291,0.37927
-5.85,6.1703,0.62377,-1.1148,-1.0265,-2.6793,-1.2397,-1.8198,-0.63519,-0.93777,-0.69711,0.38059
-6.8578,6.4789,1.0798,-0.57343,-0.74813,-1.6906,-0.010251,-0.84132,-0.48539,-0.799,-0.62767,-0.50969
-5.5854,6.6066,1.6638,0.47404,-1.238,-2.1823,0.13084,-1.2778,-0.72099,-1.0439,-0.37487,0.43372
-5.8052,6.8848,1.8008,0.7139,-0.091064,-1.657,0.014146,-0.95371,-0.56838,-1.1411,-0.57099,-0.2397
-4.6159,7.9743,1.6513,0.37059,-0.4883,-1.9488,-0.29031,-0.55736,-0.72974,-1.5818,-0.44504,0.15105
-4.2377,7.297,1.2914,0.23936,0.018581,-2.1567,-0.42135,-1.2697,-1.5539,-1.2933,0.23813,-0.032783
-3.8995,7.9546,1.8479,0.24886,-0.47526,-2.1469,-0.6915,-1.2914,-0.74161,-0.90986,-0.12914,0.062366
-3.6523,8.1047,1.9095,-0.24236,-0.0034787,-2.1904,-0.49469,-1.6848,-0.29529,-0.52633,0.18383,0.33559
-3.9976,7.9376,2.7393,-0.39853,0.37251,-1.9809,-0.26767,-0.91582,-0.4641,-0.76775,0.10991,0.3103
-3.226,8.1127,2.026,-0.16821,0.49733,-2.4504,0.098522,-0.84669,-0.38832,-1.1229,0.1327,0.76552
-3.5484,7.3309,1.7258,-0.42846,0.29383,-2.1767,-0.57669,-0.85985,-0.40201,-0.45443,-0.078128,0.1651
-3.7194,7.5571,2.1958,-0.81649,-0.14573,-2.6053,-0.093675,-1.1824,-0.64124,-0.99792,-0.26738,-0.043232
-3.3368,7.374,1.9574,-0.94669,0.33288,-1.9907,-1.5166,-0.93771,-0.076144,-0.95817,-0.47268,0.10519
-2.9207,6.6995,0.80578,-1.7563,-0.64849,-2.3486,-0.98914,-1.3403,-0.25586,-0.95975,-0.70993,-0.23442
-2.7416,6.7521,0.65202,-2.0679,0.075384,-2.4161,-1.6729,-1.3995,-0.66525,-1.0518,-0.35884,-0.48147
-2.5529,6.9575,1.0715,-1.6165,-0.32038,-3.1775,-1.7324,-0.31885,-0.27376,-1.5588,-0.068964,0.031022
-0.50157,6.5389,1.5384,-0.67274,0.21077,-2.1616,-1.6275,-0.68175,-0.27573,-1.2338,-0.39034,0.15583
-1.5791,5.4156,1.6173,0.31081,0.8829,-1.8823,-1.2395,0.03783,0.51038,-1.3052,-0.36336,0.27449
-0.94892,5.6068,0.79357,-0.23211,0.90517,-1.3087,-0.51523,-0.66054,-0.27374,-1.1823,-0.35218,0.1964
-0.019866,6.6038,1.8823,-0.56282,0.48834,-1.9745,-1.8452,-1.2297,-0.9341,-0.91704,0.1179,0.24667
0.71408,5.8203,1.7266,-0.15078,0.30664,-2.1332,-1.2919,-1.7956,-0.68715,-1.2301,0.1606,0.1143
0.98184,5.7023,2.0759,-0.43558,-0.61931,-2.9105,-1.5352,-1.5267,-0.73732,-1.4008,0.014799,0.32037
0.93934,5.6543,0.40002,-1.6683,-0.8106,-3.1922,-1.1879,-2.3458,-0.78443,-1.4682,0.15972,0.32903
1.3107,4.7365,0.41984,-1.411,-0.16068,-2.7832,-1.1271,-2.1918,-0.87084,-1.5945,-0.64015,0.10766
0.75372,4.0281,0.30371,-1.1624,-0.69235,-3.3038,-1.366,-2.4892,0.021161,-0.72016,-0.39428,0.36856
0.27262,3.7302,0.79354,-1.5777,-0.31161,-2.0918,-0.96544,-1.7113,-0.34184,-0.79622,-0.17861,0.43094
0.025999,3.5884,1.0631,-0.8286,-0.17123,-2.5658,-1.0009,-1.7311,-1.1131,-0.77218,-0.0008865,0.17945
0.73464,3.4482,0.86773,-1.4218,-0.26159,-2.642,-1.5233,-1.7881,-1.466,-1.5391,-0.70996,0.27115
0.89793,3.189,1.7529,-0.76533,-0.39924,-2.3621,-1.1387,-1.4186,-1.433,-0.98939,-0.17854,0.36493
1.018,3.458,1.5162,-0.54204,-0.18944,-2.3042,-0.67202,-1.4405,-1.66,-0.86412,-0.022543,0.35567
2.4947,4.3009,1.683,-0.58301,-0.23464,-2.509,-0.85018,-1.6393,-1.3255,-0.83571,-0.30356,0.076225
2.7897,4.1175,1.5886,-0.27744,-0.38688,-1.7837,-0.6553,-1.5617,-0.861,-0.9857,-0.64409,-0.016651
2.914,4.6273,1.3139,-0.26522,-0.76913,-2.196,-1.1409,-1.5742,-1.0616,-0.84227,-0.020949,0.49162
2.9622,3.6791,1.4013,-0.31687,-0.69214,-2.8264,-1.1169,-1.4755,-0.75221,-0.56622,-0.55192,0.31605
2.0049,3.8573,1.485,-0.47713,0.052156,-1.634,-0.98272,-1.3983,-0.5046,-0.65211,-0.039412,0.26125
2.1068,3.2009,0.52044,-0.78187,-0.070818,-1.3648,-0.70195,-0.77458,-0.67883,-0.18892,-0.57393,0.19664
0.9966,2.3615,0.91522,-1.333,-0.95364,-2.1565,-1.5531,-0.90897,-0.65253,-0.31609,0.070008,-0.37548
0.79715,2.1057,0.14897,-1.5713,-0.89759,-2.5923,-0.8152,-0.43964,-0.7783,-0.26737,-0.029683,-0.06082
1.7262,3.0251,0.69071,-0.39033,-0.4985,-1.2894,-0.73202,-0.1903,-0.81142,-0.42733,-0.36808,-0.35176
2.1614,3.0604,0.92801,-0.38327,0.037564,-0.97778,-0.10421,0.067561,0.011136,-0.20534,-0.38048,-0.47116
1.9144,2.5133,1.2518,-0.8754,0.83002,-1.0459,0.38945,0.32765,-0.11012,-0.29562,-0.36865,-0.71014
2.4694,3.6582,1.4643,-0.45357,0.30234,-1.0337,-0.18628,0.12123,-0.27178,0.05487,-0.4506,-0.55577
1.9903,3.5583,1.8069,0.3052,0.59595,-0.42752,-0.054173,0.27806,-0.18983,0.056884,-0.22494,-0.57598
2.3304,3.3039,0.99526,-0.33139,0.3379,-1.2778,-0.74771,-0.55354,-0.46918,-0.018688,-0.25938,-0.59364
2.2938,2.4879,0.51404,-0.86344,0.084929,-1.7045,-0.57117,-0.61952,-0.56323,0.16537,-0.45234,-0.27814
1.5212,1.8977,0.40226,-1.0508,-0.33724,-1.49,-0.98277,-0.57996,-1.2412,0.040025,-0.27901,-0.12779
1.272,1.6113,0.20726,-0.72954,0.072541,-0.54153,-0.75155,-0.55888,-1.31,-0.34961,-0.80152,-0.57734
1.8463,1.974,0.37332,-0.88075,-0.625,-1.4144,-0.96468,-0.78276,-0.97612,-0.57462,-0.22782,-0.3931
1.0559,1.847,0.8713,-0.47576,0.079934,-1.6405,-0.97031,-1.2193,-0.98039,-0.69738,-0.49506,-0.22085
2.1038,1.9868,0.39667,-0.69676,-0.15918,-1.1484,-0.87322,-0.80881,-1.3834,-0.19623,-0.18388,-0.14685
1.9659,2.4945,0.74039,-0.22732,-0.12257,-0.8694,-1.3315,-0.95241,-1.2299,-0.38393,-0.1587,-0.34421
1.1377,1.9949,0.51127,-0.55603,-0.27926,-1.25,-0.93558,-0.6788,-1.1455,-0.25493,-0.39097,-0.38706
0.83218,1.7835,0.47469,-0.69931,-0.077292,-1.6196,-0.86696,-0.69262,-0.86926,0.010144,-0.086074,-0.058758
1.7944,1.9708,0.52605,-1.195,-0.29052,-1.3993,-1.1106,-0.34005,-1.1049,0.26683,0.014379,-0.14714
1.3813,1.7145,0.25461,-0.86401,-0.75606,-1.4429,-1.0602,-0.46043,-0.85714,-0.048802,-0.40304,-0.44489
1.2829,2.0623,0.73525,0.0383,0.23429,-1.1252,-1.2283,-0.9024,-1.1372,-0.19562,-0.093587,-0.194
1.9226,1.9339,0.23319,-0.3012,0.097395,-0.39961,-0.67597,-0.46076,-0.9218,0.099411,0.37594,0.0062481
1.5115,1.7648,0.56292,-0.28996,0.2949,-0.85398,-0.69431,-0.76131,-0.94168,-0.19163,-0.1056,-0.45158
1.6335,2.0594,0.79364,-0.41333,-0.25769,-1.1893,-1.3632,-0.80128,-1.5628,-0.29346,-0.47626,-0.038035
2.6989,2.6281,1.0475,-0.44893,-0.58041,-1.5556,-1.1785,-0.79613,-0.98082,-0.19921,-0.39226,-0.21469
2.4301,2.0879,0.55746,-0.13341,-0.54476,-1.4613,-0.92765,-0.78236,-0.62755,-0.091648,-0.30268,-0.1417
2.0914,2.1076,0.82849,-0.29343,-0.21993,-0.83268,-0.56787,0.0096369,-0.78569,-0.004475,-0.76033,-0.47631
1.0842,0.94074,-0.31345,-0.86288,0.050732,-0.36445,-0.18618,-0.24066,-1.1536,-0.31769,-0.51672,-0.057832
2.1276,1.6681,0.27586,-0.18527,-0.29426,-0.39314,-0.68705,-0.79554,-1.2144,-1.0285,-0.81728,-0.63911
2.2959,1.6127,0.53622,-0.36806,-0.66674,-0.68751,-0.89703,-0.41241,-0.40002,-0.073238,0.12927,0.077202
1.4716,1.6915,0.60175,-0.64796,0.12553,-0.68098,-0.26848,-0.16608,-0.1829,-0.17213,0.10628,-0.39685
1.8682,2.1563,0.55735,0.32559,-0.44802,-0.47128,-0.42738,-0.29639,-0.23237,-0.23339,-0.3925,-0.35454
2.3303,1.9388,0.83925,-0.55359,-0.15382,-0.88748,-0.71594,-0.31951,-0.99295,-0.25383,-0.51508,-0.5225
1.9922,1.9985,0.67305,-0.034824,-0.24821,-0.90042,-1.1442,-1.0664,-1.2829,-0.56264,-0.38009,-0.44882
1.1711,1.4961,0.010093,-0.55067,-0.8837,-0.90472,-0.72175,-0.15745,-0.16872,-0.12275,-0.067078,-0.50844
1.5036,1.0797,0.080831,-0.44584,-0.38146,-0.61576,-0.84693,-0.62403,-1.2745,-0.58892,-0.17747,-0.1142
2.2009,1.7664,0.73966,-0.20887,-0.51542,-0.92076,-0.92072,-0.58325,-0.69518,-0.14079,-0.1496,-0.12633
1.0773,1.1394,0.40246,-0.41562,0.066326,-0.52925,-0.31362,0.0029664,-0.55779,-0.18703,-0.53312,-0.70727
-2.4971,3.2776,2.6166,-2.1452,2.0742,-1.2975,-0.59234,-1.0771,0.61762,-1.791,0.74665,-0.44305
-5.1487,0.90192,-0.51379,-1.953,1.2282,-1.5526,0.37554,0.20121,0.99071,-0.38298,-0.25233,-1.2555
-4.2839,1.494,-0.12418,-2.7621,-0.4128,-2.2962,-1.5272,-0.51194,1.1462,-0.2437,0.18981,-1.7888
-4.8054,2.5841,-0.6193,-3.1723,-1.6068,-1.0351,0.20965,-0.46723,0.59337,-0.18014,0.78959,-0.19329
-4.7298,2.2568,1.194,-2.0844,-0.71089,-0.6451,-0.074637,-0.82489,0.51579,-0.54475,-0.90426,-0.26242
1.2102,1.8175,2.2111,0.061289,-0.84588,-1.1197,-0.21528,-0.35057,0.20867,-0.87413,-0.16571,-0.38835
3.1619,-0.65905,4.033,-0.66443,-3.0222,-2.882,-0.92069,-0.30655,1.2523,-1.0457,0.58848,-0.20028
4.1288,-0.83951,2.5597,-0.72259,-3.1735,-2.6773,-0.66244,0.10954,1.0193,-1.1089,0.526,-0.42224
5.0409,-1.3165,1.7245,-0.58178,-2.8932,-2.8246,-0.52591,0.72421,1.4073,-1.1223,0.28363,-0.79208
4.3621,-1.6136,1.0666,-0.61069,-2.7311,-1.8049,-0.86226,0.38568,1.645,-1.5365,0.088057,-1.0615
5.0167,-2.5447,1.3258,-0.87416,-2.3413,-1.7909,-0.8168,0.77144,1.5633,-1.8696,0.18918,-0.99783
5.3392,-3.0223,0.93557,-1.0148,-2.0677,-1.9986,-0.46833,0.49362,1.4592,-1.6803,0.33089,-1.382
5.5151,-2.7612,0.84988,-0.94327,-1.6824,-1.9072,-1.1384,0.68938,1.4484,-1.5889,0.0045236,-1.2621
4.8978,-2.3274,0.27861,-0.72587,-1.3886,-1.3311,-1.4725,0.62786,0.91234,-1.4457,-0.14171,-0.87644
5.9187,-2.744,-0.1401,-0.5951,-1.643,-1.6976,-0.73918,0.26528,1.2887,-1.5901,0.52222,-1.8193
5.6074,-1.8182,-0.30372,-0.7635,-1.2295,-1.9149,-1.0026,-0.042267,1.2429,-1.3748,0.57658,-1.3729
5.5343,-1.21,0.55204,-0.36498,-1.7178,-1.6187,-1.3668,-0.023809,0.88364,-1.2202,0.5297,-0.99987
6.2497,-1.1274,1.1918,-0.73744,-0.99196,-1.3447,-0.56909,-1.1718,0.99774,-1.2712,0.94277,-1.0749
5.1722,-0.75594,0.99352,0.20699,-1.0302,-0.61244,-0.24865,0.074345,0.63682,-1.2357,0.0041739,-1.0645
5.6908,-1.7605,2.0972,0.54697,-1.0589,-1.2023,-1.1214,0.15708,0.85759,-0.99914,0.3051,-1.0684
5.0781,-1.9258,1.1811,1.0832,-1.0818,-1.6983,-1.5388,0.06334,0.57247,-0.24481,0.28864,-0.54633
5.8417,-2.106,1.7221,0.19001,-1.4732,-1.415,-1.2776,-0.49553,1.5436,-0.85825,-0.0037968,-0.70235
5.6879,-2.6163,2.0315,0.92659,-1.5457,-1.4156,-1.3849,0.090398,0.57496,-0.77217,0.75267,-0.62895
6.2286,-3.0745,1.752,0.38946,-1.9802,-1.0643,-0.63111,-0.17047,0.7629,-0.68093,0.064263,-0.66323
5.354,-2.9956,-0.45642,-0.281,-1.5325,-1.2452,-0.87592,0.99378,0.51578,-0.9161,-0.16401,-0.65654
5.9446,-4.4643,-0.22711,-1.1893,-1.556,-0.32981,-0.9334,1.2184,1.2285,-0.59006,0.44449,-1.0612
3.8787,-4.6113,-1.2964,-0.95673,-2.6691,-1.6143,-0.82386,0.50345,0.1481,-0.70955,-0.25565,-1.2431
4.7709,-4.6324,-0.93577,-0.94493,-1.5433,-0.65293,-1.0726,1.3412,1.4353,-0.44105,0.18859,-0.65503
5.8763,-4.6812,-0.0078207,-0.58761,-1.8351,-1.2418,-0.86486,1.2086,0.70754,-0.44363,0.23821,-0.79766
5.5416,-2.8188,0.2756,-0.59587,-2.2009,-1.4596,-1.3505,0.85287,0.36463,-0.7861,-0.342,-1.0369
1.6378,0.91921,-1.1801,-0.90128,-0.46717,-3.4177,0.84301,-0.2953,0.62425,-0.73317,-0.50552,-0.5128
-0.2093,2.0161,-1.66,-1.8594,-1.204,-2.6691,0.5299,-0.68647,0.22164,-0.6023,-0.53317,-0.80032
-0.98988,1.4156,-1.6826,-1.1839,-0.68234,-3.2391,0.16259,-0.17921,0.57359,-0.86033,-0.32068,-0.30832
0.8448,0.5232,-0.76052,-1.2467,-0.3566,-3.0212,0.14357,-0.30735,0.69083,-0.80128,-0.68725,-0.59786
0.97633,-0.093839,-0.7972,-1.075,-0.02469,-2.5059,-0.83951,0.41043,0.89253,-1.1938,-0.39851,-1.1478
0.61806,-0.41677,-1.2254,-0.067389,0.88201,-0.63703,-0.87144,0.35286,-0.040157,-0.75315,-0.30508,-1.1935
0.052496,1.1595,-0.35435,-0.16524,1.2156,-1.6999,-0.2467,-0.13963,0.86123,-0.35844,-0.21263,-1.0862
0.24297,0.084034,-0.71871,-0.9751,0.88889,-1.3767,-0.44789,-0.1701,0.096312,-0.71601,-0.23946,-0.8485
1.0056,1.7854,-1.3375,-0.26233,-0.034963,-1.5959,-1.3625,0.10526,-0.068336,-0.16959,0.237,-1.0372
0.79434,1.8707,-1.2179,-1.0405,0.10289,-2.2593,-0.48511,0.21237,-0.14934,-0.43709,0.018686,-1.0296
0.51686,1.5273,-1.2901,-0.47189,0.58004,-1.8625,-0.41973,0.0017295,0.88271,0.15174,-0.62604,-1.397
-0.20176,0.83413,-1.1915,-0.29505,1.0863,-1.207,-0.65504,-0.52656,0.52785,-0.28679,-0.47572,-1.4435
-0.07738,1.8094,-1.1067,-0.87599,0.36102,-1.0795,-0.0060065,0.63739,-0.058578,-0.8305,-0.28977,-0.87916
0.20512,1.0474,-1.4773,-1.6543,0.64859,-2.1564,-0.3236,0.74549,0.78113,-0.085745,-0.29959,-0.87159
0.28528,0.11121,-1.1516,-1.2925,-0.22734,-1.4338,-0.79772,0.042947,0.58629,-0.59805,0.88043,-0.66675
-0.0016633,0.89702,-1.027,-0.31166,0.035705,-2.3491,-0.53149,-0.2211,0.82569,-0.44983,0.33846,-0.4197
0.95621,0.017601,-1.6161,-0.84036,-0.072457,-2.0972,-1.1171,0.19967,0.57712,-0.4487,0.037991,-0.75769
0.0070558,-0.24522,-1.9178,-1.0078,0.48817,-2.0061,-0.18372,-0.064241,0.30708,-0.97648,-0.41046,-0.89564
0.33634,-1.0185,-1.2164,-0.1805,0.5328,-3.0941,-1.4385,-0.36366,0.55352,-0.44398,0.48312,-1.707
1.4671,-1.5239,-1.4045,-1.0444,-0.0010366,-1.891,-1.1759,-0.5453,0.29314,-0.86458,-0.023665,-0.52121
2.1557,-1.6145,-1.2638,-0.64795,-0.62794,-2.5524,-0.64137,0.08097,0.89288,-0.50184,-0.29661,-0.89762
2.0409,-1.0746,-0.96649,-2.1265,-0.62334,-2.1721,-0.52681,0.0034142,0.80893,-0.18945,-0.9444,-0.60254
2.9469,-1.0561,-1.126,-2.0178,-0.47363,-2.4701,-0.71799,-0.78302,0.45824,-0.19137,-0.8918,-0.28373
4.0501,-1.7802,-1.1446,-1.4325,-1.203,-1.9308,-0.66421,-0.060569,-0.12048,0.015332,-0.46572,-0.91786
4.2722,-1.4984,-0.73152,-1.2796,-0.96784,-1.9732,-0.84256,0.91426,0.86768,-0.27258,-0.027861,-1.5168
4.3203,-2.2855,-0.74439,-0.83532,-0.69516,-1.2026,-0.72698,0.99198,1.1528,0.005939,-0.27864,-1.3101
4.61,-1.6184,-1.3768,-1.4918,-1.2635,-1.4422,0.45912,0.96878,0.5386,0.17364,0.26908,-0.81624
4.4959,-2.2437,-2.0006,-1.5969,-1.2605,-2.4418,-1.6594,0.25825,0.48038,0.15315,-0.0093735,-0.2547
4.7558,-2.2049,-1.1764,-0.90441,-1.8008,-3.0489,-1.1281,0.13965,-0.99986,0.048778,0.4046,-0.88489
5.2801,-1.4279,-0.28817,-0.37689,-0.99728,-2.6868,-1.385,-0.0064614,0.1516,0.2045,-0.030659,-0.87373
