-2.0961e-15,2.3188e-16,-4.6035e-16,-4.5559e-16,2.2475e-16,0,-2.1668e-16,0,0,-1.9986e-16,-2.8958e-16,9.2843e-17
-0.029212,0.029083,-0.028869,0.02857,-0.028188,0.027723,-0.027177,0.026551,-0.025847,0.025067,-0.024214,0.023289
-0.18052,0.17702,-0.17127,0.16341,-0.15363,0.14214,-0.12921,0.11514,-0.10024,0.084853,-0.069316,0.053967
-0.11568,0.11517,-0.11433,0.11314,-0.11163,0.10979,-0.10762,0.10515,-0.10236,0.09927,-0.09589,0.09223
-0.11173,0.11061,-0.10876,0.10622,-0.10303,0.099245,-0.094932,0.090162,-0.085014,0.079571,-0.073917,0.068138
0.93926,0.060968,-1.0215,-1.134,-0.96032,-0.014301,0.59488,0.8626,0.37719,0.035261,-0.22607,-0.22602
1.0601,1.0259,-0.14794,-2.2507,-0.16556,-1.1231,1.0571,1.4002,-0.8264,0.315,-0.67181,-0.85734
-0.49712,0.71562,0.44533,-1.4658,0.7188,-0.91041,-0.075952,1.1459,-0.54257,1.2921,0.0039373,-0.43217
-0.30421,0.68821,0.35787,-1.1544,0.71767,-0.68188,0.062034,0.77443,-0.80038,0.70384,-0.50027,-0.36001
-0.44141,1.4425,0.097338,-1.0854,0.39316,-1.1242,-0.21268,0.3197,-0.79519,0.67219,-0.27706,-0.30912
-2.5016,2.4827,-0.15066,0.33468,-0.88521,-1.433,-2.3523,0.22896,0.68998,-0.03314,-0.69605,-0.3591
-3.1734,1.387,0.91319,2.4376,-1.3234,-0.9005,-1.1663,0.60623,0.35963,-0.51644,-0.2293,-0.65446
1.7131,2.7464,0.98065,0.27175,-1.4017,-1.2891,-0.54702,0.44288,1.0208,0.82393,0.7288,-0.45697
0.29267,2.6043,0.52968,0.80324,-0.58774,-0.93082,-0.78529,0.86064,0.50096,0.90096,0.58655,-0.063347
-0.635,2.0411,0.66793,0.80542,0.2114,-1.1008,0.083901,1.0612,-0.60044,0.023402,0.4613,-0.14107
2.3073,1.5089,0.66342,0.34864,-0.032588,-0.14197,-0.46533,-0.10173,-0.39286,-0.1094,-0.14109,-0.22852
6.0343,2.3272,2.7856,1.5544,-1.6015,-2.344,-0.31777,0.45703,-1.0264,0.21968,0.38844,-0.1557
6.8509,0.34554,5.004,1.0181,-2.6022,-2.4034,-1.0905,1.5905,-0.32691,0.72513,-0.21532,-0.4523
7.0087,0.34724,4.3843,1.0555,-2.0608,-2.2231,-1.0193,0.8115,-0.46725,0.43891,0.036944,-0.36971
6.4903,1.4655,4.2183,1.2736,-2.3002,-1.8847,-0.81075,-0.033125,-0.61295,0.30801,0.24122,-0.22648
7.6347,0.64948,4.2503,1.234,-2.7863,-1.4787,-0.64502,-0.37554,-0.81798,0.037452,-0.016117,-0.60323
8.5923,-0.27372,4.0429,1.1946,-2.5,-1.8599,-0.72614,0.10775,-1.1572,-0.064939,-0.050681,-0.47854
6.3003,0.89808,4.1399,0.25847,-2.8728,-2.2488,0.10773,0.37016,-1.1226,0.17044,-0.20195,-0.68997
7.1528,-0.12104,3.9423,0.84129,-2.7321,-2.2669,0.18933,-0.28346,-0.7681,0.26774,-0.43136,-0.32711
6.7842,1.3386,3.7447,1.3605,-2.3293,-2.122,-0.48947,-0.45047,-1.0008,-0.089957,-0.33826,-0.37839
4.8906,2.5179,2.9119,0.67919,-1.4449,-2.1308,-1.1375,-0.097555,-1.3084,0.17277,-0.45002,-0.36743
6.1761,0.74057,2.4911,-0.56998,-1.4952,-2.7856,-1.4839,0.50227,-0.12935,0.28134,-1.1872,-0.39204
5.6663,-1.6376,1.9987,-0.12037,-1.8627,-1.7155,-1.6968,0.076816,0.71091,0.004703,-0.81676,-0.44697
6.8877,-1.9514,1.3694,0.25087,-2.0521,-1.6625,-1.4557,0.38537,0.59683,0.45963,-0.98958,-0.34334
5.7966,-1.2426,1.1358,0.16871,-2.1001,-1.8087,-1.3966,-0.00951,0.86429,0.13567,-0.48138,-0.78721
6.3612,-1.9948,1.8906,-0.6752,-1.7213,-1.7674,-1.5569,0.038121,1.0511,0.26049,-0.65258,-1.4934
7.4145,-2.7917,1.8868,-0.80668,-1.9081,-1.4052,-1.5074,-0.24696,1.1983,0.44474,-0.35721,-1.5156
7.4319,-2.7308,1.9975,-0.70989,-2.3472,-1.243,-1.223,-0.38304,1.0828,0.2944,0.014442,-1.1441
6.1373,-2.2087,1.5881,-0.12754,-2.0733,-1.3266,-1.7689,-0.36863,1.1883,0.60609,-0.012845,-1.1782
6.6513,-2.2637,1.8279,-0.42486,-1.6884,-1.299,-1.6734,0.13258,1.1749,0.31624,0.34076,-1.2864
6.5177,-2.13,2.0779,-0.48607,-1.2821,-1.1367,-1.1886,-0.50613,0.84235,0.52793,0.51447,-1.0023
6.2886,-1.3884,2.1079,-0.35803,-1.2013,-0.83235,-1.6431,-0.61763,0.8676,0.52312,0.51594,-1.1252
6.1198,-0.86195,2.1887,-0.61321,-1.5861,-0.92709,-1.1556,-0.86019,1.4374,0.63726,0.41137,-1.6162
7.3801,-1.5116,1.8197,-0.87098,0.022312,-1.4697,-1.8272,-0.6738,0.84025,0.41633,0.88537,-1.4323
7.8901,-2.2279,2.044,-0.86715,-0.77219,-1.0628,-1.7833,-0.57878,0.31866,0.56532,0.54764,-1.3111
6.6201,-0.95499,1.1646,-0.56689,-0.7376,-0.82355,-1.6045,0.054828,0.40664,0.44999,0.27778,-0.58095
6.4031,-0.26843,1.8511,0.059139,-0.69789,-2.059,-0.88094,-0.38296,0.6639,0.2428,-0.531,-1.211
4.3589,0.22551,0.95387,0.25637,0.035554,-1.7081,-0.93881,-0.70609,0.30268,0.5385,-0.2976,-0.84007
2.4802,1.186,0.064322,-0.38848,-0.016656,-1.4843,-0.39807,-0.47229,0.13833,0.39249,-0.29595,-0.34021
1.2672,1.6122,-0.27394,-0.47526,0.41303,-1.2837,-0.61241,0.016532,0.47548,0.30363,-0.93735,-1.0425
0.75354,1.7988,0.68028,-0.53292,-0.17336,-1.5234,-0.13264,-0.31871,0.27875,0.52,-0.78599,-1.3671
0.97421,1.2486,-0.32342,-0.25876,-0.96579,-2.0429,-0.95338,-0.32668,0.11386,0.2857,-0.67319,-1.5572
0.69569,1.2979,0.12921,0.033074,-0.20794,-1.1198,-1.1489,-0.51855,-0.070738,-0.22016,-0.87986,-1.7635
0.52302,0.87392,-0.53833,-0.36705,-0.35757,-1.3222,-1.0115,-0.015893,0.61359,0.82003,-0.91241,-0.60244
1.0766,1.657,0.65197,0.090445,-0.53894,-2.2926,-0.84822,-1.0335,-0.2972,0.28394,-1.0609,-1.1488
1.0213,1.3562,-0.28084,0.14407,-0.83399,-2.744,-1.2638,-0.97605,-0.47344,0.30166,-1.0054,-0.86831
0.2943,1.9253,-0.5969,-0.91161,-1.366,-2.5727,-1.0374,-0.070066,-0.22284,0.58605,-0.69229,-0.70333
0.063509,1.5864,0.027257,-0.3857,-0.69078,-2.2857,-1.0313,-0.64216,0.263,1.1766,-0.7867,-1.2934
0.9548,2.341,0.27517,0.48954,-0.72728,-1.9688,-1.3158,-1.4822,-0.58644,0.18343,-0.38126,-0.88522
-0.23049,1.2167,-0.46696,-0.27874,-0.69324,-2.056,-0.85145,-0.49476,0.03305,0.97032,-0.82921,-0.96622
0.54387,1.6477,-0.45779,-0.17439,-0.068636,-2.2609,-0.88182,-0.6925,-0.063427,0.94446,-0.097368,-1.3653
0.58769,2.1273,0.38989,0.41942,-0.91348,-1.7505,-0.68859,-0.29324,-0.15483,0.8326,-0.36328,-1.069
0.78765,1.7731,-0.16751,-0.69093,-0.43548,-1.7347,-0.95941,0.084757,0.58686,0.96117,0.14303,-0.63761
0.5783,1.4673,0.049715,0.58524,0.60579,-1.4586,-0.90091,0.40928,0.43931,0.71605,-0.43631,-0.8651
0.74529,1.7079,-0.2899,-0.11347,-0.72265,-1.7997,-1.1971,0.067718,1.0593,0.61094,-0.33248,-1.0968
0.94419,0.90111,-0.13675,-0.6173,-0.68595,-2.0399,-1.1336,0.15073,0.33425,0.23221,-0.10054,-0.68953
0.91582,1.3492,-0.056615,-0.17923,-0.11498,-2.2038,-2.0888,-0.34753,0.21441,0.27197,-0.89197,-1.1862
0.79771,1.0512,0.21608,-0.30822,-0.10343,-1.1717,-0.59191,-0.11374,-0.80683,-0.4289,-0.86565,-0.80898
1.4342,1.6128,0.32131,-0.18301,-0.87649,-2.2724,-1.0402,0.67881,0.064889,0.11211,0.052018,-0.57593
0.94604,0.99123,0.60095,0.61641,0.049152,-1.3731,-0.59644,-0.87729,0.18444,0.56944,-0.3175,-1.067
1.7353,1.676,-0.14823,-0.29946,-0.17426,-1.9904,-1.0859,-0.42315,-0.10208,0.14735,-0.31814,-0.46976
2.9126,1.5121,0.70766,-0.16728,-0.40047,-2.6019,-1.0145,-0.28964,0.15805,0.51403,-0.80731,-1.1012
2.2053,0.9743,1.0143,0.18481,-0.17323,-1.4857,-0.69236,0.32676,-0.25108,0.91273,0.31484,-0.75136
3.8357,1.276,0.40968,0.52712,-0.41797,-2.1115,-1.0693,-0.89747,-0.33923,0.29925,-0.020905,-0.88424
4.0717,1.2383,1.1558,0.56999,-0.47691,-2.291,-1.473,-0.8583,-0.3443,0.88471,-0.16997,-1.2723
4.4055,0.049062,0.45753,-0.43285,-0.2725,-1.5834,-1.0817,-0.78228,-0.40771,1.0375,-0.75439,-1.391
4.9854,0.082913,0.42892,-1.0361,-0.99765,-2.003,-1.0967,-0.59778,-0.37668,0.0018148,-0.73521,-1.5311
4.6602,-0.61591,0.35441,-0.78366,-0.60911,-2.3284,-0.83283,-0.15423,-0.45198,0.54574,-0.99763,-1.1948
5.5182,-0.11722,1.8754,0.072426,-0.55315,-3.0425,-2.2594,-0.98105,-0.95286,0.94283,-0.091925,-1.4228
5.3565,-0.08873,0.68045,-0.77447,-0.16902,-2.7376,-1.4919,-0.37622,-1.1667,0.85365,0.11784,-1.1871
5.4765,0.044564,0.8735,0.097599,-0.05694,-1.9677,-1.1298,0.59522,-0.58946,0.17961,-0.66848,-1.6442
5.5693,0.4844,0.63569,-0.24209,-0.28353,-2.3595,-1.4681,-0.067928,-0.5606,0.43385,0.043855,-0.48727
6.4683,1.3676,0.7328,-0.48863,0.44238,-2.4908,-1.6223,-0.48875,-1.0539,0.66409,-0.3798,-1.3427
6.005,0.57341,-0.47879,-0.78,-0.34052,-1.8353,-1.4583,-0.45974,-1.3015,0.66966,0.16609,-1.3995
6.2007,0.599,0.47929,-0.31068,-0.39882,-3.0492,-2.3446,-1.0781,-1.2649,0.36431,-0.88066,-1.4459
6.2107,0.16346,0.083722,0.017892,-0.96477,-3.0944,-1.7287,-0.87348,-1.4995,0.7134,-0.81554,-2.0727
6.1461,-0.058324,-0.42622,-0.94471,-0.80495,-3.0444,-2.0426,-0.74432,-0.74516,0.56876,-0.59919,-1.9285
5.4372,0.58446,-0.23151,-0.34461,-0.18063,-1.5595,-1.5125,-0.38229,-0.19602,0.76582,-0.69153,-1.9289
6.2983,0.61921,-0.61623,0.26065,-0.20068,-1.2621,-0.99445,-0.82328,-0.84061,1.0647,-0.28944,-1.6204
6.8608,0.99803,-0.1213,-0.34085,-0.52056,-2.0825,-1.1783,-0.30109,-0.48996,1.6901,0.080596,-1.2741
6.338,0.29493,0.011565,0.21181,-0.40495,-2.093,-1.0035,-0.12481,-0.54946,0.39275,-1.0978,-1.52
6.0666,1.6694,-0.30525,-0.85871,-0.0074563,-1.5664,-1.157,-0.55273,-0.66749,1.0303,-0.38112,-1.3194
5.983,1.1069,0.263,0.13566,-0.14251,-1.7918,-1.1964,0.16635,-0.5338,0.68958,-0.86713,-1.9183
7.0247,1.1263,-0.39799,-0.43729,0.54021,-1.7815,-1.7678,0.24936,0.50734,1.3167,-0.76705,-1.8482
6.7569,2.2611,0.56326,-0.29285,-0.53802,-2.029,-1.1228,0.13373,-0.14861,0.83894,-0.20606,-1.4532
6.5045,1.4223,-0.10055,-0.10355,-0.10541,-1.6019,-0.77936,-0.059685,-0.18703,0.86836,-0.073528,-1.0683
6.1804,1.6801,0.30946,-0.085823,-0.60741,-1.5563,-1.338,-0.4399,-0.53207,0.48704,-0.60611,-1.6345
6.2007,1.4529,-0.24192,-0.59313,-0.88087,-1.9016,-1.5787,0.18002,0.32261,0.73173,-0.35017,-1.2726
6.2585,1.9665,0.44286,-0.75441,-0.72919,-1.2328,-1.6493,0.25891,0.36958,-0.036881,-0.97169,-1.5414
5.8285,1.8155,0.12935,-0.58718,-0.55201,-2.5411,-1.0031,0.61022,0.18675,0.72076,-0.80223,-1.6179
6.6622,2.4016,0.28944,-0.29755,-0.23987,-2.6264,-1.3294,0.21049,0.18293,1.0899,-0.72444,-1.8894
5.9116,2.113,0.2054,-0.35232,-0.71894,-2.5919,-1.6408,-0.060083,0.64761,0.96342,-0.47868,-1.7424
5.8552,2.1219,-0.13017,-0.1019,-0.416,-2.0792,-1.8671,-0.30928,0.51627,0.91532,-0.66216,-1.507
6.0763,1.721,-0.18668,-0.59992,-0.45425,-2.1142,-1.5719,0.66107,0.93723,0.96309,-0.6513,-1.2726
6.0134,2.5339,0.17071,-0.46931,-0.12764,-2.1563,-1.5013,0.77109,0.59912,0.462,-0.52069,-1.3252
6.0812,2.9614,0.83899,-0.38244,0.2266,-1.8024,-0.87793,1.2681,0.040975,0.58838,0.043925,-0.7245
6.2565,3.0113,0.91979,-0.46779,0.1839,-1.78,-0.86236,1.375,0.33184,0.63057,-0.014642,-0.45721
6.4881,3.3513,2.3271,-0.29371,0.46957,-2.4248,-1.0783,1.1734,0.054079,0.10037,-0.77027,-0.36822
5.7885,3.0834,1.9779,0.052021,0.15934,-1.8922,-1.2534,0.85423,-0.44046,-0.010809,-0.42519,-0.80565
6.7629,2.2592,2.3994,0.64512,-0.39004,-3.4109,-2.0659,1.0868,-0.52305,-0.46233,-0.5716,-0.28
5.1101,1.8068,1.587,0.59846,-0.91295,-2.6566,-1.8196,0.33481,-0.31652,-0.28958,-0.19649,-0.13263
6.4442,1.1221,3.0386,1.3805,-0.80062,-2.6023,-1.9744,0.15413,-0.70847,-0.41355,-0.3707,-0.39866
5.3299,1.8995,2.0731,1.2327,-1.1995,-2.1382,-1.6234,-0.34795,0.024955,-0.33353,-0.28891,-0.02916
6.1489,1.55,2.3704,1.1968,-1.0599,-2.9156,-2.0324,0.055797,-0.2934,-0.34813,-0.18867,-0.011639
5.346,2.1761,2.1289,1.0272,-0.725,-2.3708,-1.7614,-0.16482,-0.65907,-0.43687,-0.17794,0.067941
6.6958,0.78695,3.4408,1.8129,-1.7511,-3.1486,-1.611,0.65037,0.0016089,-0.84633,-0.65257,0.1457
5.1619,0.3204,2.6683,2.1326,-2.674,-2.2487,-0.96835,0.56934,-0.37988,-0.817,-0.62769,0.45229
4.3595,-0.0056413,3.7178,2.3409,-3.4128,-1.5611,-0.99471,-0.19322,-1.1893,-0.75729,0.064074,0.77315
4.3392,0.70523,4.2859,2.117,-4.185,-1.6527,-0.85141,-0.50231,-0.76639,-1.0213,-0.08398,0.17345
3.4851,1.1952,5.6149,1.8171,-4.7008,-2.1743,-0.52788,-0.18554,-0.41374,-1.2986,-0.0088372,-0.45468
3.13,0.96553,5.2587,1.2337,-4.404,-0.71037,-0.99504,-0.77195,-0.18701,-0.87333,-0.10927,-0.33864
2.4398,0.76535,6.0411,1.2037,-4.3785,-1.1025,-0.7152,-0.6966,0.077827,-0.9725,-0.1004,-0.11061
2.286,1.3492,5.6795,0.99472,-4.5273,-0.92917,-1.0767,-0.50112,0.29306,-1.2701,0.14207,0.3266
2.0944,2.1746,5.1725,0.15155,-3.6223,-1.0223,-0.51145,-1.393,-0.199,-1.0415,0.44817,0.21034
2.3889,2.1031,5.5537,0.037741,-3.6544,-0.85395,-1.142,-0.67793,0.39921,-0.90381,0.56204,-0.29096
2.2085,2.4612,6.005,0.14319,-3.4415,-1.7804,-0.76224,-0.67839,0.22202,-0.75837,0.22209,-0.32795
2.6044,2.6193,5.6393,-0.02713,-3.1633,-1.8066,-1.0705,-0.14427,0.1887,-1.0158,0.2647,-0.38719
2.908,2.9344,5.5694,-0.50009,-2.8612,-2.2085,-0.54178,-0.34435,-0.49833,-0.77369,-0.16475,0.27616
2.2003,2.6198,5.5046,0.38329,-2.6757,-2.4202,-0.50283,-0.86659,-0.025181,-0.93484,0.035941,0.39165
0.70981,3.7004,5.0218,-0.37255,-2.3344,-2.8175,0.83155,-0.60642,0.35827,-0.65579,0.1166,0.97164
0.7901,2.0885,5.4349,0.6036,-1.1171,-2.2352,1.0671,-0.65832,0.14807,-1.5429,-0.2094,0.60122
1.349,0.29074,4.9909,0.85554,-1.6745,-0.77574,-0.35393,-0.50333,-0.093376,-1.2342,0.58775,0.39426
1.731,0.15237,4.9431,-0.66643,-3.0548,-1.9398,-0.62498,-1.0474,-0.50296,-2.0356,0.17774,0.096231
2.0688,1.2126,5.9959,-1.0115,-2.3829,-1.9124,0.53244,-0.021808,0.06467,-1.3536,-0.35006,-0.31077
2.3509,0.14659,4.8589,0.13525,-1.7363,-1.1868,-0.2429,-0.57293,-0.36762,-1.3705,-0.75944,0.04214
2.8107,0.55986,4.9145,-0.11479,-2.9157,-2.1601,-0.908,-1.5128,-1.0206,-0.8519,-0.11322,0.052629
3.7404,1.2463,5.1935,-0.14739,-1.6334,-1.3332,-1.039,-0.68963,-1.2952,-1.0958,-0.25649,-0.16321
3.4756,0.32853,5.7528,0.12001,-2.6298,-1.1879,-0.9859,-0.96561,-0.66949,-0.50712,0.3127,0.27369
4.5895,0.1958,6.4337,0.36837,-3.2505,-1.6723,-0.72557,-0.80074,-0.48438,-1.8321,-0.60449,-0.45565
4.5156,-0.31011,5.2451,-0.15002,-3.3271,-1.7463,-1.1949,-1.0638,-1.4583,-1.5602,-0.65871,-0.57079
3.5283,0.60732,4.9592,-0.56246,-2.7253,-1.1355,-1.9124,-1.2991,-0.8244,-0.84154,-0.50497,0.072915
3.6424,0.70449,5.9328,-0.35478,-2.8099,-2.1049,-2.0911,-0.4391,-0.46146,-1.1931,-0.99709,-0.36867
3.5659,0.29922,4.8692,0.61847,-3.001,-1.1324,-1.0502,-0.9712,-0.90832,-1.0513,-0.61786,-0.10957
2.8703,-0.39073,4.8644,-0.32722,-3.2112,-0.36661,-0.43743,-0.41958,0.29484,-0.69628,-0.78328,-0.45095
4.5033,1.2889,5.6177,0.43472,-3.4021,-1.3264,-0.84831,-1.0069,-1.4224,-0.57544,-0.12435,0.10796
4.4658,0.75556,4.8431,0.9289,-2.9022,-0.89096,-0.19298,-0.58805,-0.9804,-1.1561,-0.16965,0.03163
4.3514,1.1581,5.9458,1.364,-2.9327,-1.032,-1.0142,-1.3094,-1.4305,-0.90706,0.11848,0.34325
4.4337,1.3924,4.7804,0.91257,-2.7151,-0.71563,-0.59774,-1.1011,-0.96999,-0.75877,0.30967,-0.015441
3.9712,1.0604,3.938,0.59793,-2.6825,-0.69674,-0.62991,-0.91181,-0.63272,-0.8419,0.25832,0.017898
-0.32113,3.2695,2.7578,-2.0201,-0.68397,-3.2202,0.24447,-1.1523,-0.85654,-0.43757,-1.1402,-0.95119
-2.1151,4.2542,1.4781,-0.57771,-0.81587,-2.4897,-0.14353,-1.2822,-0.84617,0.22497,-1.0756,-0.43967
-3.3186,5.1126,1.2459,-0.71752,-0.43912,-2.9588,-0.057648,-0.6056,-1.151,-0.30986,-1.4568,-0.76094
-4.1717,4.7363,1.8192,-0.57969,-0.46914,-2.8794,0.40269,-0.16553,-1.0019,-0.69011,-1.4044,-0.33744
-3.6848,4.8126,1.8889,-0.14826,-0.21187,-3.0828,0.65426,-0.0064665,-1.9479,-1.4154,-0.15755,0.364
-2.5938,5.0998,1.9522,-1.2231,0.014805,-3.1408,0.20365,-0.40509,-1.5093,-0.64742,0.1414,-0.030453
-1.8126,4.1931,2.564,-0.79783,-0.49538,-2.9177,0.56876,0.43095,-1.0071,-1.5275,-1.3276,0.030436
-0.80253,4.398,2.5575,-0.89439,-0.85858,-3.6316,0.078655,0.03126,-0.70005,-0.93384,-0.92416,0.062262
-0.57657,4.1956,2.8766,-0.67238,-0.66863,-2.9093,-0.4747,-0.35923,-0.99342,-1.0433,-0.83184,0.065692
0.060893,3.9515,2.5766,-0.1823,0.32382,-3.0577,-0.28604,0.051161,-0.8594,-1.3355,-1.1494,-0.29258
0.55158,3.881,2.0227,-0.77294,-0.73848,-2.7774,-0.42684,0.17719,-0.75224,-1.3948,-1.4703,0.075003
0.27385,2.649,2.6133,0.56427,-0.010269,-3.1235,-0.99672,-0.88403,-1.4603,-1.6589,-1.305,-0.023385
0.1658,3.0848,1.2154,-1.4671,-1.609,-3.719,-1.4047,-0.86204,-1.4075,-2.0224,-1.3525,-0.18507
1.1675,2.8846,2.1222,0.39079,-0.67153,-3.5301,-0.31499,0.11014,-1.3031,-1.6921,-0.96899,-0.26343
0.4987,3.0367,2.6817,0.19913,-0.55453,-3.8486,-1.1373,-0.13388,-1.0801,-1.1016,-0.21308,0.25279
0.20968,2.8596,3.7244,-0.29553,0.010969,-2.5098,-0.62559,-0.37373,-0.81794,-0.33798,-0.17846,0.54812
0.98052,2.9004,3.6584,0.041781,-0.21139,-2.958,-0.66923,-0.021861,-0.81753,-1.0963,-0.48619,-0.070558
0.89143,2.8547,3.4368,0.84908,-0.33109,-2.8884,-0.71755,-0.84817,-0.88609,-1.1075,-1.0403,-0.030987
-0.054275,1.8801,2.9615,-0.59604,-1.0087,-3.2337,0.17083,-0.26434,-1.0074,-0.14192,-0.18472,0.58784
3.2819,2.9931,1.8779,-1.302,-0.92879,-3.8318,-0.33267,-1.0467,-1.3945,-0.5017,-0.27604,0.37858
2.1534,2.2013,1.6499,-1.2937,-1.7331,-2.8401,-0.33848,-1.0846,-1.0423,-0.23241,-0.49612,0.46956
2.6538,2.1178,2.0834,-0.88191,-1.393,-3.063,-1.398,-0.61133,-0.94946,-0.11761,-1.5927,0.012183
3.3207,2.7921,1.9717,-0.3571,-0.97915,-2.4571,-0.73261,-1.046,-1.59,-0.2262,-0.9847,0.51052
2.8978,2.872,2.3407,-0.15097,-0.44643,-2.5982,-1.2627,-1.4828,-1.3324,-0.80745,-0.55535,-0.10728
3.2654,3.3573,2.1979,-0.48419,-0.8364,-2.5151,-1.0961,-0.53107,-0.85682,0.0013891,-0.43794,0.097177
3.9189,2.9646,2.1498,-0.22729,-0.36296,-2.6899,-0.21446,-0.53005,-1.1414,-0.93452,-1.2552,-0.0011718
3.2185,3.1572,2.369,0.18574,-0.76597,-2.249,-0.886,-1.1737,-1.2032,-0.30887,-0.24947,-0.037614
2.8517,2.9655,2.2778,-0.5401,-1.0876,-1.7789,-0.75677,-0.25013,-0.76304,-0.25721,-0.1734,-0.082546
3.2147,2.7158,1.5412,-0.83,-0.75548,-1.7848,-1.1371,-1.0382,-0.37962,0.25709,-0.12758,0.34027
3.3502,2.6592,1.0897,-0.49689,-1.0108,-1.4651,-0.79147,-1.3203,-0.90125,-0.2487,-0.62043,-2.6034e-05
2.7716,2.4836,1.6232,0.024758,-0.7154,-2.2721,-1.7719,-1.665,-1.7088,-0.4629,-0.44591,0.46726
3.2069,2.8244,1.6992,-0.041713,-0.72139,-1.4562,-0.77178,-1.0128,-1.6362,-0.14033,-0.70852,-0.089999
2.489,2.818,1.9739,-0.093183,-1.0433,-2.5785,-1.2153,-0.41525,-0.725,-0.041915,0.010565,0.22115
2.2117,2.3475,1.957,0.098512,-0.74614,-1.7264,-0.99206,-0.44596,-1.1793,-0.55165,-0.5633,-0.5963
2.9548,2.6772,1.5822,-0.0017476,-0.40341,-1.7166,-1.2951,-0.51641,-1.05,0.18538,-0.045621,-0.37622
3.2099,3.4382,2.352,-0.57172,-0.08319,-2.4884,-1.4975,-0.62649,-1.4395,0.38444,-0.46357,0.043682
4.9438,3.4959,1.5581,-1.241,-0.54327,-2.5916,-1.5142,-0.5443,-1.8456,-0.23928,-0.41686,-0.62417
3.8423,2.8952,0.87917,-0.46226,-0.483,-1.9654,-1.1671,-0.45471,-0.63318,0.43533,0.7432,0.010204
3.5856,2.775,1.4585,-0.44089,-0.66354,-1.4815,-0.70515,-0.59819,-1.1966,-0.28322,-0.37063,-0.59625
2.9532,3.3762,2.0127,-0.10861,-0.14478,-2.0868,-1.3818,-0.98695,-1.758,-0.62748,-0.16345,-0.51861
3.2279,2.5003,0.78644,-0.32572,-0.64395,-2.1201,-1.7496,-1.6597,-1.7961,0.0087964,0.077593,-0.6121
3.394,2.7741,0.66109,-0.24931,-0.57467,-1.4587,-1.3692,-1.4714,-1.6987,-0.71704,-0.1695,-0.1367
3.4136,2.4364,0.94778,-0.19874,-0.46453,-1.9271,-2.018,-1.7357,-1.3734,-0.91705,-0.82006,-0.35514
3.2751,2.7173,0.57832,-0.8842,-0.94421,-1.4981,-1.1982,-0.90374,-1.9008,-0.63188,-0.49953,-0.039289
1.6668,2.1825,1.2382,-0.18545,-0.90102,-1.3816,-0.77646,-0.96055,-1.0561,-0.061542,-0.12546,0.057208
2.9682,2.6327,1.0425,-0.62226,-0.45107,-1.4764,-1.1132,-0.97101,-1.1792,-0.15165,-0.75425,0.11151
3.7357,3.1144,1.3869,-0.27141,-0.90423,-2.0413,-2.1216,-1.4864,-1.8013,-1.1897,-0.64179,-0.10528
2.9518,2.3125,1.3188,-0.14643,-0.51412,-1.2897,-1.3769,-1.2399,-1.4774,-0.54461,-1.0116,-0.8534
2.2207,1.877,0.89533,-0.77764,-0.89986,-1.8048,-1.508,-0.5049,-1.3809,-0.081624,-0.31194,-0.6091
1.5648,1.6707,0.49091,-0.17774,0.29862,-1.4982,-1.2739,-0.73923,-1.5654,-0.17507,-0.43299,-0.80899
2.8161,2.7201,1.1367,-0.59707,-0.91694,-1.514,-1.2104,-0.41737,-1.6092,-0.21698,-0.32898,-1.1846
3.2823,3.3319,1.2997,-0.31317,-0.94085,-1.6691,-0.64072,-0.38449,-0.81793,0.24452,0.17006,-0.12901
4.6288,4.3483,2.3243,0.29599,0.37317,-0.79636,-0.713,0.098162,-1.0598,0.18803,0.1607,0.024432
6.9246,5.3662,2.6543,0.41627,-0.17938,-1.6966,-1.1265,-0.3918,-0.99732,-0.08743,-0.51924,-0.61638
7.4986,5.7674,2.652,-0.77681,-0.66899,-1.8914,-0.73442,0.28598,-1.1137,0.58345,-0.28472,-0.98898
6.7429,4.8288,2.1439,-0.23967,-0.68753,-1.1291,-0.91663,0.10656,-0.65006,0.38041,-0.083096,-0.24379
7.7592,5.411,1.9773,-0.90248,-0.75105,-1.2204,-0.57796,0.44937,-0.39889,-0.028401,-0.45124,-0.5552
6.6802,5.0716,1.5281,-0.424,-0.57319,-0.67316,-0.099725,0.58828,0.0023245,0.12801,-0.24104,-0.60117
5.6491,4.0659,1.7602,0.13813,-0.37076,-0.69815,-0.55276,-0.033147,-0.49332,-0.17069,-0.50794,-0.65414
7.6012,5.5206,2.454,-0.42392,-0.97768,-1.5742,-0.7742,0.074319,-0.75198,-0.057858,-0.4799,-0.82917
5.8227,4.0152,1.5786,0.040883,-0.68538,-1.0325,-0.49446,0.10198,0.085423,0.21618,-0.10815,-0.44643
6.0142,4.6804,1.7842,-0.25523,-0.53328,-1.1807,-0.63946,0.11713,0.040765,0.34387,-0.18708,-0.5041
6.6344,4.6683,1.9233,-0.11723,-0.64277,-0.93047,-0.40741,0.12718,-0.70652,-0.082356,0.058085,-0.54129
6.6866,4.6531,1.6198,-0.27496,-0.70036,-0.99798,-0.40363,0.039941,-0.26241,-0.0094846,-0.47667,-0.52881
2.8229,0.31052,3.8787,-1.9259,1.3361,-0.51076,-1.5771,-0.61527,-0.83944,0.49163,0.035495,-0.43713
2.2065,0.65752,3.557,-0.98567,0.89201,-1.8538,-2.149,0.072206,-0.32082,0.053194,0.35362,-0.26861
3.0425,0.68333,3.1659,0.33489,-1.0833,-2.1401,-1.9378,0.084711,0.28864,0.11179,-0.08268,0.13166
4.3741,0.57358,3.3919,0.29667,-1.9917,-2.0856,-2.5803,0.081155,0.40791,0.15543,0.060973,-0.67629
4.5977,0.23124,3.2154,0.54329,-1.8635,-1.8248,-3.0098,0.030328,0.70343,-0.044123,-0.12203,-0.7703
4.4186,-0.072734,2.7563,1.1049,-2.449,-1.2268,-2.7071,-0.27893,0.78551,-0.27364,0.040945,-0.87245
4.6109,-0.73647,2.6003,0.73581,-1.7102,-1.3739,-2.0505,-0.36142,1.1084,-0.11377,-0.003622,-0.88626
4.882,-0.17101,1.934,0.57544,-1.9253,-0.57513,-2.4271,-0.068455,0.63547,0.18017,0.51814,-1.3735
5.0305,0.23813,1.9514,0.15116,-1.8805,-0.38547,-2.4162,-0.44232,0.36178,0.45959,0.63346,-1.4961
5.1279,0.076603,2.0783,0.594,-1.8548,-0.82345,-2.9951,-0.73784,0.66575,0.26486,0.61063,-1.64
5.1578,0.18365,2.5386,0.28215,-1.5533,-1.4778,-2.7687,-0.9063,0.65145,0.28232,0.53226,-1.5643
4.8465,0.59337,1.7841,0.68964,-1.8351,-1.2875,-2.2709,-0.85122,0.82574,0.036561,0.6576,-0.95436
5.3433,0.10602,1.7229,0.85131,-1.7737,-0.98897,-2.3448,-0.36441,0.39049,0.80832,0.03006,-1.0792
5.3529,0.018587,1.8982,0.64574,-1.4301,-0.98379,-2.5324,-0.45183,0.47835,0.19107,0.52881,-0.97838
5.4198,0.55681,2.7153,0.30836,-1.8358,-1.0383,-2.2992,-0.51874,0.64903,0.045992,0.48313,-1.2377
6.4159,0.18468,2.1222,0.57627,-1.9496,-0.0068573,-2.5769,-0.64467,0.014611,-0.25693,1.0256,-1.4188
6.6639,0.26473,1.6757,0.70315,-1.6474,-0.43949,-1.9004,-1.0497,0.16941,-0.86146,1.1913,-1.0638
6.9514,-0.16627,2.1934,0.59783,-1.6186,-0.81194,-2.3453,-0.75525,0.69129,-0.57184,1.0564,-1.017
7.2292,0.1273,2.3217,0.45272,-1.2905,-1.515,-3.0465,-0.66837,1.162,-0.22773,0.64983,-1.232
7.1162,0.29202,2.4593,0.42933,-1.3596,-1.6022,-2.902,-1.177,0.16061,0.064117,0.77437,-0.4722
7.9032,-0.068158,1.7009,0.16868,-1.7026,-1.4249,-2.1586,-0.36295,0.17075,-0.65717,0.66973,-0.88507
6.6038,-0.5175,2.2478,0.64853,-1.5174,-1.5435,-2.5474,-1.0912,0.27962,0.36541,0.82323,-0.38317
4.7668,-1.0749,2.3894,0.48446,-1.7838,-0.080756,-1.3295,-1.3573,0.15533,-0.089286,0.82504,-0.25186
5.7271,-0.14192,1.8706,-0.237,-2.5973,-1.6544,-2.4749,-1.9246,-0.044005,0.40088,0.29916,-0.80462
7.4152,-0.80595,2.4462,0.13775,-2.0357,-0.9193,-2.0851,-0.81881,-0.038682,-0.5609,-0.18204,-1.5783
4.8552,-0.42033,1.7414,0.73019,-1.5119,-1.3481,-2.1719,-1.6008,-0.33829,-0.37844,-0.64739,-1.1665
5.7291,-0.86245,1.2179,-0.48148,-2.3393,-1.5002,-2.2058,-1.3037,-0.048329,-0.72804,-0.70771,-1.2943
5.6771,-0.43199,1.5531,0.12964,-1.6442,-1.0013,-2.275,-1.6745,-0.29126,-0.40938,0.045289,-0.27003
5.9331,-0.6454,1.4841,-0.20909,-1.3337,-1.0725,-2.3827,-1.4664,-0.66993,-0.31163,0.49553,-0.020637
6.9077,-1.0664,2.2882,1.3868,-1.0301,-0.92816,-1.9807,-2.0536,-0.19713,0.17742,-0.082111,-0.76904
6.3241,-0.94504,2.6882,0.52933,-1.5884,-1.3446,-2.8234,-1.7759,-0.15248,-1.0938,-0.53358,-0.58994
5.3135,-0.16556,1.9377,1.2405,-1.0177,-0.94885,-1.9916,-1.453,-0.46366,-0.58688,-0.401,-1.1421
6.9171,-0.39855,2.4453,0.51799,-0.74802,-1.4564,-3.1094,-1.0788,-0.27499,-0.8044,-0.3233,-0.63856
5.2673,0.29223,2.3509,1.3583,-0.63004,-0.62857,-2.1811,-1.948,-0.99507,-0.54333,-0.2815,-1.4407
5.4072,0.12364,1.8574,-0.31633,-1.4584,-1.0786,-2.6943,-1.2431,-0.0042127,-0.27157,0.12721,-0.79094
6.3618,0.51914,2.057,0.22786,-1.774,-1.9662,-2.4019,-1.0008,-0.35755,-0.23638,-0.0031308,-0.56196
5.4393,1.4539,1.76,0.67222,-0.72679,-1.2399,-2.0274,-0.96218,-0.37783,-0.63519,-0.36381,-0.28975
6.0671,0.58506,3.3843,0.60639,-1.4078,-1.1253,-1.7298,-0.87329,-0.59117,-0.23192,0.024866,-0.72991
5.6973,0.48359,1.9995,0.80049,-0.60916,-0.84481,-2.2844,-1.2648,0.48872,0.76661,0.61004,-1.1193
4.9949,0.30187,1.7305,0.33113,-1.2456,-0.94978,-1.6018,-1.0577,0.44461,0.93299,0.6818,-0.66983
5.0499,1.1642,1.5449,0.041459,-1.6508,-2.0987,-2.5527,-1.4399,-0.30368,0.29578,0.13,-0.49243
5.7888,1.2364,1.5594,0.7329,-1.0391,-1.3279,-2.1976,-2.2039,-0.60498,-0.3727,-0.45389,-1.0573
5.3149,1.0412,0.86093,0.47741,-0.88801,-2.1853,-2.7891,-2.0627,-0.70854,0.20268,-0.84453,-1.7692
5.4647,1.3424,1.3551,0.20389,-1.634,-2.6725,-2.6176,-2.1763,-0.78175,0.37599,-0.019784,-1.3687
5.4795,1.3494,1.1187,0.21147,-0.27158,-2.3277,-2.1552,-1.3462,-0.94689,1.0735,1.156,-0.63384
5.2194,0.9272,0.81403,0.16531,-0.48426,-2.0028,-2.595,-2.2874,-1.4772,-0.24374,-0.53642,-1.3273
6.3781,2.2962,0.76091,0.20118,-0.75719,-1.8985,-2.1513,-1.5558,-0.84502,0.5457,-0.6125,-1.0448
6.4922,1.638,0.43319,0.30946,-1.2957,-2.4488,-2.0676,-1.4874,-0.46539,-0.098218,-0.23242,-0.9225
5.7269,1.5337,1.4495,0.3089,-1.0758,-2.3756,-2.4924,-1.2714,-1.2346,0.14983,0.73819,-0.64483
5.3877,1.8067,1.3318,0.26384,-1.1719,-2.5645,-2.273,-1.2484,-0.52999,0.88297,-0.019912,-1.4003
5.2907,2.0385,1.074,-0.71506,-1.2597,-1.8312,-1.5992,-0.77119,-0.6243,0.081639,-0.27097,-1.3396
5.7911,3.1548,1.4216,-0.80496,-0.67216,-1.5814,-2.2037,-0.57002,-1.2635,-0.3014,-0.22906,-1.0796
4.6396,2.0245,0.13891,-1.2529,-0.77088,-1.9263,-1.9471,-0.58045,-0.97209,-0.14129,-0.68753,-1.0216
4.8812,2.639,1.2065,-0.6479,-0.74901,-2.3921,-1.9424,-0.39113,-1.1648,0.46137,0.0019339,-0.89569
4.5433,2.3289,1.7733,-0.78119,-1.1618,-2.5221,-1.3966,-0.93275,-1.1397,-0.016705,-0.17748,-0.95864
4.904,2.1731,1.3721,-1.0494,-1.3504,-2.077,-2.5822,-0.86167,-0.40359,-0.13507,-0.51471,-0.8433
4.884,2.2331,0.75384,-0.27717,-0.70134,-2.0302,-2.3944,-1.214,-0.89063,0.14693,-0.64059,-1.2177
5.2529,2.5765,0.32946,-1.1006,-1.5522,-2.7304,-2.5945,-1.2151,-0.72925,-0.048051,-0.19626,-1.1651
3.4884,2.4145,1.1818,-0.66874,-1.2209,-2.5449,-2.4918,-1.3912,-1.3964,-0.13632,-0.17447,-0.51596
4.789,2.4084,0.59198,-0.95533,-1.0536,-2.3562,-1.944,-0.78105,-1.0395,-0.1463,-0.5669,-1.2324
3.978,2.099,0.99447,-0.14391,-1.2159,-1.7024,-1.1847,-0.65152,-1.0906,-0.37525,-0.705,-0.66229
3.951,2.4102,0.53082,-1.3768,-1.3361,-1.7093,-1.3408,-0.67704,-0.92639,0.16572,-0.3657,-0.88651
3.9416,2.2485,0.37574,-0.36104,-0.68738,-2.3354,-1.8447,-0.94994,-0.77087,0.68253,0.31298,-0.88134
4.1086,2.8357,0.6928,-0.67138,-0.29961,-1.0576,-1.3557,-0.58109,-0.8818,0.04619,-0.16528,-1.0459
3.7647,2.3509,0.88336,-0.57952,-1.127,-1.2347,-1.3322,-0.39162,-0.40144,0.057087,0.35202,-0.27016
3.6616,2.0161,0.5533,-1.0386,-1.1382,-2.3809,-1.7118,-0.52969,-0.79013,0.28668,0.13115,-0.82194
3.7813,2.2023,0.4351,-0.77919,-0.92693,-1.7634,-1.0241,-0.52942,-1.334,0.4518,0.051685,-0.85145
4.2831,2.9487,0.18761,-1.0875,-1.1529,-2.4362,-2.0964,-1.21,-0.76202,0.14575,-0.12696,-0.47904
4.2659,2.8549,1.0303,-0.51748,-1.4867,-2.3168,-1.9339,-1.742,-1.1165,0.43164,0.35061,-1.0344
4.6681,2.9769,0.43251,-1.1668,-1.5158,-2.8781,-2.5404,-1.2777,-1.0557,0.29426,-0.17254,-0.21337
4.0726,2.5107,-0.091044,-1.1101,-1.0666,-2.3851,-2.1732,-1.0427,-0.58961,0.052014,-0.50319,-0.93655
2.8917,2.5812,0.79558,-0.9533,-1.2009,-2.4116,-1.9216,-0.95638,-1.0144,0.1423,0.037296,-0.23679
3.6299,1.9081,0.16593,-0.56892,-0.70261,-1.7614,-1.8748,-1.3229,-0.97924,-0.43039,-0.33818,-0.56153
3.1198,1.864,0.13098,-0.60212,-0.17998,-1.3588,-1.1219,-0.90374,-1.0992,-0.16644,-0.45764,-0.62808
3.5323,2.6971,0.50316,-0.65387,-0.83234,-1.4149,-1.4893,-0.62047,-0.84733,0.17243,-0.55178,-1.0933
3.2932,2.4491,0.44922,-0.98784,-1.3141,-1.6511,-0.78105,-0.5285,-1.4197,-0.062189,-0.55321,-0.51712
3.4449,1.9323,0.52779,-1.0104,-2.2512,-2.1517,-1.54,-1.2742,-0.26692,-0.15501,-0.55949,-0.14304
2.5161,1.7794,0.3549,-0.16371,-1.2222,-2.6358,-2.1539,-1.0677,-0.96231,0.32939,-0.0074859,-0.2828
2.5485,1.9959,-0.47202,-1.4054,-0.92305,-1.7142,-1.3343,-0.7905,-0.80679,0.39255,-0.041522,-0.27568
1.6391,1.6814,-0.1307,-0.8768,-0.36336,-1.0838,-1.3418,-1.1381,-1.4008,-0.18937,-0.23429,-0.11384
2.0317,2.0438,0.5399,-0.40604,0.08155,-0.84232,-0.96541,-0.87643,-1.7758,-0.16864,-0.11317,-0.043145
2.536,2.0537,0.46684,-0.54231,-0.6144,-1.3383,-0.84831,-0.58263,-0.92132,-0.18462,-0.33889,-0.75207
2.3525,2.0299,0.81554,-0.50163,-0.17066,-1.7175,-1.6466,-0.38936,-0.94901,-0.43185,-0.52757,-0.84673
2.1172,2.1604,0.25756,-1.1284,-0.54864,-1.5197,-1.0386,-0.66003,-1.5342,-0.39906,-0.36083,-0.57842
2.0492,2.2821,-0.011529,-0.54993,-0.90383,-1.1779,-0.99966,-0.76117,-0.72889,-0.26229,-0.34644,-0.61134
2.292,1.9923,0.55093,-0.18128,-0.49821,-1.0999,-1.299,-0.67166,-0.96352,-0.4108,-0.63486,-0.46289
3.2352,2.9592,1.0476,-0.24514,-0.36946,-2.0674,-1.6777,-1.3111,-0.95714,-0.029163,-0.014511,-0.25747
2.3257,2.6859,1.0217,-0.30787,-0.9988,-2.0927,-1.6594,-1.3324,-1.7808,-0.15148,-0.29715,-0.42976
1.8579,2.1755,0.63285,-0.20228,-0.31845,-1.8772,-1.5263,-1.1377,-1.0399,-0.56334,-0.34528,-0.30729
-5.6378,0.84483,-0.6837,-2.5333,-0.21296,-2.1622,-2.3215,-0.32274,2.6945,0.052455,-1.0898,-1.4429
-5.2116,1.4051,-0.96447,-4.0118,-0.2801,-2.7345,-1.2388,-0.49415,0.86292,-0.64904,-0.81022,-0.95807
-4.8604,2.1923,1.0483,-3.0177,-1.1076,-2.2249,-1.2068,-1.2921,0.17224,-0.24992,-0.96,-0.66101
-0.95277,1.6984,2.2276,-0.57143,-0.89954,-0.83258,0.37394,-0.39082,0.51716,-0.18476,0.48046,0.10018
2.3282,0.26598,4.5472,-0.74094,-3.1388,-2.5927,-0.56883,-0.38912,0.46841,-0.7842,0.21513,0.29809
3.8921,-0.53447,3.7636,-1.0566,-2.8141,-2.6915,-0.5494,0.043083,0.53968,-0.52219,0.14159,0.27441
3.6301,-1.1772,3.1938,-1.7522,-2.0305,-2.7211,-0.013113,0.38115,0.86561,-0.72658,0.1304,-0.04722
4.0208,-1.9342,2.893,-1.7121,-1.6869,-2.7105,0.21639,0.56781,1.1047,-1.032,-0.03645,-0.55318
4.2522,-1.7393,2.252,-2.2619,-1.1782,-2.3154,0.21516,0.40238,1.2902,-0.78878,-0.68617,-0.70768
4.1305,-1.9935,1.6937,-1.82,-1.3399,-1.8073,0.0089561,0.6862,1.3451,-0.98111,-0.37102,-0.6435
4.567,-2.6232,1.9028,-1.5328,-0.70497,-2.2501,0.13737,0.34905,1.5489,-0.64317,-0.4035,-1.0048
4.8718,-2.4185,1.9118,-1.2338,-0.69464,-2.3557,0.17304,0.30676,1.2349,-0.78256,-0.45593,-1.1974
5.4987,-2.0711,1.5098,-1.6396,-0.21133,-1.9232,0.054993,0.044621,1.0341,-0.60072,-0.46218,-0.88566
5.5443,-1.3688,1.4013,-1.915,0.12166,-2.0987,0.52401,0.16438,1.4867,-0.5616,-0.08073,-1.296
5.9228,-1.7217,2.0632,-1.6715,-0.2749,-2.178,0.40145,-0.066759,1.7467,-0.54099,-0.53721,-0.93428
4.959,-1.0946,2.151,-1.0372,0.058076,-3.0368,-0.23237,-0.36811,1.4575,-0.55447,-0.10489,-0.4972
3.6114,-2.0475,1.7193,-1.3553,-0.77316,-1.1578,-0.44363,-0.7507,0.45544,-1.4604,-0.38555,-0.5483
5.1003,-2.2476,1.5734,-1.3093,-0.4333,-1.6151,-0.6356,0.27015,1.2552,-1.5865,-0.31044,-1.0538
5.2885,-1.7925,2.1231,-1.3155,-1.1056,-1.5691,0.11403,-0.053384,0.26989,-0.82343,-0.91133,-0.74284
5.5776,-1.6587,1.9866,-1.4142,-1.4699,-1.0028,-0.15197,-0.0084644,0.28755,-0.63373,-1.2136,-0.65888
5.6803,-1.712,2.5247,-1.2329,-1.4871,-1.9216,-0.30592,0.19709,0.1801,-0.35819,-0.5993,-0.28413
4.9491,-2.0513,2.5001,-0.086112,-1.6434,-1.8926,-1.8061,0.038728,0.94006,-0.059044,-0.39979,-0.50043
5.4944,-2.1019,2.2524,-2.0772,-1.8999,-0.738,-0.22358,0.65181,0.72479,-0.88014,-1.0051,-0.93036
4.5303,-2.8425,1.762,-0.64481,-1.5045,-0.90133,-1.4027,0.20926,0.68093,-0.6789,-0.5038,-0.64483
1.9652,-1.257,1.4672,-1.882,-0.97967,-1.9279,0.64254,0.32365,1.12,-0.76924,-0.80435,-1.7863
-1.469,0.054623,0.10118,-1.9653,-0.19398,-2.7135,0.10494,0.40763,0.46164,-0.87252,-0.6047,-0.73522
-1.3637,1.5528,-0.89112,-1.3493,0.11494,-3.1057,0.5681,0.10809,0.12087,-0.26245,-0.26195,-0.75066
-0.45474,0.3357,-0.53913,-0.88489,0.20196,-3.5626,0.207,0.11566,0.90778,-0.42158,-0.93895,-0.84975
1.2725,-0.36254,-0.10267,-1.3535,-0.89699,-3.0101,0.81907,0.081911,0.97872,-0.67419,-1.051,-0.48716
1.1672,-0.11281,0.50873,-0.98093,-0.46868,-2.582,-0.14899,0.29553,1.2994,-0.94865,-1.2493,-1.3364
1.3148,0.22395,0.47356,-0.80354,0.69744,-2.3269,-0.66182,0.81546,1.0467,-0.56611,-0.74191,-1.8862
1.4059,0.80066,0.37991,-0.026676,0.4256,-1.7868,-0.80366,-0.32253,0.38701,-0.41309,-0.98671,-0.46536
0.35625,-0.41362,0.76063,-0.22425,1.3499,-1.3231,0.29263,0.068502,0.32043,0.52328,0.020045,-1.2044
0.50837,0.29925,0.12513,-0.50336,0.31532,-1.1918,-0.56423,0.67433,0.86063,0.024268,-0.54613,-1.1522
-0.83913,0.22868,-1.3487,-1.3085,-0.29219,-1.8991,-0.4232,0.93072,0.52905,0.05758,0.24499,-0.73885
-0.1019,-0.32062,-1.133,-1.4452,0.12398,-2.163,-0.4632,1.2159,0.68018,-0.27293,-0.33104,-1.3128
-0.38483,-0.73797,-1.1988,-1.8774,0.69712,-1.8334,-0.75147,0.76448,0.43133,0.58804,-0.78358,-1.0549
1.4307,-0.35225,-0.20351,-1.2332,0.16844,-1.4997,-0.34173,1.0723,1.2022,0.065841,-0.7696,-1.1558
1.204,-0.44674,-0.38661,-1.2076,0.037543,-1.6184,-0.93748,-0.087661,0.45998,0.66309,-0.072803,-1.0822
1.4008,-0.19426,-0.74709,-0.82945,-0.2649,-1.7579,-0.68046,0.70435,0.95426,0.146,-0.41927,-0.73406
0.36738,-0.85693,-0.44599,-0.1194,0.14421,-1.5139,-1.386,0.51548,0.56659,-0.34122,-0.44655,-0.90916
1.9036,0.12185,0.34394,-1.154,-0.63021,-2.0551,-1.4142,-0.16864,0.61957,-0.38464,-1.0537,-1.2405
2.9833,-1.0139,0.17678,-1.0124,-0.42297,-1.797,-1.2448,-0.044469,-0.3272,-0.44944,-1.1905,-1.0546
