2.3291e-16,2.3188e-16,4.6035e-16,-2.2779e-16,-2.2475e-16,0,-2.1668e-16,0,0,0,-9.6528e-17,-9.2843e-17
2.3291e-16,2.3188e-16,4.6035e-16,-2.2779e-16,-2.2475e-16,0,-2.1668e-16,0,0,0,-9.6528e-17,-9.2843e-17
2.3291e-16,2.3188e-16,4.6035e-16,-2.2779e-16,-2.2475e-16,0,-2.1668e-16,0,0,0,-9.6528e-17,-9.2843e-17
2.3291e-16,2.3188e-16,4.6035e-16,-2.2779e-16,-2.2475e-16,0,-2.1668e-16,0,0,0,-9.6528e-17,-9.2843e-17
2.3291e-16,2.3188e-16,4.6035e-16,-2.2779e-16,-2.2475e-16,0,-2.1668e-16,0,0,0,-9.6528e-17,-9.2843e-17
2.3291e-16,2.3188e-16,4.6035e-16,-2.2779e-16,-2.2475e-16,0,-2.1668e-16,0,0,0,-9.6528e-17,-9.2843e-17
0.19334,-0.077614,-0.18865,-0.48205,0.0089754,-0.45716,-0.23793,0.48573,0.31501,0.55888,-0.082013,-0.37257
0.070941,0.20286,0.10496,-0.5531,-0.042045,-0.47441,-0.27102,0.23108,-0.18334,0.47872,0.22443,0.011691
0.88429,0.044588,-0.71907,-1.3273,-0.60213,-0.51845,0.11196,0.91898,0.62857,0.66102,-0.25397,-0.75987
0.62498,-0.0031115,-0.36154,-0.62551,0.10454,-0.5048,-0.73338,-0.27489,-0.16402,0.80876,0.47225,-0.091154
1.313,0.11592,-0.40537,-0.59828,-0.17965,-1.0124,-1.1598,-0.48649,-0.25421,0.67727,0.58124,0.12779
0.76091,0.5277,-0.056505,-1.5693,-0.49925,-0.95821,-0.43111,0.76007,-0.08649,0.80344,0.21987,-0.58019
1.5931,0.97118,-0.075147,-1.7134,-0.82944,-1.1869,-0.53065,0.37859,-0.5217,0.17866,-0.36184,-0.59341
0.71102,-0.075826,-0.41496,-0.90954,-0.55757,-0.99285,-0.17232,1.0055,0.51293,0.4923,-0.096127,-0.22253
0.50788,0.002533,0.036886,-0.52659,-0.33694,-1.2738,-0.60736,0.54996,-0.061577,0.52253,0.34784,0.1999
4.0868,3.1545,1.931,-0.070728,0.99036,-0.26959,0.069421,0.74068,-0.78681,-0.051463,-0.75947,-0.78059
5.1467,4.0488,2.6746,0.35764,0.3758,-0.7034,-0.52125,0.13254,-0.90211,0.20977,-0.18833,-0.58614
4.6099,3.2407,2.9441,1.6034,0.15287,-0.54234,0.069277,-0.32686,-1.3992,0.066501,-0.0088186,-0.67319
6.1769,3.1363,4.2457,0.97881,-1.5435,-1.7563,-0.29041,-0.53923,-1.6151,0.60149,0.078827,-0.33206
6.0892,3.2849,3.621,0.86784,-1.3708,-1.7639,0.042865,-0.28606,-1.6699,0.646,0.32009,-0.33751
6.2325,1.2641,3.9064,1.1526,-1.7307,-1.4872,0.44683,-0.52458,-1.0586,0.12011,0.054751,0.26212
6.1527,0.89609,3.6919,0.85963,-1.7076,-1.49,-0.28869,0.34251,-0.31005,-0.69016,0.45836,-0.062517
6.727,1.0173,3.6736,1.1218,-1.6736,-1.9327,-0.496,-0.55596,-0.92461,-0.19323,-0.044444,-0.15725
7.3666,1.0466,3.7134,1.754,-1.8325,-2.0045,-0.52778,-0.73936,-1.0592,-0.083692,-0.25264,-0.11415
7.7743,1.7209,3.5841,1.5737,-2.3132,-2.1608,-0.21834,-0.57426,-1.0576,-0.017831,-0.35237,-0.22952
7.2885,1.3828,3.839,1.8069,-2.3286,-2.6823,-0.097566,-0.65581,-0.55452,-0.14878,-0.036791,0.10317
5.768,1.1359,3.2621,0.36187,-1.2372,-1.6446,-1.4852,0.65815,-0.99418,-0.05331,-0.32468,-0.1688
5.2044,-0.78013,2.5312,0.075778,-1.5164,-1.4188,-1.88,0.48481,-0.079407,-0.35796,-0.04188,0.16668
5.0719,-0.71328,1.988,0.50982,-1.8849,-1.3221,-1.756,-0.17656,0.14004,-0.56706,0.11649,-0.60057
5.7588,-0.80761,1.7115,0.52216,-2.0671,-1.2154,-2.0344,-0.02509,0.31686,-0.67998,0.11135,-0.96776
5.5817,-1.1857,1.4915,0.35596,-2.0676,-1.0221,-2.1632,0.013155,0.82316,-0.28391,-0.07548,-0.7502
5.4118,-1.8122,1.6003,-0.1365,-1.8228,-0.97782,-1.957,-0.4306,1.1493,-0.13787,0.4125,-1.2742
5.8084,-1.2891,0.80885,-0.38206,-1.5585,-0.42648,-2.0113,-0.12404,0.94047,0.34832,0.27659,-0.99243
5.6979,-1.9853,0.95893,0.088121,-1.5772,-0.79579,-1.5756,-0.15881,0.8301,0.20272,0.33354,-0.90044
6.0276,-1.9346,1.0462,0.082315,-1.1438,-0.60641,-1.9404,-0.13282,0.47928,0.0024042,0.55159,-0.81881
5.0102,-1.5383,1.4258,-0.12522,-0.78204,-1.0144,-2.131,0.039149,0.57487,0.30198,0.62537,-1.2653
4.9515,-1.4034,1.5547,-0.37293,-1.1971,-0.848,-1.6675,-0.17436,0.91667,0.35131,0.79455,-1.5371
4.7332,-1.1415,1.6927,-0.34914,-1.5216,-0.92754,-1.6636,-0.81866,1.237,0.40174,0.78129,-1.4328
6.0104,-1.4169,1.6764,-0.63434,-1.5304,-1.0428,-1.7042,-1.2287,1.5175,0.25054,1.0032,-1.4596
6.1854,-1.2419,1.6836,-0.57407,-1.1654,-1.0081,-1.5441,-1.1139,1.0872,0.58209,0.4846,-1.2934
5.6221,-0.58284,2.0166,-0.50522,-0.83648,-1.4654,-1.5263,-1.1391,0.97643,0.54585,0.5503,-1.4145
5.8225,-0.39173,1.9176,-0.21954,-0.89049,-1.2042,-1.5044,-1.103,0.58468,0.06267,0.69903,-0.70805
5.1252,0.11017,2.015,0.50243,-0.067215,-1.0502,-1.9883,-1.1739,0.24704,0.60816,0.6485,-0.53919
4.0476,0.3242,0.75853,-0.15413,0.11545,-1.0048,-0.55401,-0.67778,0.79226,1.2357,0.0062094,-0.69005
2.1994,1.0852,0.33018,0.13884,-0.026146,-0.65257,-0.79406,-0.47152,0.43199,0.13109,-0.33228,-0.67517
1.0794,1.1631,0.15709,-0.60994,-0.25195,-1.0302,-1.0237,-0.40086,0.26821,0.63323,-0.031262,-0.55993
0.029586,1.8439,0.34096,-0.26585,-0.23943,-1.1575,-1.3811,-0.74489,0.24523,0.65968,-0.23535,-1.1633
-0.15851,1.7834,-0.37022,0.62439,-0.030406,-1.6416,-0.42842,-0.16534,-0.46725,0.16038,-0.16484,-1.0445
-0.53779,1.758,-0.49454,-0.44854,0.11771,-1.2193,-1.1379,-0.70965,-0.39156,-0.79178,-0.4263,-1.036
0.82396,1.7747,-0.31491,0.14979,-1.0077,-1.9345,-0.91817,-0.87016,-0.49875,-0.096,-0.26418,-0.79857
1.2766,1.317,-0.11515,0.12714,-0.48846,-1.6035,-1.2857,-0.90141,-0.15525,0.75839,0.32303,-0.45855
0.86158,1.3382,-0.078413,0.52197,-0.35823,-1.6033,-1.3187,-1.0349,-0.42144,-0.033014,-0.1156,-0.27312
0.24804,0.89067,0.32698,0.62406,-0.06813,-1.3701,-1.6136,-1.102,-0.4423,-0.24233,-0.57259,-1.0533
0.87704,1.5084,-0.56969,0.52809,-1.0413,-1.8605,-1.3557,-0.16449,-0.62157,-0.53535,-0.5465,-1.198
1.168,2.0022,-0.65095,0.20333,-0.53411,-1.5762,-1.2695,-0.77267,-0.20668,0.0063856,-0.51263,-1.337
0.42255,1.9887,-0.17094,0.93437,-1.1675,-1.9879,-1.4935,-0.74053,-0.54133,0.050734,-0.28967,-0.65204
-0.31348,0.98446,-1.0225,0.48594,-1.3865,-1.6684,-1.6507,-1.3612,-1.2493,0.0021626,-1.0941,-1.4916
-0.52583,1.3693,-1.0552,0.10896,-1.0133,-2.0103,-1.0165,-0.65865,-0.21784,0.84277,-0.089928,-0.2866
0.21558,2.437,-0.38999,-0.021437,-1.652,-1.4321,0.21631,-0.26269,-0.54763,0.12454,0.0022932,-0.29482
0.26301,2.304,-0.078147,0.96806,-0.21125,-1.4218,-1.0056,0.037594,0.096853,0.10481,-0.23827,-0.22703
-0.88533,1.612,-0.30297,0.79628,-0.012032,-0.67785,0.42551,0.52415,0.18474,0.5265,-0.25617,-0.60727
-0.43156,2.2053,-0.91082,0.33732,-0.034828,-1.582,-0.62777,0.38097,-0.52142,0.45532,0.25481,-0.82789
-1.2089,1.5844,-0.39257,0.39745,-0.19389,-0.95776,-0.21432,0.04044,0.10333,0.54957,-0.0044152,-1.3142
0.97356,2.022,-0.80987,0.49051,-0.68663,-2.3914,-1.3692,-0.61085,-0.3878,-0.3158,-0.35072,-0.76065
0.0030795,1.6845,-0.27561,-0.63365,-0.38336,-1.8189,-0.71669,-0.2407,-0.31277,-0.59912,-1.0209,-1.2805
0.55108,1.7739,-0.40374,0.030894,-0.36613,-2.0976,-0.41701,-0.36919,0.23368,0.18265,-0.17353,-0.81071
1.3399,1.9583,-1.2407,-0.068115,-0.38676,-1.4366,-0.95152,-0.98924,-0.31548,0.27236,-0.31505,-0.74273
1.3265,1.9351,-0.10642,0.238,-0.055338,-1.6435,-0.9321,-0.39917,-0.18573,0.2453,-0.40055,-0.39608
2.1501,1.4866,-0.10918,0.2273,-0.20963,-1.6214,-1.1514,-0.66824,-0.20637,0.14994,0.058412,-0.62332
2.3068,1.8384,0.40183,-0.020261,-0.4804,-1.2696,-0.73772,-0.57397,-0.21353,0.54216,-0.59102,-0.91559
2.7428,0.96557,0.30696,0.68246,-0.068369,-1.8619,-0.74507,-0.71634,-0.46402,0.25356,-0.62501,-1.0703
3.298,1.1899,0.61871,0.75628,0.022999,-1.22,-0.98867,-0.53342,-0.80943,-0.77813,-0.35307,-0.9365
4.278,0.8286,-0.43018,-0.44289,-0.70333,-2.0916,-1.0195,0.037293,-0.5207,0.37543,0.047392,-0.94293
3.9552,0.8802,0.50087,-0.017849,-0.59738,-1.5414,-1.0458,-0.31913,-0.65701,0.033209,0.29256,-1.2145
5.1128,1.3642,0.40786,-1.0391,-0.098443,-1.3607,-1.8109,-1.0089,-1.0351,0.37028,0.11492,-1.0606
5.0079,-0.2157,0.33767,-0.60142,-0.045817,-2.6478,-2.6991,-1.1731,-0.78329,0.55524,0.13822,-0.72289
5.4234,0.60115,0.0093119,-0.53067,-0.59098,-1.646,-0.6947,-0.57054,-0.52131,-0.61865,-0.14898,-0.54127
5.908,0.28211,0.32161,0.089569,-0.39162,-1.6503,-1.069,-0.7683,-0.79746,0.31662,0.06399,-0.94291
4.4718,0.0021719,0.68469,0.43379,0.1603,-1.2545,-1.2271,-0.62021,0.046044,0.4261,0.066617,-1.0271
6.0075,-0.22619,0.04417,-0.43899,-0.75483,-1.5013,-1.5592,-0.22809,0.19124,0.90867,0.44816,-0.90752
5.4399,0.048511,0.16689,0.26963,-0.18639,-1.7304,-1.6381,-0.64327,-0.47232,0.19351,-0.50261,-1.2544
4.838,-0.60793,-1.0153,-0.87738,-0.44586,-1.1326,-0.93036,-0.40713,-0.17238,0.55701,-0.54493,-0.94982
5.7687,-0.24692,-0.76301,-0.5873,-1.23,-2.3542,-1.5592,-0.69979,-0.50931,0.70883,-0.81374,-1.6905
5.1286,-0.9603,-1.0199,-0.55603,-1.4911,-2.372,-0.96757,-0.63782,-0.94283,0.52323,-0.26774,-1.2796
5.6414,0.4841,-0.27477,-0.36489,-0.7233,-1.4521,-0.65898,-0.29464,-0.55057,0.43489,-0.81435,-1.4277
5.3607,0.51506,-0.452,-0.23194,-0.35701,-1.4582,-1.0991,-0.5471,-0.34597,0.91888,0.22284,-0.52993
5.7411,0.84582,0.028067,-0.50104,-0.80908,-1.6023,-1.0245,-0.18376,-0.41765,0.73787,0.18162,-0.90046
5.7841,0.65,0.072934,-0.54541,-0.32795,-1.9864,-1.4483,-0.84688,-1.0638,1.552,0.081451,-1.4911
4.9572,0.23066,-0.58097,-0.69137,-0.062576,-1.382,-0.94224,-0.5528,-0.89224,1.0626,-0.32338,-1.3821
6.0746,1.2719,-0.23569,-0.49289,-0.053137,-1.3079,-1.5391,-0.59359,-0.14901,0.54753,-0.46513,-0.9509
6.1367,1.3896,0.53753,0.13838,-0.98594,-2.1855,-1.2646,-0.36529,0.22216,1.1701,-0.25163,-1.2394
6.2945,2.4977,0.61218,-0.33883,-0.42753,-1.5733,-1.7323,-0.90821,-0.41603,0.80263,0.23848,-0.75644
6.2086,1.7567,-0.31506,-0.87202,-0.94818,-1.0023,-0.44167,-0.17623,-0.214,0.55149,0.093385,-0.98687
5.5772,1.6147,-0.13168,-0.85756,-0.15932,-1.0487,-0.86715,-0.87444,-0.9439,0.79041,-0.04125,-0.8113
4.6617,1.0865,-0.1798,-0.77175,-0.28251,-1.0219,-1.1827,-0.63348,-0.61385,0.46785,-0.06106,-0.74056
4.9848,1.0509,-0.34738,-0.48468,-0.78395,-1.5285,-1.0808,-0.30703,0.19065,0.70516,-0.13738,-0.77806
5.4899,1.8068,0.38422,-0.21462,-0.36069,-1.8635,-1.8644,-0.72851,-0.49007,0.22294,-0.81065,-1.3732
4.7951,1.5807,0.42141,-0.49706,-0.13348,-1.7021,-1.5097,-0.1587,-0.35321,0.79037,-0.22899,-1.0836
5.612,2.0377,0.40059,-0.90423,-0.7476,-2.165,-1.9142,-0.53552,-0.70934,0.5601,-0.19616,-0.93144
4.9614,2.4084,0.99722,0.21968,0.22072,-1.156,-1.3151,-0.36274,-0.12886,0.35235,-0.86147,-1.4635
4.1942,1.8205,0.85736,0.045871,0.024609,-0.62554,-0.20596,0.11805,-0.48503,0.37863,-0.32122,-1.3309
4.2562,1.8307,0.57805,0.06393,0.37725,-0.48804,-0.44775,0.40186,0.44783,0.61115,-0.84198,-1.7128
3.7867,2.1675,0.65137,-0.93915,-0.82963,-2.0769,-1.8897,-0.68972,-0.83044,-0.20863,-1.1432,-1.4137
4.5145,2.7389,1.2275,-0.86388,-0.16672,-1.6716,-1.1987,-0.038412,-0.83254,0.51535,-0.27521,-0.67192
5.4699,3.4433,1.4283,-0.38138,0.18001,-1.0081,-1.1881,-0.22563,-0.25078,0.90721,0.24198,-0.56914
5.7891,3.6901,1.551,-0.080027,0.2086,-0.51017,-0.4297,0.22761,0.10949,0.71211,-0.072203,-0.96373
6.2329,4.7284,2.7329,0.071756,0.40931,-1.4931,-1.4245,-0.32678,-0.85931,0.56498,-0.39863,-0.70809
6.2783,4.4148,2.3738,0.21564,0.019265,-1.4498,-1.68,-0.54934,-0.91569,0.61044,-0.038252,-0.4159
7.0969,4.3027,1.738,-0.26583,-0.18887,-1.3069,-1.1194,-0.16159,0.012215,0.99834,-0.00077775,-0.54925
6.7148,4.5423,2.1338,-0.14833,0.044524,-0.81872,-0.28985,0.3061,-0.28369,0.43142,-0.65592,-0.96992
6.9795,4.18,1.5561,0.17902,0.072544,-0.8531,-0.68401,0.01845,0.047669,0.58427,-0.29718,-0.79656
7.3804,4.0933,1.8742,0.31093,-0.050465,-1.0257,-0.8336,-0.17553,-0.10457,0.66767,-0.32149,-1.0857
7.5465,4.5051,2.0549,0.16272,-0.5467,-1.0947,-0.76563,0.15243,0.30272,0.24979,-0.57511,-1.1875
7.1057,3.9712,1.3025,-0.34034,-0.21885,-0.78849,-0.50488,0.50662,0.44282,0.29179,-0.97021,-1.2526
6.2659,3.7973,1.7484,0.3604,0.38682,-0.59493,-0.45501,0.25926,0.134,0.48815,-0.63468,-1.153
6.5301,4.1965,1.654,0.23417,-0.4556,-0.77356,-0.42717,0.039558,-0.27682,-0.0015908,-0.41986,-0.715
3.1736,2.1822,3.9472,-0.81629,-0.52365,-0.14462,-0.46215,-0.19739,-0.80734,0.19231,-0.74423,-0.08591
1.7735,1.0221,2.651,-1.3264,-0.71221,-0.93854,-1.2356,-0.083854,-0.51832,-0.56237,-0.90861,0.30495
2.3475,0.17824,2.509,0.079081,-0.68732,-1.9648,-1.2837,0.073937,0.52092,-0.30173,-0.028943,0.17403
3.6264,0.32213,2.3197,0.73084,-1.1106,-1.8152,-1.9367,-0.10935,0.53236,-0.23145,0.3079,-0.14315
4.2916,0.39848,2.3701,0.77827,-1.7437,-1.6017,-2.7248,-0.17293,0.27026,0.038815,0.21599,-0.096008
4.5247,0.51014,2.2594,1.0669,-1.6472,-1.738,-2.8451,-0.69499,0.78094,-0.2171,0.35226,-0.19791
4.9505,0.23679,2.2693,0.87028,-1.7398,-1.7391,-2.509,-0.94168,0.82191,-0.38955,0.49468,-0.42733
5.3391,0.55136,2.075,0.87684,-1.6047,-1.5121,-2.4101,-1.0499,0.83797,-0.19591,0.14359,-0.39103
4.806,0.81516,1.7974,0.60898,-1.4082,-1.2286,-2.0098,-1.506,0.73704,-0.14509,0.10068,-0.22647
5.8032,0.28981,1.7558,0.63444,-1.9655,-0.65,-1.9407,-1.6047,1.0726,-0.54077,0.47163,-0.52245
5.1404,1.1076,1.7619,0.61321,-2.2459,-1.0434,-1.5603,-1.2333,0.5831,-0.22984,0.87371,-0.47947
5.4899,1.2224,0.78345,0.57579,-1.3526,-1.2705,-1.5779,-1.4898,1.1086,-0.33206,0.46537,-0.2691
5.7039,0.97678,1.0735,0.65436,-1.5556,-1.255,-1.338,-1.4824,0.73775,-0.552,0.989,-0.39383
5.4641,0.97309,2.0878,0.42306,-0.96252,-1.337,-1.246,-2.3211,0.81148,-0.50128,0.78593,-0.20429
5.6248,1.1566,1.9827,0.9144,-1.7806,-1.3627,-1.9856,-1.6434,0.96975,-1.0981,0.90617,-0.0064188
5.7301,1.1828,2.0142,0.90976,-1.6638,-1.1583,-2.3106,-2.2052,0.20151,-0.55023,0.915,0.17476
6.7195,0.5185,1.677,0.70967,-1.2344,-1.1887,-2.4439,-1.4083,0.65495,-0.74324,0.62538,-0.23893
5.9688,1.1612,1.3567,0.84717,-1.4599,-1.655,-2.2285,-1.1356,0.78188,-0.66319,0.46226,-0.25299
5.2911,1.2916,1.0438,-0.22197,-1.3543,-1.4589,-2.2524,-1.3461,0.032615,-0.11852,0.04668,-0.61463
6.8107,1.3869,1.6706,0.17533,-1.6462,-1.6933,-2.1749,-1.9207,-0.30167,-0.712,0.33628,-0.86613
4.9359,1.9686,1.5205,-0.028917,-1.7598,-1.6769,-1.9529,-1.6159,-0.73586,-0.21004,0.53536,0.11233
5.6624,0.9986,1.4704,0.32439,-1.546,-1.9767,-2.1705,-1.5858,-0.46946,-0.62519,-0.1004,-0.49382
5.5679,0.2999,0.79703,-0.36562,-1.7715,-2.1002,-2.5379,-1.2577,-0.74312,-0.88755,-0.1761,-1.0009
5.9991,0.67708,1.221,0.011806,-1.3738,-1.4322,-1.9889,-0.82827,0.20022,-0.19986,-0.2531,-1.3675
7.0184,-0.12795,2.1131,0.040971,-1.4412,-1.3875,-1.9769,-1.1102,-0.26397,-0.0035435,0.41304,-1.3358
6.261,0.47134,1.2981,0.85864,-0.96078,-1.1991,-2.0538,-1.4444,-0.47501,-0.51996,-0.14585,-0.58726
7.8451,0.050127,2.431,0.72903,-1.2093,-1.4889,-2.957,-1.4678,-0.77732,-1.5784,-0.42694,-0.95729
6.4036,0.81453,1.5889,-0.36645,-2.2919,-1.2449,-2.2854,-2.0342,-1.0872,-1.4687,-0.73139,-0.61813
5.7168,0.55163,1.2394,-0.35629,-1.25,-0.60453,-1.9139,-1.6646,-0.37942,-0.24574,-0.073156,-0.2875
6.067,0.75281,1.6024,0.75729,-0.89857,-1.0149,-1.3113,-1.4813,-1.3903,-0.47277,0.16923,-0.4783
7.3718,-0.022358,1.21,0.084004,-2.169,-1.9244,-2.0555,-0.78556,-0.4602,-0.9641,-1.0014,-1.1804
5.8781,0.14494,0.84473,0.4477,-1.2232,-1.1334,-1.4228,-0.97845,-0.41198,0.01397,0.15918,-0.23232
6.6296,0.68938,1.0437,0.85662,-0.55776,-1.3777,-1.5507,-0.66734,0.11361,0.056927,-0.15971,-0.65028
6.8783,0.99252,1.0642,0.41849,-0.95939,-1.3056,-1.8196,-1.3273,0.20789,-0.014432,-0.023868,-0.1726
7.5301,0.6282,1.253,0.6159,-1.0707,-1.3896,-1.6382,-0.8209,-0.2139,-0.26185,0.2459,-0.171
7.0084,0.73442,1.2531,0.8903,-0.80867,-1.1983,-1.3373,-1.1661,-0.51051,0.12912,0.020581,-0.57325
7.4229,0.59484,0.92733,0.071081,-1.8795,-1.6143,-1.4831,-1.5004,-1.0246,-0.17019,0.61688,-0.29809
6.7839,0.45927,1.0473,0.19975,-1.4876,-1.7627,-1.9037,-1.7835,-0.46459,0.73185,-0.42046,-1.342
6.4952,-0.061667,1.2918,0.47294,-1.4975,-1.8848,-2.4276,-2.1575,-1.4085,-0.60046,-0.60498,-1.0389
6.2484,0.31111,0.90284,-0.73703,-1.6503,-1.336,-2.0637,-1.8356,-0.48424,0.72159,0.25088,-0.96219
5.855,1.4128,1.0813,0.46262,-0.8497,-1.103,-1.2169,-0.99016,-0.62926,0.50903,0.25718,-1.3638
6.9326,1.1861,0.91263,0.46317,-1.0883,-1.4166,-1.3149,-1.0472,-0.75291,-0.44121,0.19412,-0.81529
6.9119,1.5181,0.72433,-0.35125,-1.1562,-1.1956,-1.3561,-1.3194,-0.84243,0.36119,0.023676,-0.72538
6.7915,1.6074,1.0546,0.72472,-0.1872,-1.4004,-1.0342,-0.51981,-0.65035,0.36222,0.033443,-1.1467
7.3364,1.4896,1.3412,0.15011,-1.4013,-2.0098,-1.4005,-1.0175,-1.1102,0.67712,0.70956,-1.2474
6.1662,2.0364,1.2912,0.4451,-0.97642,-1.8198,-1.6517,-1.0149,-0.6339,0.51005,0.16476,-1.1058
7.5155,2.7059,1.6592,0.13289,-0.50712,-1.8064,-1.9155,-1.2125,-1.1865,-0.37314,-0.62346,-0.93506
5.6943,1.2686,0.094255,-0.40541,-1.0886,-1.6724,-1.2702,-0.43535,-0.27758,0.62276,0.090137,-0.83179
7.0693,2.4145,0.80697,-0.0037011,-0.85724,-1.8989,-1.8401,-1.0423,-0.64046,-0.015341,-0.50159,-1.3054
5.8153,2.5318,0.99853,-0.50205,-1.4365,-2.1857,-1.9178,-1.4539,-1.6984,-0.66973,-0.51814,-0.83875
5.8995,2.493,1.4535,-0.092747,-0.98221,-2.3276,-1.9442,-1.0551,-1.3867,-0.32483,-0.80692,-1.0854
6.0169,2.9007,1.2019,-0.23244,-0.8789,-2.1077,-1.7888,-0.76512,-1.1343,0.028359,0.014037,-0.71013
6.6071,3.2318,1.1798,-0.23683,-0.31151,-1.5016,-1.893,-1.0372,-0.49206,0.33207,-0.23126,-0.62115
6.6036,2.9869,1.0189,0.20767,-0.73635,-2.0248,-2.0169,-1.0508,0.049687,0.798,0.064024,-0.77164
6.4577,3.0218,0.91212,0.068702,-0.15976,-1.4449,-2.0676,-1.2049,-0.26981,0.62174,-0.34046,-1.1105
5.6635,2.3904,0.80313,0.31977,-0.50205,-1.6975,-1.9742,-1.4846,-0.87888,-0.24162,-0.48409,-1.0028
5.1019,2.3472,1.1828,0.63249,0.094097,-1.2561,-1.4309,-1.1254,-0.77748,0.076325,-0.59648,-1.3089
5.1011,2.1182,0.25132,-0.34486,-0.372,-1.2072,-1.5132,-0.93733,-0.31188,0.25488,-0.40372,-1.1
5.6707,2.4954,0.27337,-1.1104,-1.8429,-2.6683,-2.2573,-0.8749,0.081638,0.77299,0.26175,-0.3969
5.5794,2.784,0.89514,-0.47607,-0.94761,-2.0693,-2.126,-1.4241,-0.81729,0.42004,-0.028274,-0.46405
5.5109,3.0332,0.99122,-0.31235,-0.75136,-1.8836,-2.1063,-1.1221,-0.2747,0.62052,0.38241,0.11337
5.6329,2.7363,1.0851,0.001425,-0.56797,-1.7728,-1.66,-0.77048,-0.56001,0.12305,-0.3113,-0.64279
5.5785,3.2334,1.0865,-0.28205,-0.9725,-2.3821,-2.1652,-1.067,-0.81228,0.15512,0.038535,-0.15808
5.6934,3.2551,1.5184,-0.45917,-1.5341,-3.1259,-2.4783,-1.2919,-1.1991,-0.023366,-0.34579,-0.46552
5.1183,2.3155,0.49673,-0.55701,-0.97551,-1.8893,-2.024,-1.4288,-0.65715,0.57658,0.29479,-0.29591
6.182,3.3738,1.04,-0.25795,-0.70658,-1.4563,-1.6026,-0.97318,-0.44345,0.011112,-0.23866,-0.429
5.0832,3.2558,1.2868,0.012267,-0.25854,-1.9696,-1.775,-0.88023,-0.40037,0.33876,0.1792,0.33381
0.48092,5.1323,-0.34929,-1.034,0.16046,-2.7576,-0.58437,-0.53576,-0.64027,1.2557,-0.6363,0.94466
-1.916,6.0792,-0.52517,-0.73166,0.62701,-2.5311,-1.5376,-1.522,-2.1724,0.17924,-0.71245,-0.75872
-2.3212,6.0585,-1.1423,-0.80315,-0.14878,-3.1012,-2.0806,-0.79607,-1.2586,0.47458,-1.2946,-0.47269
-2.3218,7.5147,-0.56162,-0.61797,-0.14084,-2.5619,-1.1843,-0.55752,-1.1522,0.53094,-0.93725,-0.3595
-3.1747,8.5854,-0.072295,-0.44737,-0.26293,-3.057,-1.9728,-0.53114,-1.5676,0.43524,0.068036,0.41863
-3.7141,7.6889,-0.18505,-0.92805,-0.31082,-3.1944,-2.1266,-0.64149,-1.4385,0.30969,0.3124,0.77757
-4.0844,7.7667,-0.38582,-0.52679,-0.89793,-2.5509,-2.2764,-0.14615,-0.88656,-0.32918,-0.2376,-0.15074
-3.0069,8.0011,-0.29416,-0.15153,-0.95352,-2.5734,-2.2864,-1.6197,-1.2537,0.4287,-0.0073085,0.039792
-4.9724,7.0515,-0.061818,-0.16113,-0.99447,-1.2006,-1.2482,-0.37276,-0.76485,0.57575,-0.21259,0.56701
-3.5313,8.0252,-0.45297,-0.0038727,-0.17672,-1.2804,-1.7486,-0.78658,-0.91532,-0.48935,-0.95843,-0.42478
-5.2666,6.9957,-0.7822,-0.31427,-0.40061,-1.3459,-1.5976,-0.50489,-1.3064,0.035691,-1.0559,-0.13028
-5.1993,7.5677,-0.58746,-0.50569,-0.53426,-2.1044,-1.7484,-0.78057,-1.3647,-0.29858,-1.1355,-0.1049
-5.8927,7.3626,0.05465,-0.83789,-0.8377,-1.7563,-1.5279,-1.108,-0.13125,0.22567,-1.1397,0.059327
-7.3263,5.8743,0.32331,-1.1491,-0.54472,-1.8696,0.24837,-1.1542,-0.12447,0.44102,-0.44502,-0.57089
-7.7809,6.6269,-0.12992,-1.445,-0.26965,-2.2558,-0.85124,-1.593,-0.93447,0.17449,-0.7155,0.091955
-5.653,5.1164,-1.017,-1.0019,-1.1243,-2.4661,-0.89484,-1.8713,-0.32508,0.46615,-0.52249,0.017821
-3.9281,3.3968,-0.95575,-2.136,-1.4195,-2.6511,-0.55489,-0.96085,0.39554,-0.64831,-1.4604,-0.10715
-0.97567,3.5077,-1.0001,-1.4868,-0.088774,-2.0257,-0.62846,-0.96843,-0.19821,-0.32723,-0.63869,-0.53963
2.8557,0.27849,-0.20312,-0.58845,-0.89896,-1.1977,-0.46884,-0.4121,0.93461,-0.20281,-0.78321,-0.68389
3.1402,-0.31467,0.14536,-0.4864,-0.22583,-0.74283,-0.3895,-0.4975,0.94434,-0.42686,-0.99444,-0.4429
3.9557,-0.17433,0.3651,-0.41791,-0.44175,-0.63364,-1.1069,-0.41513,0.74449,-0.39159,-0.75835,-0.59397
3.6805,0.22318,-0.056059,-0.59469,-0.17668,-0.52789,-1.0303,-0.67453,0.66376,-0.35441,-0.71656,-0.34308
4.258,-0.33428,0.52115,-0.55577,-0.34385,-0.76914,-1.4048,-0.6932,1.0656,-0.78354,-1.0082,-0.63498
4.3901,-0.71988,-0.5365,0.081684,0.60262,-0.8622,-1.3639,-0.8881,0.88351,-1.0294,-0.9064,-0.32919
4.4988,-0.47585,-0.040247,0.0042196,0.19683,-0.71917,-1.4369,-0.91287,1.0027,-1.2783,-0.26311,-0.33966
4.6221,-0.28854,-0.60813,-0.1569,0.50337,-0.52479,-1.5413,-0.026053,0.65592,-1.6135,-0.031089,0.023058
4.7196,0.26324,-0.46177,0.36805,0.43767,-1.0098,-1.343,-0.98973,0.62613,-0.99421,-0.27007,0.19224
5.26,0.2682,-0.41613,0.31916,-0.042413,0.056694,-1.904,-1.0958,0.57205,-1.4033,-0.063873,0.094844
5.1261,0.42423,-0.090786,0.37922,0.45825,-0.28963,-2.205,-1.4612,0.73864,-1.0624,0.069497,0.30958
5.4872,0.64164,-0.43413,0.5098,0.19679,-0.51584,-2.1196,-1.1701,0.65721,-1.0985,-0.15574,-0.035684
5.0877,-0.21329,-0.061532,0.57976,0.29722,-0.19172,-2.2219,-0.81465,0.83573,-1.7994,-0.4072,0.081864
6.1077,0.73063,-0.92379,0.85864,0.04238,-0.67405,-1.4199,-0.43666,0.7155,-1.5797,-0.27902,-0.20694
5.7978,0.61973,-0.82286,0.75209,-0.2999,-0.40664,-1.1104,-0.50644,0.72855,-1.253,-0.194,-0.30951
5.8419,0.8821,-0.33212,0.5335,0.20195,-0.56371,-2.2715,-0.074948,1.4829,-1.5199,-0.6143,-0.29254
5.5618,0.6417,-0.58649,1.322,0.32042,-0.16318,-2.4155,-0.62262,0.73048,-1.1331,0.17496,-0.11856
5.9545,0.43366,-0.1984,0.92831,-0.038538,-0.43298,-2.0476,-0.61279,1.3495,-1.3112,-0.19047,-0.17203
5.0835,0.83908,0.44792,1.2439,-0.95785,-0.21434,-1.6564,-0.63235,0.61444,-1.5661,0.1377,-0.41532
5.1572,0.53556,0.51757,1.0973,-0.72327,-0.56557,-1.5827,-0.4823,1.2749,-1.7257,-0.13755,-0.22481
5.3532,0.17586,0.25971,1.0592,-0.87369,-0.37614,-0.74351,-0.47385,0.93874,-1.404,0.23613,-0.32233
4.7989,-0.094,0.66604,0.95889,-0.61056,-0.43613,-0.29886,0.099743,0.75577,-1.0489,0.54448,0.087634
5.2229,-0.72622,1.6699,0.93089,-0.18475,-0.2226,-0.40841,-0.64657,0.53625,-0.38844,0.32889,-0.12911
4.9155,-0.37761,2.0151,1.0859,0.98559,-0.27829,-1.042,-0.71198,-0.0051982,-0.97775,0.74662,-0.52547
7.2163,0.088737,1.3547,0.79695,0.034796,-0.6965,-1.3997,-0.43917,0.095706,-0.76986,0.054351,-0.62185
6.0776,0.1523,0.79599,0.64865,-0.57634,-1.1325,-0.94812,-0.17219,-0.0097006,-0.48183,-0.10779,-0.76576
7.0443,-0.58335,-0.33544,-0.053462,0.44551,-0.67784,-1.4376,-0.45112,0.089995,-0.38914,-0.55235,-0.27388
6.8515,-1.0663,0.021567,-0.22167,0.59975,-0.44268,-1.8937,-0.39753,-0.36442,-0.97488,-0.36198,-0.44762
5.9304,-0.66713,-0.67612,-0.35866,1.0642,0.06558,-1.8477,-0.66166,0.15197,-0.91165,-0.28023,-0.51177
6.4517,-0.52388,-0.48588,0.16708,0.64742,-0.89117,-1.1847,-0.52154,-0.7105,-1.629,-1.1061,-0.87188
5.8082,-0.95172,-1.371,0.24887,0.67583,-0.61316,-0.9987,-0.091441,0.0078157,-0.73099,-1.6144,-1.1685
6.1623,-0.59354,-0.80347,0.076791,0.40858,-0.52079,-1.3967,-0.15699,-0.03996,-1.155,-1.0294,-1.0381
6.063,-0.83289,-0.97459,0.078368,0.85665,-0.74658,-1.2874,0.19261,-0.32034,-0.99392,-0.45574,-0.43861
6.0873,-0.034075,-1.3304,-0.24072,0.78145,-1.2959,-1.9136,-0.068752,-0.62428,-1.6924,-0.71079,0.003768
3.755,-1.1421,-0.81421,-1.4107,0.29355,-1.0731,-1.4988,-2.0162,0.71232,-1.1404,-1.4094,0.4249
-0.2266,-0.071695,0.71834,-1.7793,-0.75997,-2.3159,-0.93732,-1.5994,-0.38908,-0.84694,-0.59779,-0.6833
-1.1471,1.3547,0.51943,-1.6292,-1.3414,-1.0132,-1.1417,-2.0111,-0.13389,-0.77989,-0.55463,0.14068
-2.2522,1.2013,1.182,-1.8825,-1.2592,-1.8979,-1.7112,-1.1952,-0.13672,-0.11474,-0.77691,0.19066
-2.7641,1.4992,0.82201,-1.5734,-1.3486,-1.1297,-1.2242,-1.0971,-0.51322,0.14757,-1.0501,0.063879
-2.3565,1.0685,1.1529,-1.5601,-1.2881,-0.31217,-0.68202,-1.2504,-0.96475,-0.77178,-1.5472,-0.24417
-1.9456,0.64306,0.9183,-2.2003,-0.7238,-0.10574,-0.95078,-1.6978,-0.56024,0.0014758,-1.9737,-0.91058
-1.3244,0.60062,1.418,-1.6231,-0.97021,-0.11268,-0.15761,-1.916,-0.86177,0.094702,-0.80438,-1.0977
-0.34933,0.51708,1.0474,-1.2349,-1.0491,-0.91738,-0.10231,-1.3562,-0.44013,-0.54686,-0.36043,-0.43496
0.18249,-0.67187,1.2107,-1.5165,-0.91644,-0.67709,-0.7306,-0.472,-0.41501,-0.56956,-0.38736,-0.45027
1.0532,-0.17807,1.2388,-1.7692,-0.84316,-0.85078,-1.2631,-0.89592,-0.17725,-0.76374,-0.57312,-0.026033
1.3991,-0.068051,1.5066,-1.847,-1.6607,-1.0626,-0.68011,-0.18605,0.0057417,-0.14958,-1.1566,-0.27985
1.2859,-1.3715,1.1754,-2.367,-0.58312,-0.36931,-0.68192,-1.1065,-0.34639,-0.19195,-1.2817,-0.64844
2.3446,-1.2425,1.2148,-1.676,-0.70194,-0.85848,-0.72684,-1.0928,0.23726,-0.084404,-1.249,-0.57991
3.096,-0.91527,1.3679,-1.4516,0.0071352,-0.59297,-0.98836,-1.3896,-0.40689,0.29278,-1.7467,-0.5948
2.8922,-1.201,1.111,-1.6563,-0.31213,-0.16681,-0.56082,-0.41069,-0.32074,-0.13051,-1.9246,-0.67986
3.4387,-0.26628,0.8849,-1.9458,-1.0483,-0.90588,-1.2815,-1.2234,-0.66725,-0.499,-1.7282,-0.90199
2.9542,-0.72865,0.50893,-1.3764,-0.96203,-1.4739,-2.0153,-1.6691,0.17235,0.67808,-0.86478,-0.44938
3.7433,-0.072659,0.94683,-1.0955,-0.86624,-0.57963,-1.7209,-0.89099,0.57565,-0.034054,-1.4082,-0.40864
4.2234,0.28989,0.25918,-1.5389,-1.3764,-0.42619,-0.91866,-1.1981,0.067964,-0.22166,-1.8936,-0.12553
4.1069,0.75012,0.46433,-2.0581,-1.6311,-0.066556,-0.88026,-1.851,-0.6702,-0.57472,-1.5636,0.0081044
3.7077,0.53315,0.26051,-1.9659,-1.458,-0.58608,-0.78708,-1.2855,-0.42598,0.046407,-1.3945,-0.60659
3.484,0.84602,-0.014039,-1.7047,-1.1177,-0.67304,-0.93958,-0.87261,-0.41207,-0.30618,-1.204,-0.8056
3.9315,0.77746,0.21963,-1.6269,-1.4595,-0.25943,-0.69603,-1.2244,-0.38033,-0.23416,-1.2759,-0.51896
3.1177,0.16654,0.75172,-0.72573,-1.195,-0.13104,-0.54571,-0.72787,0.62086,0.51488,-1.104,-0.60697
3.6659,0.50192,0.29518,-1.2891,-1.3483,-0.66127,-1.5842,-2.0994,-0.88187,-0.17936,-1.0167,-0.53746
3.6465,0.96431,-0.0039046,-1.4226,-1.3164,-0.77996,-0.90383,-1.1162,-0.83663,-0.84607,-1.2716,-0.18293
3.2159,0.1105,-0.6427,-1.9052,-1.7343,-1.0037,-1.1446,-0.92316,0.086764,-0.32155,-1.2413,-0.12892
3.6011,0.48376,-0.54083,-1.8537,-1.7003,-0.72267,-0.73057,-0.96762,-0.30368,-0.24333,-1.2032,-0.36616
3.8057,0.98518,-0.34871,-1.4903,-0.83159,-0.28673,-0.74927,-1.188,-1.1546,-0.75416,-1.3143,-0.84739
3.3872,0.76437,-0.37707,-2.0995,-1.3714,-0.92471,-1.1014,-0.85674,-0.52542,-0.07672,-0.89431,-0.39021
3.0586,1.0078,0.02589,-0.79832,-0.73583,-0.92864,-0.84091,-0.87252,-1.1903,-0.68006,-0.49911,0.48327
3.94,1.9969,0.52734,-1.2823,-1.8584,-1.7672,-1.3417,-0.83114,-0.32159,0.13721,-0.66655,-0.65328
3.9776,1.832,0.45896,-0.95755,-1.4093,-1.4769,-1.2093,-0.84096,-0.71075,-0.36714,-0.33386,-0.034375
2.9523,1.3702,0.28871,-0.63821,-0.70432,-1.0726,-1.2523,-1.2265,-0.99841,-0.40575,-0.38589,0.28793
2.8426,1.5675,0.41923,-1.1838,-1.4721,-1.3596,-1.1476,-0.96019,-0.94259,-0.74958,-0.85811,-0.34894
2.008,0.67864,-0.48682,-1.161,-1.1866,-0.95034,-0.86724,-0.39037,-0.033562,0.30343,-0.17692,-0.15047
1.4045,1.4317,-0.49734,-0.24195,-1.2484,0.0082298,-0.76762,-0.21999,-1.0269,-0.037307,-1.1447,-0.43912
1.8403,0.87332,-0.29369,-0.98144,-0.91442,-0.67579,-0.59101,-0.17597,-0.46129,-0.31631,-0.71243,-0.6922
1.6891,0.79206,0.044401,-0.27269,-0.35992,-0.46697,-0.57262,-0.56001,-0.49635,-0.53282,-0.59853,-0.42289
2.1838,1.1772,0.29986,-0.62761,-0.82734,-0.77674,-0.68056,-0.60668,-0.57404,-0.4349,-0.67474,-0.48297
2.1966,1.17,0.15431,-0.76942,-0.45944,-1.0159,-0.98258,-0.70931,-0.9655,-0.41247,-0.73561,-0.57318
2.1467,1.2374,0.16507,-0.80864,-0.79768,-0.88476,-0.58481,-0.26441,-0.58252,-0.5542,-0.80993,-0.69786
1.7378,0.87998,0.14854,-0.71494,-0.8489,-1.3434,-0.87823,-0.14562,-0.49563,-0.33556,-0.38216,-0.10526
2.4148,0.99573,-0.14847,-0.67502,-0.79273,-1.0677,-1.092,-0.66569,-0.23695,-0.070146,-0.33728,-0.37272
2.5041,1.3274,-0.0061745,-1.0268,-1.3113,-1.2108,-0.80308,-0.44645,-0.46293,-0.50659,-0.56732,-0.37144
1.4703,0.56847,0.047236,-0.36013,-0.063698,-0.95993,-0.95652,-0.34963,-0.41553,0.0044438,-0.44559,-0.31868
3.4026,2.8376,1.7343,0.26148,0.21255,-0.58461,-0.37295,0.023847,-0.3643,0.057529,-0.31827,-0.55769
5.9043,4.1356,2.2802,0.774,-0.43112,-1.3131,-1.4118,-0.98961,-1.0907,-0.52713,-0.2668,-0.21523
6.6692,3.9111,2.2687,0.45912,-0.80797,-1.5905,-1.6116,-0.63948,-0.67479,-0.86875,-0.45401,-0.29143
5.7461,2.9631,1.853,0.87975,-1.0485,-1.7596,-1.2808,-0.48801,-0.86405,-1.1166,-0.35547,-0.0069416
6.1426,2.6241,2.1384,1.6744,-1.696,-2.2434,-1.698,-0.060526,-0.68966,-1.2531,-0.070491,0.40847
5.0062,2.1672,2.3307,1.3338,-1.8397,-2.0835,-1.2056,-0.072181,-0.71675,-1.6845,0.26693,0.45706
4.9981,1.3091,3.1587,1.4671,-2.6677,-1.7083,-1.206,-0.40709,-0.63445,-1.8932,0.37562,0.51347
4.6294,1.6282,3.8931,1.3315,-3.5338,-1.6588,-0.99017,-0.8639,-0.59215,-2.0714,0.61642,0.19937
4.0336,1.4592,3.2524,0.99429,-2.5289,-1.2321,-1.3162,-1.5374,-0.71588,-1.6511,0.30084,0.11846
3.3449,1.8433,4.5352,0.90237,-3.4321,-1.1697,-1.4479,-1.6169,-0.70633,-2.1302,0.22988,0.17844
2.4405,2.4954,5.3208,0.47115,-3.2984,-1.2171,-1.5684,-1.8651,0.11735,-2.5379,0.23705,0.4685
1.7996,3.0685,5.177,-0.094281,-2.8723,-1.2291,-1.4021,-1.7472,-0.029296,-2.2454,0.40439,0.46181
1.9767,3.0371,4.8289,1.2015,-3.3549,-1.7032,-1.3618,-1.1248,0.017588,-1.9599,0.36742,0.60579
2.0521,2.968,5.2224,0.43596,-2.5113,-1.9353,-1.7221,-1.2317,-0.78143,-2.084,0.50534,0.54461
1.9953,2.9526,4.7161,0.0095341,-1.9891,-1.9253,-1.596,-1.3178,-0.72988,-1.4262,0.087128,0.51271
1.1602,2.9365,4.7842,-0.25707,-2.2291,-1.4679,-0.31069,-0.57093,-0.63801,-1.1712,0.20619,0.25233
1.1301,3.1867,3.8512,0.23906,-1.2714,-1.9083,0.14524,-0.42179,0.1751,-1.0904,-0.13115,0.23747
3.0881,2.7573,5.1699,-0.17346,-2.2285,-1.2465,-1.3464,-0.78392,0.13152,-1.4453,0.21811,-0.15761
3.1068,1.9122,3.456,-0.23431,-1.8033,-1.9574,-0.76364,-0.88857,-1.0678,-2.2043,-0.1242,-0.26036
3.4622,1.8408,4.1244,0.53751,-1.3422,-0.39208,-0.96688,-0.87648,-0.51439,-1.8155,0.080624,-0.25122
3.7363,1.9811,5.9894,0.96675,-2.5935,-1.481,-0.91443,-0.87061,-0.4974,-2.0382,0.15943,0.19555
2.9672,1.9256,5.4984,0.74424,-1.8091,-0.96201,-1.3078,-1.1835,-0.96252,-2.0978,0.22062,0.19687
1.6895,1.2867,5.8445,0.18724,-1.1456,-1.7996,-0.81292,-1.1053,-0.34828,-0.93903,0.63119,0.28129
2.4848,1.407,5.0066,0.11057,-1.7602,-1.8612,-0.18722,-1.3644,-0.53482,-1.027,0.49827,0.37703
3.65,1.2016,5.3715,0.4937,-1.7039,-1.2853,-0.87994,-1.4702,-1.2297,-1.6974,0.8389,0.17558
3.4255,1.5168,4.0084,0.61001,-1.4155,-1.1336,-1.2999,-1.4649,-1.7837,-1.7914,0.25597,0.21956
4.5815,1.4833,5.204,-0.14776,-3.4369,-1.8556,-1.9006,-1.4924,-1.2399,-1.2282,0.54378,-0.39721
3.3309,1.3856,3.7962,0.19609,-2.5667,-0.90693,-1.5977,-0.97955,-1.0865,-1.0545,0.37081,0.62392
2.8129,1.9927,3.7979,0.88338,-2.8289,-0.5011,-1.1271,-0.47681,-0.27039,-1.0135,0.050818,-0.016573
4.3315,1.3125,5.2756,1.0865,-2.4685,-0.61065,-1.1501,-0.83172,-0.45245,-0.98639,0.4636,0.16701
5.2911,1.6196,5.4763,0.68654,-2.6283,-0.85222,-1.2284,-0.91395,-0.72949,-1.447,0.3975,0.30444
5.3278,2.7793,5.6022,0.10183,-2.2496,-1.2159,-2.1852,-1.2038,-0.71159,-1.1957,-0.050892,0.8552
4.9579,1.614,4.9285,0.09972,-2.5742,-1.3776,-2.1027,-1.2951,-0.95018,-1.4765,0.60613,0.76838
3.3983,0.23763,4.0188,0.10637,-2.9781,-0.8704,-1.1713,-1.0082,-1.0186,-1.333,0.28528,0.32686
4.2504,1.5435,3.8911,1.022,-2.1128,-1.668,-1.2235,-1.2819,-1.6009,-1.1729,0.28308,0.25867
-1.2386,6.7489,1.0037,-0.06816,-0.73923,-2.6128,-0.72674,-1.7854,-1.2649,-0.95169,-0.44743,0.086692
0.55603,5.8038,1.618,0.80353,-0.86641,-2.6078,-1.125,-1.9998,-1.4715,-1.3646,-0.19916,0.39891
-2.443,7.427,1.813,1.0029,-0.81709,-2.6381,-0.94103,-2.2338,-2.0124,-1.2608,-0.24781,0.35989
-3.1589,6.6816,0.60218,0.62997,-0.27648,-2.5942,-0.58736,-0.75655,-1.1774,-1.3838,-0.21537,0.010801
-2.671,7.0677,1.3878,0.046173,-0.2871,-2.9797,-0.51579,-0.38417,-1.1918,-0.82251,-0.49067,-0.047531
-2.2979,6.9279,2.6697,0.079626,-0.38092,-2.3621,-0.70107,-0.79342,-0.8222,-1.3446,0.070355,0.12757
-2.649,5.611,2.666,1.0813,0.53932,-2.7524,-0.51246,-0.5116,-0.68369,-1.0703,-0.2661,-0.013933
-2.4489,5.1676,2.5867,0.66659,-0.3947,-1.867,0.40837,-0.1657,-0.71934,-0.44718,-0.062627,-0.11483
-2.9026,5.1163,3.3753,-0.32367,-0.20531,-1.7871,-0.025079,-0.54843,-0.46518,-0.42908,-0.29795,-0.30954
-2.9394,4.1577,2.391,0.2814,-0.26833,-2.2968,-0.70588,-0.22364,-0.77036,-0.44686,0.010901,0.23624
-1.9554,2.6119,1.2422,0.4042,-0.7211,-2.9092,-1.1248,-0.015385,-0.85989,-0.75477,-0.11828,0.040414
-1.2449,2.9867,1.6465,0.095152,-0.60283,-3.3977,-1.4796,-1.2564,-0.68222,-1.6393,-0.46983,-0.071297
-0.62465,1.6423,0.26592,0.45086,-0.87681,-3.2575,-1.2079,-0.2987,-0.5107,-1.3736,0.077293,0.62889
-1.1237,2.7094,0.73627,0.46811,-0.81722,-3.6013,-1.6615,-1.391,-1.5635,-1.8564,-0.33685,0.10527
-0.2774,2.406,0.57402,-0.64211,-0.68723,-3.3132,-1.2545,0.14811,-0.49053,-1.6566,-0.44837,-0.08936
-0.71401,3.1417,0.68498,-0.26905,-0.3358,-3.703,-1.5116,-0.46827,-1.2149,-1.8925,0.067185,-0.45486
0.43291,2.6474,0.63755,-0.46844,0.061359,-2.9643,-1.8329,-1.0413,-0.76184,-1.9828,-0.41961,-0.30032
