-9.3162e-16,-4.6376e-16,0,0,2.2475e-16,0,0,0,0,0,9.6528e-17,1.3926e-16
-9.3162e-16,-4.6376e-16,0,0,2.2475e-16,0,0,0,0,0,9.6528e-17,1.3926e-16
-9.3162e-16,-4.6376e-16,0,0,2.2475e-16,0,0,0,0,0,9.6528e-17,1.3926e-16
-9.3162e-16,-4.6376e-16,0,0,2.2475e-16,0,0,0,0,0,9.6528e-17,1.3926e-16
-9.3162e-16,-4.6376e-16,0,0,2.2475e-16,0,0,0,0,0,9.6528e-17,1.3926e-16
-9.3162e-16,-4.6376e-16,0,0,2.2475e-16,0,0,0,0,0,9.6528e-17,1.3926e-16
-0.18328,0.031952,0.032274,-0.20622,0.25592,-0.069668,-0.02813,0.09523,-0.24919,0.19442,-0.0042164,-0.041231
-0.083182,0.35964,0.2757,-1.1826,0.1144,-0.54782,-0.43415,0.79849,-0.41594,0.50704,0.097156,-0.54685
0.080525,1.0466,0.28911,-0.96326,0.31163,-0.73447,-0.59615,0.26717,-1.2969,0.37016,-0.41365,-0.06298
-0.080601,0.82809,0.11085,-0.72888,-0.037564,-0.56592,-0.77398,0.26555,-1.0236,0.33415,-0.050719,0.005139
-0.47485,0.1325,-0.38501,-1.2545,0.77475,-0.055134,-0.04383,0.6034,-0.90549,0.83072,0.10582,-0.056507
-0.78346,0.27752,0.18775,-1.0699,0.94199,-0.27311,-0.38249,0.53795,-1.2188,0.5756,0.17117,-0.14199
-0.90155,0.94195,-0.058017,-0.4888,0.58715,-0.13281,-0.33539,0.43967,-0.99862,0.37479,-0.096131,-0.26104
-0.30193,0.85319,-0.36429,-0.98058,-0.26779,-0.52604,-0.84364,0.63701,-0.78911,1.0771,0.32006,0.21308
-1.1814,0.95397,-0.15055,-0.6342,0.41419,-0.3491,-0.77931,0.59066,-1.1446,0.753,0.12443,-0.35301
-7.1216,2.9169,-1.4925,0.72888,-0.6339,0.11096,0.71841,-0.41253,-0.20704,-0.24198,0.38321,-0.34888
-8.3799,4.623,-1.9956,0.011914,-1.0646,0.2454,-0.63244,-0.36403,0.0061034,-0.40187,-0.083487,0.4146
-8.3448,4.2941,-2.2632,-0.27855,-1.6141,-0.59182,-0.71732,0.2065,0.26916,-0.35081,0.60257,-0.13538
-7.5534,4.2101,-1.5794,-0.20417,-1.3536,-0.59174,-0.18079,0.031069,0.052332,-0.19702,-0.6937,-0.47513
-9.0899,4.281,-1.0659,1.1592,-1.4063,-1.0226,-0.0743,0.24418,-0.59918,-0.76047,0.074856,0.17135
-8.7434,3.6132,-2.3759,0.10662,-1.4583,-0.55398,0.20752,-0.24385,0.18807,0.23325,0.36481,-0.90134
-7.7121,2.9957,-1.5217,1.2077,-1.0756,-0.31823,-0.66495,-0.7278,0.20359,0.58805,0.27383,-0.55008
-7.8218,3.587,-1.8276,0.68353,-1.1604,-0.66371,-0.57538,-0.69554,-0.5796,0.11532,-0.12981,-0.56392
-8.1077,3.4847,-1.299,0.64864,-1.4806,-0.21541,0.25872,0.50556,-0.66933,-0.40518,-0.059424,-0.3651
-9.7146,2.8899,-2.5904,0.37136,-1.247,-0.071999,0.28731,0.29671,0.3535,0.20554,0.30664,-0.079193
-10.416,3.3266,-2.7084,0.5207,-0.95486,-0.25296,1.2195,0.75156,0.13841,-0.39448,0.015846,-0.49402
-9.6832,2.7496,-2.1724,0.76072,-1.3435,-0.62178,0.50774,0.31975,0.20329,-0.27957,0.10668,0.31238
-6.4276,3.1308,-0.80511,-0.62029,-3.4443,-2.485,-1.4884,-0.32735,0.39748,-0.062701,-0.32003,-1.2264
-3.6053,3.388,-0.38957,1.0623,-1.3749,-1.6161,-1.9763,-1.4921,-0.5425,-0.40701,0.11205,-0.42257
-3.7847,2.6126,-0.35006,0.12035,-0.47625,-1.0538,-0.37055,-0.76397,0.27625,-0.096067,-0.16421,-0.36727
1.0404,2.318,0.5131,0.68352,-0.42207,-0.69383,-0.1815,-0.00083595,0.45713,-0.18295,-0.61449,-1.0774
3.6979,-0.22426,0.50961,0.26708,-1.4492,-0.5282,-1.2631,-0.40248,0.96227,-0.5636,-0.67031,-1.4261
4.1951,-0.52055,0.39437,0.042186,-1.267,-0.062922,-1.0453,-0.52493,1.0843,-0.94915,-0.48495,-1.4495
4.7455,-0.62274,0.18589,0.22228,-1.2692,-0.030975,-1.5066,-0.21151,1.1145,-1.1589,-0.27361,-1.8612
4.9438,-0.66688,0.080779,-0.084887,-0.87841,0.013613,-1.1952,-0.41725,1.1037,-0.97293,-0.47107,-1.1339
5.484,-0.99309,-0.39381,0.24692,-0.77176,0.21812,-1.454,-0.29926,0.89035,-0.94472,-0.24518,-0.92002
5.3659,-0.73334,-0.70454,0.19076,-0.33533,0.18005,-1.6837,-0.59197,1.2238,-1.346,-0.11782,-0.77366
5.7619,-1.0379,-0.24807,0.38158,-0.66861,0.23649,-1.5228,-0.44121,0.87058,-1.7163,0.07419,-0.74036
5.5413,-0.74363,-0.3673,0.17282,-0.36536,0.072009,-1.664,-0.46779,1.0615,-1.5523,-0.22394,-1.1486
5.9221,-1.0035,-0.91554,0.58706,-0.40984,0.20574,-2.2351,-0.61033,1.2789,-1.7914,-0.056499,-1.3381
5.4686,-0.99539,-0.57391,0.12467,-0.084939,0.19818,-2.0109,-0.64762,0.69527,-1.6452,-0.35766,-1.3999
5.6289,-0.55427,-0.68152,0.37389,-0.23787,0.33276,-2.6415,-0.46585,0.98955,-2.1204,-0.13106,-1.1366
5.2651,-0.64287,-0.36427,0.42499,-0.33114,-0.24831,-2.356,-0.77014,0.88917,-1.6091,-0.1695,-0.93022
5.5176,-0.88365,-0.56508,0.60716,-0.9883,0.25432,-2.2511,-0.58642,1.0719,-2.1267,-0.22057,-1.1479
5.5326,-1.2513,0.13389,0.44094,-0.89211,0.36942,-2.6101,-0.86981,0.66597,-2.2555,-0.64843,-1.022
4.5809,-0.81442,-0.13149,0.25295,-1.1082,0.012363,-2.9611,-1.0048,0.38327,-1.9424,-0.38281,-0.83403
4.8281,-0.45673,0.40384,1.0836,-1.3665,-0.23599,-3.0348,-1.1154,0.42527,-2.2453,-0.15214,-0.73579
4.7092,-1.0451,0.51271,1.3617,-1.0828,0.11751,-2.9019,-1.0289,0.19164,-2.4058,-0.3319,-1.1003
5.2061,-0.54079,1.0362,0.73381,-1.2354,0.27252,-2.6694,-0.88548,0.71966,-1.727,-0.52909,-0.58085
5.224,-0.62757,0.19444,1.5134,-1.6694,1.0788,-2.2983,-1.1027,1.072,-1.657,-0.61783,-0.77406
5.1843,-0.38598,0.13776,1.4648,-1.522,0.62254,-1.663,-1.0064,0.75133,-1.3841,-0.68847,-0.70459
5.3157,-0.64967,0.56162,1.0539,-1.1259,0.69903,-2.5,-0.80182,0.61666,-1.4969,-0.82112,-0.93734
4.6859,-0.73075,0.79468,1.6444,-1.423,-0.10464,-1.6117,-1.4264,0.36693,-1.4218,-0.83457,-0.50562
4.5514,-0.7714,0.44579,1.7744,-1.3556,0.056612,-1.8775,-1.1516,-0.30611,-1.1013,-0.85559,-0.66555
5.0152,-1.1136,0.76297,1.4981,-1.6125,0.15104,-2.1245,-0.59935,-0.12107,-0.92161,-0.63028,-0.86814
5.5862,-1.0065,1.0381,1.1964,-1.7664,0.31044,-1.3534,-1.1108,-0.51238,-1.1458,-0.64561,-0.74025
5.3335,-0.1134,1.5809,1.2623,-1.7093,-0.82347,-1.348,-0.7902,-0.049202,-0.95699,-1.1165,-1.4519
6.7774,-0.36293,1.1805,1.4465,-1.2549,-0.27796,-1.7499,-0.7356,-0.45858,-1.0259,-0.80553,-0.91087
5.5217,0.67929,1.035,0.71966,0.2218,0.15296,-1.8592,-1.2882,-0.13616,-0.85045,-0.72112,-0.88306
5.9507,-0.87268,0.58495,0.44041,-0.062605,0.29649,-1.3256,-0.40811,0.030458,-1.2493,-0.89484,-0.63518
5.854,-0.99003,0.40927,0.33109,-0.053379,0.31893,-1.3799,-1.1196,-0.43123,-0.8659,-0.31452,-0.64549
5.5946,-1.0415,0.852,0.55097,-0.156,0.10959,-1.729,-0.79041,-0.29055,-1.3566,-0.28648,-0.18528
6.7042,-2.0659,0.68712,0.74281,0.33217,0.55386,-1.8961,-1.605,-0.29986,-1.4031,-0.28688,-0.44507
6.659,-2.3729,0.3437,0.39043,-0.097952,0.39945,-1.1466,-0.85789,0.1301,-0.57917,-0.80769,-0.53717
6.7121,-2.5356,-0.29942,-0.25623,-0.47184,0.30636,-0.5918,0.094722,-0.033056,-0.98099,-0.56371,-0.24534
-1.507,1.4757,0.47192,-0.6764,-0.82712,-0.91922,-1.3263,-0.21401,-0.42291,-1.074,-0.49407,-0.34018
0.38782,0.97341,-0.94684,-0.40463,0.21607,-0.18551,-1.1717,-0.35506,-0.48607,-1.0907,-0.88617,-0.75912
-0.34747,1.3367,-1.2658,-0.63335,0.30439,-0.10456,-1.4441,-0.15653,0.025359,-0.335,-0.92063,-0.84897
-1.5287,1.0941,-0.22045,-0.19235,0.2743,0.82146,-1.5202,-1.1627,-0.74415,-0.89793,-0.40975,-0.67622
-1.0973,2.4143,0.05928,-0.3087,-0.78215,0.04905,-1.6386,-1.0821,-0.59557,-0.5034,-1.2023,-0.97489
-2.169,2.0863,0.59218,-0.55149,-0.5685,-0.46014,-2.3937,-1.5253,-0.90081,-0.94494,-1.3797,-0.46496
-2.6485,1.1607,0.40404,-0.59561,-1.4348,0.42476,-2.9403,-1.6619,-1.3406,-0.9528,-1.114,-0.33299
-2.1458,1.4238,0.064023,-1.0972,-1.0422,0.11055,-2.6292,-1.3928,-1.0714,-0.7917,-1.3721,-0.33345
-0.054215,1.3762,0.92841,-0.44294,-0.85475,-0.82295,-2.3847,-1.1901,-0.51052,-0.2863,-0.99146,-0.38617
1.5833,0.91441,0.54108,-0.70137,-1.1595,-0.57494,-1.3128,-0.80267,-0.19127,-0.37501,-1.4379,-0.69992
2.6553,0.66597,1.1173,-0.53556,-1.2461,-0.098985,-1.6787,-0.77264,0.0066652,-0.47364,-1.3545,-0.65475
2.7284,0.49625,1.0726,-0.13332,-0.10487,-0.079608,-2.0756,-1.5262,-0.28569,-0.46658,-0.93925,-0.058314
3.0477,0.6899,0.69146,-0.2499,0.34189,-0.54251,-1.7427,-1.6277,-0.71861,-0.8113,-0.47982,-0.44079
3.382,1.1016,0.38403,-0.68327,-0.34834,-0.39901,-1.4649,-1.58,0.053836,-0.53941,-1.2282,0.10243
3.247,-0.09788,0.069527,-0.46778,0.33159,-0.0014932,-1.2299,-0.36653,-0.12917,-0.67788,-1.3398,-0.75208
3.5976,-0.70721,0.15076,0.032192,0.47231,0.24163,-0.56932,0.021468,0.22652,-0.48173,-1.2873,-0.87842
3.6612,0.49658,0.58848,-0.31109,0.2454,-0.41427,-1.2497,-0.22246,0.14304,-0.47488,-1.4925,-0.037894
4.3135,1.0883,1.357,-0.44134,0.44827,-0.023442,-1.4738,-0.77791,-0.35479,-0.675,-1.2857,0.095121
4.5446,0.22038,2.2516,-0.058478,0.30468,0.29695,-1.6692,-0.96337,-0.026185,-0.69471,-1.1166,-0.29892
5.2286,0.92667,1.6807,-1.178,0.47851,-0.10882,-2.2599,-0.090251,0.28422,-0.74541,-1.0012,-0.35047
5.5078,-0.042426,0.68629,-0.75638,0.76988,-0.26206,-1.8044,-0.69649,-0.23454,0.030133,-1.3027,0.030114
4.6571,-0.91911,1.0123,-0.33912,1.0315,0.17776,-1.8006,-0.67083,-0.52198,-0.9873,-1.3145,0.066866
4.4485,-1.2587,0.15513,-1.1874,-0.051919,-0.97927,-2.1263,-0.50205,-0.12921,-0.43032,-1.1819,-0.36161
4.9956,-1.3847,0.89983,-1.4093,0.57784,-0.020885,-1.7404,0.22974,-0.051094,-0.52337,-1.8973,-0.7095
5.2507,0.12466,0.48773,-0.87541,0.70774,-0.15497,-1.5972,-0.90682,-0.65477,-0.43807,-1.2429,-0.59142
6.3701,0.68082,0.91022,-1.2179,0.14284,-0.4198,-1.9343,-0.95894,-0.019864,-0.3997,-1.5872,-0.7134
5.3222,0.68959,1.342,0.12526,0.61065,-0.65031,-2.0862,-1.1079,-0.080472,-0.26823,-1.7636,-0.36006
5.1412,0.52701,1.4877,-0.78083,0.51192,0.43705,-1.7943,-1.3125,-0.45425,-0.3199,-1.6995,-0.59029
5.7062,0.29448,1.0424,-1.1115,0.35612,-0.56262,-1.545,-0.44905,-0.13098,0.0067257,-1.407,-0.74124
5.2834,-0.24266,0.27546,-0.89696,0.088149,-0.26167,-1.3064,-0.027195,0.30068,-0.30254,-1.4825,-0.73692
4.8311,-1.2091,0.00025767,-1.5577,0.10309,0.01325,-0.91229,-0.208,0.41865,0.062105,-1.4478,-0.24026
4.3577,-0.65325,-0.042744,-0.97026,0.40843,-1.0391,-2.0254,-0.3419,-0.83359,-0.94138,-1.2994,-0.4126
5.8072,-0.34915,-0.227,-0.98944,-0.061092,-0.73122,-1.8604,-0.61688,-0.69489,-0.68371,-1.3671,-0.15584
5.3231,0.1798,-0.19896,-1.1293,-0.27175,-0.4752,-1.7288,-1.4193,-0.98842,-0.52946,-1.3175,-0.49594
4.99,0.13556,0.63656,-0.80117,0.30579,-0.54441,-1.724,-0.51689,-0.87734,-0.92802,-1.5218,-0.41821
4.5473,-0.042745,-0.26987,-1.5548,0.087851,-0.067991,-0.78673,0.24919,-0.13876,-0.64915,-1.6022,-0.54105
1.4143,4.0012,-1.8262,-0.50226,-0.41541,-1.1606,-0.83642,-0.38036,-0.37507,-0.47298,-1.0092,-0.74416
-0.27247,4.5779,-2.3811,-0.96565,-0.69933,-1.1054,-1.0467,-0.47853,-0.86509,-0.47553,-1.2266,-0.92453
-2.0054,4.4004,-2.4029,0.22575,-0.26298,-1.1196,-1.782,-1.1462,-1.1251,-1.1523,-1.2532,-1.2944
-1.9966,5.0257,-2.2457,-0.055253,-0.24553,-0.52086,-1.6036,-1.2292,-0.69512,-0.39499,-1.5358,-1.518
-2.7165,5.8737,-1.7839,-0.2589,-0.49788,0.081469,-0.6605,0.16316,-1.0563,-1.0673,-1.1771,-1.0333
-3.9376,5.6521,-1.3726,-0.088544,0.054526,-0.43222,-0.55261,-0.008354,-0.54729,0.020589,-0.25088,-1.1509
-4.5936,6.2693,-2.1525,0.4449,-0.2408,-0.29082,-0.85666,-1.1846,-0.18389,-0.40287,-0.6633,-1.2214
-4.3453,6.2215,-1.7869,0.88689,-1.4053,-0.77502,-1.2271,-1.9759,-1.1949,-0.83158,-0.9968,-1.1901
-4.4359,7.0258,-2.1496,0.25958,-0.33294,-0.38159,-1.7428,-1.6167,-0.69973,-0.16212,-1.116,-1.3724
-4.7766,6.1521,-2.2067,-0.047247,-1.3213,-0.43396,-1.3591,-1.3256,-0.67051,-0.93943,-2.0671,-1.4952
-5.4839,6.17,-1.2051,0.035507,-0.85743,-0.071382,-1.3494,-1.7981,-0.70917,-0.42685,-1.6946,-0.48663
-5.1434,6.8344,-0.94018,-1.0629,-0.50005,0.48946,-0.16697,-0.98316,-0.91789,0.00069351,-1.0756,-1.1515
-5.4166,5.3368,-0.079755,0.18724,-0.64203,0.35551,-0.041785,0.0107,-0.32965,0.021219,-0.70543,-1.122
-5.3344,6.0633,0.22001,-0.35233,-0.020738,-0.10069,-0.87457,-0.76052,-0.58411,0.12804,-0.93916,-1.2989
-4.8386,5.9552,0.99406,-0.17788,-0.63841,-0.11256,-1.9071,-1.3969,-0.75516,0.17292,-0.71332,-0.70721
-4.9021,4.9099,1.0416,-1.1569,-0.87253,-0.5342,-1.1015,-1.0719,-0.67907,-0.21674,-0.54951,-1.3158
-4.1851,4.546,1.1236,-0.89248,0.22042,-0.16541,-1.8666,-1.3608,-1.163,0.39547,0.14239,-0.42597
-4.0437,4.6311,1.6819,-0.84952,-0.79802,-0.60259,-1.1504,-1.1051,-1.3867,-0.26441,-0.53495,-0.82653
-3.9001,3.3177,2.0514,-1.2018,-0.84929,0.25861,-1.2234,-0.64681,-0.65542,0.12623,-0.20304,-0.74552
-1.3468,4.699,2.4365,-0.29384,-0.79673,-0.31516,-0.62663,-0.59051,-0.91985,-0.6969,-0.029112,-0.15001
0.11829,3.4372,4.2022,0.67282,-2.537,-0.7323,-0.98328,-0.90397,-0.2222,-0.67279,-0.055084,0.15873
-0.52585,2.9441,5.3572,1.1537,-3.4517,-0.94327,-1.0592,-0.71682,0.56427,-0.36556,-0.1511,0.33625
-0.26205,2.7314,4.7723,0.44184,-3.0711,-0.63011,-0.99255,-0.024818,0.055118,-0.55766,-0.52067,0.37249
0.14948,2.8301,4.7112,0.19096,-3.17,-0.08401,-0.5129,-1.0419,0.0029945,-0.90009,-0.3018,0.3363
-0.14883,3.2648,5.219,0.61542,-2.9239,-0.77311,-0.98719,-0.96623,0.049975,-0.69923,-0.19268,0.061734
0.68301,2.9857,4.8184,0.1239,-3.6163,-0.2503,-0.14838,-0.7403,-0.12521,-1.2544,-0.25796,0.093498
0.82745,2.6369,5.2327,0.043972,-3.3869,-0.329,-0.14192,-0.72822,-0.086034,-1.0405,-0.35516,0.48901
0.6335,1.9315,4.6648,0.2862,-3.4932,-0.073237,-0.29882,-0.55964,-0.30521,-1.2773,-0.099122,0.36061
-0.18119,2.6828,5.1545,-0.27685,-3.7926,-0.24387,-0.58695,-0.18205,-0.80171,-0.86367,-0.30471,0.36374
-0.59894,3.8028,4.8413,0.39669,-4.0184,-1.0709,-0.78675,-0.080763,-0.61266,-1.3649,0.024625,-0.0048312
0.011793,3.5168,4.6264,0.13875,-3.5954,-0.69775,-0.77224,-0.40139,-1.1099,-1.0494,-0.052512,-0.14488
-0.30097,3.396,4.8411,0.32644,-3.0953,-1.2622,-0.76105,-0.54006,-0.88622,-0.76026,0.065019,0.3534
0.15242,3.5423,3.9422,0.73571,-2.153,-1.4117,-0.55785,-0.41261,-0.92654,-0.72021,-0.59982,0.21383
-0.514,3.9636,3.7034,0.38174,-2.5231,-0.81216,-1.0188,-0.15558,-0.21696,-0.23695,-1.0607,-0.28942
-1.653,4.5838,3.6931,0.32944,-2.3573,-1.6504,-0.79315,-0.55033,-0.19518,-0.63513,-0.49135,0.25326
-1.5744,4.4356,2.8903,0.77571,-2.5111,-1.1396,-0.58195,-0.18039,-0.95674,-0.62188,-0.3999,0.072028
-1.2712,4.9093,2.0587,0.94036,-2.321,-1.4344,0.19409,-0.22235,-0.42054,-0.85937,-0.27325,0.63721
-1.5854,5.2907,2.4104,0.82484,-1.2899,-1.5491,-0.055283,-0.17954,-0.77386,-0.23285,-0.59796,0.51346
-4.2729,5.419,2.7946,0.6811,-0.44906,-1.035,0.19775,0.23207,-0.28382,-0.24564,-0.76912,0.0622
-4.7212,5.7623,2.2387,1.0804,-0.67301,-1.671,0.1581,-0.1415,-1.1081,-0.030805,-1.3202,-0.11749
-5.2778,5.7815,1.2791,0.3904,-1.346,-1.0294,0.23095,-0.019264,0.0005678,-0.3734,-0.51579,-0.36426
-6.0023,4.8021,0.38607,0.55256,-1.3756,-0.52647,-0.030945,-0.49786,-0.61082,-1.1925,-1.5431,-0.51884
-6.2611,6.0638,0.75511,0.63673,-1.552,-1.1902,0.048363,-0.17291,-1.0997,-0.58454,-0.43069,-0.43648
-6.0491,6.4811,1.7593,0.80056,-1.7031,-1.8682,-0.13797,-0.083123,-1.0239,-0.9487,-0.39204,0.095767
-6.4858,6.3262,1.2116,1.904,-1.3704,-1.1774,-0.23129,-0.45231,-1.4537,-0.11252,-0.3801,-0.32912
-5.9174,6.7714,1.484,0.96026,-1.2637,-1.7569,-0.19118,0.22605,-0.42797,-0.21895,-0.3884,-0.67308
-5.3499,6.4899,1.5052,0.95377,-1.3591,-2.1148,-0.5436,-0.34562,-1.2943,-0.73844,-0.65144,-0.17253
-4.7154,6.7093,2.3542,0.079219,-1.408,-1.7069,-0.78171,-0.43635,-1.5433,-0.43993,-0.3031,-1.0245
-5.1781,6.3864,2.4297,-0.23621,-1.2199,-2.2155,-0.98391,-0.0043586,-1.1241,-0.46906,-0.41167,-0.92764
-5.2687,5.3644,1.6603,-0.74153,-1.4686,-1.7052,-1.0849,-0.08795,-1.906,-1.3216,-1.0142,-1.1662
-4.7964,6.2372,2.4304,0.77657,-0.35486,-1.9783,-0.38481,-0.44776,-1.5054,-1.0265,-0.41749,-0.44321
-4.7623,5.7378,1.4045,0.46844,-0.57758,-2.0958,-0.7191,-0.19711,-1.1981,-1.0297,-0.031247,0.17614
-4.2712,5.7605,1.7876,0.69558,-1.3697,-2.6399,-1.048,-0.95485,-1.5095,-0.30162,-0.96772,-0.58552
-5.2437,5.7387,2.4117,0.38407,-1.2434,-2.1761,-1.2876,-0.80579,-1.3169,0.15756,-0.45711,-0.11043
-3.349,5.2951,1.6242,0.38696,-0.75361,-2.3704,-0.92336,-0.70109,-1.5349,-0.62125,-1.1674,-0.78754
-3.8559,4.9585,1.329,-0.18966,-1.5744,-2.2203,-1.3265,-0.42416,-1.5269,-0.82227,-1.0164,-0.47344
-3.8035,4.283,1.2823,-0.2503,-1.3002,-2.5941,-0.8043,-0.5345,-1.4113,-0.4248,-0.78216,0.077542
-3.2088,4.2895,1.3823,-0.38264,-1.5017,-2.8664,-0.37825,-0.27573,-1.4711,-0.11605,-0.80825,0.19808
-3.1354,3.6857,1.7416,-0.5453,-1.9931,-1.4265,0.44531,0.2839,-0.67373,-0.10835,-0.42376,-0.034932
-1.7626,3.7981,2.2999,-0.25398,-1.0817,-2.2605,-0.33681,-0.33606,-1.311,-0.97941,-0.1499,0.03268
-2.0838,2.9279,1.0692,-0.61864,-1.0563,-2.7581,-1.7881,-1.2372,-1.493,-1.375,-0.29019,-0.20982
-1.6486,3.9314,1.8008,-1.3411,-0.9131,-2.4252,-1.1767,-1.399,-1.364,-0.80122,-0.78526,-0.23458
-0.81988,3.7703,1.624,-1.2293,-0.13553,-2.5166,-0.53623,-0.026277,-0.33309,-0.42915,-0.57066,-0.7105
-0.94061,3.3014,1.7959,-1.0954,-0.093376,-2.5893,-0.54597,-0.37662,-0.89511,-0.26283,-0.34493,-0.72556
-1.2651,3.003,1.4752,-1.3356,0.37388,-2.1843,0.46025,-0.5456,-0.39384,-0.18728,-0.53872,-0.58016
-1.0744,3.4684,1.5793,-1.8861,-0.042607,-2.8152,-0.4575,-1.0556,-0.22782,-0.32399,-0.48529,-0.0037333
0.026341,3.1427,1.0202,-2.1722,0.95449,-2.2919,-0.42518,-1.149,-0.876,-0.61058,-1.0445,-0.55158
0.46167,3.4211,0.97362,-2.5322,0.69457,-2.2407,-0.29978,-1.5821,-0.95211,-0.69281,-1.0848,-0.45569
-0.36829,3.0504,1.1501,-1.1797,1.4515,-2.6479,-0.14292,-0.66718,-1.086,-0.70048,-0.59252,-0.41021
0.035395,3.5867,1.7066,-1.3727,1.0168,-2.0369,-1.0008,-1.4473,-0.89028,-0.44033,-0.78337,-0.29765
0.19058,2.9746,1.2439,-1.5686,-0.18512,-2.7315,-0.59692,-1.2422,-0.67621,-0.38263,-0.8004,-0.32
-0.66996,1.4732,0.17199,-1.5666,0.059841,-2.0797,-0.65089,-0.63517,-0.83647,0.030346,0.62766,0.3362
-0.002421,2.2633,0.74529,-1.4603,-0.17239,-1.9331,-0.32878,-1.121,-1.3395,-0.12203,-0.76462,-0.097976
1.1461,2.6397,1.2261,-1.7237,-0.23327,-2.2438,-1.1839,-1.2504,-1.1657,-0.374,-0.54574,-0.47424
1.4541,2.3483,0.84161,-1.5661,-1.2498,-1.7853,-0.8433,-0.82764,-0.9416,-0.089865,-0.24437,-0.32195
1.1773,2.315,0.91358,-1.3612,-0.11413,-2.0607,-1.1295,-0.84843,-1.4195,-0.49534,-0.47206,-0.29333
2.1598,2.9403,2.0415,-1.1864,0.41915,-2.2457,-1.2772,-0.42567,-1.7657,-0.35057,-0.189,-0.54317
2.627,2.9945,1.3659,-1.3275,-0.32414,-2.5613,-1.7618,-1.1836,-1.5663,0.089412,-0.0092505,-0.97341
2.457,3.2862,1.0434,-0.90134,-0.65484,-1.8967,-2.02,-1.1514,-1.8111,-0.75229,-0.53755,-0.55768
1.7044,2.5165,1.1817,-0.7278,-0.47991,-1.2758,-0.86813,-1.4764,-0.93672,-0.42275,-0.64239,-0.22031
1.7622,2.4199,0.84531,-0.69094,-0.2516,-1.9597,-1.7406,-0.95838,-1.3144,-0.68091,-0.33378,-0.76736
1.7756,2.5116,0.88859,-0.43277,0.20273,-1.1768,-0.83591,-1.0677,-1.3592,-0.7748,-1.142,-0.61943
2.4912,2.7784,1.0347,-0.69886,-0.48483,-2.0647,-0.92156,-1.0963,-1.0092,-0.59861,-0.86993,-0.44857
1.9493,2.1051,0.59539,-0.54503,-0.087902,-1.1273,-0.77561,-1.0406,-0.95474,-0.73235,-0.80869,-0.49973
1.7851,1.9369,0.4003,-0.41537,0.39735,-0.59795,-0.24908,-0.62376,-1.0344,-0.70749,-0.75218,-0.80778
1.5157,1.6616,0.29438,-0.36405,0.53954,-0.8045,-0.64568,-0.1189,-1.1774,-0.43144,-0.43084,-0.54814
4.3346,3.7249,1.1758,0.25165,0.22484,-0.71181,-0.9906,-0.46202,-0.97271,-0.59033,-0.10638,-0.50762
5.5707,5.0112,2.3719,-0.3687,-0.16661,-1.2856,-1.201,-0.24342,-0.37525,0.29928,0.53691,-0.96538
6.2099,4.2573,1.4485,0.49882,-0.77723,-2.235,-1.468,0.18519,-0.017076,0.17676,-0.65664,-0.76515
2.1166,4.8562,0.90784,2.4043,-1.6402,-2.482,-1.3232,-0.67962,0.5896,-0.33477,-0.1909,-0.95964
0.48438,6.3885,0.74012,2.1083,-0.71401,-3.6262,-1.5632,0.30034,-1.0334,0.55396,-1.0325,0.20802
0.12279,5.1111,1.0829,2.8063,-1.7563,-3.9496,-1.2894,0.27245,-0.68086,0.74807,-0.41697,-0.80474
-0.88853,4.8752,0.74117,2.4198,-1.2829,-3.1574,-1.4788,-0.37596,0.26848,0.18187,-0.28507,-0.11411
-1.1943,5.0887,0.56045,1.8753,-0.46513,-3.3066,-0.82538,0.016314,-0.38516,0.76127,-0.13063,0.012206
-2.6432,6.0334,-0.057301,1.8907,-0.63523,-3.1735,-0.13083,0.090052,0.22443,0.57714,-0.51087,-0.56497
-2.1868,6.0748,-0.17815,1.5114,-0.71995,-2.2835,-1.0617,0.72833,-0.0061947,0.55775,-0.21267,-0.67819
-1.7452,5.8624,0.46835,1.5246,-0.59006,-2.5235,-0.97406,-0.27703,0.12258,0.81912,-0.28006,-0.5028
-1.2839,5.7932,0.9201,1.643,-0.85744,-3.5998,-1.5473,0.081464,0.52474,0.21428,-0.57543,-0.39879
-0.55655,5.2406,0.64737,2.0547,-1.2089,-3.3988,-1.2645,0.046111,-0.032689,0.45216,-0.13281,-0.033878
0.27128,3.6511,1.2243,2.2943,-1.074,-3.736,-1.0485,0.11862,0.37149,0.91367,-0.74182,0.12218
0.91228,3.3595,1.7174,0.76303,-1.1904,-2.7059,-1.1369,-0.044028,0.46267,0.22626,-0.59316,-0.14014
2.6956,1.8959,2.3104,0.67482,-1.6912,-2.1541,-1.2752,0.085035,0.75007,-0.25999,-0.68941,-0.20576
3.0733,0.91214,2.6919,0.80925,-1.8043,-1.9562,-1.4229,0.11955,0.69548,-0.48393,-0.28667,-0.025939
3.687,0.42784,2.6314,0.49644,-1.5763,-2.0076,-1.645,0.41331,0.96665,-0.25017,-0.5071,-0.037714
4.416,0.90149,1.8947,0.5242,-1.6114,-1.8701,-1.6585,0.41075,0.89256,-0.79739,-0.24971,0.63086
4.849,0.9038,1.7079,0.3818,-1.5761,-1.537,-1.5119,-0.27545,1.4564,-0.51228,-0.78877,0.35664
5.2555,0.32109,1.7092,0.35357,-1.322,-1.6962,-1.5081,0.10815,0.89787,0.092421,-0.84896,0.21788
5.7564,0.73344,1.143,0.074714,-1.298,-1.677,-1.0552,-0.54625,0.9327,0.77106,-0.41508,0.14997
6.6368,0.086322,1.0679,0.005875,-1.171,-1.6957,-0.67077,-0.46179,0.59207,0.36332,-0.29469,0.64079
7.0366,0.25006,0.60443,-0.43333,-1.1818,-1.0458,-0.52245,-0.91724,0.20204,0.15544,0.077134,0.87519
7.2642,0.62058,0.87186,-1.1038,-1.6149,-0.62469,-0.25754,-0.75731,-0.02132,-0.2498,0.088429,1.055
8.0751,0.25349,0.47793,-1.1864,-1.708,-0.50586,-0.057109,-0.62232,-0.31574,-0.15025,0.11095,1.4472
8.3037,0.50437,0.40531,-1.2996,-1.4545,-0.9031,0.089235,-1.1401,0.0090504,0.49355,0.17039,0.96423
6.878,0.94215,0.10058,-0.84932,-1.5808,-0.87598,-0.4125,-0.35567,0.089245,0.26409,-0.031443,0.23641
8.1048,0.82602,1.2068,-1.9513,-1.6785,-0.62928,-0.3607,-0.64289,0.64124,-0.61585,-0.4994,0.99244
6.2818,1.889,0.51625,-1.1237,-1.7863,-0.93184,-1.4107,-0.40478,0.50945,-0.51858,-0.14857,0.63167
6.159,2.1657,0.95031,-1.2563,-2.1305,-0.86898,-1.2565,-0.15369,0.49791,-0.80696,-0.36051,0.44311
8.1965,1.3881,0.65581,-0.98565,-2.5123,-0.38217,-1.6285,-0.15514,0.80492,-0.81773,-0.50956,0.65486
8.381,2.1927,0.35283,-1.8157,-2.2789,-0.48961,-1.2834,-0.11049,0.71949,-1.1846,-0.61758,0.93206
9.0716,1.1395,0.57994,-1.7991,-2.2865,-0.1691,-1.5908,-0.21358,0.90542,-0.77135,-0.46029,0.003207
8.2656,1.9468,0.93209,-2.4964,-2.1673,-0.063633,-1.5612,-0.23369,0.77853,-1.0189,-0.21591,0.30522
8.1068,1.9807,0.90422,-2.5194,-2.6058,-0.1908,-1.1303,0.20216,0.73086,-1.3716,-0.33708,0.45504
8.1182,1.4296,1.3089,-1.778,-2.8798,-0.65379,-1.3601,0.23376,1.1587,-1.0425,-0.44801,0.20979
5.7819,2.3608,0.83898,-2.0008,-2.3651,-0.72258,-1.28,-0.10509,0.67155,-0.69267,-0.11937,0.4977
5.9837,2.6232,1.0514,-1.9544,-2.5574,-0.99165,-1.3102,0.048397,0.61845,-0.8783,-0.28978,0.2803
9.0172,1.4166,2.4413,-2.9091,-2.9734,-0.58776,-1.4078,-0.064897,0.27083,-0.92983,-0.37683,0.19773
5.9728,2.4596,0.74828,-2.1079,-2.5176,-0.81922,-1.3512,-0.45427,0.16769,-0.87908,-0.25767,0.26355
6.1801,2.2248,0.6553,-2.3908,-2.5805,-0.74857,-1.6257,-0.30787,0.72083,-0.87103,-0.21542,0.46143
7.278,2.5229,1.0639,-2.1768,-2.6645,-0.70481,-1.635,-0.2932,0.78761,-0.96953,-0.56978,0.23638
7.0959,3.0576,0.84705,-2.1185,-2.4305,-0.7241,-1.1631,-0.30245,0.16445,-1.0438,-0.45354,0.13282
9.5215,2.0273,1.4731,-2.1861,-2.4124,-0.21891,-1.2667,-0.16821,0.29799,-1.2255,-0.65611,0.046098
9.4703,1.9958,1.7823,-2.258,-2.6185,0.058353,-1.2714,0.2131,0.49,-1.1468,-0.55675,0.15082
7.1309,3.1896,1.1164,-1.887,-1.7911,-0.23578,-0.95862,0.24352,0.80898,-1.1429,-0.050247,0.29492
7.6952,2.2329,0.70858,-1.7307,-0.94923,0.3834,-0.70613,0.061921,0.24355,-0.60687,0.28813,0.12087
8.6149,2.6482,1.9706,-1.5364,-1.6613,0.14086,-0.88392,-0.20556,0.50727,-0.63497,-0.36586,0.13256
8.1565,2.4494,1.3341,-1.4862,-1.362,-0.20595,-0.69116,0.4933,0.38507,-1.0263,-0.84943,0.071679
7.9515,3.2349,0.89456,-1.9571,-1.3899,-0.060239,-0.70686,0.01229,0.0061144,-1.2515,-0.94391,0.026103
8.9205,2.8605,0.49341,-1.2869,-1.8682,-0.67025,-1.0325,-0.30075,0.051494,-1.0815,-1.2074,-0.013358
8.0787,2.8873,-0.015989,-1.6242,-1.3158,-0.94549,-1.3755,-0.33763,-0.3871,-1.8142,-0.77234,0.45508
6.3264,2.6996,-0.069816,-1.5406,-1.5133,-0.7572,-0.50801,-0.012068,-0.11785,-0.37518,-0.41112,-0.22907
7.9119,3.2522,0.077007,-1.5772,-1.2635,-0.71843,-0.88246,0.035394,-0.31331,-0.96715,-0.31548,0.31693
8.2083,3.5895,-0.015389,-1.5365,-1.8135,-1.4418,-0.45951,0.55325,-0.1217,-0.74437,-0.40736,0.088042
6.8728,2.4316,-0.96844,-1.5085,-1.1867,-0.27709,0.42021,0.86146,0.49409,0.023386,0.17013,0.20409
7.5381,3.1477,0.017238,-1.5236,-0.54593,-0.53407,-0.030426,-0.26095,-0.7273,-0.26277,-0.11987,-0.42503
7.6447,3.7553,0.42776,-1.6044,-1.4885,-0.88185,-0.46435,0.07221,-0.57572,-0.70306,-0.74522,0.017209
7.3564,3.3676,0.081225,-1.5812,-1.1208,-0.72099,-0.40249,0.23998,-0.37221,-0.53035,-0.44599,-0.14328
6.9774,2.8518,-0.49958,-1.9349,-1.2825,-0.61811,-0.40646,0.074927,-0.23102,-0.17829,-0.27189,-0.084834
7.1739,2.9984,-0.81939,-2.4501,-1.2881,-0.63908,-0.27298,-0.07782,-1.27,-1.0327,-0.5683,-0.60132
7.7839,3.701,-0.10144,-2.0785,-1.7496,-1.1715,-0.16947,0.32382,-1.2235,-1.0757,-0.95105,-0.69687
8.1498,3.9358,-0.32801,-2.7366,-1.7132,-0.38705,-0.40946,-0.33079,-1.1922,-0.49916,-0.31627,-0.63759
7.6033,3.5822,-0.34634,-1.6933,-1.4531,-0.5802,-0.30191,-0.2494,-0.79077,-0.55404,-0.41033,-0.35089
8.1994,4.0159,0.16875,-1.3397,-1.4285,-0.69491,-0.76051,-0.21082,-0.41354,-0.40821,-0.33416,-0.32303
8.2088,4.0948,0.49027,-1.0825,-1.2077,-0.53262,-0.67861,0.14096,-0.3325,-0.84334,-0.96182,-0.85818
7.5291,4.3434,0.1575,-1.7547,-0.80936,-0.93081,-0.78669,-0.15122,-0.33727,-1.4204,-0.2811,-0.41872
6.9881,3.5541,0.44096,-0.60033,-0.31559,-1.8012,-1.6474,-0.51938,-0.084056,-0.9206,0.027989,-0.4722
7.7177,3.8542,0.18034,-1.735,-1.4946,-0.6845,-0.98658,-0.70803,-0.59214,-0.6797,-0.50628,-0.0078706
5.4534,3.146,0.57212,-1.0518,-1.4607,-1.4297,-0.98432,-0.30818,-0.35312,-0.21918,-0.44395,-0.47259
5.8375,3.1689,-0.20901,-2.2728,-1.7325,-1.6343,-0.7484,0.25639,-0.54864,-0.50694,-1.067,-0.83475
6.5705,3.6183,-0.09159,-2.1659,-1.586,-1.8293,-1.3985,-0.32768,-1.8561,-1.2211,-1.0484,-0.43234
6.4828,3.9682,0.17514,-1.8657,-1.8342,-1.6633,-0.95406,-0.28525,-0.98677,-0.7521,-0.88399,-0.79204
6.8578,3.9191,-0.1818,-1.8257,-1.6212,-0.95679,-0.61112,0.0075013,-0.74825,-0.93965,-0.97255,-0.50707
6.8857,3.6886,-0.38518,-1.8467,-1.9842,-1.5043,-0.78438,-0.085805,-0.57812,-0.85065,-0.87794,-0.77424
7.3482,3.9181,-0.26548,-1.683,-1.1661,-0.77629,-0.36804,-0.12281,-0.92429,-1.1243,-1.3274,-0.66318
6.6719,3.0424,-0.68337,-2.1549,-1.5602,-0.78061,-0.55625,0.22545,-0.65854,-1.1878,-1.2144,-1.05
7.0421,3.5852,0.3196,-1.8727,-2.1267,-1.5226,-0.75391,0.33912,-0.32584,-0.88394,-0.89668,-0.42572
5.5876,2.8093,-0.35069,-1.7873,-2.1331,-1.794,-1.5131,-0.7749,-0.80097,-1.2158,-0.8775,-0.42654
6.5682,3.4489,-0.6324,-2.9754,-2.2298,-1.4135,-0.91782,-0.3014,-1.2157,-1.2467,-1.0375,-0.41714
6.1378,2.9663,-0.7413,-2.5009,-2.0788,-1.9712,-1.0934,-0.31685,-0.98152,-0.53543,-0.53265,-0.47014
5.4816,2.6281,-1.1393,-2.5628,-1.6966,-1.3194,-0.92065,-0.30144,-1.1074,-0.60223,-0.85091,-0.76525
5.9107,3.2336,-0.15824,-1.5259,-1.2261,-0.83303,-0.41088,-0.22048,-0.8662,-0.71482,-1.1307,-0.52383
5.5053,2.9275,-0.2532,-1.8522,-1.8288,-1.9613,-0.86258,0.46425,-0.16721,0.15421,-0.18987,-0.55248
5.7267,3.2411,-0.38213,-1.9829,-1.9758,-1.5247,-0.13894,0.779,0.11535,0.05216,-0.598,-0.14903
5.012,3.1155,0.23592,-1.2246,-1.476,-1.1984,-0.58542,-0.098362,-0.30792,0.034567,0.064508,0.072768
5.6659,3.5656,-0.50564,-1.9461,-1.8129,-1.2117,-0.55697,-0.23195,-0.8046,-0.32683,0.20356,-0.076276
5.4759,3.5079,0.36034,-1.5389,-1.82,-1.4527,-0.65404,-0.24113,-0.30935,-0.0054787,-0.19048,-0.42969
5.5036,3.5788,-0.11981,-1.7873,-1.7333,-1.258,-0.54845,0.4405,-0.3086,-0.30257,-1.025,-0.8653
5.4916,2.6135,-0.39527,-1.9997,-1.8711,-1.2028,-0.97374,0.3368,-0.25912,-0.63113,-0.785,-0.86953
4.8626,2.1073,-0.50744,-1.7724,-1.0033,-0.95034,-0.75617,0.069438,-0.41462,-0.068696,-0.67326,-0.33031
5.8859,2.9938,-0.46441,-1.9553,-1.5826,-1.7253,-0.62031,-0.17154,-0.25712,-0.36231,-0.56984,-0.088717
5.0549,2.8937,-0.48275,-1.6907,-1.6229,-1.4764,-0.86999,-0.0067861,-0.29833,0.044314,-0.2903,-0.46353
5.6746,3.2226,-0.46827,-1.8274,-1.8448,-1.3852,-0.72585,0.41996,-0.18565,-0.19908,-0.4486,-0.43067
5.8117,3.0549,0.085564,-2.053,-2.2628,-2.0275,-0.88077,0.31164,-0.17955,0.21927,0.31497,-0.40112
5.0091,2.6806,-0.47676,-1.5222,-1.6636,-1.698,-0.85895,0.44445,0.31644,0.18054,-0.088822,-0.17882
5.111,2.7672,-0.60519,-2.133,-2.0704,-1.1687,-0.055857,0.28735,-0.13237,-0.49535,-0.71604,-0.78034
4.5736,2.4153,-0.75131,-1.4876,-1.4783,-0.2678,0.37316,0.66287,0.020529,-0.39602,-0.65518,-0.71864
6.7655,4.3542,0.62731,-1.164,-1.5993,-1.1517,-0.3375,0.58765,-0.055099,-0.039128,-0.59818,-0.79251
8.8071,5.6332,1.1477,-1.1468,-1.8609,-1.1846,-0.31059,0.26029,-0.47966,-0.72318,-0.78009,-0.73906
7.3131,5.0062,1.8812,0.068572,-0.32434,-0.38078,-0.35248,-0.21066,-0.82498,0.11154,-0.48293,-0.82696
7.8608,5.1355,0.97408,-0.88421,-0.77552,-0.34034,0.03156,0.10579,-0.26851,-0.24723,-0.62177,-1.0839
7.498,5.112,1.3607,-0.26802,-0.63288,-0.80902,-0.36499,-0.34897,-0.2521,-0.10586,-0.18465,-0.25933
7.655,5.1585,2.3165,-0.60318,-1.4147,-0.70917,-0.045985,0.39145,0.11892,-0.21578,-0.88497,-1.0213
7.9352,4.6694,1.3723,-1.1714,-1.0081,-0.35829,0.39413,0.51352,-0.21636,-0.071943,-0.72646,-0.68051
6.8988,4.2983,0.92987,-0.69056,-0.39502,0.22694,0.68497,0.71363,-0.36479,-0.29034,-0.34472,-0.39632
3.3629,1.8217,3.2172,-0.18465,-0.84535,-1.2317,-1.9208,2.487,-0.16187,-1.3162,0.14492,-1.2104
1.9978,2.2745,2.4286,0.70201,-1.2404,-1.8512,-2.1578,0.46655,0.11244,0.19422,-0.1307,-0.7038
4.4661,0.25318,2.1984,0.70707,-0.98595,-1.6016,-2.0637,-0.97403,0.41205,0.46169,-0.73005,0.24982
4.9414,0.22254,2.0629,1.5683,-1.9672,-1.6435,-2.3671,-0.68722,0.28529,-0.011568,0.10869,0.099516
5.6737,0.18141,1.5532,1.173,-2.1014,-1.4316,-2.4383,-0.65194,0.26438,-0.028008,0.20765,-0.21604
5.7253,0.42446,1.879,1.0508,-2.3841,-1.346,-2.6117,-0.98809,0.2491,0.24783,0.16528,-0.22159
6.4716,0.10924,1.6651,0.75524,-2.025,-1.6918,-2.5534,-0.9138,0.32974,0.14586,0.49279,-0.51738
6.7966,0.092889,1.2043,0.72404,-2.2964,-1.2115,-2.3495,-1.3724,0.94504,0.084069,0.33412,-0.69226
7.3784,-0.11264,1.1441,0.77678,-2.7424,-0.52571,-3.0047,-1.1778,0.92089,0.19229,0.32864,-0.5201
6.8932,0.33075,0.69132,0.66343,-2.5326,-0.59574,-2.6801,-1.3254,0.82872,-0.056548,0.20282,-0.25849
5.9305,0.35217,0.53975,-0.20589,-2.2019,-1.263,-2.3389,-1.2824,0.32382,-0.20517,-0.05055,-0.33929
7.0227,-0.67762,1.0088,0.1463,-2.6184,-1.2744,-2.5838,-1.2802,0.34272,0.069347,-0.12209,-0.23732
5.5712,0.66137,0.55659,0.036323,-1.6282,-1.4946,-1.8154,-0.85215,-0.02307,0.36332,0.13502,-0.56148
7.2651,0.39577,0.54813,0.74841,-2.2565,-0.83479,-2.4155,-1.0836,-0.30282,0.11485,0.24617,-0.54766
6.8018,0.83873,0.17152,0.60032,-2.0843,-0.94586,-2.433,-1.0293,-0.46857,-0.14232,0.24432,-0.44807
6.4696,0.30514,-0.052442,0.70546,-2.4103,-0.12182,-2.7176,-0.44499,0.044114,-0.39254,-0.18097,-0.52678
7.6216,0.81176,-0.34035,1.2059,-3.0982,0.0085629,-3.5648,-0.50069,-0.23711,-0.40542,0.52999,-0.92311
7.0957,1.0168,0.50505,1.576,-2.8391,-0.10512,-3.0638,-1.0461,-0.013187,-0.3231,0.53399,-1.2469
6.3001,0.3554,0.70428,2.6162,-2.0717,-0.38793,-2.1436,-0.39462,0.064359,-0.79626,0.43065,-1.0543
5.6262,2.0375,1.1119,1.4969,-1.0863,-0.31692,-1.2345,-0.51575,-0.087287,0.18269,0.39218,-0.74521
5.6108,1.5352,1.0433,2.3433,-1.9221,0.20176,-1.16,-0.097935,-0.23397,0.14178,0.35443,-1.2193
5.9349,0.18867,0.29608,1.3796,-1.1797,0.30581,-0.95146,-0.79423,0.1819,0.44092,0.064517,-1.2077
6.3365,0.64681,0.95965,1.1914,-0.8975,-1.2843,-1.8126,-0.63565,0.026608,0.3617,0.29488,-0.67608
6.8699,0.72787,1.0196,1.2063,-0.91748,-1.3952,-1.0681,-0.27424,0.078809,0.3399,0.027002,-0.55326
6.8753,0.6438,1.0996,1.485,-0.37843,-1.0826,-1.4397,-0.74794,-0.037773,0.065832,-0.15635,-0.78775
6.6029,0.88473,0.85897,0.47991,-1.39,-1.2167,-1.014,-1.0376,-0.75309,-0.075188,0.2913,-0.68866
6.7333,-0.87306,0.55013,0.67553,-1.8902,-2.4076,-1.9049,-0.8961,-0.19529,0.79325,0.55265,-0.73984
6.5405,-0.61773,0.077225,0.86156,-0.71881,-1.3321,-1.9979,-0.90702,-0.18637,0.80755,0.35291,-1.0212
7.0492,-0.35055,0.02161,0.74485,-1.0185,-1.3484,-0.51965,-0.20688,0.11521,0.49491,0.16524,-0.77761
6.7645,0.086793,1.0206,1.3125,-0.71063,-1.1383,-0.043004,-0.44821,-0.98833,0.61752,0.69425,-0.64472
7.9259,0.13169,0.56982,1.6526,-0.22123,-1.7642,-1.3097,-0.52177,0.37555,0.25722,-0.32344,-0.75314
7.3962,1.8396,1.1025,1.2281,-0.69481,-1.9006,-1.1504,-0.46779,-1.0721,0.62432,0.95825,-0.69704
8.4874,1.4235,0.27732,0.63227,-0.66243,-1.3141,-1.5517,-1.0363,-0.94144,0.53276,0.60109,-1.0669
6.1077,1.4508,-0.89482,-0.51478,-0.80116,-1.7275,-0.78959,-0.073294,-0.084133,0.21089,0.87443,-0.11098
7.2233,1.6858,-0.15504,0.3462,-0.95695,-2.1226,-1.9833,-0.90732,-0.63331,0.73904,0.2842,-1.0671
7.7613,2.2136,0.20294,0.11348,-0.95389,-1.9909,-1.6921,-1.196,-0.23218,0.51187,0.10402,-0.78803
7.5628,2.3657,0.49527,0.079092,-1.0063,-2.4335,-2.1506,-1.3827,-0.96844,0.19832,-0.029484,-0.99486
6.4673,2.7935,0.49132,0.029241,-1.5811,-2.211,-2.2683,-1.5362,-1.0098,-0.1262,-0.30118,-0.99305
5.0712,1.9006,0.26153,0.52598,-0.22398,-1.3924,-1.8738,-1.2921,-0.52896,-0.14628,-0.65738,-0.68946
7.5626,2.9547,1.086,0.44856,-0.7124,-2.2297,-1.9118,-0.91479,-0.48886,0.71616,0.023237,-0.99922
7.8112,2.6909,1.195,0.97534,-0.76477,-2.1052,-1.7104,-1.0289,-0.59804,0.84968,0.080021,-1.1506
7.2049,2.9401,1.05,0.77805,-0.70815,-1.7773,-1.0738,-0.40696,-0.48753,0.029213,-0.75538,-1.1583
6.7634,2.3995,0.25906,0.1486,-0.25342,-1.3689,-1.2555,-0.37914,0.20194,0.55125,-0.59524,-1.3798
5.5023,1.9878,0.34956,0.36832,-0.11923,-1.5121,-1.8274,-0.74057,0.38114,1.0732,-0.21579,-1.5214
6.2389,1.6503,0.30179,0.26922,0.5186,-1.2617,-1.4649,-0.62609,-0.10581,1.1205,-0.069578,-1.1759
5.8268,2.8652,0.57058,0.0051458,-0.77626,-2.0057,-2.1692,-0.64249,0.24618,0.76207,-0.036559,-0.58931
6.3478,2.6282,-0.38363,-0.65941,-1.1253,-1.8812,-2.1137,-0.85405,-0.35706,0.41968,-0.19506,-0.98438
5.8978,2.6874,-0.032261,-0.9886,-1.483,-1.889,-1.6488,-0.6139,-0.24081,0.39037,0.21424,-0.40844
5.3693,2.2334,-0.3022,-0.81859,-1.1287,-1.4586,-1.5307,-1.0607,-0.75314,-0.53239,-0.65598,-0.51341
6.3142,1.8024,-0.55777,-0.40568,-0.76276,-1.4511,-1.9236,-1.2714,-0.41727,0.91305,-0.0073897,-1.0165
5.3824,1.9068,-0.60128,-0.29809,-0.071285,-1.1732,-1.3923,-0.58735,-0.2989,0.70426,0.0072966,-0.49961
6.0796,2.6117,0.16366,-0.58919,-0.896,-2.2228,-1.9477,-1.3867,-0.47062,0.24405,0.10805,-0.42828
5.631,3.4197,0.84715,-0.84665,-1.5401,-2.3759,-1.7306,-1.0484,-1.2155,0.2356,0.087108,-0.15805
