-0.030117,0.029984,-0.029764,0.029456,-0.029062,0.028582,-0.028019,0.027373,-0.026648,0.025844,-0.024964,0.024011
-0.087739,0.087353,-0.086711,0.085814,-0.084666,0.083269,-0.081628,0.079747,-0.077633,0.075291,-0.072728,0.069951
-0.10243,0.1018,-0.10076,0.099315,-0.097486,0.095288,-0.092743,0.089876,-0.086713,0.083283,-0.079615,0.075739
-0.088202,0.087814,-0.087168,0.086267,-0.085112,0.083708,-0.082058,0.080168,-0.078042,0.075688,-0.073111,0.07032
-0.051421,0.051195,-0.050819,0.050293,-0.04962,0.048801,-0.047839,0.046737,-0.045498,0.044126,-0.042623,0.040996
-0.2833,0.13401,0.034643,-0.14276,0.13936,-0.026652,-0.14104,0.28312,-0.33105,0.26095,-0.10498,-0.063972
0.23207,0.14444,-0.52397,-1.4895,0.14237,-0.49683,-0.27382,0.63876,-0.66578,1.0585,0.57305,0.068168
0.68083,1.3256,0.73579,-1.0299,0.49001,-1.1404,-1.2911,-0.3793,-1.8399,0.30695,-0.026805,-0.13122
-0.3666,0.5606,0.51429,-1.4806,1.1487,-0.76412,-1.1182,0.59402,-1.4923,1.1132,0.44353,-0.45399
0.023095,0.79972,0.59223,-1.1876,0.69771,-0.92422,-0.71816,0.75532,-1.2417,0.71514,0.10043,-0.3098
-0.17246,0.74476,0.45559,-1.531,0.97154,-0.72132,-0.57507,0.77133,-1.8147,0.36307,-0.5496,-0.3589
-0.5299,0.71762,0.37816,-1.1573,0.64,-0.39786,-0.25481,1.3187,-1.1529,0.69346,-0.36392,-0.54799
-0.73251,0.34796,0.3578,-1.3601,0.8505,-0.6335,-0.15647,0.89106,-0.96601,0.77908,-0.18963,-0.4369
-0.60575,0.44052,0.39162,-1.4531,1.0295,-0.78536,-0.51066,0.89114,-0.98197,1.25,-0.005521,-0.56133
-1.1329,0.25026,0.16461,-0.9315,1.3027,-0.49706,-0.36631,0.61936,-1.3066,0.88781,0.013814,-0.29794
0.43309,-2.2293,1.0141,-0.51486,1.4166,-0.81264,-2.868,0.079336,-0.38358,-0.17221,0.33849,-0.087738
3.7548,-1.5065,0.27469,-0.034831,1.1783,-0.56961,-2.2029,-6.8206e-05,0.36521,-1.4594,0.17071,-0.92635
4.8107,-1.1181,0.24574,-1.3933,0.82118,-0.18488,-1.9283,-0.10711,-0.020803,-2.0052,-0.64407,-0.61873
6.0994,-0.59239,-0.26784,0.061043,0.65384,-0.43852,-1.302,-0.18307,0.47767,-1.6221,-0.19753,-0.92922
6.0849,-1.7854,0.23878,0.21762,-0.13248,0.44581,-1.5547,-0.14481,1.0041,-1.7454,-0.075179,-0.81476
6.7361,-1.9213,0.53353,-0.43276,0.58676,0.026077,-1.3962,-0.36505,0.76358,-1.5611,-0.088217,-0.81838
6.159,-1.1106,-0.39304,-0.35706,0.72741,0.028737,-1.6054,-0.50778,0.55786,-1.1636,-0.20174,-0.4307
6.6187,-0.9572,-0.14362,-0.39909,1.1655,-0.54762,-1.4711,-0.3993,0.57259,-1.3149,-0.034372,-0.53484
6.6191,-0.396,-0.48577,-0.12485,0.64823,-0.38008,-0.82952,-0.88621,0.43178,-1.1607,0.56269,-0.50493
6.5952,0.12141,-1.1237,-0.50911,0.57367,-0.2896,-0.62684,-0.6738,0.19337,-0.90572,0.17783,-0.48165
7.9482,-0.82165,-0.55512,-1.1031,1.0941,-0.71695,-0.71672,-0.83877,0.83318,-1.6112,0.54902,-0.91093
6.5867,0.23626,-1.1335,-0.89209,0.68293,-0.0026491,-1.6782,-0.40129,0.55717,-1.0537,-0.035977,-0.45551
7.6314,0.029652,-0.91439,-0.7217,0.51633,-0.066747,-1.8662,-0.5574,0.78382,-0.99679,0.10356,-0.35029
8.4242,-0.67218,-0.41334,-0.88901,0.9454,-0.084694,-1.895,-1.1571,1.1456,-1.3087,0.833,-0.91644
8.5546,-1.0626,-0.62561,-0.6264,0.89582,-0.10472,-1.5777,-0.97861,1.1282,-1.4915,0.3941,-0.53291
8.1062,-0.74956,-0.20739,-0.12005,0.47167,-0.6099,-1.8588,-0.71598,1.7672,-1.2524,0.23207,-1.5462
8.8062,-1.4457,-0.66606,-0.68199,1.3087,0.027826,-1.5856,-0.92142,1.3053,-1.7639,0.44132,-1.2468
8.0144,-0.39825,-1.0921,-0.044384,0.7213,-0.23846,-1.6338,-0.47178,0.71932,-1.4463,0.10394,-0.72387
7.1634,-0.54764,-1.3564,0.011471,0.57336,-0.15262,-1.1823,-0.71621,0.35066,-0.64572,-0.084681,-0.74524
8.7099,-1.6461,0.10972,-0.71823,0.43118,0.1645,-1.7455,-0.94724,1.1891,-1.6467,0.55814,-0.94572
6.5583,-0.21121,-0.54869,-0.41069,0.16856,-0.24045,-1.9234,-0.62794,0.65459,-1.2716,-0.13194,-0.69254
6.8283,-0.38906,-0.12113,-0.42512,0.40343,-0.084731,-2.4069,-1.2301,1.244,-1.4357,0.10296,-1.093
6.0591,0.019372,-0.4877,-0.29727,0.64793,-0.36423,-2.2942,-0.99377,0.7438,-0.91147,-0.11925,-1.2808
8.1778,-0.87888,-0.080517,-1.183,0.2802,0.0094068,-1.7981,-1.0947,0.94758,-2.3335,0.37459,-1.9711
6.451,0.43062,-0.17116,-0.25228,0.18859,-0.29106,-1.7283,-0.92867,0.097896,-1.3273,-0.026077,-0.54617
6.7345,-0.54826,-0.35832,-0.23841,0.17172,0.028582,-1.7417,-0.98152,0.73734,-0.68229,0.34605,-0.73265
7.934,-0.77221,-0.0020538,-0.64141,0.62972,0.46145,-1.4936,-0.68424,-0.14769,-1.3385,0.35632,-1.391
8.29,-0.64025,-0.011149,0.012101,0.93334,0.08566,-2.1341,-1.1951,0.33499,-0.67275,0.1474,-0.42721
6.6787,0.3686,0.32407,0.90611,1.3099,-0.35953,-2.4648,-1.6822,-0.87206,-0.46219,-0.18395,-0.71382
6.3154,0.9629,-0.60085,-0.73139,0.34704,-0.81059,-2.5582,-1.2111,-0.72872,-0.56517,-0.51789,-0.72007
6.1275,0.42107,-1.4126,-1.035,0.15702,-0.84987,-2.3256,-1.4453,-0.90472,-0.4861,-0.68648,-0.69206
7.0788,0.5653,-1.3033,-1.3314,0.042582,-0.69421,-2.3731,-1.7555,-1.3138,-0.58436,-0.98665,-1.171
6.3945,0.53714,-0.16991,0.23935,1.3706,0.045948,-2.3197,-1.1137,-0.31603,-0.19463,-0.46271,-0.84114
6.9391,0.51182,-0.33124,0.10205,0.93501,0.12881,-1.8826,-1.2662,-0.42183,-0.091535,-0.28899,-0.4817
9.2264,-0.18395,-0.30623,-0.071343,0.70065,0.19868,-1.7382,-0.79875,-0.71485,-0.77136,-0.15056,-1.2756
7.7529,0.38402,-0.45673,0.093385,0.48277,0.04302,-1.1843,-0.6547,-1.1952,-1.1839,-0.57088,-0.61384
7.5304,-0.62844,-1.2546,-0.85814,0.81231,0.041642,-1.6509,0.043299,-0.19803,-0.37889,-0.094971,-0.72635
7.7859,-0.4061,-0.51522,-0.35616,0.59294,-0.18929,-1.2407,-0.40461,-0.68326,0.064741,-0.36208,-1.016
7.9679,-0.83219,-0.54927,-0.16285,1.1583,-0.28575,-1.2247,-0.15181,-0.76328,-0.0094959,-0.71775,-0.99276
8.9989,-0.76505,-1.2526,-1.098,0.39247,-0.55815,-1.1168,-0.50674,-1.58,-0.52852,-0.018727,-0.80812
7.3732,-0.25128,-1.3957,-0.15473,0.61828,-0.30207,-1.0993,-0.42273,-1.2513,-0.86671,-0.40596,-1.1206
8.1954,-0.37297,-1.8423,-0.74579,1.3311,-0.44573,-1.582,-0.66276,-1.3497,-0.6314,-0.67222,-0.73393
6.3721,0.10723,-1.9376,-0.08824,1.153,-0.30943,-1.6498,-1.0213,-0.60392,-0.51739,-0.99368,-0.90017
9.2564,0.19944,-1.4937,-0.19772,0.70496,-0.64007,-1.5072,-0.032324,-0.61994,-0.77362,-1.0641,-1.2102
9.0039,1.0172,-1.3049,-0.2226,0.7883,-0.00099436,-1.2764,-0.58905,-0.70787,-1.0103,-0.65805,-0.62249
9.0271,0.58244,-1.3408,-0.33072,1.5502,0.52662,-1.0445,0.083289,-0.60395,-0.86807,-0.83132,-0.84367
8.2868,0.77191,-1.2647,-0.53906,1.4365,0.15887,-0.99477,-0.090678,-0.7001,-0.49708,-0.20469,-0.62253
9.0998,0.084636,-1.3363,-0.4724,1.6582,-0.41595,-0.86331,0.24585,-1.1293,-0.45316,-0.69776,-0.61026
8.4704,0.52083,-1.5247,0.29296,1.5958,-0.089708,-1.4066,-0.4704,-0.61278,-0.53432,-0.68916,-1.2119
8.0929,0.4461,-1.5433,0.42934,1.6928,-0.49447,-1.8319,-1.1737,-0.83922,-0.67429,-0.31661,-0.61134
6.7508,0.74241,-1.5436,-0.41576,0.60031,-0.70828,-1.5358,-0.54442,-0.68912,-0.90235,-1.1094,-1.055
8.2503,0.46015,-1.7545,-0.58597,0.93609,-1.3452,-1.6938,-0.68075,-1.4438,-0.23871,-0.36369,-0.82808
8.5703,0.58701,-1.6118,-0.080994,1.1158,-0.22882,-1.0511,-0.61692,-0.86488,-0.17499,-0.61212,-0.73881
7.3852,0.75544,-1.6348,0.16576,1.5334,0.22637,-1.3034,-1.3334,-1.0094,-0.38139,-0.71418,-0.95252
8.7371,1.3081,-0.80311,-0.018617,1.44,-0.18786,-0.84423,-1.5512,-1.7584,-0.78943,-0.45508,-0.0036851
6.5249,0.62531,-2.0576,-0.54062,1.0259,0.23367,-0.73824,-0.43125,-0.40393,-0.047733,-0.36298,-0.74163
8.0585,0.72302,-1.8023,-0.66307,0.94274,-0.44669,-1.4605,-0.6575,-0.15917,-0.54316,-1.0215,-0.83063
7.2898,0.85122,-1.9113,-0.74696,0.34338,-0.99868,-1.7284,-1.2133,-0.82443,-0.5506,-1.0334,-1.2538
7.5443,0.69498,-2.8111,-1.7282,0.51589,-0.59128,-1.7329,-0.52659,-0.090944,-0.20965,-0.9533,-0.90397
7.6893,0.32656,-2.2241,-1.414,1.4638,-0.45416,-1.5063,-0.038979,-0.62502,0.0034923,-0.95545,-1.4179
7.396,0.35563,-2.2423,-0.0012478,1.6817,-0.56396,-1.9259,-1.017,-0.4136,0.40615,-0.47153,-0.53556
7.3823,0.73646,-2.3835,-0.6775,2.1372,-0.37145,-2.1614,-0.88849,-0.27287,0.21321,-0.39782,-0.34717
7.1121,0.16327,-2.9322,-1.2441,1.5537,-0.093037,-1.3612,-0.89739,-0.90108,-0.090813,-0.29154,-0.62329
7.3465,1.2086,-2.1702,-0.43298,1.7195,0.036651,-1.4497,-1.2319,-0.6368,0.17077,-0.55454,-0.88646
7.8255,1.2098,-1.7173,0.25692,1.3308,-0.37648,-1.8421,-1.3946,-0.18205,0.56056,-0.69448,-1.4037
8.8714,1.865,-1.9045,-0.15072,1.0233,-0.75455,-1.5137,-0.80605,-0.056884,0.052013,-0.61726,-1.0785
7.9267,1.7611,-1.8369,-0.76237,0.75045,0.085606,-1.3162,-0.76554,-0.13415,0.031057,-0.4456,-0.72834
7.8445,1.9328,-1.4705,-0.6689,1.4759,-0.44367,-1.495,-0.73138,-0.25777,-0.34766,-0.79585,-1.3389
7.4771,1.6484,-1.7687,-0.60098,1.3138,0.049627,-1.2931,-0.95872,-0.57863,0.12506,-0.76631,-1.1087
7.4072,1.6185,-1.975,-1.3026,1.6223,-0.20002,-1.1,-0.71291,-0.61616,0.44772,-0.56613,-0.84112
6.6888,1.8285,-1.4072,-0.2158,2.1565,-0.81016,-1.5268,-0.69872,-1.1523,0.67221,-0.30156,-1.0896
7.1409,1.4704,-1.8737,-0.79542,1.9261,-0.01355,-0.90348,-0.13013,-0.77977,0.36251,-0.80786,-1.1944
6.9762,1.9485,-1.3722,-1.3787,0.97141,-0.9037,-1.5107,-0.10506,-0.56175,0.77944,-0.1849,-1.0462
7.0863,1.6965,-0.58808,-0.39306,1.5993,-0.95593,-2.043,-0.83556,-1.2537,0.77419,-0.26652,-1.0629
8.0857,2.4508,-1.6714,-0.99815,1.8778,-0.2977,-1.6708,-0.5998,-1.2594,0.38972,-0.75467,-1.5639
7.1059,2.4944,-0.76083,-1.1543,1.3702,-0.3772,-0.83376,0.42195,-0.8555,0.19226,-0.91147,-1.5371
7.4972,2.4119,-1.528,-0.77246,1.7692,0.19482,-0.91144,-0.22762,-0.60629,0.41677,-1.3276,-1.1581
7.1176,2.0054,-1.6102,-0.49155,1.732,0.25473,-1.3854,-0.558,-0.31041,0.34885,-0.5248,-0.98574
7.4474,2.3585,-1.3281,-0.61302,1.2712,-0.21065,-1.3191,-0.94531,-0.84756,-0.58932,-0.41595,-0.93827
6.8989,2.2718,-1.5704,-0.78928,0.61307,0.13231,-0.94661,-1.4465,-1.3304,-0.39221,-0.87429,-1.3419
6.2305,2.1858,-0.81935,-1.0318,0.03181,-0.36165,-1.4198,-1.1228,-1.0431,-0.62024,-1.1159,-0.94885
7.3521,2.9672,-1.2392,-0.81928,0.29693,-0.92419,-1.6662,-1.1276,-0.41961,0.012659,-0.59286,-0.93561
5.8812,1.6389,-1.3705,-0.99337,0.43498,-0.57795,-1.6189,-1.0402,-0.29571,0.81984,0.16216,-0.50411
6.242,2.1031,-1.2321,-1.3198,-0.13955,-0.94383,-1.0707,-0.47661,-0.36008,-0.025343,-0.38889,-0.30797
6.1597,1.7479,-1.805,-1.3649,0.99164,-0.12313,-0.52822,-0.9141,-1.0875,-0.40108,-1.1399,-1.1137
6.9771,2.24,-1.2321,-0.9438,0.42019,-0.29947,-0.17936,-1.0978,-1.1284,-0.48091,-0.64631,-1.0268
7.0774,2.6268,-1.2592,-2.0035,0.21729,-0.31486,-0.75786,-0.48267,-1.2508,-0.35797,-0.30955,-0.52415
5.8063,2.0786,-1.7726,-1.7038,0.28882,-0.1962,-1.1598,-1.1902,-0.68233,0.1395,-0.2523,-1.0604
6.0926,1.4779,-1.9895,-1.9576,0.32774,-0.53726,-1.5991,-1.3522,-0.70117,0.3891,-0.67172,-1.0119
5.8899,2.5145,-0.26813,-0.3054,0.51369,-0.53555,-2.0033,-1.56,-1.2154,0.58742,0.094216,-1.14
5.781,1.8238,-1.0642,-0.8764,0.67163,-0.99556,-2.1214,-1.4731,-0.59185,0.78046,-0.10569,-0.97256
6.0812,2.6686,-0.28238,-0.46927,0.12415,-0.39,-1.1548,-0.88897,-0.61332,-0.20965,-0.59234,-1.108
7.6006,3.1474,-0.11309,-0.063048,0.83095,-0.93229,-0.86262,-0.49393,-1.2395,-0.36391,-0.69797,-0.96705
6.3152,2.8328,0.58983,0.27903,0.67976,-0.58763,-0.93807,0.021672,-0.25513,0.13518,-0.55543,-0.8018
6.2905,2.5368,1.8938,0.056794,-0.47158,-1.1279,-1.216,0.31206,-0.44082,-0.36192,-0.172,-0.28569
6.0921,1.9095,1.7669,0.75816,-0.28464,-0.82451,-1.4178,-0.47729,-0.71003,-1.162,0.034144,0.67345
7.3356,1.5677,1.6027,1.3667,-0.20576,-2.2589,-1.5465,-0.26413,-0.5716,-1.2995,-0.059637,0.28587
7.1634,1.911,2.1541,0.87442,-0.16154,-1.2517,-2.1924,0.41925,-0.4628,-1.1424,-0.37995,-0.24786
6.3138,2.1269,2.7603,1.3053,-1.6786,-2.1003,-1.1788,0.10703,-0.11123,-0.96247,-0.48023,-0.25882
7.2216,2.2072,2.5332,1.2241,-1.111,-1.8302,-1.3308,-0.22765,-0.15303,-1.1113,-0.58139,-0.030832
5.1597,2.071,2.1499,1.3641,-1.0802,-1.93,-1.7359,-0.75604,-0.74439,-1.0965,-0.14283,0.44561
5.6805,2.0557,2.2936,1.2146,-1.5794,-2.1985,-1.888,-0.42878,-0.62685,-1.2512,-0.29775,0.56158
6.3866,0.98447,3.2163,2.5794,-3.1869,-1.9014,-1.9774,0.093343,-0.31239,-1.3014,-0.19879,0.79783
4.5425,0.58693,3.4973,2.1895,-2.9429,-1.5467,-0.9311,-0.019568,-0.71214,-1.3208,-0.16088,0.86938
3.9988,0.43199,4.2855,1.6911,-3.447,-1.4807,-0.5712,-0.93544,-0.86773,-0.9143,0.18806,0.68361
4.2193,0.61069,5.0922,1.7026,-4.2134,-1.2189,-0.98653,-1.3186,-0.89119,-0.91598,-0.085913,0.62805
3.9609,0.60673,6.1006,0.92035,-4.1549,-1.429,-1.0404,-0.95166,-1.0853,-0.79304,0.29932,0.45177
2.1177,0.75586,5.6159,0.96504,-4.0047,-0.68069,-0.77157,-1.2779,-0.68458,-0.68418,-0.075611,0.63035
2.1783,1.0676,5.5528,0.32625,-3.7117,0.021846,-1.1295,-1.2358,-0.29106,-0.61343,-0.45701,0.42496
2.3123,1.3372,5.6725,0.37254,-3.5787,-0.5647,-1.3332,-1.1308,-0.036964,-1.1095,-0.21061,0.47942
1.8876,2.6198,5.9456,-0.57034,-3.1003,-1.295,-0.94854,-1.6565,-0.50173,-0.38412,0.376,0.61429
1.4683,2.9101,7.0839,-0.41324,-4.0532,-1.7827,-0.8494,-0.71026,-0.23866,-0.82532,0.1246,0.049486
1.6265,1.5668,6.3003,0.035521,-3.1347,-1.3276,-1.1706,-0.75067,-0.17817,-0.87923,0.20105,-0.076749
1.1902,2.1592,5.6028,-0.70542,-2.6782,-1.1384,-0.33806,-1.0877,-0.69046,-0.44606,-0.083884,0.11224
0.055235,3.3489,4.2139,-0.47573,-2.0668,-2.0966,-0.16443,-0.98095,-0.61622,-0.28974,-0.31745,0.039456
-0.39031,2.6178,4.1344,-0.38412,-2.7292,-0.94651,0.25894,-0.62105,-0.92892,-0.44908,-0.31027,0.044473
1.6931,1.3124,4.7434,0.19013,-2.1265,-0.42562,-0.35525,-0.61377,0.075999,-1.0973,-0.5494,0.25301
1.7039,1.5375,4.8869,-1.3926,-3.1209,-0.52873,0.13046,-1.0801,-0.7199,-1.0554,-0.57785,0.27223
2.0411,1.3536,5.3843,-0.93718,-2.4101,-1.3162,-0.56195,-0.84422,-0.56458,-0.61487,-0.81156,0.060149
2.0082,0.80382,5.6924,-0.67208,-2.1007,-0.65249,-0.58836,-0.90947,-0.27516,0.034981,-0.52728,-0.15283
2.3304,0.44635,5.6668,-0.36706,-2.1271,-0.648,-0.33727,-0.93176,-0.75892,0.033392,-0.029567,0.37616
2.1795,0.14044,5.4467,0.077324,-1.5325,-0.098362,-0.6852,-0.68932,-0.16308,-0.84154,-0.74961,-0.0014195
3.1739,0.031379,6.1329,0.21666,-2.2756,-0.1558,-0.48577,-0.11877,-0.17473,-0.032393,-0.17248,-0.38198
3.9231,0.59573,5.5644,0.077418,-3.3603,-0.40771,-0.5116,-1.2006,-0.32134,-0.5421,-0.15529,0.050539
3.837,0.70597,5.3181,-0.0345,-3.3399,-0.8157,-0.86196,-1.4616,-0.72729,-0.38772,-0.043902,0.32357
3.2188,0.11416,4.2318,0.42223,-3.5421,-0.7984,-0.83147,-1.9618,-1.2173,-0.47062,-0.21699,0.4467
3.9176,0.72618,5.2669,-0.086017,-2.869,-0.48617,-0.78881,-1.2933,-1.5269,-0.98143,-0.42966,-0.11435
3.701,0.10186,5.6181,0.41511,-3.4555,-0.70361,-1.133,-1.7543,-1.0235,-1.0686,-0.38447,-0.40963
4.2186,1.031,5.3971,-0.0014948,-3.3653,-0.84085,-0.62965,-1.1278,-0.72896,-0.77195,-0.65499,-0.1371
3.0417,0.4534,4.4853,0.60118,-1.9683,-0.49647,-0.62007,-1.389,-0.9968,-0.66116,-0.31015,0.0058327
3.8353,0.37207,5.1805,0.86762,-3.2532,-1.0161,-0.68843,-1.2012,-1.0388,-0.71962,-0.084628,0.11191
3.3242,0.87801,4.2836,-0.37034,-2.5246,0.15532,-1.0051,-1.422,-0.20098,-1.1277,-0.64723,0.0081931
3.3186,0.76583,4.1341,0.091613,-2.6914,-0.43158,-0.6892,-1.8733,-0.61314,-0.44453,-0.54096,-0.075628
1.2465,3.0849,3.2568,-0.094518,-1.5345,-1.9193,-0.48399,-1.7418,-0.97162,-0.93505,-1.3954,-0.54335
-1.4413,2.6332,0.04567,-1.443,-1.0149,-2.6951,-1.2451,-0.63162,-0.47925,-1.1049,-1.5461,-0.45933
-1.7855,3.4337,-0.7782,-1.0004,-1.83,-3.5687,-0.63326,-0.27291,-1.1153,-1.3963,-1.4207,-0.29122
-3.2268,5.3637,0.39818,-0.78034,-0.76816,-3.0209,-1.2288,-0.18159,-0.99157,-1.3597,-0.69564,0.3585
-3.0191,4.6105,0.78148,-0.23063,-1.0058,-2.5639,-0.61906,-0.49266,-1.2295,-1.2921,-1.3118,0.24858
-3.2138,4.5408,1.6312,0.1851,-0.4317,-2.7132,-0.11984,-1.2477,-1.0231,-1.6015,-1.3589,0.90505
-2.6188,4.0442,2.0702,-0.81187,-0.97085,-2.1516,-0.019892,-0.86272,-0.95091,-0.9364,-1.2498,-0.33394
-2.0345,2.9686,2.4466,0.33771,-1.1239,-2.7206,0.051516,0.071852,-0.34255,-0.69147,-0.90359,0.53573
-2.8801,2.6776,2.2646,0.28882,-0.80783,-2.9124,-0.59178,0.21509,-0.16082,-0.60854,-1.4626,0.38757
-1.5631,1.7929,1.7216,-0.16922,-1.2371,-2.6779,-1.4736,-0.22797,-0.45104,-0.68306,-0.15676,-0.10631
-2.3569,1.3725,1.9821,-0.42488,-2.0322,-3.0927,-1.0587,-0.74147,-0.86257,-1.3941,-0.90335,0.35583
-2.634,0.8344,1.0868,-0.39444,-1.7542,-2.7586,-1.192,0.14112,-0.26322,-0.93169,-0.7313,-0.59273
-1.2117,1.5861,1.2943,-0.0059543,-1.5689,-3.4207,-0.62794,-0.79707,-1.0367,-1.1025,-0.76804,-0.039318
-0.46522,1.2714,0.82117,0.01354,-1.5922,-3.4395,-1.2678,-1.4452,-0.92895,-0.95921,-0.78237,0.028272
-0.29149,1.1599,1.1784,0.50878,-1.3955,-3.6034,-1.0559,-0.76485,-0.71577,-0.58366,-0.66316,0.54759
-0.58798,0.73948,1.6475,0.16454,-0.70646,-2.4792,-0.66796,-1.2155,-1.4648,-1.062,-1.0876,0.23279
0.49469,1.6952,2.2848,0.19235,-0.5418,-2.1387,-0.66919,-1.6536,-1.3121,-0.68133,-1.0903,0.72797
1.0474,1.6015,1.8947,-0.63868,-0.61574,-3.1674,-1.3343,-1.6614,-1.2868,-1.6442,-0.48274,0.073482
2.79,2.0426,1.886,-0.91279,-0.59427,-2.9151,-1.3323,-1.0037,-1.7389,-0.66894,-0.77167,-0.33369
2.8011,2.2632,1.4892,-0.53567,-1.0014,-2.322,-0.73406,-1.5827,-1.1838,-0.71031,-1.079,-0.10262
2.8794,2.7589,2.2169,-0.59184,-1.8379,-2.8843,-1.0445,-1.3583,-0.85859,-0.80463,-0.93138,-0.22822
2.7973,1.8102,1.8107,-0.3245,-1.2904,-2.0592,-0.9751,-1.3389,-0.76229,-0.57324,-1.135,-0.028393
2.5249,1.625,1.5249,-0.62493,-1.8405,-1.0168,-0.21705,-1.4393,-1.6724,-0.74541,-1.1526,-0.28892
2.198,2.2376,1.5846,-0.42831,-1.3577,-1.9203,-1.1122,-1.9351,-1.2638,-0.48681,-0.98801,-0.24981
3.4878,1.9342,1.7308,-0.30424,-1.5211,-1.929,-1.359,-1.6296,-0.88572,-0.53591,-0.71224,-0.064102
3.8477,2.9331,1.9019,-0.48295,-1.1825,-2.0672,-1.711,-1.6083,-1.4138,-0.58458,-0.52114,-0.59808
3.762,3.2658,1.502,-0.7968,-1.2604,-2.7593,-1.4732,-1.2286,-1.7043,-0.26406,0.18524,-0.0022892
4.0366,2.8766,1.2967,-1.0607,-1.8258,-2.1315,-1.6297,-0.90298,-1.3057,-1.2299,-0.54291,-0.66938
3.9882,3.1623,1.2199,-0.53303,-1.3918,-2.1348,-0.88753,-1.1113,-1.3539,-0.64783,-0.73789,-0.0033224
4.0789,3.4502,2.1052,0.2722,-1.1102,-1.9314,-1.6449,-1.3524,-1.2591,-0.58681,-0.28141,-0.082823
3.9667,2.6199,2.3641,0.11283,-1.2896,-2.1536,-1.7702,-1.7581,-1.6175,-0.4174,-0.032194,-0.04103
3.7681,2.6833,1.4057,-0.40323,-1.6261,-1.9027,-1.3778,-1.2812,-1.5505,-1.1194,-0.89605,-0.29129
3.785,3.036,1.1317,-0.13153,-0.74673,-1.915,-1.3844,-0.99728,-1.3754,-0.36396,-0.44583,-0.31832
3.7502,2.5468,1.4297,-0.20365,-0.88076,-1.6857,-0.91996,-0.47962,-1.3358,-0.39742,-0.76161,-0.22649
3.0912,2.5721,1.4396,0.0064428,-0.73304,-1.5517,-1.0846,-1.3536,-1.4044,-0.5155,-0.39387,-0.75476
3.2127,3.0107,1.4719,-0.11223,-0.94362,-1.413,-1.2322,-1.665,-1.3723,-0.84562,-0.49035,-0.33835
3.4124,3.2718,1.8505,-0.090553,-0.26246,-1.5597,-1.8467,-1.858,-1.5577,-0.76692,-0.88507,-0.46059
3.9494,3.4048,1.847,-0.022944,-0.89983,-1.9412,-1.7226,-1.3001,-1.3352,-1.0332,-0.90626,-0.29154
2.8314,2.4539,1.1563,0.16706,0.031348,-0.91151,-1.122,-1.3257,-2.2848,-1.198,-0.64094,-0.33529
2.6767,2.3062,1.2366,-0.11971,-0.60622,-1.3015,-0.81519,-0.94754,-2.0526,-0.72273,-1.0766,-1.1462
2.716,1.405,0.22703,-0.64506,-0.51181,-1.052,-1.2481,-0.86983,-1.2675,-0.31261,-1.0444,-0.71074
1.8772,2.1026,0.95942,-0.058173,-0.27472,-1.2299,-1.3347,-1.1539,-1.2417,-0.78797,-1.0054,-0.44485
2.4147,2.0675,0.32224,-0.22611,0.024016,-0.94496,-1.4838,-1.355,-1.5753,-0.9625,-0.71768,-0.12469
2.8143,2.3012,0.46248,-0.46966,-0.016987,-1.1875,-1.2084,-1.7208,-1.8171,-0.87725,-0.9488,-0.61441
1.987,1.8049,0.76707,-0.38734,-0.10772,-0.73367,-1.0017,-0.79204,-1.4395,0.037959,-0.46034,-0.7938
1.1849,1.765,1.1001,0.11257,-0.63981,-1.1769,-1.0965,-0.89468,-1.2094,-0.91969,-0.59771,-0.33733
1.8953,1.3022,0.76795,-0.20247,-0.93147,-1.0051,-0.7171,-0.52587,-0.77459,-0.53181,-0.88076,-1.071
1.6138,0.86373,0.27404,-0.82189,-0.71232,-0.71689,-0.20431,-0.16921,-1.2668,-0.48756,-0.47055,-0.54255
1.4041,1.8077,0.54116,-0.6657,-0.27594,-1.4143,-0.76824,-0.54903,-1.1902,-0.28806,-0.56737,-0.12562
0.41838,0.68401,-0.41091,-0.58221,0.047289,-0.69108,-0.27939,0.16305,-0.71359,0.23474,-0.33651,0.066671
1.3868,1.525,0.59514,-0.36579,0.3229,-0.43819,-0.59821,-0.1508,-0.74366,0.14635,-0.42898,-0.76677
1.4695,1.1182,0.090018,-0.57755,-0.22355,-0.97606,-1.298,-0.47457,-1.3204,-0.37456,0.10258,-0.085375
2.5297,1.3681,0.40429,-0.27005,-0.23294,-1.2205,-1.3974,-0.59055,-1.5534,-0.69866,-0.66207,-0.36952
2.0158,1.0889,0.48402,-0.1541,-0.14957,-1.0466,-1.2977,-1.547,-1.7113,-0.39013,0.0035069,-0.056014
0.6774,1.617,0.53861,-0.20466,0.42261,-0.78351,-0.93997,-0.77622,-1.3103,-0.49865,-0.33684,-0.31826
1.6824,1.8394,0.090513,-0.37954,-0.056971,-0.70703,-0.91935,-0.62475,-1.3585,-0.45706,-0.67342,-0.76428
1.6612,1.558,0.068757,-0.060314,-0.34314,-1.0353,-0.95734,-0.62313,-1.0505,-0.2709,-0.72536,-0.31709
1.8282,1.7953,0.42218,-0.065754,-0.60678,-1.1243,-1.0236,-0.49352,-1.3812,-0.32798,-0.19088,-0.38371
-1.8835,-2.9691,1.9177,-0.80454,0.52824,-2.31,-3.1853,-0.58345,0.26953,-1.135,0.48002,-0.0060457
-2.1691,-0.87106,-0.079245,-1.759,0.11522,-1.9553,-2.6719,0.25348,-0.064131,-0.59332,0.53955,-0.027496
1.1756,0.60464,-0.71352,-3.585,-0.15824,-0.70107,-1.4191,-0.2926,-0.65652,-0.45503,-0.42111,-0.6794
1.3028,0.75541,-1.254,-2.9637,-0.50537,-0.98527,-0.88715,-0.13081,-0.060022,0.26251,-0.10611,0.50779
0.41629,2.8444,-2.4231,-2.5319,0.11428,-0.046982,-0.56774,1.3654,-0.05365,-0.66353,-0.13884,-0.050496
1.9104,3.1914,-1.7722,-2.9793,-0.36727,-0.88713,-0.39667,0.98042,-0.16614,-0.40117,0.27143,0.46812
2.6854,3.2869,-1.6529,-2.557,-1.1733,-0.95182,-0.93286,1.7629,0.84325,0.3985,-0.43656,0.406
1.0266,4.0022,-2.4018,-2.3911,-0.8562,-0.92339,-0.91017,0.59452,0.93807,-0.18783,-0.53627,0.28763
2.296,4.0127,-0.9774,-1.8768,-0.43144,-0.34731,-1.6196,-0.14998,0.47351,0.19915,0.34345,0.25887
1.2879,3.6833,-2.1466,-1.8423,-0.36763,-0.18762,-0.47679,1.7752,1.9007,0.60802,0.35174,0.32401
1.044,4.27,-1.2057,-1.9508,-0.14466,0.37248,-0.56172,1.7206,1.3149,-0.56278,-0.49637,-0.78965
1.6823,3.4971,-1.8598,-2.2279,-0.008701,0.15657,-0.52075,1.7592,0.87359,-0.58545,-0.056732,-0.27667
4.1495,3.7696,-0.59423,-1.988,-0.38459,0.66787,-0.39072,0.65738,0.39081,-0.52468,0.26468,-0.040511
6.3797,3.5679,0.70024,-3.517,-2.2385,0.16287,-0.79516,0.2287,0.13269,-0.75153,0.13794,0.4283
7.0623,2.542,1.1216,-3.2973,-2.7598,0.36937,-0.69301,-0.25545,0.26976,-0.47787,-0.011764,0.25468
7.5893,2.213,1.6343,-3.718,-2.3959,0.52383,-0.62478,-0.41653,0.3645,0.063392,-0.41403,0.15163
7.7018,1.7887,1.964,-4.1162,-2.0266,0.65399,-0.70534,-0.52229,0.1754,0.64309,-0.87034,0.51774
7.1778,1.4623,1.32,-3.1331,-2.6464,0.92875,-0.62843,-0.49115,0.60304,-0.3797,-0.035276,0.39067
7.0149,1.3113,0.71377,-3.0304,-2.3383,0.76637,-0.2478,-0.47367,0.022352,-0.17475,0.28357,0.47512
7.6583,0.51697,0.49852,-3.229,-2.0312,1.0413,-0.066313,-0.48893,-0.038185,-0.13428,0.1658,0.52796
7.572,0.040813,0.33789,-3.2562,-1.6977,1.4455,-0.44069,-0.53886,0.13773,0.14918,0.29694,0.16101
7.0158,0.17324,0.38341,-3.4128,-1.742,1.3465,-0.3757,-0.43332,0.12036,0.36401,0.14291,-0.22461
7.7552,-0.23871,0.8805,-4.0876,-1.0687,1.2573,-0.61406,-0.23308,-0.37095,0.50552,-0.056848,-0.29536
7.1929,0.031745,0.38465,-3.6749,-1.21,1.2149,-0.49444,-0.24159,-0.48746,0.3875,0.10519,-0.43392
8.2607,-0.96922,0.77572,-3.6838,-0.71475,0.81709,-0.65733,0.022646,-0.60672,0.53696,-0.37046,-0.64428
8.7757,-1.9022,1.3184,-3.2913,-1.1538,0.99079,-0.71801,-0.091149,-0.56148,0.44503,-0.24243,-0.88575
7.4899,-1.1302,0.62445,-3.0068,-0.8349,0.84435,-0.83486,-0.30537,-0.74786,0.30854,0.047475,-0.81014
6.5633,-0.88447,0.64745,-2.8105,-1.126,0.85082,-0.76858,-0.28959,-0.53154,-0.18922,0.17896,-0.51482
9.0603,-2.5141,1.6781,-4.4001,-0.57243,0.95452,-0.98225,0.36653,-0.56129,0.41619,0.35454,-1.1018
6.3725,-0.50985,0.21805,-3.2624,-1.3304,0.61263,-0.90683,0.30266,0.10651,0.15161,0.079868,-1.2667
5.905,-0.43846,-0.37881,-2.8854,-1.0004,0.46234,-0.96902,-0.32095,-0.56368,0.25847,0.56372,-1.1265
7.6249,-1.2531,0.35761,-3.8715,-0.98411,0.36178,-1.3441,-0.013904,-0.61389,0.21677,0.16356,-0.91465
5.9397,0.019387,-1.3288,-3.4651,-1.3348,0.64658,-0.85985,-0.75572,-0.50535,0.27203,0.43613,-1.0604
7.15,-1.1725,-0.44654,-3.3688,-1.9831,0.02448,-1.2963,-0.8789,-0.75551,0.31357,0.72616,-0.60646
6.5949,0.054062,-1.3607,-2.8468,-1.3018,-0.20957,-1.4911,-1.1373,-0.83642,0.08587,-0.14027,-1.5791
5.3002,0.79852,-0.57952,-1.1749,-0.39211,0.045352,-1.0764,-0.82242,-0.30169,0.45062,0.24349,-1.1207
8.0052,0.43228,0.4158,-2.7499,-1.0016,0.4306,-1.5994,-0.23839,-0.54566,-0.15988,0.48128,-1.4015
6.6595,0.88362,0.40805,-1.6442,-1.4203,0.10506,-1.2871,-0.97691,-0.33807,-0.15041,-0.0254,-1.0542
7.2739,-0.15943,-0.69383,-2.3024,-0.24518,1.7567,-0.72015,-0.60585,-0.070656,0.31444,0.55767,-0.94371
8.1511,-1.1844,-0.34771,-2.0568,0.1841,1.6424,-0.11986,0.16978,-0.30194,-0.071057,0.061084,-1.7033
7.1074,0.40518,-0.87228,-2.6474,-1.4912,0.24421,-0.96721,-0.39193,-0.10779,-0.41377,-0.084219,-0.8967
7.7504,0.78432,-0.7602,-2.8636,-0.80745,0.83547,-1.1095,-0.75678,-0.58784,0.047511,0.23773,-1.1105
7.7486,-0.70702,-0.68713,-3.2538,-0.64577,1.5397,-0.31399,0.53168,0.23407,0.033039,-0.32577,-1.472
6.6984,-1.0096,-1.7552,-3.4761,-0.80726,0.91602,-1.1252,-0.74663,-0.20424,0.077519,0.010694,-0.55011
6.5374,0.06123,-1.1623,-2.5196,-0.024473,2.0378,-0.27832,-0.89534,-0.57457,-0.13231,0.21483,-1.1586
7.8584,0.43076,-1.2165,-2.436,-0.95069,1.088,-0.070737,-0.41569,-0.65235,-0.51817,0.19714,-0.98535
8.4987,0.38068,-0.88842,-2.7406,-0.40329,1.4758,-0.84429,-0.63402,-0.62337,-0.083259,-0.29961,-1.4232
7.9079,0.87487,-0.80648,-1.6855,-0.7878,0.96645,-0.62205,-1.6392,-0.70071,0.32928,-0.065365,-1.2898
7.5911,1.4336,-0.31682,-1.0668,-0.22909,0.63465,-0.76121,-1.8464,-1.3548,0.42628,0.064861,-1.1271
8.9156,0.69185,-0.082826,-2.6195,-0.96699,1.6856,-0.7418,-0.92448,-0.37422,0.16231,-0.30053,-1.6676
8.8686,1.1994,-0.15739,-2.7824,-0.83046,1.464,-0.67965,-1.1639,-0.51096,0.031613,-0.22324,-1.4331
8.5788,1.5085,-0.93482,-2.6473,-0.4635,0.83329,-1.0755,-0.8792,-0.31578,-0.0093881,-0.15731,-1.2515
9.1082,1.7665,-0.29908,-2.0487,-0.76891,0.79892,-0.13687,-1.1779,-1.0975,0.28743,0.089416,-1.3758
7.791,1.322,-1.3782,-2.4132,-0.82581,1.2906,0.0084872,-1.0714,-0.82172,0.28337,0.11622,-1.0546
7.6211,1.4042,-1.5706,-2.4051,-0.6387,1.0139,0.020227,-0.90838,-1.3128,-0.58948,-0.23812,-0.99518
8.5923,1.9424,-1.7058,-2.9782,-0.84017,0.84818,0.063432,-0.95387,-1.2358,0.4512,0.070098,-1.2251
8.2432,1.3314,-0.73248,-2.5075,-0.20435,1.3555,-0.36683,-0.91749,-1.1175,-0.088295,-0.11832,-1.3417
8.2352,0.64454,-2.139,-2.3026,-0.43899,0.89021,-0.87593,-1.4951,-0.73537,0.98678,0.35234,-1.5954
8.2408,1.1678,-0.7025,-1.9319,0.045193,0.98066,-1.2061,-1.814,-1.3734,0.17052,0.55958,-1.2422
7.757,1.8337,-2.0091,-2.322,-0.49249,0.49233,-0.47592,-1.0233,-0.8675,-0.21554,-0.25872,-1.1774
8.5096,0.95561,-2.6679,-2.5817,-0.60677,0.46314,-0.56918,-1.3849,-1.6622,0.43328,-0.70355,-1.4101
8.1061,1.9603,-1.3706,-2.2669,-0.41499,0.76039,-0.42533,-1.3797,-0.61915,0.98158,0.15585,-1.2856
7.9316,1.9573,-1.7906,-2.1723,0.74514,1.0856,-0.07561,-0.77311,-1.1099,0.76841,0.30005,-1.4457
8.6356,2.0199,-2.2848,-3.1594,-0.046298,0.33802,0.0070434,-0.20151,-0.71252,0.72365,0.19877,-1.2119
8.663,2.0749,-2.6616,-3.1101,-0.29817,0.50954,0.019485,-0.2462,-0.15254,0.44172,0.12452,-0.73107
7.9625,1.4422,-2.1271,-2.7199,-0.29442,1.0024,-0.15347,-0.52399,-0.10918,0.26734,0.11076,-1.4306
5.5021,0.52774,-2.4835,-3.3429,-0.98288,0.34352,0.22105,0.31563,-0.1109,0.40282,0.10806,-0.752
7.488,1.8209,-2.0948,-2.9749,-0.69986,-0.37833,-0.29745,-0.3058,-0.74422,0.21781,-0.095118,-0.4138
6.4104,0.9868,-2.0846,-3.0228,-0.24079,0.30009,-0.58948,-1.2127,-0.92518,1.0607,0.50819,-1.2237
7.3334,1.3099,-2.6516,-2.8879,-0.10612,0.74942,-0.50869,-0.90454,-0.66891,0.021897,0.15173,-0.52866
8.0688,2.0743,-2.0113,-3.0821,-0.99335,0.1594,-0.7416,-0.51573,0.11869,1.1957,0.54267,-0.8314
7.4336,2.198,-2.4161,-3.098,-1.3029,0.19855,-0.26871,-0.55536,-0.9934,0.60424,0.44541,-0.81951
7.1435,1.8856,-2.7866,-3.3577,-0.42072,0.29372,-0.68685,-0.79712,-0.67598,0.53155,0.80704,-0.72194
6.7091,1.1136,-2.9812,-3.2901,-0.80702,-0.14967,-0.65335,-0.92029,-0.4883,0.61518,0.73957,-0.75569
5.4716,1.152,-2.2473,-3.3028,-1.1575,-0.055839,0.4525,0.79298,0.16697,0.54379,-0.026756,-0.80578
6.6929,1.2187,-2.7221,-2.895,-0.81027,0.24492,0.26715,0.073164,-0.39476,0.61755,0.17948,-0.82348
6.8324,1.4593,-2.239,-2.5234,-1.007,0.35908,0.14098,-0.11092,-0.17005,0.87463,0.51315,-0.72776
6.9582,1.6453,-2.3698,-2.7761,0.23303,0.52885,0.23843,0.53967,-0.76403,0.91547,0.14536,-0.44059
7.0369,1.9456,-2.2415,-2.8166,-0.39487,0.6621,0.31919,0.11835,-0.70437,0.95897,0.52872,-1.0124
6.4305,1.7205,-1.8302,-2.2803,0.49691,0.64822,0.29976,0.029182,-0.93704,0.68828,-0.13943,-1.2642
6.5783,1.949,-2.3728,-2.9046,0.23889,0.023915,-0.065826,-0.036539,-0.62109,1.0744,0.14631,-0.98706
6.124,1.8976,-2.2299,-2.5453,-0.086109,0.45455,-0.26887,-0.54306,-0.78072,0.99629,0.010849,-1.4201
6.2718,1.7724,-2.5633,-3.129,-0.62583,-0.03658,0.069318,-0.81893,-0.74103,0.56159,0.0095672,-1.2104
6.1677,1.8663,-3.0029,-3.7634,-0.39824,-0.061674,-0.10831,-0.49147,-1.158,0.10987,-0.14646,-0.85356
5.6954,0.89489,-2.8301,-2.9878,-1.3728,-0.15762,0.15082,-0.312,-0.63615,0.41629,0.098089,-0.94444
5.8215,0.66319,-2.9829,-3.8222,-1.2948,-0.43521,-0.30485,-0.28108,-1.0189,-0.094107,-0.41426,-1.4488
5.1946,1.6428,-2.2465,-3.2321,-0.77855,-0.44521,-0.26938,0.28018,-1.0531,-0.38676,-1.2485,-1.6263
6.3442,1.9372,-2.1537,-2.9201,-0.75557,-0.41176,0.39622,0.74587,-0.63924,0.35411,-0.55993,-1.1421
4.7958,1.6173,-1.7417,-2.441,-0.90576,-0.57725,0.24799,0.4723,-0.52501,0.61815,0.11037,-0.98152
5.7693,2.1681,-1.9754,-2.6028,-1.1625,0.023235,0.13601,-0.1428,-0.38934,0.19898,-0.46311,-1.301
5.1067,1.5826,-2.1935,-2.8415,-1.1601,-0.4891,0.13391,0.24837,0.036637,0.34653,-0.39793,-0.59725
5.0396,1.8113,-2.5198,-3.3044,-0.75967,-0.13976,0.67585,0.2228,-0.097776,0.1609,-1.0901,-1.0792
2.3543,2.8148,-3.3777,-3.442,-0.37514,-0.93969,1.8094,0.11965,0.026014,-0.0027142,-1.1932,-0.43033
-1.9587,6.0923,-3.0132,-3.5548,0.13165,-1.8357,1.0416,1.3138,0.20731,0.75246,-0.59769,-0.85545
-2.9028,6.2064,-2.9047,-2.8821,0.82411,-1.3669,1.1389,0.24622,-0.98234,0.8089,-1.3651,-0.50228
-4.3075,6.438,-1.9963,-2.9166,-1.0894,-1.7023,1.5648,0.65161,0.70425,0.42153,-1.2702,-0.59932
-3.8763,7.681,-1.8649,-2.4324,-0.8093,-0.95496,0.8864,0.1288,0.10766,0.48014,-0.86498,-1.0341
-5.8306,6.2462,-2.9402,-1.3812,-0.63847,-0.42941,0.84745,-0.17141,-0.10682,0.10563,-0.56444,-0.36878
-5.2611,6.8384,-3.037,-1.8884,-0.9077,-0.44721,0.65796,0.1887,-0.22899,-0.26878,-0.23099,-0.41073
-5.2461,6.7107,-2.8467,-2.5188,-1.3294,0.011523,0.51697,-0.12637,-0.10108,-0.48047,-0.43385,-0.63637
-5.7876,7.409,-2.4397,-1.8167,-2.0623,-0.20585,0.12121,-1.5146,-0.2911,-0.52594,-0.73156,-0.43761
-5.7207,7.0793,-2.3633,-1.4234,-2.2156,-0.13533,0.25326,-0.18983,-0.045359,-0.75463,-1.3007,-0.75525
-7.3749,6.4512,-3.0257,-2.2676,-1.6779,-0.89874,0.38623,-1.0642,-0.16036,-0.66309,-1.2868,-0.70513
-8.0271,6.4595,-1.7389,-1.1076,-1.7208,-0.99501,0.54932,-0.75115,-0.26576,-0.076713,-1.7512,-0.62307
-8.1936,5.4143,-1.4517,-1.1417,-1.0571,-2.0427,-0.95423,-0.93874,-0.61322,-0.64205,-1.4579,0.19318
-6.1461,3.3007,-2.2683,-2.5003,-1.3398,-1.794,0.22503,-0.6573,-0.17887,-0.35385,-0.98749,0.11766
-4.4048,2.7538,-1.0718,-2.3702,-1.0816,-2.425,0.1525,-0.16875,-0.4877,-0.54063,-0.40924,-0.42678
-2.1827,4.1446,0.48096,-1.0167,-1.0527,-1.6364,1.2312,0.45833,0.47985,0.55241,-1.0355,-0.45558
3.0707,2.6217,0.37556,0.78264,-1.7427,-2.6777,-0.71161,-0.032662,0.37886,-0.33247,-0.39583,-0.2685
3.7742,0.67909,1.36,0.10726,-2.2856,-2.4855,-1.2522,-0.24367,1.0038,-0.5392,-0.23794,-0.043001
3.9984,-0.075806,1.4332,-0.15854,-2.5658,-2.186,-1.4182,0.098854,0.77984,-0.47646,-0.071989,-0.52223
3.895,-0.36214,1.5978,-0.18115,-2.421,-2.1459,-1.5365,0.24056,1.1667,-0.72393,-0.092383,-0.39618
3.7446,-0.62962,1.3209,-0.26806,-2.1898,-2.2438,-1.1109,0.0084959,0.84696,-0.71744,-0.45407,-0.4556
3.9828,-1.0321,1.5869,-0.47977,-2.4071,-2.1506,-1.3584,0.12663,0.97476,-0.81619,-0.18286,-0.64389
3.8374,-0.71573,1.8703,-0.7568,-2.3805,-2.1243,-1.5164,0.28529,1.141,-0.58776,-0.17541,-0.98102
3.9106,-0.92183,1.4125,-0.8172,-1.9199,-2.2861,-1.4456,0.46587,0.86336,-0.5359,-0.27976,-0.63914
4.3599,-0.62026,1.2323,-0.4765,-1.9025,-2.1344,-1.4382,-0.065109,0.83061,-0.25116,-0.14296,-0.92007
4.3947,-0.22385,1.3612,-0.57351,-1.8796,-2.4888,-2.0637,-0.35731,0.89772,-0.29157,-0.19697,-1.1794
4.8173,0.018809,1.2878,-0.18887,-1.6994,-2.7673,-2.0654,-0.21674,0.63841,-0.17403,0.074765,-1.2244
4.7117,0.24336,0.91174,0.12251,-1.5318,-2.5734,-2.3474,-0.18399,0.62375,-0.31936,-0.24354,-1.1404
4.2184,-0.18885,1.5328,0.52849,-1.1977,-1.8789,-1.2812,0.1013,0.31465,-0.53217,-0.26314,-0.82835
3.2894,-1.0172,0.96308,-0.16785,-1.1266,-1.146,-0.55303,-0.44818,0.61818,-0.29026,0.1315,0.032585
2.754,-0.84623,0.38365,-0.35508,-1.1145,-1.8537,-0.81768,-0.21494,0.40155,-0.63918,0.51429,-0.024642
3.5975,-0.2629,0.41309,0.34526,-0.91979,-1.2377,-0.52074,0.099187,1.1021,-0.62813,-0.11205,-0.12405
4.03,-0.29166,1.6118,0.4024,-1.7731,-1.6693,-0.88812,0.60139,0.73659,-0.85903,-0.16471,-0.41268
4.6892,-0.2946,0.96899,0.30675,-2.1269,-1.4366,-0.8006,-0.21058,0.82699,-1.01,-0.22221,-0.6631
4.2746,-0.53908,1.3809,0.022918,-1.741,-1.5772,-1.5755,-0.62458,0.663,-0.14824,-0.29887,-0.67745
4.2614,-0.99579,1.5137,0.16648,-1.6809,-1.8329,-1.3825,0.058489,0.68131,-0.16595,-0.12811,-1.1167
4.3348,-0.87431,2.079,-0.16243,-2.1183,-2.4293,-1.0904,0.49373,0.8018,-0.53368,0.039815,-0.77363
4.023,-1.4515,1.2378,0.0705,-2.2902,-2.5332,-0.90793,0.39998,1.6635,-1.0223,-0.61843,-1.0934
3.4467,-1.2539,1.2162,0.40158,-2.4296,-2.1553,-0.79099,0.15809,1.9722,-0.63289,-0.37719,-1.4461
3.6436,-1.6338,1.7148,1.3307,-1.8574,-2.7954,-1.3472,-0.21163,0.95314,-0.97668,0.018204,-1.1974
4.5728,-1.8763,1.4987,0.57764,-2.8043,-2.0071,-0.81102,0.10972,0.75427,-0.76637,-0.79459,-1.6492
4.3803,-2.1668,1.225,0.1388,-1.558,-1.0788,-0.64725,0.17953,1.0997,-0.56634,-0.6917,-1.0529
2.9061,-1.711,2.1162,0.70842,-1.8748,-1.8381,-0.62523,1.171,0.84655,-0.40418,-0.75158,-0.8758
3.3595,-1.6447,2.058,-0.42189,-2.849,-1.5868,-0.75373,0.61478,0.23906,-0.58279,-1.2071,-0.57682
3.1878,-1.7018,1.19,-0.20265,-2.3361,-2.3336,-0.95322,0.93055,0.16038,-0.67431,-0.34554,-0.60843
4.4073,-1.9211,1.2371,0.86858,-1.6842,-2.044,-1.3904,-0.46674,-0.096662,-0.94008,-0.48647,-0.76698
4.7749,-1.0874,1.6975,0.15913,-2.6496,-2.2471,-1.2899,-0.26794,-0.65686,-0.80403,-0.77395,-0.92207
5.7177,-1.1857,1.6503,-0.093635,-3.1786,-3.2276,-1.4916,0.24959,0.66971,-1.1101,-0.81309,-0.79742
5.6256,0.083113,0.88053,-0.75105,-2.8194,-2.5799,-1.0645,0.5197,0.014422,-0.51127,-0.64296,-0.85906
6.0623,0.58312,0.93725,-0.50653,-2.4477,-2.7808,-0.69689,0.43062,0.28225,-0.17868,-0.89007,-1.4622
5.9815,-0.70613,1.5769,0.59515,-1.9391,-2.3221,-0.32964,0.91544,0.68935,-0.25886,-0.83201,-0.76103
0.01582,2.521,1.0303,-0.35118,-0.85451,-3.0275,0.047086,0.20607,0.93904,-0.28849,-0.86938,-0.59954
-0.72224,4.3282,0.4265,-0.38868,-1.3627,-2.5833,-0.015652,-0.13375,0.23958,-0.13849,-0.51812,-0.58589
-1.0508,5.4265,-0.10977,-0.88617,-1.0649,-2.4542,-0.20786,0.24232,0.9108,0.29704,-1.5278,-0.22628
-2.2189,4.4877,-0.14287,-0.24487,-0.71415,-2.4137,0.796,0.82062,0.87701,0.0020385,-1.2463,-0.47928
-1.996,4.1026,-0.026491,-0.27243,-0.0085247,-2.6903,0.063899,0.4726,0.91893,-0.13084,-0.95745,-0.19139
-1.6173,3.2959,0.40602,-0.62313,-1.035,-3.4089,0.1708,0.42981,0.63487,0.12585,-0.83777,0.22408
-2.2279,2.1187,0.45749,-1.0663,-0.72448,-3.445,-1.1426,0.91682,0.81285,-0.0584,-0.71658,-0.14488
-1.0481,2.7118,-0.29232,-1.9316,-1.5514,-3.1717,-1.1894,-0.26751,0.61707,0.092326,0.13499,-0.052112
0.18996,1.9933,0.21993,-0.42377,-1.3461,-3.6783,-1.1041,-0.030425,-0.041619,-0.32448,0.080272,-0.22441
0.80714,2.2307,-0.71244,-0.87438,-0.48926,-3.3365,-0.80567,0.37853,0.4349,-0.5746,-0.62603,-0.20481
0.58707,1.9917,-0.61052,-0.8656,-0.57624,-3.5572,-1.371,0.093653,0.91368,-0.97752,-0.3297,-0.39146
