-0.079807,0.079455,-0.078871,0.078055,-0.077011,0.07574,-0.074247,0.072537,-0.070614,0.068483,-0.066152,0.063627
-0.010605,0.010558,-0.010481,0.010372,-0.010234,0.010065,-0.0098664,0.0096391,-0.0093835,0.0091004,-0.0087906,0.008455
-0.02963,0.0295,-0.029283,0.02898,-0.028592,0.02812,-0.027566,0.026931,-0.026217,0.025426,-0.024561,0.023623
-0.00030372,0.00030239,-0.00030016,0.00029706,-0.00029308,0.00028825,-0.00028257,0.00027606,-0.00026874,0.00026063,-0.00025176,0.00024215
-0.043806,0.043613,-0.043292,0.042844,-0.042271,0.041574,-0.040754,0.039815,-0.03876,0.03759,-0.036311,0.034925
-0.28707,0.07768,0.15961,-0.31314,0.31094,-0.1547,-0.0813,0.2854,-0.36145,0.27414,-0.065452,-0.16556
-0.68457,0.22593,0.64833,-0.70874,1.1053,-0.443,-0.23504,0.84814,-0.91562,0.65248,-0.18268,-0.56002
-0.81304,0.66978,0.87534,-0.88722,1.3501,-0.33424,-0.1918,0.98392,-1.1066,0.71472,-0.16259,-0.61199
-0.31774,0.8716,0.79753,-1.4348,0.96588,-0.82483,-0.64012,1.0354,-0.92091,1.0347,0.38664,-0.64206
0.14616,1.115,1.0067,-0.51723,1.1112,-0.49844,-0.51072,0.39919,-1.079,0.2067,-0.3279,-0.96069
1.5496,1.9989,1.4827,-0.82987,1.0916,-0.61463,-0.95824,0.14159,-1.7882,0.31224,-0.0010926,-0.39739
0.53029,1.8107,1.2901,-1.1987,1.0584,-1.3155,-0.55344,0.14663,-1.2695,0.33683,-0.23365,-0.56383
-1.6776,1.0011,0.31974,-1.8009,1.2379,-1.2038,-0.25332,0.42636,-0.77068,0.73899,0.43685,-0.062691
-0.65221,0.72777,0.54806,-1.3534,0.88307,-0.92239,-0.12307,0.66657,-0.70993,0.53842,-0.11303,-0.71874
-0.18672,0.97469,1.0984,-0.92006,1.188,-0.75276,-0.40473,0.46512,-1.3641,0.33632,-0.59931,-0.76054
4.3136,4.2637,3.0653,-0.50334,0.93261,-1.1928,-0.85154,0.78552,-1.0253,0.56342,0.10243,-0.74459
5.3149,3.3925,3.6358,1.5521,0.35024,-1.5461,0.18778,1.0767,-1.5483,0.038666,0.49276,-0.62251
6.306,3.5508,3.5905,1.7982,-0.67283,-2.6363,-0.5272,0.42837,-1.5073,-0.04911,0.50531,-0.45972
6.8148,3.406,3.9462,0.93001,-1.7103,-2.4673,0.29391,0.65212,-1.494,0.049364,0.28383,-0.97769
5.3837,1.7989,4.2914,0.83023,-2.0405,-1.8187,-0.061665,-0.1068,-0.97454,0.32456,-0.20368,-0.047927
6.554,1.635,4.8251,-0.034396,-1.7469,-2.1411,-0.0082133,0.035576,-1.6247,-0.01128,-0.54715,-0.26398
4.8368,1.8768,3.2363,0.92314,-1.525,-1.5947,-0.506,-0.60215,-1.4453,-0.097695,-0.37662,-0.36606
5.8609,1.1004,4.3124,0.59072,-1.6286,-2.1073,-0.78573,-0.33367,-1.1466,0.2736,-0.62738,-0.29063
5.3709,0.98314,3.6266,1.211,-1.768,-1.8977,-0.5081,-0.45433,-0.66403,0.31454,-0.60642,0.020778
5.5418,1.153,3.6748,1.6166,-1.953,-2.0428,-0.3581,-0.5096,-0.90327,-0.11075,-0.51798,0.24514
5.8366,1.1946,3.6138,1.0993,-1.7378,-2.0801,-0.542,-0.67219,-1.3535,0.1308,-0.43396,-0.11225
5.5895,0.11828,3.9644,-0.01483,-0.7603,-1.9064,-1.8651,0.47668,-1.4873,0.28652,-0.6863,0.065668
5.4683,-1.2489,3.4354,0.25514,-0.94959,-1.4981,-2.4942,0.87942,-0.5962,0.31729,-0.61729,0.17311
6.3799,-2.4917,3.438,-0.56638,-1.2466,-1.7369,-1.8555,0.16003,0.10705,0.24069,-1.1692,0.56625
5.7115,-2.0132,2.51,-0.58594,-1.2916,-1.6864,-1.4424,-0.59308,1.0229,0.055181,-1.0036,0.12378
6.4286,-2.2326,2.1598,-0.24172,-1.4882,-1.0924,-1.6459,-0.95042,1.106,-0.3173,0.33538,-1.0495
6.1828,-2.0234,2.3471,-0.70855,-1.095,-1.6848,-1.5186,-0.45129,1.1253,-0.12727,-0.58349,-0.84424
6.3761,-1.9192,2.0619,-0.24283,-1.5454,-1.1449,-1.6514,-0.60851,1.4927,-0.054074,-0.042086,-1.23
6.743,-1.6978,1.9363,-0.60496,-1.0751,-1.5395,-0.87284,-0.77789,1.2644,0.40672,0.32674,-1.5923
6.5815,-1.0966,0.88904,-0.89418,0.083102,-1.1134,-0.97384,-0.39454,0.97813,0.60949,-0.080033,-0.82599
6.5359,-1.1892,1.6092,-0.6343,-0.11559,-1.2656,-1.3897,-0.53968,0.66637,0.61876,0.31323,-1.4161
6.5439,-1.051,1.6876,-0.51483,-0.57175,-1.0157,-1.9322,-0.75226,1.0035,0.57484,0.36971,-1.1623
6.2971,-0.83685,1.6993,-0.6631,-0.6892,-0.94436,-1.9281,-0.94053,0.42506,0.95369,0.49449,-1.335
5.8507,-0.41759,1.3519,0.066434,-1.1468,-1.0855,-1.8118,-1.0629,0.54892,0.78356,-0.014169,-0.78197
6.4595,-0.46892,1.4544,-0.84354,-1.0655,-1.1089,-1.5974,-0.84686,0.4816,0.46348,-0.14811,-0.8904
6.2068,-0.12994,1.2603,-0.71633,-1.1992,-0.99746,-1.6784,-0.826,0.16186,0.29322,0.30348,-1.0163
5.3841,0.71929,0.93637,-0.40369,-0.34925,-1.2645,-2.1799,-0.69399,0.43656,0.088602,-0.16469,-0.70635
3.9085,1.6146,1.004,-0.22291,-0.66855,-0.85341,-0.55148,-0.65339,-0.11422,0.1596,0.18674,-0.77565
2.8745,1.125,0.014525,0.08886,-0.42059,-0.47096,-0.63599,-0.079011,0.27967,0.42939,-0.12754,-1.2549
1.939,0.85707,-0.3794,0.74104,0.27251,-1.1142,-1.1479,-0.36911,-0.034816,0.14992,-0.74256,-1.2004
1.9385,1.9673,0.14141,-0.045173,-0.27473,-1.1648,-1.168,-0.81682,-0.68583,-0.14385,-0.26858,-0.66539
1.6237,2.2881,0.044513,-0.36105,-0.56264,-1.4634,-0.97704,-0.71641,-0.21422,0.34917,-1.1502,-1.0976
0.93321,2.0426,0.038913,0.75997,-0.28008,-1.678,-1.5476,-0.5907,0.016283,-0.37493,-0.57892,-0.22308
1.2153,2.0506,-0.21108,-0.12883,-0.18625,-2.4549,-1.6605,-0.68195,-0.97338,-0.4651,-0.48763,-0.52577
0.95679,2.1945,0.14882,-0.14821,-1.0824,-1.9336,-0.81378,-0.16135,-0.85559,-0.33729,-0.33023,-0.95937
0.36653,1.6352,-0.49135,0.71266,0.20708,-1.427,-0.31184,-0.12036,-0.086715,0.45333,-1.3997,-1.3597
1.1487,2.7563,-0.077384,1.0211,-0.56818,-1.6211,-0.89385,-1.0141,-0.79187,-0.027011,-0.989,-0.86342
0.50629,1.4965,-0.42706,0.71484,-0.15038,-1.5311,-1.2382,-0.64747,-0.67965,-0.055583,-0.75247,-0.87089
0.87895,2.6943,-0.26288,0.25218,-0.1684,-2.3726,-1.1022,-0.45064,-0.48317,-0.090075,-1.1368,-1.1177
0.4578,2.425,-1.0238,0.19034,-0.69891,-1.5994,-0.63497,-0.40906,0.72429,0.58727,-0.25134,-0.43536
0.3726,2.5792,0.071519,1.1473,0.030401,-2.1312,-1.2321,-1.0192,-0.41941,-0.035111,-0.15507,-0.1433
1.3039,2.0383,-0.030895,0.55958,-0.37365,-1.4069,-0.29862,-0.39975,-0.42155,-0.036122,-0.15542,-0.31713
0.39406,2.1457,0.20708,0.25324,-0.47544,-1.7583,-0.7112,-0.34226,-0.52165,0.37096,-0.62338,-0.4565
0.78137,1.3322,-0.91463,0.45659,-0.37802,-1.2915,-1.239,-0.10883,0.010236,0.52254,-0.31586,-0.7839
0.87135,1.706,-0.84801,0.46869,-0.90976,-2.1641,-1.9231,-1.2353,-0.90784,-0.14933,-0.63024,-0.79121
0.76948,1.513,-0.29012,0.40311,-0.56463,-1.2711,-1.5618,-0.77272,-0.88926,-0.17305,-0.52654,-0.51428
0.97295,1.6613,0.60597,0.16001,-0.55337,-1.2482,-0.89814,0.054404,0.12577,0.051781,0.11729,-0.35114
1.8508,1.7745,0.22494,0.3902,-0.2968,-1.2221,-0.31531,-0.15689,-0.6089,-0.043582,-0.79217,-0.60255
1.6713,1.5706,0.44257,1.1785,0.3405,-1.2459,-1.105,-0.58772,-0.031861,-0.22573,-0.23883,-0.79451
3.618,1.3412,0.023409,0.0030257,-0.53404,-1.3253,-0.83093,-0.39184,0.085391,0.096006,0.28598,-0.55702
3.1784,1.3369,0.24864,0.57261,0.45008,-1.587,-0.16232,-0.17741,-0.67832,0.11434,-0.68378,-0.69634
4.7201,1.3879,0.12558,0.65379,0.10716,-0.77153,-0.90353,-0.85762,-0.49837,0.25499,-0.26277,-0.53685
4.0584,1.7571,2.0699,0.56557,0.11302,-1.8364,-1.1931,-0.65708,-1.2437,-0.73884,-0.52291,-0.5442
4.1316,0.75301,0.29254,-0.30276,-0.30746,-1.6247,-0.9987,-0.10707,-0.92585,0.90083,-0.022877,-0.99771
4.8954,0.39004,-0.39991,-1.5369,-0.87296,-1.9014,-1.6672,-0.12651,-1.0842,-0.022368,-0.32675,-1.106
5.3408,0.50099,-0.37007,-0.22934,-0.93564,-2.2776,-1.2424,-0.51747,-1.6142,-0.61018,-0.72813,-1.2053
6.2251,0.62335,0.55127,-0.23734,0.018599,-2.1643,-1.4146,-0.60241,-1.2962,0.28626,-0.24745,-1.0519
5.1589,0.50567,0.14266,0.27587,-0.83505,-1.8814,-1.1104,-0.76934,-1.0961,0.021291,0.066269,-0.5307
6.7197,0.8709,0.61236,0.48175,0.57282,-2.2546,-1.1765,-0.40127,-0.82213,0.65402,-0.3399,-1.2392
6.0874,1.5306,0.15083,-0.48232,0.27383,-1.5592,-0.22094,-0.22362,-1.1403,0.54481,-0.099989,-0.96102
6.3188,0.12855,0.056601,0.1505,0.074028,-1.6653,-0.84129,0.098968,-0.61175,0.59585,-0.63573,-1.4823
6.0636,-0.10151,-0.033302,-0.18742,0.16777,-1.3964,-0.76991,0.046784,-1.3147,0.21378,-0.20709,-1.0918
5.8393,0.57302,0.027354,-0.92578,0.036327,-2.2764,-1.7575,-0.099737,-0.69674,0.70536,-0.20879,-1.3359
5.2582,0.3739,0.27829,0.25703,0.28671,-1.8521,-2.004,-0.79745,-1.1118,0.43277,-0.60225,-0.97042
6.3301,0.11729,0.37997,0.27316,-0.00064684,-2.0235,-1.2523,-0.91568,-0.62686,0.96705,-0.57335,-2.2893
6.3846,0.84297,-0.26262,-0.26074,-0.65163,-2.0696,-1.592,-0.69468,-0.67874,0.52017,-0.36408,-1.8562
5.7802,0.40705,0.096345,0.72016,0.040771,-1.9475,-2.0961,-0.78262,0.08591,0.54772,-0.56619,-1.4536
6.7644,0.1563,0.048109,0.63109,0.49127,-1.9581,-1.6419,-0.40302,-0.08042,0.59176,-0.25544,-0.94613
6.3021,1.2512,0.13212,0.081612,-0.075964,-1.8515,-1.6096,-0.56138,-0.39171,0.71107,-0.15792,-1.4523
6.6714,1.9224,0.37538,-0.018764,-0.22083,-1.654,-1.2488,-0.59129,-0.91265,0.021698,-0.16056,-1.5719
6.0197,1.8447,-0.58857,-0.63367,0.79862,-0.70445,-1.494,-0.30671,-1.0309,-0.058919,-0.68364,-1.2714
6.7039,1.698,-0.27172,-0.65668,0.7059,-1.3392,-1.4539,0.095788,0.21528,0.39804,0.051872,-1.5604
6.1954,2.5838,0.37991,-0.84388,1.1244,-1.5325,-1.8063,0.11564,-0.19708,0.54424,-0.12291,-1.2474
6.0861,2.7634,1.0589,-0.034369,0.28899,-1.7736,-1.6461,0.10636,-0.85315,1.131,-0.14919,-1.9277
6.2504,2.9957,0.70823,-0.50601,0.96517,-1.1747,-1.6681,0.62534,-0.74384,0.45061,-0.19092,-1.4348
6.102,2.489,1.2318,-0.4253,1.1695,-2.2144,-2.2136,1.0473,-0.19709,0.70957,0.35053,-1.8362
4.8206,2.4883,1.6488,0.0022023,0.61619,-0.89694,-1.4226,0.82512,0.042828,0.39762,0.086688,-0.98287
6.5344,2.6877,2.2424,-0.18911,1.4762,-2.7172,-1.7927,0.35112,-1.0768,0.48669,-0.87348,-1.2974
2.9117,5.763,0.1372,0.83049,1.121,-3.539,-1.6112,-0.032445,-0.083483,0.91952,-0.46489,-1.3722
2.1719,6.109,0.3115,0.79778,0.9407,-3.7328,-1.1794,0.22001,-0.56533,-0.012995,-1.0885,-0.65826
0.41569,6.3839,0.35828,0.8205,0.76131,-3.8162,-0.30623,0.23366,-0.44852,0.30953,-0.65997,-0.80785
-1.2645,6.6779,-0.19212,0.53745,1.6591,-4.1459,-0.53241,-0.59179,-0.95309,-0.25105,-0.71923,-0.089498
-0.76795,7.2598,-0.69152,0.16511,0.95606,-4.8347,-0.73261,-0.88964,0.0051762,0.40981,-0.66979,-0.81159
-0.19901,6.2243,0.07063,1.1672,1.0551,-3.9663,-0.50797,-0.83645,-0.085031,-0.10699,-1.0132,-0.20407
-1.4933,6.8435,-0.38023,0.29309,0.5671,-4.1181,-0.29198,-0.58145,-0.6355,0.43751,-0.99708,-0.16692
-2.5388,7.1349,-0.0056165,0.45372,1.1367,-3.9146,-0.8775,0.20896,-0.36363,0.59643,-0.57049,-0.63815
-2.5982,7.051,-0.32347,0.905,0.59286,-3.4171,-0.1657,-0.59165,-0.68656,0.14105,-0.78814,0.47676
-0.93034,6.5063,0.45552,1.6363,-0.12754,-4.2943,-0.796,-0.38485,-0.029473,0.25348,-1.0348,-0.34959
-0.64032,4.9558,0.81489,1.6576,-0.3234,-3.9455,-0.6611,-0.75872,-0.28024,0.34181,-0.60325,0.09412
-0.80043,4.2144,1.6,1.1959,-0.58887,-3.6406,-0.8157,-0.1959,0.27845,0.81209,-0.90388,0.11991
-0.29619,3.0004,2.022,0.38571,-0.64122,-2.9699,-0.54115,-0.24041,0.086519,0.44574,-0.33102,0.032678
1.8649,2.3828,2.3219,0.61433,-1.7969,-3.0417,-1.1002,-0.18655,0.14829,-0.42831,-0.52479,0.33062
2.6054,1.7206,2.8883,0.21833,-1.9533,-2.6976,-1.2323,-0.35797,0.25454,-0.26298,-0.75381,0.15674
2.6073,1.013,3.6251,0.21213,-1.5352,-2.7577,-1.2915,-0.27169,0.23175,0.066925,-0.71225,0.60014
3.416,0.4811,3.406,0.5863,-1.5788,-2.8873,-1.1986,-0.38298,0.53369,-0.012729,-0.36484,0.66911
3.4334,0.40322,3.1661,0.65818,-1.8768,-2.6264,-0.84964,-0.0062798,0.2934,0.13742,-0.58868,0.18359
3.4377,0.60332,2.7904,0.41346,-1.3947,-2.8691,-0.67164,0.16585,0.47856,0.3088,-0.62541,0.27863
4.39,-0.62523,2.4629,0.76166,-1.35,-1.998,-1.3572,-0.035723,1.2148,-0.15219,-0.63561,0.39754
4.3311,0.12363,1.8161,0.074754,-0.30032,-2.5779,-0.95466,-0.23567,0.96797,0.60074,-0.43325,-0.29958
5.5164,-0.40576,0.85575,0.16034,-0.26843,-1.7705,-1.187,-0.9027,1.0758,1.0568,-0.13491,-0.43284
5.6814,0.1571,0.66694,-0.38314,-0.12291,-1.387,-1.0158,-0.79404,0.82545,0.9554,0.33444,0.15312
5.7833,0.49897,1.2339,-0.73704,-0.51393,-1.5857,-0.73223,-0.87489,0.4643,0.42052,0.65976,0.82941
5.8076,0.8339,-0.082619,-1.3727,-0.51382,-0.54365,-0.16937,-1.0939,-0.038462,0.9791,0.61639,1.1076
6.0234,0.51057,0.53483,-2.1406,-1.4992,-0.70494,-0.48235,-1.0115,0.10243,0.34799,-0.19967,1.0533
6.336,1.0727,0.34346,-1.6262,-1.4414,-1.5713,-0.57508,-0.88077,-0.70519,-0.57628,-0.36198,1.0861
5.9879,0.95978,0.43979,-1.9485,-1.5434,-0.86116,-0.32597,-0.67427,-0.060911,-0.14357,-0.48747,0.52425
6.4599,0.79617,0.52074,-1.9932,-0.96623,-1.3737,-0.43115,-0.41543,0.016355,0.35778,0.045015,0.58328
6.9013,1.1743,0.27518,-1.2206,-2.0293,-1.5265,-0.7337,0.10293,0.39001,-0.57926,-0.54747,1.141
6.5477,2.1703,0.31874,-1.7196,-2.0545,-1.3497,-0.60601,-0.088953,0.17037,-0.36775,-0.50251,0.42771
7.3204,1.0401,0.73123,-2.1683,-1.8886,-1.3535,-1.0954,-0.19024,0.13661,-0.031427,-0.49083,0.18462
6.8956,1.4978,0.69902,-2.3081,-1.6553,-1.3378,-0.98138,0.18925,0.12536,-0.16361,-0.57304,0.51405
6.9887,1.8744,1.3008,-2.1423,-2.4716,-0.94654,-0.68603,0.12122,0.63887,-0.26564,-0.67887,5.433e-06
8.293,0.87003,1.0981,-2.31,-1.8912,-0.80422,-0.36318,-0.08176,0.22895,-0.11599,-0.43433,-0.0426
8.0167,1.3589,1.2474,-1.7475,-2.4311,-1.1518,-0.44028,0.048543,0.27568,-0.19665,-0.46703,0.064066
7.7961,1.8549,1.1227,-1.826,-2.328,-1.1522,-0.84617,-0.13352,0.29272,-0.24376,-0.80781,0.016476
7.4732,1.9514,0.62575,-1.6792,-2.2393,-1.2086,-0.89531,-0.049906,0.27614,-0.42012,-0.66854,-0.066617
7.467,1.875,0.88057,-1.8057,-2.4589,-1.1618,-0.788,-0.11877,0.53937,-0.4634,-0.82902,0.066563
9.3119,1.0509,2.1861,-2.2014,-2.9521,-0.49077,-0.555,-0.26624,0.5205,-0.70482,-0.65976,0.41119
8.7959,1.3432,1.5301,-2.1704,-2.6567,-0.48617,-0.63958,-0.19558,0.41311,-0.38044,-0.44222,0.23752
9.4659,1.2651,2.0508,-2.3297,-2.911,-0.70752,-0.96778,-0.087179,0.44389,-0.79972,-0.66208,0.40251
7.2672,2.7638,1.2011,-1.9191,-2.7179,-0.61954,-0.61821,-0.36495,0.022203,-0.69017,-0.26973,0.14423
7.3108,2.6581,0.36554,-2.1326,-2.4052,-0.674,-0.91037,-0.27462,0.083127,-1.0734,-0.60809,0.29373
7.29,2.0451,0.53445,-1.9634,-2.7502,-0.89971,-0.73633,-0.27972,-0.32755,-1.1603,-0.40699,0.21133
8.9181,2.0542,2.1038,-1.4981,-2.97,-1.3381,-1.2323,0.15771,0.56645,-1.2446,-0.49702,0.0017799
6.1676,2.6875,0.97197,-1.6186,-2.1409,-0.81361,-1.2908,-0.41911,0.088073,-1.0377,-0.80156,-0.49981
5.9386,2.6022,0.56317,-1.1041,-1.6784,-1.0477,-0.9465,-0.24995,-0.34562,-0.83481,-0.21959,-0.052202
8.2524,1.6463,-0.20376,-1.0686,-1.3306,-0.82505,-0.9956,-0.46102,-0.57535,-1.0427,-0.56705,-0.27258
6.6253,1.8143,-0.044811,-0.99251,-1.2634,-0.86814,-1.065,-0.36831,-0.16377,-0.85971,-0.97828,-0.48526
9.083,0.98023,0.86548,-1.4359,-1.3943,-0.96423,-0.97768,-0.75444,-0.29468,-0.72385,-1.3077,-0.14477
7.5443,1.8769,0.65854,-0.97196,-1.229,-0.4846,-1.0288,-0.33427,0.12642,-0.92997,-0.89043,-0.23958
9.134,1.6324,1.3566,-0.82147,-1.5607,-1.603,-1.1266,-0.86451,-0.87576,-0.35924,-0.68423,-0.75542
6.6642,2.0224,0.38295,-0.41312,-0.66807,-0.95234,-1.5218,-0.97362,-0.74387,-0.57103,-0.4783,-0.5024
7.7929,1.7101,0.70337,0.16694,0.10173,-0.3759,-1.0433,-0.32859,-0.76547,-0.46772,-0.82299,-0.84142
8.4911,2.0317,-0.092812,-1.6612,-1.4163,-0.75781,-0.99908,-0.42745,-0.32559,-0.7546,-0.64677,-0.63136
8.1674,0.72214,-0.78562,-1.7716,-1.7278,-1.071,-0.96723,-0.42191,-0.35925,-0.20564,-0.77377,-0.77944
8.2275,1.8697,-0.95727,-2.1051,-1.5407,-0.65593,-0.81109,0.17237,0.45021,0.091925,-0.30106,-0.18346
7.5806,2.0346,-0.47313,-2.0947,-1.3295,-1.3372,-0.29598,0.75487,-0.039224,-0.28852,0.16135,0.36211
8.2317,2.7496,0.25055,-2.0413,-1.6284,-1.2684,-0.48548,0.12652,-0.92511,-0.47513,-0.871,-0.17944
8.0317,2.721,0.033758,-1.3822,-0.82457,-0.92012,-0.17979,0.71857,-0.14382,-0.62623,-0.93619,0.10371
6.6737,2.371,-0.19802,-0.7649,-0.88852,-0.73077,-0.1654,0.14737,-0.48763,-0.51581,-0.5354,-0.4705
6.4036,2.5929,-0.086136,-0.96115,-1.0601,-1.1074,-0.98733,-0.63148,-0.58193,-0.14472,-0.34624,-0.44823
6.2648,2.4272,-0.34502,-1.4766,-1.6512,-1.2823,-0.84565,-0.49355,-0.74066,-0.62329,-0.70735,-0.60755
6.7331,3.0261,-0.23134,-1.7868,-1.6927,-1.2258,-0.65132,-0.47155,-1.221,-1.0334,-1.2922,-0.92789
6.6144,2.8451,-0.64215,-1.963,-0.7841,-0.6208,0.34056,1.0476,-0.19352,-0.093155,-0.88711,-0.8272
7.2158,2.459,-0.046646,-2.1636,-0.50627,-1.4311,-0.67354,1.1089,-0.48749,-0.19344,-1.0994,-0.23939
7.7648,3.0886,0.22663,-2.1609,-0.72822,-1.05,-1.0447,-0.11636,-1.0226,-0.35157,-0.52274,-0.26281
7.1245,3.0855,-0.029493,-1.6809,-1.4551,-1.7651,-0.89339,-0.074548,-0.7002,0.21098,-0.50297,-1.156
8.2966,2.8456,-0.91044,-2.8396,-0.73334,-0.54787,-0.53535,0.50781,-1.0341,-0.5765,-0.73761,-0.52128
8.3923,3.9391,-0.30425,-2.1048,-0.23136,-0.65483,-0.21055,-0.10635,-1.2304,0.14638,-0.63946,-0.87985
8.828,3.5939,-0.2206,-1.844,-0.25827,-0.90322,-0.35852,-0.058019,-1.5266,-0.49379,-0.81967,-0.66257
7.6519,3.4256,-0.38479,-1.9555,-1.3152,-1.2615,0.077737,0.44322,-0.96452,-0.71698,-0.79125,-0.56809
7.9086,3.1818,0.092289,-1.641,-1.3046,-1.2476,-0.54518,-0.19211,-0.84511,-0.40261,-0.64076,-0.3892
6.8604,3.5681,0.15429,-1.9577,-2.0896,-1.3393,-0.58106,0.0083474,-0.20157,-0.83213,-0.91536,-0.69809
7.7233,3.3756,-0.31054,-1.8387,-1.8244,-1.3778,-0.71785,-0.57776,-1.0049,-1.1937,-1.4639,-0.89526
7.4748,3.7899,0.13311,-1.5448,-1.03,-0.84761,-0.65873,-0.27943,-0.71316,-0.32625,-0.69379,-1.0708
7.3192,3.8917,0.55688,-1.3887,-1.1965,-0.85753,-0.39497,0.22146,-0.35987,-0.12569,-0.46744,-0.56868
6.9384,2.6807,-0.43175,-2.185,-1.3135,-1.3093,-0.42124,0.52225,-0.49408,-0.85907,-0.9978,-0.81067
7.3267,3.1807,-0.0026188,-1.9521,-2.1605,-1.1485,-0.27383,-0.074697,-1.0754,-0.96937,-0.61009,-0.56033
7.9082,3.2207,-0.2794,-1.5303,-1.4111,-0.82921,0.26034,0.37556,-0.7431,-0.85519,-0.73571,-0.68291
7.3099,2.89,-1.257,-2.2734,-1.1301,-0.94086,-0.23535,-0.078575,-1.0205,-0.41924,-0.64679,-0.41041
5.9209,1.9773,-1.5427,-2.2253,-1.2466,-1.1315,-0.59295,-0.094561,-0.14506,-0.45127,-0.098348,-0.25302
6.0428,2.6119,-0.85807,-2.3929,-2.3649,-2.2072,-0.57392,0.24149,-0.42873,0.04414,-0.59911,-0.21703
6.2073,2.1631,-0.77203,-2.3584,-1.4373,-1.7934,-1.0026,-0.20367,-0.3846,0.3652,-0.09435,-0.29271
6.2835,3.6503,-0.30641,-2.3439,-1.9933,-1.7655,-0.31575,0.080329,-0.47992,-0.49692,-1.4835,-1.351
6.0871,3.2958,-0.17952,-2.0122,-1.541,-1.9896,-0.41729,0.76937,-0.24336,-0.1231,-0.85507,-0.61627
6.0238,3.2175,-0.13872,-2.22,-1.7016,-1.8088,-0.99359,0.030218,-0.7099,-0.11633,-0.81288,-0.78645
6.7239,3.2688,-0.19544,-2.4624,-1.9597,-1.9813,-0.40477,0.42761,-0.092884,-0.13737,-0.74186,-0.75522
5.9395,3.0588,-0.30288,-2.6016,-2.0463,-2.2559,-0.38348,0.1582,-1.3608,-0.59514,-0.29153,-0.49864
6.7206,3.3169,-0.41789,-1.8639,-1.0989,-1.9932,-1.0419,-0.050432,-0.8105,-0.16211,-0.39806,-0.27621
5.9098,3.3057,-0.4583,-2.7114,-1.8257,-1.8438,-0.78683,0.21259,-0.66608,-0.45951,-0.69693,-0.58537
5.5605,3.5995,-0.32456,-2.7926,-1.5361,-1.9657,-0.26415,0.27494,-0.53381,0.050224,-0.63567,-0.46695
2.4643,0.86615,1.6639,-3.7148,-0.79681,0.26054,-2.0045,-0.75113,0.34177,-0.49606,-1.0145,0.29819
0.097923,0.76473,1.3545,-2.7951,-0.6483,-0.66022,-2.7954,-0.97253,0.5703,0.055118,-0.21398,0.38117
0.62127,1.6139,0.038203,-1.5413,1.0734,-0.57066,-1.1456,-0.16736,-0.27299,-0.33798,-0.48351,-0.69571
2.8748,1.695,-1.5987,-2.8867,-0.48335,0.18428,-1.0669,0.32623,0.18642,-0.20826,-1.0849,0.45417
-0.25735,2.9324,-2.1419,-3.2494,-1.2226,-0.22627,-0.36194,-0.11341,-0.057482,-0.35773,-0.78055,-0.090831
1.526,3.5814,-2.5594,-3.3462,-1.1461,0.011195,-0.11698,0.12972,-0.75018,-0.3304,-0.6398,-0.63064
3.0584,3.7701,-1.2926,-3.8463,-1.374,0.076794,-0.8138,0.67603,0.33767,-0.45593,-1.1079,-0.37201
1.9249,3.124,-0.87788,-2.6861,-1.6178,-1.093,-0.87588,-0.060815,0.56524,-0.45457,-0.8336,-0.076194
1.9931,4.0916,-0.90841,-2.3162,-0.75002,0.119,0.019965,-1.1908,-0.00067447,-0.5789,-0.61526,0.4846
1.5558,3.6058,-1.851,-3.5757,-0.7212,-0.1289,-0.047734,-0.10142,0.54433,-0.54681,-1.0939,-0.068498
1.8232,4.3892,-0.79314,-3.9077,-0.38918,-0.04138,-0.29707,-0.99632,0.1186,-1.0047,-1.0281,-0.17117
0.93487,4.2224,-1.1552,-2.5944,-0.69842,0.54636,-0.26332,-0.52202,0.5409,-0.99869,-0.5556,0.15717
1.8248,5.2003,-1.1047,-3.3873,-1.188,0.45946,-0.10669,-0.43907,0.02157,-0.26764,-1.1369,-0.16779
3.0314,4.9472,-0.89071,-3.47,-0.088893,0.89538,-0.96277,-0.30916,-0.016364,-0.4656,0.14788,0.57405
5.7776,4.0521,0.43972,-2.9294,-2.4567,0.30693,-0.12752,-0.19255,-0.15065,-0.31521,0.38665,0.42882
6.6915,3.6086,0.67867,-2.9375,-2.4765,0.40254,-0.0087352,-0.50342,-0.19166,-0.022427,0.21917,0.26399
7.7586,3.2118,0.84897,-2.9999,-2.8471,0.74376,0.51831,-0.87914,-0.28784,-0.28251,0.37208,0.52873
7.2908,2.3271,0.48319,-2.6571,-2.734,0.42162,-0.035314,-0.61238,-0.13209,-0.26724,0.25053,0.17388
7.1924,1.6486,1.2646,-3.6433,-2.6095,0.89931,-0.13066,-0.42967,-0.0034144,-0.16922,0.42092,0.1856
7.1586,1.5191,1.3153,-3.5537,-2.8809,0.76916,0.0066505,-0.38994,0.084405,-0.18627,0.099202,0.040862
7.1112,0.84194,1.5012,-3.8538,-2.5457,1.2018,0.2941,-0.41375,-0.21673,-0.17405,-0.011448,-0.16047
6.2388,1.0732,0.87915,-3.1161,-2.521,0.79406,-0.18511,-0.33408,-0.061546,-0.061755,0.12967,-0.074375
8.0217,-0.99407,1.253,-3.4188,-2.2914,1.4896,-0.0043653,-0.50342,-0.031767,-0.40079,0.30093,-0.49415
6.9477,-0.49498,0.50392,-3.1969,-2.0336,1.0802,0.45869,-0.30046,-0.30004,-0.20613,0.069185,-0.027947
7.209,-0.47863,0.21433,-3.2208,-1.7792,1.2632,0.56817,-0.51472,-0.46356,0.099289,0.22064,-0.26698
7.0176,-0.87843,0.76303,-3.6794,-1.5175,1.482,0.32834,-0.40057,-0.56229,-0.031713,0.42959,-0.11446
7.5023,-1.9162,1.8497,-4.4424,-1.2543,1.111,0.26592,-0.64517,-0.21868,0.029533,0.061246,-0.092118
7.8734,-2.6942,1.8311,-3.9832,-1.1722,0.9591,0.035569,-0.58143,-0.059707,-0.33365,0.68149,-0.34994
7.3782,-1.7069,1.3325,-3.6845,-1.1651,1.2173,-0.31217,-0.52662,-0.28666,0.24389,0.40046,-0.050123
6.4731,-1.5977,0.19783,-3.6257,-1.0658,1.6468,0.14387,0.75878,-0.14348,0.29562,0.87827,-0.32219
7.1257,-1.5532,0.16702,-3.768,-0.57874,1.8331,0.17334,0.81124,-0.47864,0.24566,0.66913,-0.72251
8.4127,-1.4723,-0.079579,-3.4193,-0.18597,1.5419,-0.20021,0.31941,-0.57712,0.15578,0.56813,-0.79257
6.919,0.69805,0.0015679,-2.6944,-0.9799,0.95515,-0.24607,-0.31484,-0.30758,0.60647,0.27045,-0.74894
6.8809,1.0375,0.22168,-1.9677,-0.66939,1.3554,-0.19737,-0.52143,-0.62486,-0.44706,-0.053972,-0.47854
6.9737,-0.0071952,0.49081,-2.5787,-1.113,1.3395,0.054255,-0.24649,-0.89137,-0.015471,0.59952,-0.56379
7.5845,-1.0176,0.6934,-2.6296,-0.92941,1.2548,-0.14026,-0.72198,-0.22162,0.55154,0.38692,-0.3258
7.0097,-1.5161,-0.30536,-2.7817,-0.83666,1.6871,-0.41906,-0.57759,-0.40325,-0.0048962,0.40865,-0.19207
7.0481,-1.0021,0.16916,-2.5375,-2.0266,1.1126,-0.37505,-0.48996,0.15106,0.13196,-0.59441,-0.70415
7.2771,-1.029,-0.50439,-2.9722,-1.8065,1.6201,-0.52268,-1.557,-0.43509,-0.01854,0.31803,-0.70885
7.0374,-0.72469,-1.0388,-3.0707,-1.6638,1.4967,-0.69631,-1.4343,-0.72059,-0.12458,-0.13322,-0.64333
7.5979,-1.1531,-1.1059,-2.359,-0.96678,1.9889,-0.41204,-1.3909,-0.23187,0.3584,-0.48706,-1.0705
6.4509,-1.388,-0.27927,-2.4451,-1.2319,1.5796,0.23258,-0.84034,-0.74902,0.39964,0.70144,-0.32707
6.4612,-1.7723,-0.88414,-2.5147,-1.1451,1.3775,0.81695,-0.3665,-0.27817,0.49282,1.3883,-0.028695
6.739,-0.53107,-0.92618,-3.2096,-1.7322,0.93043,0.09692,-1.3866,-1.1503,0.12716,0.52708,-0.57387
6.435,-1.0316,-1.3399,-3.1948,-1.0585,0.77906,0.15963,-1.1879,-1.0136,0.86889,0.55762,-0.49564
7.8106,0.41698,-1.4775,-3.7431,-2.1197,0.54412,0.91038,0.2366,-1.0342,0.43725,0.41363,-0.97057
6.2491,0.53769,-0.87108,-3.15,-1.8681,0.29131,0.26002,-0.20775,-0.82551,0.23846,0.11727,-0.66843
7.019,0.35951,-0.71421,-2.8725,-1.5355,1.3128,0.28245,-1.2841,-1.903,-0.36077,-0.16463,-0.75195
7.0589,0.62311,-0.069101,-2.8657,-1.8163,0.36561,-0.4024,-1.0189,-1.333,-0.011632,0.3894,-0.69882
7.1797,0.73643,-0.67578,-3.101,-2.7843,0.32605,-0.047253,-1.1643,-0.92953,-0.36856,-0.12731,-1.0021
7.7581,1.2694,-1.3586,-3.2676,-1.4077,0.69063,0.16208,-0.92468,-1.3193,-0.79086,-0.36721,-0.50979
6.9414,0.91967,-1.0845,-3.3699,-1.1869,1.3684,0.3124,-0.87824,-1.0821,-0.36927,-0.29215,-1.0976
7.1785,1.6546,-1.061,-3.4528,-1.5047,1.0626,0.52892,-0.84942,-1.6385,-0.50043,-0.36895,-1.0265
7.5649,0.8755,-1.4479,-3.2164,-1.7136,0.62297,0.17183,-1.1043,-1.2589,0.0215,0.11252,-1.0428
7.8368,1.2157,-1.072,-2.9504,-1.5727,0.052384,0.15216,-1.0609,-1.3906,0.28324,-0.08613,-0.67206
6.5964,0.47747,-2.4328,-3.1719,-1.8487,-0.27689,-0.48834,-1.7765,-1.9711,0.1103,-0.084954,-1.1529
6.3567,0.10941,-2.4978,-2.7949,-1.3935,0.53611,0.32563,-1.4691,-1.58,0.4431,0.1807,-1.0745
6.5366,0.10273,-2.2279,-3.3917,-1.82,-0.55918,0.22821,-0.72956,-1.3623,0.58708,0.56167,-0.73714
6.1313,0.2322,-2.293,-3.4332,-1.9413,0.096352,0.66335,-1.139,-1.5388,0.60003,-0.079434,-0.81036
5.3744,0.17985,-2.5576,-3.9097,-1.2596,0.39337,0.59506,-0.27352,-0.62784,0.85635,0.83012,-0.43285
5.6946,-0.38027,-3.9861,-4.0425,-1.2634,0.52673,-0.044166,-1.0359,-1.197,0.25036,0.76197,-0.21462
6.0943,-0.2005,-3.6287,-3.9868,-0.91791,0.38035,0.23011,-0.78506,-1.262,0.33674,0.51078,-1.0599
6.2,1.0911,-2.1413,-3.3664,-0.90084,0.43979,-0.22198,-0.70413,-1.0305,0.5467,0.42631,-0.30586
5.8386,0.67649,-3.2267,-3.7283,-0.96044,-0.14356,-0.49648,-0.73185,-0.71571,0.55442,0.60582,-0.29148
6.3319,0.92533,-3.4306,-4.2553,-0.97209,-0.15471,-0.05075,-0.80549,-1.1726,-0.15092,-0.49762,-0.93836
5.6731,0.70541,-3.0468,-3.3633,-0.96914,-0.23163,-0.51277,-0.98032,-1.1948,0.21325,0.12412,-0.11252
5.5532,0.70048,-2.6696,-3.7232,-0.60902,0.44672,0.23172,-0.68125,-1.9043,-0.55591,-0.46635,-1.1378
5.7633,0.41866,-2.972,-3.4082,-0.78718,0.88713,0.64856,-0.07408,-1.1553,0.34332,-0.13563,-1.6388
4.93,0.2611,-2.6761,-3.6634,-1.2194,0.49394,0.0058105,-0.97875,-1.0626,0.44329,0.50301,-0.93855
5.4686,1.4063,-2.8152,-3.3813,-0.91769,0.2171,0.59307,0.10127,-0.66622,0.66119,0.50113,0.13915
5.6007,0.92518,-3.078,-3.8292,-0.99125,-0.29267,-0.13552,-0.041928,-0.55059,-0.022819,-0.24401,0.037436
6.1491,1.1651,-3.0686,-3.0254,-1.1945,-0.46425,0.0023612,-0.015292,-1.0189,0.46021,0.37239,-0.38701
5.3541,1.1017,-2.4664,-3.0752,-1.0161,0.037232,0.74038,-0.16775,-1.0128,0.62813,0.82606,0.074075
4.8025,1.2213,-2.7189,-3.9605,-1.5061,-0.45584,0.81802,0.43694,-0.45065,-0.40026,-0.6221,-0.67001
4.3413,0.69977,-2.5274,-3.4824,-0.97217,0.34158,1.0574,0.50369,-0.62314,0.035129,-0.15491,-0.30597
4.6174,0.45208,-2.6142,-2.94,-1.132,-0.64772,0.93657,0.10978,-0.9068,-0.51156,-0.6317,-0.66338
5.01,1.7941,-1.5925,-2.7269,-0.71764,-0.47368,0.47582,-0.70589,-1.8225,-0.69638,-0.36368,0.022414
5.9063,1.7755,-1.5674,-3.1317,-1.5838,-0.44361,0.19375,-0.82578,-1.4375,-0.34984,-0.37695,-0.43549
5.8619,1.4107,-2.1279,-2.8935,-1.6422,0.2834,0.83432,-0.073257,-1.0246,-0.34097,-0.48985,-0.91277
4.8979,1.448,-2.6235,-2.799,0.14224,0.90089,1.124,0.46895,-1.0508,-0.60505,-1.0525,-0.81408
5.7616,1.3243,-2.0667,-2.2476,-0.47129,0.068083,0.87243,0.024015,-1.1161,-0.66034,-0.52371,-0.79018
4.6439,1.6668,-1.5746,-2.5756,-1.2801,-0.91029,-0.19683,0.15267,-0.72766,-0.18608,-0.048793,-0.6413
4.8517,1.8412,-1.935,-3.0778,-1.3989,-0.52215,0.47409,0.41772,-0.58061,0.19954,-0.30311,-1.0313
5.0388,1.5793,-2.1001,-3.3181,-1.5195,-0.67283,0.0032446,0.23563,-0.9372,0.39541,0.35119,-0.84903
4.5653,1.6603,-1.473,-2.6584,-1.0691,-0.40857,0.252,0.52655,-0.54545,0.4155,-0.14054,-0.82611
4.2971,1.5937,-0.89194,-2.7917,-1.6049,-0.94112,-0.32437,0.30601,-0.68874,-0.26822,-0.38738,-0.77334
4.0247,1.75,-0.84191,-1.8391,-0.98834,-0.51183,-0.46799,-0.35464,-0.81515,-0.43026,-0.58244,-1.0259
4.1586,1.689,-0.81995,-2.0333,-1.0386,-0.89988,-0.27181,-0.036443,-0.70983,0.44502,0.20702,-0.36787
3.7289,2.2376,-0.63685,-2.1,-0.81805,-0.93083,-0.60104,-0.28852,-0.84069,0.011309,0.016445,-0.42003
4.0171,2.0152,-0.39797,-1.6106,-0.73634,-0.56895,-0.10214,-0.059474,-0.87357,-0.43282,-0.70119,-1.1578
3.6392,1.5094,-0.72753,-1.8968,-0.63921,-0.45586,0.21356,0.31421,-0.99679,0.04529,-0.70945,-1.2452
4.2866,2.1329,-1.0562,-2.7053,-1.1513,-0.72827,0.3541,0.63812,-0.54984,-0.58076,-1.0778,-1.0911
4.2695,1.7234,-1.0091,-2.128,-1.2856,-0.66996,0.016771,0.3497,-0.81031,-0.71121,-0.77976,-1.2879
0.88943,2.5452,-0.64091,-3.0827,-0.61063,-0.68667,-0.32497,-0.40694,-0.07395,-0.60943,-1.0758,-0.62455
-3.8685,0.97208,-1.5578,-3.3218,-1.4708,-2.3555,-1.7415,0.081903,0.8367,-0.13048,0.090531,-0.29051
-4.2971,1.4603,-0.65935,-2.6164,-0.96356,-2.4665,-1.645,-1.1549,-0.40102,-0.76242,-0.77033,-0.16335
-3.9837,1.2407,0.54525,-3.0156,-1.9894,-1.5429,-0.35683,-0.45435,0.16006,-0.27493,-1.1063,-0.76936
-1.2576,2.1059,1.8305,-0.84637,-0.42621,-0.22019,-0.27399,-0.28292,-0.12342,0.24372,-0.53999,-0.0060355
2.699,0.3839,3.4883,-0.55828,-2.7564,-2.1257,-0.87808,-0.49465,0.2469,-0.43061,0.079146,0.14557
4.1585,-0.62367,2.825,-1.1323,-2.659,-2.555,-0.87138,0.027928,0.92622,-0.85687,0.0094164,0.19396
4.2211,-0.36636,1.6236,-1.3244,-1.7655,-2.348,-1.0426,0.25424,1.2275,-0.74579,-0.021966,-0.43415
4.2582,-1.9739,1.5169,-1.247,-1.4229,-2.316,-0.30727,-0.11883,1.6768,-1.5396,-0.076369,-0.88319
4.8555,-2.1081,0.74322,-1.1498,-1.3413,-2.1269,-0.67619,0.16877,1.5198,-1.3326,-0.27739,-1.0039
4.9545,-1.6311,0.35061,-1.1138,-1.4978,-1.8482,-0.53147,0.23553,1.389,-1.1985,-0.28909,-1.013
5.4552,-1.9954,0.38025,-1.554,-1.2141,-2.1363,-0.23059,-0.30811,1.9058,-1.329,-0.11557,-1.5475
5.4783,-1.2431,-0.055504,-1.5101,-0.72892,-1.6206,-0.6618,-0.014553,1.6322,-1.0391,-0.37359,-1.4262
6.2367,-0.43624,-0.4427,-1.1727,-1.0685,-1.2708,-0.56239,-0.65052,1.5746,-0.88994,0.23352,-1.8716
6.0228,0.62771,-0.81321,-1.2409,-0.93297,-1.6654,-0.76009,-0.25532,0.9989,-0.90748,0.075008,-1.1091
5.6442,0.41839,0.24849,-1.0807,-1.7868,-1.2382,-0.70025,-0.23735,0.47829,-0.77963,0.44353,-1.5324
5.1511,-0.35797,0.28879,-0.29565,-1.0529,-2.0816,-0.15629,-1.0375,1.2123,-0.1482,-0.26722,-0.91721
4.9691,-0.96312,0.97104,-0.87952,-0.6418,-1.7717,0.034748,-0.056128,1.4872,-0.063608,0.41721,-1.0364
4.931,-2.161,0.28649,-0.52086,-0.82071,-1.4117,-0.21506,-0.20585,1.0766,-0.10069,0.47868,-0.084121
4.185,-2.4596,0.92316,-0.71283,0.10102,-0.64359,-0.21643,-0.23942,1.1487,-0.87999,0.45461,-0.43356
4.6695,-1.7531,1.1177,-0.13441,-0.61344,-1.2704,-1.0032,-0.06807,0.79091,-1.3383,0.34096,-0.73294
5.8091,-2.2213,0.99788,0.078865,-0.76439,-1.4175,-0.99788,-0.69795,0.69291,-1.5709,0.23884,-0.81054
5.6367,-2.1874,1.0775,-0.24825,-0.67325,-1.0906,-1.7101,-0.47783,0.89557,-0.78281,0.22513,-1.0767
6.2123,-2.2657,1.2579,-0.32153,-0.68968,-0.40392,-0.88588,-0.21242,0.87328,-0.72003,0.20635,-0.45893
5.277,-2.6144,0.57602,0.46206,-1.0002,-0.16326,-0.68216,0.1839,0.90611,-0.54913,-0.34002,-0.67461
3.7247,-0.50006,0.60355,-1.4198,-0.23803,-1.6436,-0.10129,0.034873,0.63155,0.0089912,-0.60868,-1.1983
-1.3407,0.52383,-1.6852,-1.6357,0.07743,-1.9382,0.014052,0.82232,0.86211,0.66952,-0.9013,-1.3789
-1.5319,2.2799,-1.8383,-0.85693,0.34055,-2.3133,0.39336,0.63237,0.25699,0.2749,-1.2004,-0.36823
-1.7413,1.5758,-2.2286,-1.1827,-0.41814,-2.5628,-0.29124,-0.27856,-0.20796,-0.013777,-1.2918,-0.46931
-0.32335,0.80739,-1.5191,-1.7246,-0.364,-1.9592,-0.29213,-0.087957,0.63692,-0.22945,-0.88503,-0.50023
-0.3741,-0.22671,-1.4332,-1.8132,-0.16836,-2.4274,-0.85476,-0.68797,0.38717,-0.65886,-0.4251,-1.0135
-0.60939,0.058334,-1.2061,-1.5645,0.47301,-2.0712,-0.51575,-0.46494,0.4299,0.060609,0.016249,-0.69582
-0.62163,-0.58684,-1.4161,-0.69216,0.23649,-2.4545,-1.0347,-0.54417,-0.30751,0.19062,-0.54426,-0.96791
-1.2542,-0.80991,-1.6138,-1.4249,-0.10033,-1.8072,-1.1011,-0.22178,-0.09949,-0.38646,-0.81701,-1.2875
0.27056,0.73124,-2.1073,-1.1803,-0.34977,-1.6458,-1.5921,-0.14391,0.29138,0.075387,-0.35874,-0.93023
0.19322,1.1195,-1.4589,-1.0078,0.19703,-2.4409,-0.9414,-0.47679,0.71821,-0.14826,-0.93349,-0.83616
1.3111,0.32099,-1.4569,-1.3932,-0.17342,-1.8734,-0.9467,-0.11852,0.78312,-0.10684,-0.72851,-0.79447
0.43931,1.6243,-1.3351,-1.8415,0.24652,-1.2083,-1.321,-0.45402,0.73176,-0.014813,-0.52362,-0.9281
1.2246,0.20035,-1.3783,-1.8783,-0.25679,-1.6259,-0.76813,0.26101,0.28046,-0.25578,-0.86634,-1.116
1.287,0.67738,-1.4579,-1.5446,0.36713,-1.1199,-0.46142,1.2295,0.8347,-0.045798,-0.69475,-0.7618
1.9027,1.5616,-0.69036,-1.0058,-0.34895,-1.3233,0.52574,0.98561,1.5285,-0.094678,-0.98455,-0.41073
-0.10923,2.4856,-1.9777,-0.13883,0.034787,-1.1143,-0.86954,0.13043,2.2765,0.27407,-0.89821,-0.40289
1.3913,1.9061,-1.434,-0.46391,0.40017,-0.65119,-0.69899,1.0645,1.7933,0.12833,-0.44901,-1.1994
1.3044,1.7406,-1.1005,-0.65807,0.22217,-1.3179,-0.565,0.28857,1.3983,0.50408,-0.52145,-0.60874
2.3278,0.42889,-1.6379,-1.0407,-0.64929,-2.475,-0.80299,0.2032,0.84495,-0.73695,-0.81463,-0.53665
2.1202,-0.14471,-1.7555,-0.3401,-0.10757,-2.4626,-0.66118,0.67896,1.4797,0.19873,-0.22334,-0.76315
2.6721,-0.64582,-2.3102,-0.53753,0.3795,-2.3609,-1.0503,0.40211,0.33805,-0.50542,-0.62062,-0.62176
1.4261,-1.428,-2.7652,0.22293,0.68768,-1.3327,0.4978,0.70361,0.50875,-0.43857,-0.58589,-1.0256
2.3457,-0.2634,-1.6166,0.1287,0.45726,-1.2473,-1.387,0.17271,0.8112,-1.1257,-0.6508,-0.43425
2.9875,-0.16846,-1.8645,-0.51252,0.27349,-1.8098,-1.0064,0.81961,1.2723,-0.53634,-0.20844,0.35313
3.844,-0.94629,-1.8527,-1.047,-0.47552,-2.6856,-0.69898,0.39505,1.3315,-0.39164,-0.76003,-1.09
