-0.27508,0.26994,-0.26151,0.24998,-0.23562,0.21875,-0.19975,0.17906,-0.15714,0.13448,-0.11156,0.088883
-0.1372,0.13659,-0.13559,0.13419,-0.13239,0.13021,-0.12764,0.1247,-0.12139,0.11773,-0.11372,0.10938
-0.26423,0.26056,-0.25452,0.24624,-0.2359,0.2237,-0.2099,0.19478,-0.17863,0.16178,-0.14454,0.12724
-0.39342,0.38504,-0.37131,0.35254,-0.32918,0.30179,-0.27101,0.23755,-0.20221,0.16579,-0.12912,0.09304
-0.38404,0.37375,-0.35699,0.33429,-0.30638,0.27414,-0.23856,0.20072,-0.16171,0.12262,-0.084481,0.048244
-0.1944,0.55457,-0.79215,-1.268,-0.34964,-0.38161,0.48785,1.1703,-0.13468,0.61634,-0.58652,-0.22797
1.1053,1.1296,-0.38255,-1.477,-0.0086681,-2.0621,-0.10773,1.3894,-0.909,0.12951,-0.67185,-0.099601
0.68646,2.5508,0.4223,-1.2818,0.93951,-1.5675,-0.24169,0.66009,-1.2733,0.48563,-0.45653,-0.63717
-1.1001,2.6753,0.57275,-1.0766,0.55495,-2.7564,-1.3554,0.59062,-1.0396,0.036641,0.10277,-0.76401
-1.7209,2.2408,-0.76428,1.338,-0.55955,-1.5474,-1.4108,0.37903,-2.0081,-0.7964,0.90914,-0.81435
-2.2215,1.8432,0.61672,0.007992,-0.67162,-0.81951,-0.6381,0.377,-0.43858,0.099499,0.82555,0.0089918
0.42593,1.7261,-0.66269,-0.57617,-0.43004,-1.2854,-0.75272,0.21008,-0.22232,0.68867,0.82473,0.21217
-0.98476,2.0066,-0.15815,-0.59523,1.102,-0.17018,-0.38908,0.86525,-0.49151,0.71928,0.54126,-0.45876
-0.32517,2.0141,-0.44645,-0.53551,0.57305,-1.3794,-1.1911,0.90458,-0.58232,1.1224,0.92373,-0.75523
-0.71655,2.079,-1.0076,-1.4119,0.15258,-0.65942,-0.17093,0.91789,-1.1215,0.57149,0.29002,-0.69181
-7.729,2.8901,-0.63692,-0.2726,0.11209,-1.0751,0.4427,-1.131,-0.27036,-1.54,-0.82274,-0.62795
-9.525,5.0386,-0.97141,-0.28272,-0.46053,-1.5254,0.54859,-0.95328,0.038764,-0.854,-0.5824,-0.42652
-9.4462,5.5518,-1.9005,-0.54841,-0.078761,-1.7713,1.0279,0.22478,0.29941,0.030486,-0.55423,-1.0902
-8.9239,4.5126,-1.7397,-0.74111,0.027221,-0.45133,0.50759,-0.92772,-0.71211,-0.35532,-0.16484,-0.91939
-8.8941,4.9175,-1.2899,-1.1345,-0.85173,-0.87596,0.91824,-0.6051,-0.27192,-0.12403,-0.79438,-0.97649
-9.6003,3.9023,-1.8229,-0.78111,-0.19173,-0.7871,0.75671,-0.30539,-0.04985,0.68166,0.16302,-0.77383
-9.1095,4.1416,-1.8963,0.42379,0.43873,-0.87178,0.28121,-0.8207,-1.0818,-0.58001,-0.30441,-1.2928
-10.561,4.6102,-1.317,-0.24585,0.54807,-0.21553,0.82931,-0.057452,-0.60397,0.026015,-0.0053379,-0.68463
-10.978,4.4019,-0.84944,-0.43744,-0.20345,-0.89932,0.49613,-1.2937,-0.31121,0.4156,-0.33322,-0.84847
-11.373,4.6272,-0.30403,-0.051001,0.17895,-1.6283,0.25079,-0.86324,-1.0255,-0.49162,-0.43974,0.033327
-8.9855,3.9068,0.19524,-1.8996,-2.8854,-2.1608,0.12955,-0.28708,-0.70376,-0.34128,-0.55626,-0.65378
-6.8213,3.526,-1.2268,-1.1984,-1.598,-2.6503,0.025952,-0.68943,-0.17766,0.26752,0.31831,-0.41626
-6.7069,1.8305,-1.7969,-1.1683,-0.61522,-1.8176,0.81979,0.20764,-0.2852,-0.58466,-0.64269,-0.60159
-5.3902,1.3932,-1.0099,-1.1855,-0.92072,-3.2558,0.24736,-0.61061,-0.73351,-0.32726,-0.65063,0.1297
-1.7274,2.8001,0.39771,-0.052321,-1.0882,-2.1428,0.26752,0.44179,-0.25204,0.30444,0.48278,-0.073041
1.8096,2.4135,2.0243,0.36924,-2.0263,-1.9782,-0.34949,-0.25814,0.43705,-0.11897,0.31338,-0.34042
2.9201,0.68141,2.8729,0.19432,-2.7447,-2.6811,-0.73911,-0.014007,0.67236,-0.13605,-0.29358,-0.010648
2.9358,0.65896,2.3032,0.23027,-2.1546,-2.2364,-0.85384,0.18617,0.60872,-0.11553,-0.18128,-0.16147
3.5154,0.35446,2.2689,0.49842,-2.2923,-2.4462,-0.53601,-0.056034,0.91432,-0.054988,-0.55835,0.20755
3.416,-0.043719,2.1861,-0.18718,-2.0276,-2.1223,-0.68023,0.34591,0.72072,-0.23659,-0.056946,-0.35037
3.2381,0.49246,1.8491,-0.4712,-1.6017,-2.6126,0.11396,-0.2695,1.1183,-0.15345,-0.31468,-0.027354
4.0443,0.10329,1.975,0.078615,-1.6669,-2.6006,-0.30419,0.14782,0.82513,-0.06944,-0.19757,-0.62546
3.943,0.34569,2.3354,0.16821,-1.7184,-2.4255,-0.80535,-0.079054,1.1106,-0.18166,-0.10203,-0.89089
4.0112,0.48026,2.2526,0.18063,-1.7044,-2.4813,-0.70064,-0.12557,1.0672,-0.38233,-0.49056,-0.96145
4.5407,0.59694,2.1546,-0.41747,-1.4897,-1.8816,-0.94844,-0.43443,0.73065,-0.27378,-0.16932,-0.82493
3.7709,1.852,1.6023,0.88066,-0.32953,-2.6797,-1.2856,-0.47777,0.14019,0.18937,0.34684,-0.32533
2.5252,1.723,1.7717,1.6645,-0.77196,-2.4512,-0.42247,0.19022,0.55845,-0.26781,0.22443,-0.23132
2.7945,0.92599,1.354,0.73019,-0.066789,-1.9138,-1.0574,0.14449,0.78985,-1.2061,0.076229,-0.18048
2.5427,0.082404,1.1573,-0.074758,-1.6204,-1.7804,-1.4656,-0.15254,-0.24765,-1.1324,-0.33917,-1.1195
2.2228,0.28877,1.1837,0.26063,-1.7662,-2.5353,-0.76566,-0.65046,0.10586,-1.0501,-0.65982,-1.345
3.1888,0.62115,1.6291,-0.56262,-1.772,-2.4988,-0.43468,-0.80581,0.78799,-0.37174,-0.65815,-1.1067
2.6158,0.68804,1.5422,-0.73223,-1.3026,-2.3377,-0.44409,-0.23658,0.33206,-0.37364,-0.72869,-0.86753
3.4489,0.16183,1.2052,-0.33166,-1.0869,-2.1359,-0.41807,0.097608,0.4822,-0.63087,0.14058,-0.78933
3.9994,-0.010935,2.0635,-0.055801,-1.0469,-2.0738,-0.74838,-0.9362,0.21563,-0.11065,0.21426,-1.0986
4.2692,0.3601,2.1622,0.49511,-0.85378,-2.0879,-0.40759,-1.1471,-0.35519,-1.2036,-0.24643,-1.0945
4.4272,0.064864,2.8607,0.85078,-1.485,-2.6142,-0.84105,-0.59754,0.42019,-1.585,-1.2827,-1.1751
3.4277,-0.13909,2.9404,1.0896,-0.46587,-2.2436,-0.78538,-0.96045,0.36315,-1.8876,-0.95294,-0.57762
3.6595,-0.13487,2.3141,1.0696,-0.69997,-2.4367,-0.68527,-0.4102,0.12574,-1.4176,-1.2312,-1.1714
3.8926,-0.98783,1.9234,-0.46086,-1.8598,-2.5143,-0.77923,-0.23791,0.49938,-1.1809,-1.5656,-0.92954
4.651,-0.68863,2.7285,-0.013487,-1.8772,-2.7353,-1.1139,0.40305,0.15032,-1.2359,-1.2207,-0.74664
4.5891,-0.55557,2.0328,-0.35585,-1.2058,-2.1208,-0.38484,-0.028325,0.048905,-0.39027,-0.21897,-0.7151
5.5335,-0.68866,1.951,0.42006,-1.3583,-1.1072,-0.84166,0.02341,-0.21081,-0.57627,0.050438,-0.4749
1.4662,3.0637,0.93242,0.019375,-1.19,-2.4998,0.2405,0.057953,0.4158,-0.37185,-0.77514,-0.88794
0.17083,3.8388,0.33513,1.2174,-0.23099,-2.219,0.24003,-0.84689,-0.18871,-0.2626,-0.72216,-0.85692
-1.0731,4.7486,-0.76059,0.84981,-0.96141,-2.2653,-0.22156,-0.71632,0.42061,0.24668,-0.32955,-0.32927
-1.8898,5.0817,-0.53935,-0.17984,-0.88419,-2.1512,0.30659,-0.2574,0.13273,-0.21336,-0.35941,-0.39979
-2.4167,4.0862,-0.1755,0.81805,-0.47157,-2.2805,0.2436,-0.70517,-0.72864,-1.0282,-1.0577,0.11344
-2.3486,4.3693,-0.72277,-0.85827,0.17304,-2.5387,-0.31765,-0.36675,-0.20471,-0.93765,-0.078457,-0.55066
-3.1162,3.259,-0.99404,-0.71468,-0.37542,-3.1071,-0.30584,-0.53859,0.6342,-0.52382,-0.59544,-0.59809
-2.3769,2.8771,-0.25964,-0.69324,-0.55542,-3.2652,-0.20239,0.33475,0.3595,-1.046,-0.68547,-0.67933
-2.175,2.8809,0.36899,-0.29063,0.38546,-2.7631,-0.21097,0.030709,0.73767,-0.30301,-0.10174,-0.52254
-0.44642,3.0973,-0.52674,-0.64281,-0.086677,-3.073,0.19185,0.46433,-0.13818,-0.69394,-0.089466,-0.28988
0.25106,3.1578,0.5718,-0.050302,-0.49937,-3.2582,-0.17979,-0.062536,0.29434,-0.33581,0.012157,-0.043044
1.22,3.0442,0.71839,0.025605,-0.40104,-3.0933,-0.11806,-0.022417,0.15869,-0.7729,-0.32727,-0.23957
1.1069,3.5543,0.12113,-0.20769,-0.55056,-2.4492,0.57726,0.22373,-0.11815,-0.99288,-0.66674,-0.32771
1.0271,2.5677,0.6702,-0.14727,-0.069541,-2.8455,0.53268,0.54286,0.26541,-0.57619,-0.70173,-0.9398
1.3899,2.5665,0.25781,-0.177,0.015941,-2.8458,-0.20058,-0.27383,-0.44861,-0.69245,0.31575,-0.39715
1.657,2.9566,0.75025,-0.78781,-0.68927,-2.9879,-0.25037,-0.36186,-0.47883,-1.0481,-0.12501,-0.84629
1.8167,1.8266,0.81787,-0.1263,-0.83053,-3.5219,-0.42756,-0.52175,0.28965,-1.4763,-0.79166,-1.0526
2.3661,3.0068,0.63456,-0.40052,-0.53882,-3.5742,0.19957,-0.35278,0.81458,-0.86295,-0.7685,-1.167
2.8668,3.1664,1.4093,-0.21312,-0.61738,-3.0038,-0.39358,0.41562,0.24771,-1.4776,-0.28214,-1.3492
3.2355,2.1254,1.1081,-0.72735,-0.64173,-2.8034,-0.26242,-0.26986,0.11741,-0.5505,-0.68801,-0.85042
3.1512,2.406,1.1476,0.51388,-0.28708,-3.196,-0.56801,-0.91279,0.28109,0.050258,-0.50517,-0.72766
3.5129,2.0091,0.45572,-0.19789,-1.0301,-3.1382,0.17891,-0.12708,1.0329,-0.68949,-0.75195,-1.2701
3.2928,1.8798,0.082576,0.50321,-0.19189,-3.3775,0.23694,0.12217,0.82993,-1.2311,-0.80692,-1.0105
3.3633,1.2107,0.29366,0.46462,-0.83937,-3.0625,0.50893,0.058163,0.41072,-0.23598,-0.71431,-0.46826
3.1018,0.85647,0.12684,-0.67879,-1.2551,-3.806,-0.27263,0.6176,0.55708,-0.23645,0.15537,-0.14181
3.9905,1.8459,-0.58733,-0.67837,-1.358,-3.4308,-0.62846,0.81799,0.67285,-0.34252,-0.35337,-0.50298
2.7076,1.5277,0.3513,-0.304,-0.30277,-3.4402,-0.43688,0.4978,0.27214,0.19028,-0.1679,-0.5016
4.4452,1.9699,0.11008,-0.27845,-0.68459,-3.169,-0.59772,0.47619,0.04122,-0.20334,-0.37741,-0.43284
4.2935,1.8497,0.25727,-0.63498,-0.49891,-3.4582,-1.4114,0.46127,-0.067644,0.17522,-0.28037,-0.26245
3.2645,2.2992,0.70612,-0.78558,-0.51235,-2.6872,-0.37185,0.55402,-0.3973,0.16097,-0.33078,-0.67887
3.6822,2.9397,1.9653,-0.095543,0.73902,-2.6176,-0.44948,0.6506,-0.69488,-0.047225,-0.56691,-0.82892
4.6208,2.4475,0.45298,-0.82561,0.36397,-2.1154,-0.63272,1.6267,0.12998,-0.24177,-0.17473,0.06933
4.6121,2.2919,0.44711,-0.34014,-0.49525,-2.8909,-1.0982,1.4024,0.039314,-0.35977,-0.1371,-0.048292
4.4757,2.1145,-0.2594,-0.78502,-0.53166,-2.6181,0.022215,1.9562,0.24978,-0.42713,-0.13798,-0.17739
4.9115,2.204,-0.11689,-0.53402,-0.16284,-1.7681,-0.29146,1.0116,0.18232,-0.3997,0.25181,0.49405
4.9971,2.4808,0.12008,-0.80046,-1.2198,-2.4883,-0.17303,0.62777,0.14969,0.073577,-0.43616,-0.10621
4.1281,1.5577,-0.30193,-1.1844,-1.277,-1.8589,0.44773,1.2794,0.11281,0.024632,0.51652,0.25877
4.1621,1.3799,-0.66379,-1.07,-0.73692,-2.0478,-1.221,0.57204,-0.20982,-0.72087,-0.56657,-0.39985
4.3896,0.97665,-1.3461,-1.4882,-1.6519,-2.7059,-1.3059,0.63571,0.63037,0.21442,0.032213,-0.39571
5.0944,1.8572,-0.78121,-0.60712,-1.1733,-1.927,-1.0363,0.49879,0.56113,-0.65149,-0.11485,-0.65966
6.034,2.2333,0.19446,0.14024,-0.041031,-0.80662,0.12288,0.80082,-0.26614,-0.67896,-0.91362,-0.35986
3.7564,2.369,-0.017987,-0.89453,0.26276,-2.3821,0.56049,0.50751,-0.04349,0.19365,-0.86662,-0.0125
0.57364,4.8459,-0.35138,-0.10336,2.563,-3.0434,1.2268,-0.40229,-0.39988,0.04826,-0.35991,0.64372
-1.8424,6.7204,-0.50165,-0.046145,1.5847,-3.2269,1.054,0.11902,0.31157,0.68221,-0.61062,-0.19922
-3.8594,7.19,-0.39266,-2.3625,0.88159,-2.4246,1.8122,-0.34522,-0.0030362,0.072688,-1.0112,-0.35921
-4.8385,7.4435,-0.040885,-1.1592,0.41726,-2.9302,-0.095639,0.79318,0.8098,-0.15388,-1.0916,0.29491
-5.4076,7.4483,-1.1674,-1.3012,-0.10773,-3.4141,0.10568,0.59756,0.76171,-0.24702,-0.35902,-0.031568
-5.3073,6.7914,-2.0836,-1.8156,-0.39599,-2.7833,-0.18495,0.73699,0.64288,-0.62715,-0.71223,-0.23082
-5.4041,6.7835,-2.5899,-1.9493,0.2568,-2.6059,0.031399,0.47671,-0.12316,0.47224,0.22258,-0.46099
-4.9174,7.9462,-1.9394,-1.7992,-0.4942,-2.8255,-0.20936,-0.66776,-0.26424,-0.19908,-0.75485,-0.75519
-5.1892,7.326,-1.6575,-1.4972,-0.98851,-2.6018,0.37348,-0.45547,-0.039287,-0.24199,-0.71561,-0.46212
-6.1183,7.2016,-1.2488,-1.4795,-0.30948,-2.3063,0.18604,-0.51317,-0.039972,-0.36267,-1.0044,-0.44905
-6.5697,7.6804,-0.35712,-1.1878,-0.66989,-2.4114,0.2997,-1.2699,-0.72659,0.37819,-0.75637,-0.84124
-8.6494,6.9063,-1.3194,-0.81963,-0.044961,-2.3918,0.045076,-1.0025,-0.90391,-0.12731,-0.82836,-0.65089
-8.0983,6.9692,-0.93355,-1.5866,-0.88848,-1.7458,0.35806,-0.83217,0.34626,0.18683,-1.2588,-1.0599
-6.8706,4.5991,-0.91691,-1.3438,-1.5065,-2.675,0.021018,-0.62716,0.51178,0.43027,-0.20553,-1.1746
-6.6747,2.8491,-1.8082,-1.8534,-0.88149,-3.2804,-0.97826,-0.7772,-0.44689,-0.46925,-1.0763,-0.91252
-4.8949,2.8273,-1.1639,-1.6797,-0.65189,-2.7875,-0.28307,-1.0818,-1.0939,-0.64489,-0.7236,-0.30209
-3.4627,2.9902,-0.95924,-0.761,-0.95104,-2.2529,-1.4172,-0.030924,0.49708,-1.0562,-0.45627,-0.77388
-0.96879,3.255,-0.86344,0.34236,-0.32886,-2.2502,-0.27881,-0.07473,0.87795,0.54444,-0.44596,-0.95101
2.0626,1.4804,0.020396,0.10591,-0.84923,-1.3348,-0.27066,-0.10402,1.2896,-0.088196,-0.58074,-1.1121
3.4522,0.21932,0.48234,-0.52491,-1.6898,-1.2249,-0.85759,-0.10261,1.4994,0.45197,-0.47139,-1.1864
3.5618,0.42967,0.015688,-0.52901,-0.77843,-0.63984,-0.41568,-0.17547,1.063,-0.29129,-1.2195,-1.4246
3.4808,-0.14177,-0.013105,-0.75534,-0.36181,-0.71436,-0.41564,-0.49001,1.0766,-0.40122,-0.96567,-0.7311
4.0921,-0.60821,-0.032417,-0.14361,-0.63342,-0.67752,-0.70079,-0.88265,1.4803,-0.49377,-0.94471,-0.74169
3.918,-0.56681,0.402,-0.12454,-0.71432,-0.85143,-0.75407,-0.49031,1.3888,-0.85211,-0.6905,-0.18782
4.1643,-0.55876,0.29471,-0.10633,-0.30615,-0.83573,-0.97935,-0.78197,1.4713,-0.84568,-0.1537,-0.093045
4.3081,-0.037224,-0.17179,-0.41023,-0.3818,-0.84371,-1.136,-0.58836,1.597,-1.0635,-0.26642,-0.22188
4.7305,0.45643,-0.0003175,-0.26139,-0.94152,-0.76752,-0.76864,-0.74906,1.3929,-1.021,-0.055173,-0.46697
5.1541,0.72062,-0.13257,-0.26492,-0.31971,-1.1281,-0.97818,-0.67134,1.1595,-0.8509,-0.7055,-0.31286
5.5142,0.79697,-0.94269,-0.12711,0.019865,-1.0782,-1.3952,-1.0355,1.4,-0.44935,-0.73654,-0.065071
5.5199,0.64242,-0.62988,-0.43448,0.024953,-0.56454,-1.1527,-0.87227,0.60007,-0.47724,-0.40657,-0.4724
5.997,0.62429,-0.95156,-0.10806,0.099081,-0.75228,-1.0337,-0.49602,0.6502,-0.95922,-0.53668,-0.2527
5.7549,0.7368,-0.096785,0.24812,-0.12594,-1.3214,-1.2718,-0.33136,1.0434,-1.3473,-0.51904,-0.15508
6.2284,0.57309,-0.14934,0.23942,-0.13381,-1.0356,-1.4526,-0.57194,0.81975,-1.2519,-0.43762,-0.59895
5.9944,0.46028,0.51799,0.64418,-0.43428,-1.0171,-1.404,-0.82446,0.98741,-1.6603,-0.24372,-0.34729
6.5585,-0.48646,0.57996,0.85809,-0.36432,-1.02,-1.2028,-0.49713,0.90176,-1.7227,-0.4343,-0.55629
6.5792,-0.2428,0.28451,0.15133,-0.34945,-0.98551,-0.94442,-1.2726,1.4016,-1.2259,-0.54644,-0.64703
6.647,-0.50073,0.83989,0.46488,-0.47915,-1.2224,-0.70811,-0.96206,0.88772,-1.1298,-0.76606,-0.35099
5.9806,-0.33335,1.527,0.31076,-0.68312,-1.0043,-1.53,-0.89605,1.2431,-0.91471,-0.77782,-0.24144
5.1875,-0.18433,0.80845,0.60235,-1.5316,-0.6859,-0.77284,-0.0077435,0.74726,-1.3519,-0.4668,-0.28248
5.958,-0.17407,1.8188,0.56119,-1.8561,-0.90622,-0.49021,-0.50057,0.33757,-1.898,-0.17229,-0.14501
5.1594,0.36341,1.5027,0.81358,-1.367,-1.3565,-1.1076,-0.34519,0.29754,-0.70251,-0.21715,-0.6243
6.6279,-0.21809,1.7835,-0.050085,-0.83654,-1.5071,-0.74333,-0.33237,0.28555,-0.46427,-0.17287,-0.93478
6.1842,0.3531,1.4143,0.2267,-0.623,-0.97055,-1.0694,0.12951,-0.040395,-0.74158,-0.13988,-0.84763
6.741,-0.39723,1.255,0.064751,-0.033289,-0.47149,-0.29344,-0.33042,-0.59436,-0.311,-0.84711,-0.9275
6.5255,-0.99328,1.0402,0.47771,-0.17715,-0.36796,-0.73574,-0.60039,-0.56153,-1.5158,-0.9874,0.07601
7.0534,-1.3322,0.41738,0.64736,-0.21433,-0.8646,-0.77816,-0.46798,-0.36566,-1.4082,-0.61693,-1.4589
6.7475,-0.94636,0.26931,0.37476,-0.18113,-0.67711,-1.4862,-1.1823,0.32307,-1.314,-0.93658,-0.86807
6.9682,-0.28106,1.4876,0.43052,-0.51238,-0.96402,-1.115,-0.83545,-0.49334,-1.2269,-0.82532,-0.76862
5.7974,0.16279,0.63125,0.41442,-0.3242,-0.98119,-1.5242,-0.52036,-0.26039,-0.49527,-0.38561,-0.77483
6.715,-0.52355,0.41502,-0.2312,-0.56738,-0.97758,-2.0867,-0.90122,0.33045,-0.45639,-1.2163,-1.3744
6.4957,-0.2518,0.38806,-0.10425,-1.5469,-1.5771,-1.2582,-0.71549,-0.30793,-1.4579,-1.3767,-0.56093
5.2389,-0.38248,0.86102,-1.1444,0.53244,-1.3328,-1.6973,0.29077,-0.10894,-1.1981,-0.59696,0.18138
-1.1012,1.4776,1.9235,-1.759,1.6168,-1.2275,-0.11989,-0.2186,0.34263,-0.63147,-1.1387,0.084307
0.30863,2.4434,0.80426,-1.4191,0.8875,-1.2082,-0.035171,-0.30269,0.13097,-0.25329,-0.99496,-0.20417
-0.33986,2.7402,1.123,-1.8881,0.46428,-1.3149,-0.38349,0.032587,-0.53956,-1.0105,-0.92008,-0.00072237
-1.9721,1.3219,1.3718,-1.3499,-0.058254,-0.57344,-0.071735,-0.43657,0.51043,0.054237,-1.8157,-0.57518
-2.5969,1.7943,1.4152,-2.5266,0.10391,0.22679,0.20732,-0.40497,-0.029101,-0.22453,-1.4436,-0.56287
-1.5697,1.4197,1.5263,-1.6403,0.071761,-0.992,-1.0858,-0.1846,-0.1052,-0.94499,-1.471,-0.28032
-1.3593,1.574,2.2857,-1.245,0.17699,-1.022,-1.5967,-2.0585,-0.06129,-0.85168,-0.74897,-1.0177
0.64126,1.2613,1.4259,-2.2577,0.019297,-1.2085,-0.71935,-0.62045,-0.1995,-0.016032,-1.4538,-1.2147
0.18259,0.65935,1.4745,-1.3508,-0.10548,-0.48335,0.13451,-1.0143,0.17163,0.78469,-0.69487,-1.0478
1.6586,0.79558,1.9226,-1.7492,0.05044,-0.6074,-0.60551,-1.4996,-0.6601,-0.67339,-0.98716,-0.37168
2.2544,1.0262,1.2329,-1.5946,-0.2779,-0.9063,-0.53138,-1.0615,0.57065,-0.24303,-1.4258,-0.2602
3.2585,0.45507,1.7693,-1.2494,0.035466,-1.0358,-0.60482,-0.92145,-0.32987,-0.48862,-0.54545,-0.15571
4.3328,0.58357,1.897,-1.6581,0.52561,-0.39361,-1.072,-0.79158,0.39161,-0.2629,-1.3685,-0.96456
4.3155,0.59302,1.9909,-1.8035,0.52472,-0.51107,-0.52279,0.075113,0.83861,-0.93362,-1.6992,-0.70266
4.79,-0.15084,1.9703,-1.9506,0.87178,-0.36761,-0.75428,-0.78255,-0.13603,-0.3146,-1.581,-0.47765
5.0446,-0.05683,2.5135,-1.3171,0.5246,-0.26029,-1.3727,-0.78516,0.081194,-0.22051,-1.6774,-0.66849
4.8978,0.024962,2.4972,-1.8073,0.0078827,-0.21554,-0.58926,-0.7094,-0.49845,-0.54495,-1.7758,-0.44773
5.3154,-0.34588,2.204,-1.7694,0.11398,-0.38949,-2.1977,-0.93058,0.61805,-0.65918,-1.0837,-0.92002
4.962,0.065371,0.94073,-2.3085,-0.14186,-0.034943,-1.8075,-0.93847,0.55356,-1.042,-1.8732,-1.0121
5.0019,0.0090573,0.7145,-2.2906,0.19601,-0.44773,-1.9738,-1.0618,0.37011,-0.70649,-1.3764,-0.14104
5.4101,0.61822,1.2884,-1.278,-0.090119,-0.00075846,-1.7418,-1.1123,0.61178,-0.39079,-1.1448,0.20462
5.9267,1.2909,1.7525,-0.95982,0.10005,-0.23584,-1.7541,-1.0161,-0.085998,-0.61508,-1.3843,-0.6772
6.237,0.81453,1.1034,-1.5197,0.66484,0.36966,-1.5783,-1.2521,-0.01239,-0.26708,-1.7467,-0.8855
4.1509,0.18149,1.2812,-1.6318,-0.1719,0.2107,-1.2457,-0.43564,0.33211,-0.25206,-1.6293,-0.36649
4.6027,-0.34848,0.24266,-1.7025,0.56415,0.6248,-0.78156,-0.16235,0.16219,-0.72759,-1.2692,-0.25755
5.1848,0.32875,0.16301,-1.2632,0.86135,0.86108,-0.57106,-0.24604,1.0886,-0.33258,-1.6608,-0.74255
5.7296,0.54088,-0.61091,-1.1343,0.67225,-0.004094,-0.95291,-1.2532,0.53434,-0.37251,-0.72461,0.24995
4.3194,-0.26247,-0.19602,-0.85977,0.90262,0.22424,-0.62876,-0.19493,0.75452,0.37862,-0.54505,-0.15225
5.4467,0.36182,-1.1401,-2.2119,-0.16119,-0.82223,-1.3912,-0.73943,0.83067,0.46377,-0.39994,-0.55657
6.0159,0.6869,-1.4631,-2.049,-0.4428,-0.69483,-1.3826,-0.81405,-0.40782,0.15719,-0.76085,-0.89486
5.4849,0.82216,-0.82734,-1.8392,0.089477,-0.59325,-0.58812,-0.028832,-0.11771,-0.67739,-1.2278,-1.452
5.317,0.30145,-0.85468,-1.8569,0.17706,-0.47908,-1.1061,-0.2246,-0.69155,-0.37969,-1.0197,-0.88629
5.216,1.069,-0.23938,-0.88398,0.40304,-0.56835,-0.90634,0.086133,-0.42608,-0.71995,-1.2674,-1.0027
6.0985,2.6768,1.1517,-0.99331,-0.093082,-0.75411,-1.2107,-0.54385,-0.54206,-0.037442,-1.2637,-0.76559
5.9872,2.4962,0.013835,-1.6206,-0.46441,-0.2089,-0.41402,0.071114,-0.096976,-0.081889,-1.0632,-1.3244
5.6704,2.1311,-0.35318,-1.7744,0.31135,-0.68823,-1.3083,-0.40576,0.40639,-0.04405,-1.2336,-0.91323
5.9203,2.1865,-0.31246,-1.4312,-0.74316,-1.0471,-1.0271,0.41281,-0.1187,-0.55548,-0.83885,-0.60314
5.8233,1.8985,0.54586,-1.1581,-0.17858,-0.93338,-0.98166,0.39284,0.057849,-0.25441,-1.0352,0.019526
5.0112,2.1635,0.34975,-1.4449,-0.12775,-0.93788,-0.82993,0.44537,0.12659,0.41672,-0.35528,-0.44072
4.6308,1.8382,1.1046,-1.8807,-0.99954,-1.1145,-0.73587,1.1204,0.15985,0.30141,-0.77204,-0.61999
5.2589,2.019,0.2289,-2.1994,-1.153,-1.2483,-1.053,-0.2349,-0.64121,-0.0224,-1.054,-0.86675
4.8617,3.2911,1.3907,-0.79169,0.27699,-1.1817,-1.6712,-0.5742,-1.1299,-0.89095,-1.6609,-1.0415
6.2937,2.8681,0.25512,-1.686,-0.44062,-1.1807,-0.14979,0.49728,-0.66505,-0.59338,-1.4124,-0.98399
5.5033,2.7382,1.1568,-1.1709,-0.30926,-0.39666,-0.47442,0.83207,-0.34801,-0.40239,-1.6693,-1.2581
4.6727,2.3812,0.56859,-0.81348,-0.057721,-0.3296,-0.44929,1.0247,0.26492,-0.43217,-1.4703,-1.2285
4.5613,2.1599,0.012863,-1.5038,0.15343,-0.17047,-0.17724,0.45919,-0.31202,-0.18429,-0.66061,-0.65355
4.5229,2.255,0.44622,-1.4863,-0.74185,-0.91939,-0.99788,0.34724,-0.47973,-0.58458,-0.59346,-0.7462
4.5689,2.9928,0.66572,-1.3626,-0.77736,-2.0638,-1.6658,-0.26413,-0.28846,-0.51458,-0.8781,-0.36727
4.8234,2.6671,0.39792,-1.2158,-0.64962,-1.6071,-1.3002,-0.013557,0.085612,-1.0952,-1.5328,-1.2154
3.9858,1.9568,0.80128,-0.86581,-0.71419,-1.7298,-0.73991,-0.28065,-1.1172,-0.8179,-0.021645,-1.0069
3.8104,1.8714,-0.13504,-1.5804,-0.66284,-1.2138,-0.58791,0.003378,-0.65512,0.3218,-0.13624,-1.0528
5.8807,3.7139,1.4268,-0.38505,-0.22943,-0.7965,-0.68843,-0.043146,-0.017831,-0.23952,-0.70744,0.18558
7.3058,4.3993,2.3747,0.61588,-0.6611,-1.8989,-0.95772,0.1165,-1.0157,-0.16076,-0.098443,-0.30469
8.6526,2.6193,3.4517,1.7799,-2.2748,-2.6233,0.1117,0.054091,-1.4206,-0.053389,0.28265,-0.94815
7.3925,2.4059,3.7312,2.4516,-2.5751,-2.8348,-0.2154,-0.14715,-0.6343,0.317,-0.24568,-0.54024
7.91,2.6382,3.2572,1.8121,-2.6613,-2.3354,0.14572,-0.19287,-0.56501,0.17597,-0.041023,-0.75802
6.0196,2.3815,2.6191,1.3624,-2.1073,-2.0634,-0.069782,-0.53045,-0.9072,0.25268,0.13917,-0.51458
7.8672,1.3613,3.3691,2.0739,-2.4105,-3.443,0.38343,-0.18372,-0.62837,0.042435,-0.41725,-0.59556
5.7405,2.1347,2.2089,1.2984,-1.89,-1.7696,-0.2538,-0.49472,-0.73644,-0.13977,-0.23335,-0.47454
5.6265,2.0029,4.1677,0.47741,-1.3443,-2.2463,-0.81159,0.32438,-1.6454,-0.12182,0.082581,-1.0253
4.9617,1.7033,3.0582,0.37417,-0.70494,-2.8242,-1.5596,0.77215,-1.1094,0.13537,-0.029322,-1.1142
6.8,0.5176,2.3547,-0.11232,-0.060703,-3.0073,-1.5901,0.67041,0.69602,-0.19268,-0.21511,-1.1979
5.9615,0.12,1.7029,0.098346,-0.87167,-2.217,-1.2401,0.72228,0.68178,0.19376,-0.81411,-0.62488
6.0952,-0.70008,1.5329,0.20917,-1.0289,-1.7458,-1.2477,0.19899,0.49374,0.44905,-0.65064,-0.58779
6.5072,-1.0697,1.7765,-0.35953,-0.50344,-1.784,-0.99913,-0.22738,0.88508,0.055837,-0.59355,-0.66451
7.0341,-0.70522,1.4195,-0.41338,-0.19963,-2.115,-1.0107,0.22994,0.69991,0.33609,-1.0441,-0.80263
6.676,-0.70242,1.7103,-0.23197,-0.94989,-1.2834,-1.091,-0.47325,0.79283,0.58764,-0.34601,-0.78354
7.0601,-0.71963,1.7223,-0.43489,-0.74522,-1.7264,-1.3991,-0.34318,1.0531,0.2554,-0.29811,-0.53877
7.4144,-0.80568,1.6556,0.17591,-0.70611,-2.4948,-0.77216,-1.4323,1.7631,0.12797,0.19844,-1.0265
7.4185,-0.1627,0.75835,0.080955,-0.85652,-1.8742,-1.1076,-1.0599,1.2923,0.34785,-0.4154,-0.81748
7.7665,-0.60565,1.4638,-0.5569,-0.56983,-1.472,-1.4936,-1.3899,1.281,0.25479,0.26058,-0.63343
5.9629,0.1725,0.18489,0.13756,-1.2341,-1.6187,-1.3988,-0.21127,0.91891,0.60448,0.16941,-0.39897
6.5541,0.67364,0.56969,0.12161,-1.2411,-1.4346,-1.9009,-0.70901,0.82891,0.4459,0.15289,-0.82624
7.9824,-0.025873,1.2704,-0.27792,-1.3383,-1.2506,-1.3203,-0.96214,0.97121,0.24556,-0.113,-0.98744
4.9296,0.76217,0.96652,0.82249,-0.88928,-0.81546,-0.9143,-0.22634,-0.28121,0.14773,-0.44854,-0.15147
4.1788,1.2042,0.096167,0.63864,-0.16013,-0.97533,-0.63119,-0.15748,-0.2934,1.3099,-0.80417,-0.56952
2.9029,1.403,-0.29521,0.51967,0.059351,-1.6206,-0.9321,-0.07017,-0.64469,-0.17525,-0.52011,-0.66007
0.94957,1.8286,0.39418,-0.20919,-0.78289,-1.4367,-0.78321,-0.017943,-0.73854,-0.070369,-0.77203,-1.1379
1.1227,1.8673,0.52232,-0.2078,-1.0573,-2.2253,-1.8135,-0.36872,-0.81683,-0.074341,-0.64014,-1.3229
1.1852,1.9001,0.36018,0.18352,-0.087231,-1.8976,-2.2853,-0.5339,-0.83744,-0.59573,-0.80173,-0.98921
1.7717,2.1275,0.22268,0.23379,0.051471,-2.0065,-1.5344,-0.0093955,-0.5972,-0.64347,-1.5884,-0.79293
1.7033,2.2417,0.55627,0.41608,-0.55308,-1.2418,-1.0782,-0.63305,-0.54641,-0.27608,-1.0445,-0.74428
0.38247,1.4985,0.095531,0.44918,-0.025467,-0.79414,-0.73535,-0.83924,-0.28803,0.32454,-1.1638,-0.32731
0.32157,1.9287,-0.51787,-0.33915,-0.58733,-2.1138,-0.87041,-0.27411,-0.054035,0.15477,-1.4059,-0.81941
0.55153,1.8484,-0.28457,-0.24945,-0.98906,-2.3262,-1.7941,-0.55528,0.097307,0.35723,-1.0097,-0.48185
0.52642,2.0282,-0.44459,0.47301,-0.67355,-1.2584,-0.68497,-0.38529,-0.87113,0.33052,-0.68353,-0.0035728
0.64117,2.7463,0.92193,0.68464,-0.73362,-1.3884,-0.9676,-0.038369,-0.32688,0.97103,-0.78799,-0.42336
0.95335,2.3322,-0.055419,0.036226,-0.03053,-1.1338,-1.2492,0.59712,-0.047779,0.60298,-0.97085,-0.88669
0.4165,2.7961,0.027821,0.79142,0.3518,-1.6638,-0.82601,0.24544,-0.50678,0.11192,-0.91835,-0.78651
-0.0047959,2.0254,0.29835,0.20378,-0.1955,-1.9409,-0.58669,0.34075,0.00061454,0.61251,-0.63054,-0.79513
-0.035973,2.1854,-0.17454,-0.017704,-0.74847,-1.8485,-0.71725,-0.04887,-0.19173,0.64474,-0.27678,-0.48864
0.37986,2.25,0.0066205,0.69641,0.25986,-1.9099,-0.87787,-0.62143,-0.88095,-0.23692,-1.7435,-0.89811
0.77675,2.7424,-0.74129,0.22145,0.52417,-2.1332,-1.3823,-0.014081,-1.1569,-1.0005,-0.86276,-0.57246
0.87785,1.8999,-0.39299,0.22769,-0.39373,-1.9415,-0.38267,0.018983,-0.079624,-0.40421,-1.6012,-0.83001
0.30994,1.4305,-0.98256,-0.51773,-0.12295,-2.2704,-0.62621,0.56622,-0.79061,-0.53448,-1.1141,-0.91106
0.14123,1.9274,-0.51595,-0.27127,-0.98282,-2.7793,-0.89159,-0.18713,-0.54821,-0.099819,-0.62581,-0.38624
1.1709,1.4188,-0.60953,0.40428,-0.23166,-2.7327,-1.701,-0.38786,-0.63299,-0.076457,-0.11647,-1.1256
1.146,2.169,0.73761,0.33933,-0.85457,-2.6101,-0.76173,0.43924,-0.051326,-0.16211,-0.83116,-0.18455
1.8671,2.5074,0.51726,0.71055,-0.22243,-2.0478,-0.95008,0.25949,-0.48894,0.28578,-0.28591,-0.67868
2.6247,2.3491,0.65444,-0.052524,-0.32747,-1.8993,-0.81457,-0.098738,-0.016481,0.93493,-0.8759,-1.0487
2.8965,2.7862,1.0164,-0.50227,-0.64594,-1.8745,-0.8346,0.36748,-0.27952,0.75877,-0.94122,-1.0885
3.6721,2.5363,0.85385,-0.007351,0.088587,-2.3245,-1.5512,-0.75367,0.024584,0.97791,-1.5159,-0.64841
4.1565,2.6256,0.77274,0.45168,-0.19229,-2.6182,-1.9489,-0.5578,-0.28518,0.54916,-1.1937,-0.84329
5.1795,2.0683,0.72993,0.37073,-0.30753,-2.5031,-1.7217,-0.59482,-1.2984,-0.36003,-1.6183,-1.4687
5.1975,2.4105,0.7782,-0.73759,-1.2515,-2.4186,-1.8086,-0.62025,-0.44771,-0.0054853,-1.3893,-1.4179
5.665,1.9257,-0.11016,-0.592,-1.3466,-2.0937,-1.4895,0.12833,0.18607,-0.12406,-1.0656,-0.97524
5.1267,1.783,0.87068,0.040498,-0.5586,-2.1736,-1.059,-0.56939,0.24457,0.45332,-0.51875,-1.455
5.328,2.8762,0.65691,-0.71494,-0.2268,-1.649,-0.64611,-0.69724,-0.45913,0.97882,-1.0274,-1.3948
5.7717,3.1116,0.52321,-1.4528,-1.0478,-1.6188,-0.4129,0.038452,0.36423,0.38238,-0.89092,-1.1908
4.9929,2.4057,-0.28457,-2.0479,-1.2355,-1.7825,-0.9289,0.20409,-0.42933,-0.5933,-0.79462,-0.99261
4.5691,1.6236,-0.54455,-1.9355,-1.3307,-2.2012,-0.81385,0.42312,-0.10583,-0.018953,-0.98514,-1.5919
4.4217,1.505,-0.40267,-1.5734,-1.6373,-2.162,-0.85534,0.65436,0.30738,0.53806,-0.45521,-1.0376
4.3174,0.93703,-0.46576,-1.0155,-1.0392,-1.8318,-1.1098,0.19086,0.82901,1.5304,0.24828,-1.0676
4.5609,2.0414,-0.096432,-0.93957,-1.6903,-2.8854,-1.5587,-0.14525,0.40898,0.65889,-0.12513,-0.61443
4.9246,1.81,-0.58407,-1.1421,-1.1277,-2.0229,-1.3827,-0.32571,-0.0038046,0.67785,-0.0038654,-0.82575
4.8778,1.4575,-0.40646,-1.1078,-1.2116,-2.0549,-1.2351,-0.02836,0.46223,0.59881,-0.76528,-0.9353
4.2812,1.5615,-0.14287,-0.34102,-0.46908,-2.2657,-1.555,0.087799,-0.37991,0.51302,-0.70083,-1.0007
4.8869,1.8139,0.075565,-0.57929,-0.65614,-1.8511,-1.8949,0.11523,-0.0705,0.63373,-0.33007,-1.2474
4.529,2.7184,1.6146,0.31994,-1.1652,-2.6453,-1.4654,-0.48998,-0.95937,0.57821,-0.32901,-1.0903
5.4564,2.8732,0.35971,-0.54352,-0.96533,-1.9197,-1.2408,-0.16299,-0.2777,0.15667,-0.38996,-0.99628
4.5741,2.4808,0.637,-0.36648,-0.78579,-2.3844,-1.0482,0.16976,0.16667,0.47974,-0.14291,-0.49223
5.1535,2.4824,0.29154,-0.81135,-1.4237,-3.1387,-1.8215,0.023301,-0.073261,0.79875,0.088256,-0.96205
4.1485,2.2127,0.11968,-1.5369,-1.4122,-2.0379,-1.0045,-0.23659,-0.48697,0.21633,-0.60688,-1.4712
4.6818,1.4204,-0.67634,-0.95672,-1.2925,-2.2898,-1.0573,-0.18799,0.2856,0.54318,-0.22595,-1.0063
4.0136,2.3901,0.35764,-0.43022,-0.61771,-1.9114,-1.2044,-0.47031,-0.64036,0.45122,-0.10274,-0.61404
4.2483,2.9996,0.21906,-0.67556,-0.44319,-2.3919,-1.6488,-0.18502,-0.11224,0.63267,-0.080675,-0.75117
5.3173,2.7957,0.55485,-0.73492,-1.9142,-2.4136,-1.1926,-0.34448,-0.275,-0.14775,0.033062,-0.98191
4.7195,2.5208,0.18354,-1.0102,-1.5263,-1.699,-1.1398,-0.25074,-0.92125,0.027501,-0.17948,-0.46294
4.5729,2.4458,0.069807,-0.4739,-0.70134,-1.6706,-0.94154,-0.69042,-0.48627,1.1553,0.38329,-0.84932
4.3762,2.5472,-0.11539,-1.0579,-0.61335,-1.5406,-0.19483,0.10914,0.082594,0.93635,0.19114,-0.90579
3.0355,2.1474,0.29463,-0.24015,0.025414,-1.8811,-0.88924,0.58068,1.1419,0.87817,0.10687,-1.2029
2.032,1.5834,0.40316,-0.10389,0.52857,-0.93712,-0.68311,0.6582,-1.0068,-0.21723,-0.62972,-0.56616
3.0606,1.488,0.055702,-1.0949,-0.36612,-1.7641,-1.2904,0.15519,-0.29957,0.28627,-0.5919,-0.36757
3.9291,2.1054,0.13668,-0.65434,-0.80657,-1.8786,-1.9811,-0.27177,-0.76686,0.30169,-0.40459,-0.69612
2.0132,1.125,-0.52165,-0.67326,-1.1317,-2.0139,-1.4212,-0.24022,-0.91307,-0.56031,-0.89124,-0.26702
2.5586,2.2041,-0.74212,-1.2227,-0.80054,-2.0167,-2.2513,-1.0402,-0.28531,0.2858,-0.31237,-0.66772
2.8291,2.1098,-0.022347,-0.51611,-0.27288,-1.8672,-1.5766,-0.46765,-1.4249,-0.71162,-1.167,-0.78602
3.4052,2.8561,0.71879,-0.87402,-0.98402,-1.7381,-1.4602,-0.7579,-1.205,-0.57217,-0.885,-0.41346
3.4274,1.6945,0.54465,0.01493,-0.51548,-2.0911,-2.0416,-0.41,-1.1947,0.15223,-0.11806,-0.69576
2.4256,1.8185,-0.64274,-0.79736,0.035511,-1.0002,-1.1761,-0.16544,-0.70222,0.012792,-0.86694,-0.85081
2.2761,1.7163,-0.21233,-0.58417,-0.052221,-1.3344,-1.2239,0.076043,-0.63302,0.20078,-0.21631,-0.70272
2.3389,2.2625,0.74886,-0.6089,-0.63207,-1.2345,-1.0416,-0.32144,-0.7045,-0.19987,-0.29808,-0.27887
2.8316,2.2739,0.48386,-0.84748,-0.41741,-1.1306,-0.39708,0.10116,-0.64638,0.040781,-0.59942,-1.1286
2.7253,2.6091,0.24414,-0.71488,-0.25087,-0.86993,-0.83993,0.038224,-0.56922,0.33959,-0.27947,-0.56334
3.3959,2.1415,0.58795,-0.020845,-0.12419,-1.405,-1.2341,-0.26787,-0.58184,-0.04597,-0.26488,-0.88292
2.8571,3.1182,0.40341,-0.63054,0.11473,-1.5116,-1.3381,-0.4906,-1.0725,0.11657,-0.78092,-1.4015
2.9984,3.2579,0.88658,-0.42344,-0.10794,-1.4806,-1.249,-0.35856,-0.75692,0.12645,-0.40524,-1.1776
2.1324,2.0975,0.28406,-0.78507,-0.18775,-0.86201,-0.93716,0.053814,-0.094355,1.1249,-0.2397,-1.1058
1.9277,1.4981,-0.232,-0.92709,0.18633,-0.72297,-0.93054,-0.21025,-0.81938,-0.067618,-0.48223,-0.86011
2.5824,2.0461,0.2037,-0.45442,0.086756,-1.124,-0.97329,-0.25086,-0.81663,0.18775,-0.42246,-0.80475
3.1617,2.5377,0.0093387,-0.67971,0.029459,-0.88756,-0.66805,-0.095195,-0.41662,0.065396,-0.32246,-0.72892
2.8158,2.3806,0.18343,-0.72672,-0.039258,-1.535,-1.0926,-0.13545,-1.2669,-0.25053,-1.0479,-0.62276
3.2587,2.4814,-0.094947,-0.68275,-0.6616,-1.5057,-1.138,-0.36642,-0.87957,-0.44845,-0.31624,-0.82257
1.2877,2.1115,0.22195,-0.50324,-0.049265,-1.7817,-0.91855,-0.081167,-0.64285,0.11021,-0.31179,-0.97402
1.7855,2.9153,0.56133,-0.57431,0.31708,-0.78022,-1.3811,0.023121,-1.2334,-0.18074,-0.38553,-0.5304
2.7262,2.7297,0.79455,-0.12593,0.017974,-0.43074,-1.4124,-0.78784,-1.111,0.21029,-0.047676,-0.46009
3.1138,2.1802,-0.08534,-0.47433,-0.50566,-1.4075,-0.83146,-0.12371,-0.8956,0.33392,-0.38792,-0.43327
1.5127,1.9688,-0.19438,-0.55205,-0.17754,-1.3429,-0.77365,-0.78342,-1.2945,0.059653,-0.23211,-0.73245
1.4733,1.7395,0.065172,-1.4019,-0.44927,-1.84,-1.3145,-0.34209,-0.66449,0.31766,-0.15331,-0.59833
1.9607,1.6788,-0.27098,-1.122,-0.59668,-1.4231,-1.4485,-0.84276,-1.0726,-0.10006,-0.43019,0.016538
-5.7773,3.3195,2.6535,-4.9371,2.575,-2.6197,-0.5659,-0.91855,0.51863,-0.65008,-0.38048,-0.42561
-4.6768,2.9756,2.0322,-5.1921,2.2647,-2.6903,-0.18104,-0.60862,0.57162,-0.35402,0.32171,0.026555
-4.6023,0.01648,0.13188,-3.8689,-1.3147,-2.8069,-0.14685,-0.82775,0.50478,0.13471,-0.33236,-0.14577
-3.9212,0.98874,1.2373,-2.6414,-0.94648,-3.4171,-0.96864,-2.1892,-0.32472,-0.10508,-0.49528,-0.83477
-3.1871,2.2989,3.4082,-1.4952,-1.1198,-3.0107,-0.82213,-1.3478,-0.40094,0.086881,-0.029102,0.29647
-0.88209,1.9293,3.7521,0.06908,-0.87207,-2.3012,1.3231,-0.11798,-0.16862,0.85043,-0.069553,-0.63789
3.0473,-1.2789,4.2683,-0.95743,-1.5936,-2.4683,-0.08378,0.20537,0.59473,-0.5342,-0.18707,0.14538
4.1918,-0.82888,3.0861,-0.8346,-1.1051,-3.4407,0.18719,0.11359,0.87945,-0.65256,0.23168,-0.24538
5.2187,-0.94031,1.5191,-0.38786,-1.0076,-3.2611,0.51272,0.22934,1.2091,-0.58746,-0.065659,-0.57371
4.7505,-1.8351,1.8991,-1.0187,-0.56453,-3.3523,1.0781,-0.32796,2.154,-0.80675,-0.17169,-0.67632
4.6424,-1.7141,1.5609,-1.1861,-0.44544,-2.8379,1.4522,-0.60856,2.2879,-1.1136,0.14815,-1.1866
5.1365,-2.1417,1.2914,-1.5024,-0.15099,-2.1417,0.86602,-0.36835,1.9964,-0.62997,-0.14099,-1.3791
4.3768,-1.3524,0.60728,-0.85258,-0.84519,-1.3797,0.086598,-0.053132,1.5401,-0.39103,-0.28802,-1.45
5.4489,-1.9472,1.544,-1.1368,-0.30572,-2.4828,-0.047423,-0.18321,2.3166,-0.67751,0.27781,-1.84
5.5167,-0.76006,0.96529,-0.6683,-0.62502,-2.495,-0.6983,-0.40484,1.7278,0.22849,0.27296,-1.3901
5.2516,-1.3476,1.4426,-0.2306,-0.031545,-1.6785,-0.054258,-0.64221,1.4115,-0.83637,0.279,-0.80762
5.5514,-0.9954,1.1646,-0.39126,-0.87559,-1.3365,-0.0033394,-0.29681,0.96164,-0.59186,-0.031558,-0.95125
4.597,-1.4887,1.424,-0.84254,-0.89488,-1.7566,-0.19905,-0.57934,1.2626,-1.1734,-0.25212,-1.2082
4.4709,-1.5431,1.1889,-0.4444,-0.85616,-1.7782,-0.85818,-0.74469,0.71923,-1.6398,-0.36826,-1.33
4.9526,-1.6908,0.97571,-0.94041,-0.94107,-1.6129,-0.46463,-0.45677,0.36647,-1.9548,0.010107,-1.0159
4.8436,-2.7716,0.8536,-0.75627,-1.3921,-2.0814,-0.39475,0.025949,0.65733,-0.69374,-0.29334,-1.1724
4.9241,-1.888,0.11536,-0.68607,-1.5697,-1.4773,-0.93638,-0.28921,0.59462,-0.86543,-0.72318,-1.2306
5.5421,-1.4231,1.1766,-1.0665,-2.5561,-2.4739,-0.86418,0.023889,-0.23347,-1.6901,-0.44212,-1.1843
5.3887,-1.9312,1.3425,-0.33422,-1.8553,-1.5294,-0.85488,0.27799,0.41617,-1.2564,-1.0234,-0.90296
