-0.02011,0.020022,-0.019874,0.019669,-0.019406,0.019085,-0.018709,0.018278,-0.017794,0.017257,-0.016669,0.016033
-0.033691,0.033543,-0.033296,0.032952,-0.032511,0.031974,-0.031344,0.030622,-0.02981,0.028911,-0.027927,0.026861
-0.078944,0.077932,-0.076268,0.073986,-0.071131,0.06776,-0.06394,0.059745,-0.055255,0.050554,-0.04573,0.040867
0,2.3188e-16,2.3017e-16,-4.5559e-16,0,0,0,0,-2.0608e-16,-9.993e-17,0,0
-0.072724,0.072404,-0.071872,0.071128,-0.070176,0.069018,-0.067658,0.0661,-0.064347,0.062406,-0.060281,0.05798
-0.13327,0.081987,-0.023966,-0.013428,0.01274,0.02528,-0.08203,0.12991,-0.14545,0.12047,-0.066003,0.0069967
-0.58809,0.31792,0.46952,-1.1441,0.70867,-0.79634,-0.29715,0.64426,-0.80411,0.91987,0.034608,-0.13767
0.67278,1.1903,0.0056034,-1.739,-0.63323,-1.5745,-0.6705,0.8775,-0.17483,1.7586,0.35417,0.21163
-0.057661,0.72079,0.29836,-1.5446,0.065475,-1.1829,-0.58337,0.72348,-0.50707,1.137,0.26381,-0.037893
0.34455,0.73952,0.027233,-1.6867,-0.41108,-1.3054,-0.62847,0.81151,-0.29452,1.3733,0.34057,0.073881
0.9459,1.2443,0.024012,-2.233,-0.57605,-1.8897,-0.78232,0.60266,-0.65608,1.376,0.0073191,0.090573
-0.12537,0.7479,0.14114,-1.5869,0.29211,-0.98043,-0.033551,1.1027,-0.52982,1.1883,-0.49011,-0.44763
-1.2553,2.8538,0.83466,-1.7772,-0.76443,-1.4345,-1.5395,1.4046,-0.801,0.6522,-0.081529,0.31045
-1.3535,4.6976,0.54843,-0.36163,-0.86133,-1.0632,-0.15443,0.21645,-1.2303,0.13456,0.19133,-0.45431
-0.55333,3.5512,-0.011074,-0.92221,-0.21338,-0.3119,0.16761,0.86897,0.0849,1.3252,0.8416,-0.1786
2.9121,2.6888,1.5102,0.31996,0.38621,-0.54593,-0.4761,-0.14092,-0.37974,0.057693,-0.30394,-0.66874
5.4638,4.8647,2.4377,0.11807,0.48581,-1.0795,-0.85374,0.16913,-0.47799,0.27139,-0.43295,-0.91445
6.417,4.8921,2.4023,0.5122,-0.033442,-0.72082,-0.4793,-0.25271,-0.83693,-0.47769,-0.59575,-0.61864
7.6066,5.602,1.79,-0.52732,0.10299,-0.69819,-0.21067,0.78785,-1.1591,-0.52179,-0.58088,-1.058
6.416,4.4493,2.0383,0.18229,-0.41921,-0.75134,-0.47826,0.22344,-0.082659,0.16211,-0.49714,-0.88423
6.2394,4.3081,2.0543,-0.28695,-0.31005,-0.8894,-0.28464,0.54145,-0.41469,0.24884,-0.46817,-0.85921
7.1581,4.5785,2.4492,-1.1699,-1.2213,-1.4567,0.51982,0.68716,-0.47614,0.69339,-0.11451,-0.99261
7.2225,4.6836,1.8134,-0.72081,-1.3395,-0.84154,0.51595,-0.0011161,-1.0283,0.34683,-0.20134,-0.56777
7.0777,4.28,2.22,-0.18898,-0.96777,-1.0573,0.001583,-0.082764,-0.81152,0.51521,-0.28643,-1.3563
6.895,4.6191,2.0016,-1.4474,-0.81475,-1.1845,0.28705,0.33485,-0.83917,0.89441,-0.42423,-1.1963
6.1924,4.7609,2.0722,-0.83716,-0.27922,-1.4953,-0.36661,0.13351,-0.96423,0.43409,-0.47587,-0.8774
6.0913,4.611,1.8251,-0.46451,0.059521,-1.0609,0.32244,0.74254,-0.81075,0.249,-0.64576,-0.69315
6.2198,5.0048,1.9042,0.17778,0.363,-0.80676,-0.38196,0.13385,-0.50558,-0.0054265,-0.77309,-0.48515
0.8309,2.1434,2.7526,-1.1701,0.56159,0.35844,-1.1265,-0.605,-0.91757,0.32444,0.23382,-0.65852
0.71282,2.0106,2.3922,-1.617,0.12659,-0.14652,-1.5555,0.017798,-0.92985,0.22004,0.87481,-0.27076
1.5198,1.9022,2.3433,-0.75221,0.35339,-2.3838,-0.83816,0.48393,-0.30797,0.68818,-0.39555,-0.52559
4.1683,0.9617,2.2783,0.012097,-1.1398,-2.5872,-1.6442,-0.15887,0.17789,0.38187,-0.30467,-0.0026682
4.6045,0.4484,2.6231,0.63172,-1.6172,-2.0753,-2.3606,-0.46926,0.35765,0.11588,-0.24141,-0.70242
5.1339,-0.45179,2.7064,0.5648,-1.5168,-2.3675,-2.3194,-0.66459,0.63754,0.5159,-0.052011,-1.304
5.0351,-0.74972,2.1685,0.20706,-1.2722,-1.8311,-1.5419,-1.0993,0.79987,0.2436,0.35618,-1.0703
5.48,-0.62211,1.7321,0.32532,-1.3735,-1.2191,-1.583,-1.1197,0.77,0.13773,0.92448,-1.3339
5.7466,-0.38485,1.2874,0.60177,-1.2457,-1.8105,-1.5533,-1.3812,0.30219,0.12276,0.68168,-0.95661
5.8529,0.49119,1.6331,0.63052,-1.7738,-2.1348,-1.8615,-1.6957,0.52461,0.32212,0.78817,-1.1847
5.8454,0.44631,1.6222,0.091162,-1.7125,-1.9952,-1.4977,-1.7554,0.17765,0.87487,0.65378,-1.1688
5.9084,-0.24743,2.0254,-0.11487,-1.2897,-1.7836,-1.6092,-1.522,0.64061,0.41659,0.80649,-1.194
5.2991,0.28248,1.3612,0.042441,-1.5876,-1.1273,-1.286,-1.3393,0.36833,0.087742,0.84025,-0.97123
6.6054,-0.13124,1.9649,-0.14636,-1.3706,-0.9286,-1.1532,-1.6588,0.04456,0.055869,1.1633,-1.0832
7.1929,-0.35632,1.9706,-0.46059,-1.1279,-0.8703,-1.2796,-1.4375,0.29196,-0.023801,0.66168,-1.1026
6.6628,0.33946,1.3914,0.082675,-1.5134,-0.97541,-1.052,-1.6713,0.98828,-0.49208,0.75166,-1.1215
6.6568,0.043808,1.9822,0.0062508,-1.2755,-1.1339,-0.91541,-1.756,0.76521,-0.44278,1.282,-1.1363
6.8466,0.71704,1.5752,-0.049434,-1.3273,-1.4418,-1.1472,-1.365,0.38249,-0.29245,0.98024,-0.91989
7.6073,0.51603,1.7552,0.2199,-0.92339,-1.4302,-1.6805,-1.6114,0.16313,0.21777,1.3261,-1.3784
7.2005,0.84378,1.3072,0.65449,-1.7131,-1.0872,-1.2738,-1.9134,0.63934,-0.71268,1.6028,-1.3597
6.2787,1.8171,0.89975,0.091239,-1.2668,-1.7401,-1.507,-0.90226,0.10676,-0.14358,1.2232,-0.7177
7.2207,0.084658,1.779,0.061568,-0.96176,-1.8594,-2.3694,-1.678,0.48554,-0.16664,1.2854,-1.5434
5.5024,1.6201,0.51084,0.025261,-1.2597,-1.9854,-2.3674,-1.4004,0.46474,0.46652,0.20906,-0.69809
7.0963,1.1516,1.0441,-0.08175,-1.2406,-1.1797,-2.4843,-1.4686,0.51153,0.14712,0.73838,-1.2553
6.0282,1.4445,1.211,-0.37511,-1.26,-1.4398,-1.9217,-0.66061,-0.16744,-0.16557,0.4226,-0.4799
5.9883,1.3909,0.91309,-0.28348,-1.4924,-1.6087,-2.2077,-1.5952,-0.57878,0.15417,0.63305,-0.57147
5.595,1.533,1.638,0.19538,-1.233,-1.885,-2.3511,-0.97863,0.31442,0.20364,0.20376,-0.43954
6.9824,0.32992,2.1931,-0.37707,-0.45282,-0.8481,-2.6962,-2.1598,-0.63483,-0.44645,0.56748,-0.35996
5.8558,0.18673,0.10279,-0.15751,-0.6083,-1.3107,-1.8466,-1.4981,-0.41164,0.32912,0.55036,-0.37303
5.3034,1.5721,1.2027,0.14515,-0.40852,-1.5429,-1.8298,-1.2467,-1.3641,-0.28917,-0.30476,-0.84747
6.8626,-0.082112,2.261,-0.23228,-0.89418,-1.5246,-2.5668,-1.6869,-1.1302,-0.27088,-0.50107,-1.2168
5.1528,0.56034,1.1205,0.61574,-0.90728,-1.6178,-2.2814,-2.1571,-0.98847,0.49928,-0.20632,-1.0287
5.7405,0.96503,1.5338,0.89959,-0.11279,-1.1956,-2.1842,-1.8302,-1.2673,0.094712,-0.19031,-1.0375
7.0874,-0.66799,1.55,-0.34949,-1.3507,-2.0365,-1.6886,-0.865,-0.84933,0.37812,-0.24581,-0.95649
6.5541,-0.3662,1.1479,-0.35439,-0.034484,-1.063,-2.6964,-2.0258,-1.6303,-0.51244,-0.3672,-0.85833
6.1247,0.71494,1.068,-0.042664,0.62005,-0.27148,-1.4351,-0.55561,-1.0962,-0.19434,-0.089063,-1.0529
6.8672,0.12669,1.3762,0.19209,0.49185,-1.0972,-1.5713,-0.64683,-1.1319,0.50692,0.46967,-1.0424
6.438,0.16636,1.1222,-0.089394,0.26761,-1.4019,-1.5756,-0.83414,-1.3994,0.91097,-0.061639,-1.1867
6.9161,0.31827,1.4912,0.43529,-0.078289,-1.6594,-2.0901,-0.42306,-0.84677,1.089,0.13467,-1.8754
6.2002,0.59277,0.56026,-0.25354,-0.18964,-1.4632,-1.4794,-1.134,-1.0308,1.0733,0.9204,-0.51268
6.5829,0.057494,0.63597,0.10602,-0.56135,-1.2145,-1.2547,-1.0557,-1.1623,0.59657,0.20788,-1.3125
7.5914,0.75007,1.0943,-0.28686,-1.0472,-1.0903,-1.269,-1.7406,-1.2526,-0.080812,-0.2367,-1.4453
6.8376,0.39383,-0.010794,-0.094064,-0.79769,-0.86758,-2.0199,-1.5417,-0.259,0.54632,-0.43027,-0.7409
7.1072,1.0574,0.33585,-0.16957,-0.70603,-1.6964,-2.2003,-1.6807,-1.2185,1.0179,0.58534,-1.0466
5.8422,1.3646,0.36456,0.080752,-0.022628,-1.4017,-1.8111,-1.1344,-1.2864,0.47279,-0.022282,-0.89236
6.5678,0.91193,0.90991,0.78687,-0.46267,-1.9963,-1.3975,-0.99451,-1.4354,1.0449,0.35546,-1.4577
7.2123,1.0706,0.66758,0.28305,0.1554,-1.849,-1.5227,-1.1246,-1.2578,1.502,0.313,-1.2985
7.3486,1.5169,0.19451,0.23138,-0.49714,-1.8092,-1.4157,-1.0377,-0.97999,1.134,0.68655,-0.58527
7.9467,1.8816,0.40999,-0.033587,0.32812,-1.6147,-1.3308,-0.87878,-0.78069,1.0492,-0.023251,-0.92242
6.9608,1.6927,0.55527,0.47594,-0.24086,-1.1802,-1.1373,-0.95952,-1.1078,0.78149,0.13744,-1.6529
7.1881,1.3687,0.93943,0.71217,-0.51759,-1.8122,-1.5384,-1.2176,-1.3654,0.33665,-0.072196,-0.7958
7.0907,0.65986,0.12006,0.55987,0.21198,-1.4847,-1.3933,-0.9746,-1.4333,0.62493,-0.40341,-1.3351
5.8585,0.68213,0.056015,-0.083124,-0.22567,-2.1889,-2.3667,-1.7247,-2.056,0.6465,-0.032978,-1.7395
6.5174,2.1033,0.43923,-0.44478,-0.30173,-1.9692,-2.008,-1.6418,-1.9637,-0.13188,-0.64187,-1.7741
5.3618,2.0322,0.40923,-0.30946,-0.051395,-1.7831,-2.4261,-1.7084,-1.7454,0.34694,-0.017492,-0.70256
6.0865,1.5867,0.3889,-0.15458,-0.93932,-1.7457,-1.0968,-0.776,-1.5858,0.22982,0.52084,-1.0858
6.0166,2.4213,0.32989,-0.58919,0.35496,-1.7056,-2.1086,-0.97601,-1.1714,1.0341,-0.11381,-1.3968
6.353,2.3959,0.88012,0.20829,0.62131,-2.2822,-1.8374,-1.1694,-1.7893,1.2405,-0.031452,-1.1978
7.1513,2.4794,0.49565,-0.93953,-0.13763,-1.7905,-1.2493,-0.73255,-1.3185,0.88744,-0.24863,-1.4795
5.3753,2.0341,-0.008841,-0.89052,-0.6186,-1.6084,-1.5326,-0.64236,-0.86893,0.57821,-0.20392,-1.1627
5.8674,1.7341,-0.74643,-0.81619,0.13109,-1.3559,-1.4909,-0.65078,-0.82859,0.97058,0.23074,-0.75256
5.7372,1.9619,-0.487,-1.33,-0.88356,-1.5623,-1.3782,-0.5033,-1.1012,1.1225,0.049506,-0.30897
5.988,2.0204,0.17567,-0.24451,0.51377,-1.2569,-1.3025,-0.94027,-1.1416,0.74857,-0.28983,-1.2096
6.0645,2.9169,0.0077839,-0.78759,-0.55718,-1.4123,-0.66095,-0.33329,-0.78573,0.54505,-0.19828,-0.71282
5.6663,3.3381,0.89011,-0.74382,0.22236,-2.2181,-1.4508,-0.31584,-1.6936,0.49787,-0.12075,-0.68279
5.8927,3.066,0.61202,-1.1029,-0.81061,-1.8931,-1.3725,-0.45702,-0.59056,0.8652,0.08512,-0.63002
6.0639,3.1921,0.5411,-0.72845,0.36266,-1.6825,-1.9958,-1.1933,-1.0368,0.93579,0.24113,-1.3729
5.5208,2.6767,0.4068,-0.55113,0.16563,-1.5433,-2.219,-1.1413,-0.65749,0.82693,-0.11291,-0.87704
7.0933,2.9342,0.81968,-0.1723,-0.39485,-2.0203,-1.7537,-1.2623,-1.0839,0.48555,-0.13573,-1.1795
5.7097,2.9945,0.10164,-0.92955,-0.53049,-1.3254,-1.0631,-0.41824,-0.21471,1.0047,0.17123,-1.429
5.5493,3.0374,0.83569,-0.44236,0.012386,-1.4817,-1.5671,-0.35721,-0.32718,0.83987,-0.1543,-0.83416
6.5701,3.338,0.33486,-0.54835,0.0692,-1.2991,-1.9268,-1.2436,-1.0597,0.82237,-0.44258,-1.1029
5.8988,3.3041,0.84033,-0.39813,0.2193,-1.2495,-1.1888,-0.60227,-0.84829,0.52309,0.16928,-0.86786
5.6292,2.7913,0.80334,-0.7096,-0.14643,-1.5197,-1.0491,0.20356,-0.50591,0.77427,-0.29736,-1.3116
6.1259,4.2217,1.2402,-0.11945,-0.39584,-1.747,-1.7632,-0.52595,-0.5189,0.53546,-0.49166,-0.94903
5.4962,3.0353,0.31299,-0.77021,-0.40432,-1.5652,-1.8151,-0.61512,-0.18673,1.0409,0.239,-1.0435
6.5571,3.7756,0.60642,-0.95886,-0.57725,-2.1314,-1.8023,-0.8752,-0.8785,0.65413,-0.57372,-0.87263
5.4483,3.555,1.1314,-0.054462,-0.28541,-2.4471,-2.2956,-1.1277,-1.2112,0.89299,0.033085,-0.25855
4.6686,3.3641,1.4182,-0.3994,-0.22056,-0.92895,-0.98065,-0.51065,-0.43555,0.53905,0.022395,-0.7929
4.7057,3.2598,0.82554,0.014575,-0.57546,-1.5445,-0.81409,-0.15722,-0.48944,0.61567,0.023983,-0.81199
5.219,4.3765,1.5572,0.14649,-0.69278,-2.3577,-1.6585,-0.99722,-0.49927,0.65663,-0.081265,-1.0154
4.8939,3.1682,0.7127,-1.0346,-1.2255,-2.0758,-1.8627,-1.2675,-1.4409,0.040283,-0.18659,-0.72118
5.1477,2.7568,1.1012,-0.87605,-0.34712,-1.7035,-1.7673,-0.58322,-1.5751,-0.6418,-0.57989,-1.1759
5.1525,3.2897,0.36661,-1.1265,-1.1626,-1.8185,-1.4203,-0.47379,-0.64687,0.027687,-0.56639,-0.64291
6.1695,0.93211,-0.068213,0.073712,-0.28563,-1.6604,-1.9598,-0.61824,-0.65455,-0.31368,-0.39916,-0.87719
3.5714,-1.938,-0.87309,-2.7639,1.6122,-2.2366,-0.88689,-0.88495,0.022878,-0.046908,-1.0922,-0.74288
3.9276,-0.2236,0.39599,-1.7213,2.6196,-1.177,-0.42791,-0.63308,0.043844,-0.66153,-1.0326,-1.7847
4.205,0.3302,0.67132,-0.73574,2.1674,-1.6399,-1.0113,-0.070548,-0.15202,-0.28243,-0.0083958,-1.5427
6.7437,-0.59787,-0.017884,-1.2412,1.4818,-1.3315,-0.68469,-0.17312,-0.036414,-0.2394,-0.86142,-1.1256
7.1754,-2.4409,0.90545,-1.7919,1.6399,-0.49949,-0.56706,-0.52004,0.41207,-0.50476,-0.77399,-0.85422
6.6034,-1.0189,-0.37299,-0.92153,1.4564,-0.81531,-0.34725,-0.36284,0.24263,-0.35286,-0.85698,-0.47986
6.6087,-0.37667,-0.3634,-1.0576,2.0485,-0.99979,-0.098889,-0.24068,0.15469,-0.78126,-0.87947,-0.15891
7.6392,-0.80525,0.18712,-2.2011,2.8861,-1.4557,-0.035451,-0.64846,0.13509,-0.40441,-0.061716,-0.78196
6.4967,0.15448,-0.16365,-1.7201,2.5078,-1.2787,-0.0092597,-0.6551,0.079901,-0.68343,-0.046087,-0.28429
6.761,0.36498,-0.56784,-1.6284,1.8116,-0.2855,-0.75834,-0.62349,-0.10376,-0.53128,-0.4234,-0.090971
6.7924,0.54041,-1.1849,-0.99554,1.6907,-0.46373,-1.2357,-0.13595,0.30948,-0.80645,0.13338,-0.35393
7.5188,0.53962,-1.0097,-1.3831,2.2616,-1.2446,-0.81521,-0.67089,0.51013,-1.0102,0.045539,-0.24912
6.6493,1.0396,-1.5839,-0.5317,1.1029,-0.78651,-1.0486,-0.73968,0.40667,-0.34545,-0.27026,-0.33036
8.147,0.25965,-0.95829,-1.2888,1.5888,-1.288,-0.74023,-0.91094,0.59847,-0.99384,0.14982,-0.2745
7.2704,0.69464,-1.3004,-0.77464,1.0238,-0.76783,-1.3795,-0.16676,0.17329,-0.63457,-0.037665,-0.26999
7.6197,1.2765,-1.082,-0.12975,0.61719,-0.81434,-1.6925,-0.69001,0.42262,-0.49849,-0.086491,-0.3207
8.5847,1.2028,-0.85864,-0.27483,1.2609,-1.2019,-1.8322,-1.0124,0.52716,-0.84353,0.12431,-0.18632
9.1695,0.054322,-0.59688,-1.4761,1.9296,-0.69207,-1.5847,-1.2762,0.53375,-0.97497,0.30981,-0.42478
8.428,0.74587,-0.25731,-1.3105,1.2141,-1.1067,-1.8234,-0.36841,0.74644,-1.0726,-0.13329,-0.14862
8.5462,0.48032,-0.56468,-1.3218,1.6413,-0.80805,-1.7303,-0.80149,0.41613,-0.7277,-0.1425,-0.48961
7.7963,1.0249,-0.61703,-0.8293,0.40419,-0.45552,-1.3457,-0.7141,0.68987,-0.69594,-0.716,-0.63341
7.3927,1.1055,-1.1208,-0.5698,0.49826,-0.21497,-1.3564,-0.57173,0.029798,-0.69896,-0.056668,-0.40726
8.3162,0.68189,-0.78968,-0.765,0.60925,-0.49783,-1.1433,-0.55526,1.1395,-1.3437,-0.10028,-0.60757
7.5612,1.1739,-0.69196,-0.775,0.49273,-0.091926,-1.6163,-0.83616,0.66158,-0.76878,-0.19991,-0.51583
8.4869,1.036,-0.75146,-0.42294,0.90504,-0.23455,-1.7774,-1.0039,0.85959,-0.5302,-0.094817,-0.89341
7.3966,1.463,-0.77081,-0.79446,1.096,-0.3193,-1.6894,-0.27263,0.23677,-0.72293,-0.27149,-1.3431
7.1637,1.0351,-0.43325,-0.49978,1.3067,-0.49316,-1.5793,0.41245,-0.026543,-1.0797,0.28488,-1.3195
6.2568,1.3102,-0.38454,-0.21398,1.3426,-0.17542,-1.0559,0.38405,0.18922,-0.58514,0.35337,-0.78553
7.3643,1.1026,-0.5592,0.22547,1.6889,0.063969,-1.7003,-0.47076,-0.47735,-0.86001,0.34649,-0.91759
7.9377,0.26474,-1.5848,0.44209,2.1085,-0.10009,-0.86722,0.1408,-0.688,-1.1831,0.013473,-1.4463
7.7351,0.93415,-0.8095,0.67213,1.4778,-0.63578,-1.8475,-0.8935,-0.38129,-0.68531,-0.14954,-1.5661
7.2164,1.2586,-0.69156,0.66787,1.0346,-0.47769,-2.1507,-1.3821,-0.37255,-0.33493,-0.32722,-0.74041
7.3433,1.2093,-0.92877,-0.15091,0.6606,-0.74683,-1.3957,-0.26089,-0.57031,-0.93119,-0.35059,-0.4994
8.9642,0.8308,-1.3187,-1.1309,-0.062062,-1.081,-1.8657,-0.71382,-0.95856,-0.39818,-0.42103,-1.1059
8.9026,0.85605,-1.6927,-0.77154,0.73391,-0.8053,-1.7742,-0.078225,-0.55142,-1.3548,-0.31076,-0.37809
8.6596,0.075512,-1.5358,0.062978,2.4646,-0.62908,-2.3042,-0.31216,-0.33623,-0.51246,0.33949,-0.25158
7.2698,0.8044,-0.89886,0.61869,1.7355,0.13233,-0.98246,-0.47298,-0.37997,0.10516,-0.48282,-0.5867
8.687,1.086,-0.53542,0.50207,1.9752,-1.0525,-1.6751,-0.22925,-0.59502,-0.53124,-0.71583,-0.70002
8.3437,1.1869,-1.5294,-0.31294,2.1241,0.13216,-1.1132,-0.40305,-0.9724,-0.64105,-1.2488,-1.2032
7.7035,0.36409,-1.8251,-0.96724,1.0509,-0.47071,-1.1761,-0.062923,-0.63256,0.092807,-0.5864,-0.76669
6.6203,0.44192,-1.9743,-0.62005,0.89582,-0.51039,-1.6043,-0.87394,-0.32504,0.33354,-0.40405,-0.81165
8.5144,0.64631,-2.1078,-0.93612,1.6488,-0.36038,-1.8601,-0.99571,-0.65141,-0.078284,-0.65813,-0.93398
9.2009,0.96123,-2.3571,-0.93329,0.80269,-0.2972,-1.6854,-0.87912,-0.65528,-0.34413,-0.81836,-0.52264
7.6622,1.0983,-2.1545,-0.82048,1.0777,0.30812,-0.90007,-0.87601,-0.61304,-0.059576,-0.54372,-0.75929
7.9982,0.84827,-2.3436,-0.71066,1.1353,-0.72476,-1.255,-0.27029,-0.18615,0.04492,-0.85521,-1.0701
5.6261,1.0956,-1.1903,-0.19919,0.71737,-0.33043,-1.1994,-0.54342,-0.34506,-0.47267,-1.3266,-1.3697
7.3188,2.0406,-1.1331,-1.2278,0.68774,-0.58844,-1.3814,-0.43733,-0.78831,0.036625,-0.84257,-1.2051
8.9361,2.3673,-1.056,-0.83313,1.4087,-0.51855,-0.91141,-0.83473,-1.1868,0.30556,-0.95742,-1.2553
8.0039,2.4258,-0.34872,0.1329,1.5255,-0.51241,-1.317,-0.55802,-0.96959,0.0048401,-0.88044,-0.90745
8.0232,2.1616,-0.83363,0.0069578,1.65,-0.18092,-1.1527,-0.56208,-0.37532,0.027972,-0.73686,-0.89832
8.8859,2.2004,-1.631,-0.4098,1.7525,0.43664,-1.0013,-0.63264,-0.52836,-0.18605,-1.0759,-0.71725
8.8756,2.2898,-1.315,-0.70622,1.2319,-0.28602,-0.6728,-0.33996,-1.1368,0.11768,-0.68487,-1.0325
8.2177,2.2053,-1.7155,-0.17969,1.7391,-0.24582,-1.5445,-1.1425,-0.92507,0.13998,-0.3244,-1.1736
7.6984,1.8628,-1.8323,-1.1045,0.65477,-0.75428,-1.8211,-1.4025,-1.0328,-0.18138,-1.0108,-1.2331
8.2564,2.7289,-1.2255,-0.81612,1.1299,-0.43805,-1.6394,-1.4437,-1.5883,0.041769,-0.76561,-1.0923
7.8116,2.3059,-1.3032,-1.1596,1.1255,-0.37944,-1.0859,-0.94249,-0.98515,0.35593,-0.36077,-0.31116
7.3045,2.2044,-0.7378,-0.0024117,1.1733,-0.13567,-1.779,-1.8202,-1.0131,0.13864,-0.43023,-0.60787
8.4949,2.717,-0.68933,-0.35582,1.3131,0.0047859,-1.4739,-1.8719,-1.5613,0.14562,0.12953,-0.39134
7.015,1.4775,-1.7095,-0.1551,1.3525,0.27338,-0.94841,-0.85202,-0.20147,0.22091,-0.47731,-0.87543
6.8286,1.9427,-1.4346,-0.32697,1.1536,-0.4119,-0.95186,-0.70052,-0.062723,1.0923,-0.38213,-0.89142
6.8965,1.8701,-1.8817,-1.2188,1.6043,0.1012,-0.42372,-0.08473,-0.55666,0.82463,-0.23933,-1.0336
7.257,1.9655,-1.7819,-1.2673,0.67084,-0.035584,-0.98532,-0.075144,0.19585,0.87937,-0.61605,-1.3528
6.2691,0.96894,-2.5875,-1.1617,0.4377,-0.097726,-0.56555,0.20149,0.12738,-0.060417,-0.17434,-0.98135
6.0122,0.48738,-3.1584,-1.4416,0.25481,-0.29647,-1.2957,-0.94095,-0.36301,0.30805,-0.22898,-0.77673
5.4051,0.34094,-3.2441,-1.8721,0.17776,-0.62605,-1.8214,-1.2916,-0.90689,0.012404,-0.36955,-1.1957
5.9135,0.45447,-2.5605,-1.8541,0.5375,-0.72994,-2.0351,-1.435,-1.9229,-0.1908,-1.2084,-1.2951
4.9589,0.93203,-1.9502,-1.9665,-0.23814,-1.0548,-1.2447,-0.11685,-0.88137,0.60399,-0.53038,-1.3291
6.1219,0.65568,-2.2878,-1.2692,1.6717,-0.092828,-1.5275,-0.94311,-1.0543,-0.028555,-0.83684,-1.4057
6.9998,2.2357,-0.87507,-1.3619,0.040465,-1.1983,-1.6131,-0.80662,-0.87067,0.27295,-0.59244,-1.2156
6.7359,2.2299,-1.7236,-1.2382,0.41204,-0.34141,-0.96578,-0.39448,-0.29545,0.2583,-0.68644,-1.1843
6.0861,2.0775,-1.0728,-1.1611,1.143,-0.17301,-1.3065,-0.55827,-0.77628,0.37646,-0.36323,-0.68535
5.5091,1.6801,-0.85124,-0.94778,1.6091,-0.57603,-1.2866,-0.6374,-0.72533,0.79285,0.095565,-0.64855
6.0373,2.2828,-0.92609,-1.5961,0.83219,-0.89703,-1.2254,-0.32032,-0.37302,0.88839,0.25087,-0.41228
5.9561,2.4667,-0.78965,-1.0931,0.84886,-0.87167,-1.2895,-0.6263,-0.40496,0.85516,-0.12712,-0.97496
5.7868,2.148,-1.3123,-1.2368,1.0134,-0.1922,-0.51019,-0.87243,-1.0978,0.0031752,-0.25686,-0.7031
5.7729,2.3049,-1.2235,-2.0011,1.0116,-1.0433,-1.0327,-0.53011,-0.89796,0.70336,-0.51333,-0.54525
5.4691,2.7315,0.11594,-1.0052,0.91791,-1.5355,-1.7045,-0.77049,-1.2093,0.37841,0.32688,-0.50231
2.3071,4.8742,-0.42559,-1.7745,1.9887,-2.3586,0.32806,-1.3874,-0.53079,-0.016761,-0.048207,-0.76459
-1.2217,6.5667,-0.033855,-1.5335,1.9813,-1.7249,1.0167,-1.0302,-1.0999,-0.12887,-1.4242,-0.53995
-2.701,7.2051,0.46162,-1.2156,2.159,-1.8835,0.37288,-1.3065,-0.6889,0.088177,-0.78057,-0.089978
-4.4005,7.7447,-0.079054,-1.5653,2.1179,-1.385,1.0018,-1.3225,-1.0182,0.26612,-0.50176,-0.097685
-5.4826,7.2148,-0.12975,-1.4967,0.57628,-1.681,0.37435,-1.506,-0.97416,-0.13276,-0.77797,-0.011441
-5.975,6.1918,-0.97294,-1.9739,0.47997,-1.0627,0.40762,-0.91047,-0.66345,0.60616,-0.87144,-0.8793
-5.7938,6.4669,-0.69669,-1.4284,0.17,-1.9318,-0.043637,-1.0856,0.097718,0.63164,-1.1875,-0.34126
-5.537,7.0839,-0.47708,-2.0999,-0.64087,-2.0513,-0.33971,-0.95203,-0.20929,0.14584,-0.14776,-0.86877
-6.1044,7.3962,-0.85142,-1.7499,0.0057905,-1.5422,-0.53281,-1.4639,0.030855,0.68686,0.014189,-0.42073
-6.4294,6.6425,-0.57626,-1.5096,-0.67667,-2.229,-0.59208,-1.0456,0.038141,0.2673,-1.1188,-0.32173
-7.311,6.2642,-0.42008,-1.9833,0.16565,-1.7822,0.25859,-2.0104,-0.81779,-0.54189,-0.9069,-0.58941
-7.8841,5.9868,-0.53929,-2.1032,-0.11937,-2.0112,-0.12958,-1.8232,-0.67493,-0.30366,-1.2881,-0.41169
-7.3282,6.7056,-0.42915,-1.1149,0.40981,-1.7714,-0.52524,-1.6714,-0.72187,-0.1478,-1.2556,-0.73139
-7.9995,7.0584,0.46191,-1.4966,-0.27655,-1.2113,0.49484,-1.6835,-1.3071,-0.49786,-0.92189,-0.24973
-8.0204,6.0983,0.49696,-1.4616,0.74868,-1.0543,0.48248,-1.0142,-1.3237,-0.16697,-1.4001,-0.53413
-7.5837,6.7472,0.61613,-1.2159,-0.077471,-1.4745,-0.2037,-1.4242,-0.29226,-0.042449,-0.65006,-0.1702
-7.7563,5.9893,0.61751,-1.5959,1.2946,-0.82662,-0.51224,-1.8136,-0.92732,0.014057,-0.71163,-0.24807
-8.697,5.2614,0.66338,-1.9774,0.34112,-1.8904,0.28581,-1.7938,-1.1577,0.26751,-0.15332,-0.15945
-7.7024,5.1402,1.2298,-1.3543,0.12833,-2.1653,0.051406,-1.2806,-1.3691,-1.1095,-0.89452,-1.0586
-6.5352,4.9221,1.4493,-1.9395,0.62726,-2.0454,-0.75102,-1.7391,-0.75557,0.095981,-1.0559,-0.82996
-3.9076,5.969,2.0446,-1.6133,1.3761,-0.67764,0.26856,-0.30288,0.12657,0.33962,-0.56215,-0.31111
-0.55756,4.7034,4.7876,-0.59196,-1.9776,-1.7824,0.23693,-0.55175,-0.034447,-0.6738,-0.19066,0.37359
0.92251,4.1646,4.498,-0.40784,-2.2827,-1.656,-0.35038,-0.8231,-0.26461,-0.54236,-0.13867,0.5007
0.95573,4.8671,5.3612,-0.33356,-3.1385,-1.7412,0.090899,-0.77673,0.16356,-1.1679,0.16771,0.47783
1.4235,4.5948,5.7178,-0.43096,-3.3657,-1.7936,-0.069093,-0.27041,-0.073078,-0.81561,-0.16588,0.089784
1.9004,4.0224,4.8595,-0.54858,-2.5402,-1.4176,-0.1771,-0.78022,-0.2154,-0.91517,0.22829,0.17619
1.9825,3.8942,4.2368,-0.54251,-1.6551,-1.007,-0.75876,-0.75722,-0.47799,-0.81165,0.35669,0.094498
1.6008,4.1873,4.9941,-0.58979,-1.4123,-1.8385,-0.63534,-0.68573,-0.84036,-0.63846,0.44355,0.22784
1.1939,4.7161,5.5938,-0.51453,-2.2834,-1.9372,-0.34919,-0.28251,-0.87186,-1.0629,0.26948,0.17071
1.2258,4.5174,5.5467,-0.47717,-2.4543,-1.7194,-0.25276,-0.73706,-0.38561,-1.0761,0.44984,-0.19322
0.58608,5.1488,5.8381,-0.45113,-2.3222,-2.0477,-0.2767,-1.1079,-0.49283,-0.65974,0.15673,0.17549
0.66055,5.5478,5.8736,-0.1758,-2.6686,-2.3289,-0.33004,-0.49133,-0.66826,-0.47979,-0.26213,0.089719
0.83804,5.5263,5.4863,-0.68309,-1.9226,-2.6338,-0.074299,-0.16901,-0.66301,-0.83368,-0.10798,0.26632
0.44155,4.8867,5.0919,-1.0369,-1.233,-2.4195,0.01724,-0.76888,-0.87336,-0.49379,0.30683,0.44325
0.9221,4.2231,3.9605,-0.83272,-0.8207,-2.2736,-0.49144,-0.75954,-0.90044,-0.15744,0.14437,0.68717
0.44352,4.9137,4.3094,-0.71319,-1.2695,-2.6316,-0.29603,-0.83018,-0.61444,-0.49403,0.17176,0.31301
0.14295,5.9336,3.7726,-1.2715,-0.84788,-2.8575,0.099218,-0.9052,-0.62221,0.011889,0.022747,0.090226
-1.0162,5.5019,3.0713,-0.14504,-0.24635,-2.5013,0.27201,-0.54376,-1.1223,0.12242,-0.66929,0.73264
-3.1551,6.4244,4.0061,-0.14605,0.35594,-2.4944,-0.11043,-0.52255,-1.364,-0.5527,-0.19894,0.43931
-4.3488,7.155,3.6828,-0.13389,0.07549,-2.3019,0.033027,-1.4839,-1.5211,-0.21015,-0.56285,0.20548
-3.7713,7.0644,2.4652,-0.71727,-0.29718,-2.2003,0.70287,-0.92905,-1.5481,-0.8703,-1.2882,-0.14275
-3.9043,7.5141,3.3645,-0.05974,-0.81375,-2.3604,0.22849,-1.4232,-1.2599,-0.69396,-0.88718,0.0031603
-3.5164,7.8893,3.3223,0.040734,-0.061115,-2.5966,0.21568,-1.5085,-1.5653,-0.49711,-1.2215,-0.54844
-3.6413,7.9247,3.6008,0.13323,0.3295,-2.8799,-0.010531,-1.3105,-2.1778,-0.74122,-0.15518,-0.14367
-3.5751,6.5583,3.2851,0.48536,0.10388,-2.6586,-0.020321,-1.1632,-1.7962,-0.75073,-0.28427,0.52397
-3.9443,5.6016,2.1891,-0.0214,-0.11957,-2.3057,0.75525,-0.73945,-1.1577,-0.1731,-0.5814,0.052643
-4.1471,7.0204,2.2987,0.049791,0.0013543,-2.3492,-0.74246,-2.3012,-1.8091,-0.36136,-0.92377,-0.75187
-4.6487,7.6748,3.1434,0.056882,0.070369,-1.8468,-0.29795,-2.1453,-2.1987,-1.0612,-0.99657,-0.048993
-3.9835,6.6285,2.57,0.093192,0.31553,-2.0555,0.1633,-0.76651,-1.066,-0.98584,-0.76234,0.45337
-3.3369,6.8304,2.7176,0.64081,0.16542,-2.0702,0.47462,-0.70644,-1.1108,-0.52065,-1.0217,0.085098
-3.4915,7.371,3.0185,0.61726,0.31062,-1.6187,0.61657,-1.2012,-1.5424,-0.89375,-1.0098,0.36614
-3.2511,7.1852,3.0052,0.033463,-0.17884,-2.4698,0.27251,-0.81859,-1.2816,-0.32005,-0.22644,-0.081574
-3.5281,7.8693,3.6669,0.10206,0.83052,-2.6385,-0.14825,-0.50567,-1.2816,-0.3989,-0.49191,-0.24126
-3.9355,7.4643,3.72,0.080445,0.75639,-2.1206,0.058153,-0.95472,-1.9844,-1.2251,-0.27046,-0.58623
-3.3073,6.9496,3.1305,0.81393,0.92455,-2.8674,-0.64709,-1.818,-1.7026,-0.96497,-0.37507,0.53713
-3.632,7.0476,1.7929,-0.21405,0.79967,-2.9879,-1.0161,-0.96081,-1.3308,-1.1733,-0.47665,-0.21364
-3.6533,6.439,1.3,-0.62342,0.31035,-3.2156,-0.58834,-1.2753,-1.4815,-0.74513,-1.0745,0.081368
-4.7181,5.0691,0.75646,-0.8953,0.53796,-2.4363,0.073453,-1.4075,-0.46732,-0.83459,-1.2946,-0.060267
-4.4778,4.5902,1.7059,-0.040407,1.2984,-2.112,0.56329,-0.8734,-0.89017,-0.79219,-0.92983,0.026798
-3.7377,5.3403,2.3199,-0.29717,0.23821,-2.2404,-0.051089,-0.90218,-0.50889,-0.66469,-0.88495,0.19576
-2.6278,4.7055,2.8079,-0.50686,0.78028,-2.8242,-1.0715,-0.0052315,-0.53283,-0.74497,-0.67636,0.27536
-1.9596,4.4711,2.723,-0.29911,1.5238,-1.1435,-0.12554,-0.28526,-1.1004,-1.6598,-0.78741,0.49823
-0.12269,4.7777,2.2285,-0.26071,0.65808,-2.7624,-0.67044,0.047278,-0.19599,-1.0782,-0.12286,-0.080385
0.68386,6.3648,2.9905,0.40323,0.82198,-2.6178,-1.322,-0.69019,-0.66572,-1.702,-0.27354,0.53113
1.296,5.7049,2.8228,-0.033196,0.8434,-2.3654,-0.85894,-1.5624,-0.9456,-1.2081,-0.63967,0.28968
1.7202,6.2527,3.003,-0.18096,0.42638,-2.8817,-1.1083,-1.3877,-0.80979,-1.8739,-1.1245,0.25908
1.6542,5.0438,2.2783,-0.68059,0.52571,-3.1368,-1.4973,-2.3489,-0.90272,-1.4106,-0.59879,0.074435
1.3465,4.1624,2.1424,-1.3683,0.18322,-2.5327,-0.63199,-1.9734,-0.97154,-1.3342,-0.97468,-0.091899
1.1785,3.8918,0.99163,-1.0565,0.66261,-2.3151,0.056312,-1.5676,-0.0089664,-0.16821,-0.10928,0.41916
2.1788,4.6686,2.2876,-0.62869,0.77758,-2.2903,-0.40225,-1.9,-0.90285,-1.1421,-0.73489,0.40385
2.2162,4.3975,1.9264,-0.087231,0.34782,-1.6562,-0.080719,-1.5351,-0.69113,-1.239,-0.8207,-0.064314
1.7992,4.589,2.3268,-0.35173,0.1917,-2.2081,-0.72656,-1.4576,-0.72129,-1.1905,-0.81467,0.64637
0.81297,3.1436,2.2289,-0.66795,1.0582,-2.522,-0.47277,-0.92232,-0.39055,0.081238,-0.46639,0.27552
0.20531,2.5026,1.9714,-0.27065,0.29721,-1.1497,0.094866,-0.41001,-0.34622,-0.50963,-0.74469,0.35431
0.7674,2.3946,1.1572,-0.79101,-0.025239,-0.99729,-0.22175,-0.58655,-0.84771,0.19386,-0.37031,0.5471
1.306,2.8356,0.50182,-0.74184,0.17679,-1.7457,0.25642,-0.55117,-0.23033,-0.30155,-0.38937,-0.35064
1.2636,3.1045,1.3305,-0.52158,0.57635,-0.98585,-0.72769,-0.74629,-0.60485,-0.81178,0.079202,-0.46189
1.0241,2.1084,1.5296,0.16055,1.2671,-0.91009,-0.59229,-1.4539,-1.1025,-0.6828,-0.20122,0.024601
1.6542,3.3834,1.8588,-0.055714,0.45404,-1.0129,-0.24683,-1.0062,-0.98276,-0.98115,-0.70383,0.063212
2.0084,2.4878,0.86741,-0.33618,0.39328,-0.8316,-0.34149,-0.47822,-0.46279,-0.33649,-0.70778,-0.60642
2.7552,3.8707,1.1363,-0.27716,0.23966,-1.4258,-0.77762,-1.5337,-0.98168,-0.90411,-0.29632,-0.019332
2.6181,3.8227,2.1499,-0.02634,0.65679,-1.2003,-1.043,-1.2737,-1.2213,-0.77139,-0.2976,0.086317
3.2288,3.3249,1.7678,-0.24543,0.24941,-1.2225,-0.61266,-0.33631,-1.0046,-0.2572,-0.6827,-0.26048
2.6424,2.9184,1.2155,-0.73309,0.6675,-0.80011,0.25239,-0.57361,-1.1625,-0.30123,-0.26265,-0.065002
1.4199,2.3893,1.7836,-0.019377,0.89507,-0.4536,-0.59195,-0.40155,-0.31411,-0.69473,-0.4767,-0.026215
2.3123,3.1707,1.2835,-0.28786,0.38478,-1.3733,-0.11636,-0.61754,-0.551,-0.14984,-0.50479,-0.50338
2.1291,2.851,0.91874,-0.66042,0.21723,-1.0268,-0.64106,-0.72981,-1.04,-0.057409,-0.47051,-0.25218
1.776,2.593,0.58621,-0.31259,-0.59872,-1.8811,-0.31407,-0.72867,-0.92009,-0.60322,-0.48377,-0.23503
1.5259,1.9843,0.84511,-0.16845,-0.00058783,-0.80814,-0.10407,-0.60547,-0.62188,0.033661,-0.43769,0.022789
2.0513,2.4024,0.64354,-0.47031,0.12944,-1.1802,-0.68764,-0.38878,-0.80421,0.082946,-0.25048,0.076972
2.2559,2.8373,0.97384,0.26089,0.028932,-1.2138,-0.6995,-0.26224,-0.842,-0.1366,-0.27194,-0.37442
1.933,3.7091,0.97366,-0.018855,0.69853,-1.9948,-0.11433,-0.87546,-0.53351,-0.31228,-0.32267,0.15672
-1.2922,4.83,-0.10747,-0.3593,0.95135,-2.3995,1.186,-1.726,-0.053599,-0.81306,-0.42381,0.080228
-3.2081,5.4529,-1.0164,-0.22701,1.5785,-2.609,0.80402,-1.0125,-0.90627,0.16471,-0.39638,0.32445
-4.3154,5.7767,-0.29223,-0.16177,0.82772,-2.3944,0.61224,-1.1275,-0.52648,0.0037309,-1.0344,-0.24056
-3.9754,6.2423,-0.30538,-0.12957,0.89347,-2.8761,-0.10633,-1.0591,-0.83805,-0.78114,-0.99642,0.22639
-4.1577,6.2387,-0.22798,-0.92684,0.93482,-3.3651,-0.33109,-2.0101,-1.9006,-0.84763,-0.61657,-0.036931
-4.8469,6.9629,-0.60409,-0.98396,0.99904,-3.0307,-0.19327,-0.70314,-1.3698,-1.375,-0.8052,-0.53368
-5.7287,6.5847,-0.34283,-0.80609,1.0554,-2.3662,0.25639,-1.0914,-0.93933,-0.7486,-0.86491,-0.84845
-7.581,6.9366,-1.2392,-1.5261,0.99457,-2.0937,0.3839,-0.3122,-1.1686,-0.3824,-0.39952,-0.94382
-8.5901,6.8533,0.24186,-0.44154,0.76344,-1.4608,-0.42845,-1.3878,-1.2105,0.24457,-0.55847,-0.48176
-8.6863,6.016,0.038477,-0.63185,0.64819,-2.5535,0.38963,-1.5658,-1.3701,-0.48369,-1.0859,-0.71439
-9.2475,6.507,0.073237,-1.5215,-0.43772,-3.1512,-0.11471,-0.90132,-0.88348,-0.63922,-0.44592,-0.38994
-9.1769,5.5257,0.17508,-0.98239,0.72301,-2.176,0.82073,-0.83281,-0.58716,0.4092,-0.63746,-1.0933
-8.1235,4.0272,0.35996,-0.49716,-0.033152,-3.0708,0.20719,-0.19716,-0.74484,0.035338,-0.99529,0.038931
-7.6735,3.9785,0.76405,-0.50888,-1.0738,-2.7005,0.84984,-1.0626,-0.4061,-0.15443,-0.60846,0.27986
-7.1692,2.4828,0.38415,-0.87623,0.042156,-2.3831,0.75369,-0.12033,-0.41432,0.24872,-0.08364,0.32547
-5.0912,2.6918,0.43867,-1.1683,-1.3538,-2.9215,1.0699,-0.33955,0.33176,0.90314,-0.061463,-0.38587
0.0020775,2.4072,0.99227,0.33354,-0.2748,-1.9377,0.10407,-0.43165,-0.36472,-0.32241,-0.42418,-0.13109
2.9402,0.44015,1.7681,-0.71747,-1.9009,-2.9412,-0.77968,0.080981,1.0009,-0.34611,-0.4189,-0.43414
4.0853,0.19587,1.1972,-0.22845,-2.5502,-2.546,-0.76228,-0.13887,1.2446,-0.23766,-0.22948,-0.70277
3.8537,-0.37213,1.6209,-0.76699,-2.3456,-2.4372,-1.0018,0.44459,1.1393,-0.29276,-0.24244,-1.1491
4.1022,-0.55858,1.6834,-0.892,-1.9245,-2.5555,-0.77818,0.53758,1.2313,-0.44281,-0.26775,-0.97155
4.29,-0.42996,1.3663,-0.89932,-1.8514,-2.4434,-0.56214,0.16756,1.1706,-0.31181,-0.13131,-0.93288
4.5923,-0.32896,1.3942,-0.46134,-1.3865,-2.9818,-0.66687,0.29908,1.0904,-0.26046,-0.052919,-0.85312
4.8237,0.12086,0.84976,0.076987,-1.0257,-2.6907,-0.17065,-0.0025213,0.42936,0.11807,-0.44408,-0.37639
4.6981,0.77555,1.1701,0.23595,-0.47256,-2.598,-0.33674,-0.4715,0.66542,0.20275,-0.26722,-0.35687
3.8616,0.87964,1.6363,0.59244,-0.81245,-2.0133,-0.54672,-0.25707,0.048025,-0.74425,-0.17723,-0.053228
4.3126,0.30552,1.2143,0.94765,-0.0073165,-1.9542,-0.1795,-0.30842,0.015805,-1.2674,-0.67095,-0.39726
3.8743,-0.42326,1.2794,-0.48951,-1.0102,-1.649,-0.11893,-0.71873,0.67056,-0.68173,-0.44723,-0.38297
4.3524,-0.09665,0.87284,-0.78338,-1.211,-1.8455,-0.27287,-0.36238,0.31067,-1.0841,-0.19962,-0.95269
4.7445,-0.64298,1.265,-0.58298,-0.94409,-1.9556,-0.79993,-0.18147,0.23762,-0.15216,-0.24532,-0.98002
5.2899,-0.17782,1.2785,-0.77229,-0.96067,-1.7003,-0.93073,0.33018,0.61186,-0.43514,-0.49266,-0.31319
5.0757,-0.036456,0.91654,0.039382,-1.2899,-1.1577,-0.88061,-0.34844,-0.11804,-0.68848,0.25011,0.11437
5.3523,0.031311,1.0523,-0.065463,-1.507,-1.7215,-0.40115,-0.61728,0.19615,-0.75879,-0.16776,-1.2302
5.6806,-0.51866,1.0239,-0.56972,-2.1672,-2.3079,-0.088771,0.28837,0.18949,-1.1501,-0.54091,-0.31899
6.1696,-0.69792,0.60633,-0.1936,-1.8768,-2.6942,-0.73237,-0.34816,0.10776,-0.27176,-0.65764,-1.3592
4.6691,-0.62483,0.93627,0.28305,-1.7282,-2.2514,-0.74165,-0.28303,0.2939,-0.85491,-0.69862,-1.0618
4.0755,-1.9201,0.043716,-0.51138,-1.8527,-2.7083,-0.16619,0.20183,0.39988,-0.39002,-0.47499,-0.97194
4.2652,-1.7863,0.87618,0.15761,-2.0165,-2.8076,-0.38914,0.21037,0.64467,-0.4885,-0.66719,-0.64809
4.4853,-2.0553,0.5675,-0.3837,-1.7312,-2.9757,-0.74244,-0.046085,0.24728,-0.48616,-0.86608,-0.62839
4.6585,-1.5734,0.49282,-0.034135,-2.7337,-3.2255,-0.22129,0.010463,0.0545,-0.42343,-0.90615,-1.2046
4.5329,-1.0815,0.36686,0.028927,-2.4105,-3.1687,-0.15145,0.65307,1.2252,0.34067,-0.4193,-1.1072
4.9658,-0.812,0.35703,-0.069254,-1.253,-2.5444,-0.69949,0.78636,0.24072,-0.4067,-1.0151,-0.76455
5.3529,-0.6936,0.95212,-0.4114,-1.7671,-2.9957,-0.66909,0.43525,0.43534,0.050143,-0.8651,-1.1066
-0.079579,2.2975,0.7713,-0.389,0.050579,-3.7447,0.48445,-0.25869,-0.32008,0.90707,-0.72629,-0.53059
-1.7069,3.9805,-0.24358,0.63974,-0.21563,-2.9684,0.45655,-0.17196,0.36744,-0.051017,-1.1023,0.030456
-2.3704,4.4615,0.1896,0.76591,0.80956,-3.3347,-0.19876,0.036732,-0.11006,-0.045686,-0.40443,-0.98668
-2.6484,4.7107,0.16117,0.13248,0.39838,-3.4039,0.092031,0.49948,0.33995,-0.34407,-0.52359,-0.56433
-2.2137,4.5204,-0.50846,-1.4479,-0.91826,-3.5859,-0.30334,0.21609,0.65689,-0.28097,-0.72032,-0.75532
-2.6545,3.2005,0.28259,-0.7478,-1.2393,-4.9477,-0.15919,0.51056,0.2387,-0.34664,-1.2017,-0.60802
-1.5912,2.859,0.018992,-1.2819,-0.14233,-4.1822,-0.079305,0.24997,0.81629,0.13561,-1.1845,-0.90059
-0.92837,2.9611,0.31683,-0.9455,-0.59896,-3.7727,-0.35031,0.27,0.30833,-0.064715,-0.48599,-0.58231
0.88818,2.8776,-0.23659,-0.80798,-0.033069,-3.4028,-0.15172,0.037315,0.29096,-0.77079,-0.26479,-0.28192
1.5586,1.6751,-0.59492,-0.2564,0.1281,-3.354,-0.18691,0.70282,1.1532,-0.26388,-0.5623,-1.2297
2.1892,2.3062,-1.2056,-0.49735,-0.23631,-2.9256,-0.19932,0.24538,0.27531,-0.60883,-0.53686,-0.76832
3.2815,1.5276,-1.0012,-0.43178,0.084119,-3.5854,-1.0383,-0.18006,1.1235,-0.4459,-0.91872,-1.2343
4.0955,1.6315,-0.84747,-1.2858,-0.46138,-3.3944,-0.18063,-0.0083847,0.81912,-0.80821,-1.053,-1.1753
3.1384,1.2248,-0.48798,-0.95093,-1.2739,-3.0358,0.15602,-0.19827,1.0714,-0.63199,-1.4946,-1.4984
3.3416,1.1734,-0.99283,-1.351,-0.97461,-3.6665,-0.40284,0.19188,1.1905,0.001291,-1.4202,-0.92403
4.0328,1.0456,-0.9958,-0.51835,-1.2793,-3.434,-0.35743,0.93964,1.1499,0.22493,-0.88811,-0.77395
3.6889,0.22951,-1.2463,-0.9939,-1.1628,-2.6554,-0.23724,1.0746,1.4146,0.31159,-0.97171,-0.40798
2.696,-0.18733,-1.6127,-2.2463,-2.0528,-3.2125,-0.39131,0.77124,1.1946,0.30181,-1.1297,-0.73563
