2.0991,1.6097,1.231,-0.0010763,-0.3637,0.015281,-0.98458,-0.88501,-0.96601,-0.56945,-0.65059,-0.67748
1.9399,2.3984,1.0122,0.32822,0.15448,0.19477,-0.1638,-0.59515,-0.43291,-0.98749,-0.28035,-0.12666
1.7329,1.7906,1.0723,0.52499,0.12423,-0.46393,-1.3003,-1.3093,-1.1529,-0.59659,-0.30648,-0.3493
1.7453,1.8422,0.71645,0.5919,0.83402,-0.064138,-0.94946,-0.83465,-0.84933,-0.85394,-1.1969,0.49875
1.8247,1.8045,1.2991,0.96517,0.67862,0.32746,-0.75345,-0.94763,-1.04,-0.54384,-0.58158,-0.28223
1.4357,1.0197,0.32091,0.47968,0.54528,-0.21451,-1.0698,-1.2544,-1.0018,-0.2691,-0.76228,-0.80157
1.3518,0.76371,0.43894,0.7664,0.32846,-0.13084,-0.46096,-1.0157,-0.43053,0.048659,-0.21894,-0.58164
1.0818,1.0222,2.1582,0.64399,-0.54654,0.0070559,-0.91932,-0.75902,0.099219,-0.20629,-0.58727,-0.46056
0.87219,0.27866,1.1606,0.23005,0.22054,0.0042113,-0.78154,-0.30257,-0.53565,-0.69097,-0.65588,-1.0539
1.3062,0.74108,1.9478,0.32742,0.59367,0.43127,-1.2864,-0.59026,-1.046,-0.62739,-0.91248,-0.85451
1.8224,0.37753,1.3173,0.57579,-0.010078,-0.17772,-1.0819,-0.14273,-0.56136,0.040486,-0.18039,-0.87306
3.2304,0.24401,1.7451,0.036548,-0.15885,-0.49159,-1.2868,-0.5276,-0.47213,-0.27916,-0.40968,-0.99002
3.6612,-0.7187,2.1814,0.3461,-0.18011,-0.18421,-1.7876,-0.30629,-0.36519,-0.35523,-0.5246,-1.0585
4.5698,-0.10614,1.5305,0.31611,0.28714,-0.45066,-1.7163,-0.29085,-0.84064,-0.52217,-0.29294,-0.54045
4.005,-0.77358,1.418,0.15704,-0.20668,0.10723,-0.92328,-0.31565,-0.85894,-0.60735,-0.51566,-0.59724
4.0097,-1.187,1.1823,0.28388,-0.307,-0.099503,-1.6471,-0.65687,-0.32297,0.15995,-0.093561,-0.51468
4.321,-1.0858,1.2568,0.57528,-0.47055,-0.15394,-1.5732,-0.57344,-0.92435,-0.07177,-0.38254,-0.64427
4.2457,-1.33,1.667,0.45677,-0.1626,-0.41305,-1.9628,-0.43437,-1.0599,0.038877,-0.35864,-0.72224
4.424,-1.9405,1.9132,0.10023,-0.10922,0.010907,-1.6992,-0.61868,-0.6862,-0.35129,-0.4206,-0.68798
4.4033,-1.4743,1.2909,-0.22202,-0.33066,-0.24362,-1.4354,-0.85501,-0.66152,0.19951,-0.30262,-0.60897
4.2972,-1.2566,1.5188,0.0037156,-0.64399,-0.50975,-1.6907,-0.94306,-0.82222,0.38176,-0.3347,-0.61039
4.6846,-1.3785,1.8097,0.27094,-0.61339,-0.60291,-2.2554,-0.70199,-1.0944,0.34272,0.035832,-0.67811
4.6137,-1.3057,2.0655,0.4563,0.014688,-0.56606,-2.4089,-0.78941,-1.2834,0.083478,0.068642,-0.83665
4.2807,-1.1927,1.6481,-0.28898,-0.69236,-0.59017,-2.1394,-0.28736,-1.0101,-0.18871,0.22514,-0.85445
4.0955,-0.98428,1.5141,0.063104,-0.36272,-0.81706,-2.1945,-0.7859,-0.93201,-0.29778,-0.38466,-0.46806
4.4602,-1.0665,1.3762,-0.2477,-1.0153,-0.064662,-2.3226,-1.2169,-1.4389,-0.19907,0.13734,-0.28006
5.0399,-0.2871,1.6165,-0.11938,-0.68684,-0.77051,-1.8945,-1.0135,-1.1235,0.29536,0.092093,-0.97361
4.4717,-0.40641,1.9413,-0.31218,-0.32124,-1.0474,-1.9692,-0.41987,-0.76003,0.024695,-0.40628,-0.98776
3.9325,-1.1055,1.2437,-0.11335,0.0019457,-0.53242,-2.0214,-1.2831,-1.4885,-0.12185,-0.22554,-0.28046
2.8386,-0.91124,0.88926,-0.33223,-0.99288,-0.92144,-1.0302,-0.45882,-0.19722,-0.14486,-0.13979,-0.8346
3.0123,0.019773,0.43074,0.063228,-0.26969,-1.1906,-0.85526,-0.70455,-0.58367,-0.050225,-0.14701,-0.39273
1.8546,-0.86934,-0.57284,0.12969,-0.40543,-1.2187,-0.76074,-1.2362,-0.90833,-0.28963,-0.073611,-1.0167
2.2193,0.88132,0.8402,-0.076231,0.050024,-0.35887,-0.85328,-0.68734,-0.7175,-0.18452,-0.30411,-0.5813
1.7738,-0.31287,-0.38478,-0.1265,-0.79265,-0.81957,-0.94608,-0.75605,0.17468,0.014919,-0.87025,-0.55765
0.27091,1.2186,-0.092858,0.25514,-0.058954,-0.63178,-1.6115,-1.4212,0.25175,0.27906,-0.28123,-0.26976
-0.43354,0.37143,-1.4328,-0.43152,-0.90249,-1.1375,-1.6607,-1.22,-0.30564,0.67601,0.20589,-1.7331
1.1058,0.090674,-0.9248,-0.44554,-0.69296,-0.61705,-1.7854,-0.95157,-0.48455,-0.49532,-1.1237,-1.5084
0.47949,-0.73307,-0.97699,-0.47741,-1.2552,-0.97135,-1.3241,-0.48146,-0.3518,-0.14111,-0.53731,-0.80271
1.7596,-0.2199,-1.0047,-0.45497,-0.9191,-0.38039,-1.8063,-1.2658,-0.021792,-0.13483,-0.3371,-1.0072
0.89907,0.40827,0.23803,0.45026,-0.21841,-0.387,-0.95112,-1.3951,-0.63808,-0.9561,-1.287,-0.98368
1.4943,0.1736,-0.015565,0.10722,-0.18151,-1.0362,-1.5101,-1.2418,-0.080429,-0.84268,-0.49448,-0.95406
1.9136,0.30533,-0.61475,-0.085072,-0.47819,-1.0431,-1.2341,-1.2893,0.11424,0.22213,0.044589,-1.3645
2.7551,0.0024819,-0.13711,1.5555,-0.32774,-0.43569,-1.4262,-1.507,0.5094,0.20301,0.089544,-1.3729
2.3935,0.72255,-0.046441,1.2055,0.29565,-0.94306,-1.2921,-1.3091,-0.62411,0.48865,0.059583,-1.2666
2.5414,0.21889,-0.18822,1.4982,0.12443,-1.2704,-0.71663,-0.85117,-0.103,0.37628,-0.10589,-1.5238
2.0594,0.55072,0.24644,1.2794,-0.45076,-0.95636,0.094058,-1.2732,0.050382,0.32012,-0.060116,-0.86782
2.2479,0.48681,-0.22526,1.054,0.039968,-1.1697,-0.7276,-1.1194,0.07914,0.020121,-0.30138,-1.0948
2.1694,0.98671,0.024694,0.65083,-0.77303,-1.3305,-1.3606,-1.4903,-0.22788,0.30761,-0.43068,-1.3368
2.0166,0.41877,-0.71187,0.3368,-0.80261,-0.93064,-1.4147,-0.89427,0.80416,0.45031,0.012373,-0.69696
2.6316,0.49708,0.19955,1.0005,-0.69163,-1.7774,-0.84062,-0.73293,0.72489,0.39505,-0.5154,-1.049
2.1234,0.057494,0.30011,1.1165,-1.0193,-1.4838,-0.67617,-0.41111,0.10848,0.57741,-0.28297,-0.75383
2.114,-0.31379,0.15703,1.0857,-0.92816,-0.9321,-0.83372,-0.57042,0.48011,0.066714,-0.041724,-0.62184
3.1633,-0.56463,0.23176,1.3822,-1.1315,-0.84024,-1.007,-1.0504,0.25958,0.34045,-0.48027,-0.48945
2.6058,-0.10429,1.4157,0.56091,-1.3787,-1.172,-0.51133,-0.94678,0.087591,0.31046,-0.38683,-0.81637
3.0812,-0.64138,0.19092,-0.0033365,-1.1221,-1.6721,-1.3191,-1.3489,0.17694,0.97006,-0.24072,-1.1981
1.5445,-1.9785,-1.305,-0.22855,-1.2133,-1.8181,-0.97829,-0.77328,0.19557,0.91465,-0.44774,-0.7311
1.8546,-1.1493,-0.79982,-0.19163,-1.2725,-1.3655,-0.98018,0.14824,0.82292,0.69807,-0.45322,-1.4704
3.7523,-1.0331,-0.11337,0.040756,-2.1433,-1.8045,-1.0971,-0.34286,0.41212,0.6233,-0.71051,-0.93231
3.7221,-1.1166,0.33968,-0.63447,-1.4859,-1.5469,-0.93946,0.20212,0.93199,0.3613,-0.69805,-1.4124
3.288,-1.5472,-0.60396,-0.57535,-1.8193,-1.8706,-1.3969,-1.2188,0.2295,0.54068,-0.13639,-1.0742
2.6401,-2.1434,-0.99736,-1.2843,-1.8239,-2.5345,-1.9753,-0.37738,1.0244,0.93459,-0.53664,-1.4249
2.6485,-2.4186,-1.5238,-0.80591,-1.8762,-2.6579,-1.7578,0.29986,0.70998,1.021,-0.562,-1.3137
3.9714,-1.7886,-1.1855,-1.2711,-1.9542,-2.5339,-1.5556,-0.25233,0.71034,-0.098837,-0.3769,-1.5221
3.336,-2.2489,-0.81416,-0.77556,-2.017,-2.0947,-1.5159,-0.027394,0.54343,0.72171,-0.50949,-1.0132
3.1342,-1.2988,-0.90904,-0.7994,-0.85169,-2.2032,-1.2777,0.28147,0.86392,1.2134,-0.038536,-0.80173
3.4205,-1.4543,-0.97157,-0.78167,-0.69694,-2.0493,-1.0705,0.38556,1.9496,0.93089,-0.47988,-0.16938
2.9873,-0.15951,-0.69501,-0.5061,0.16721,-2.719,-0.15804,0.96082,1.8016,0.60298,-0.53227,-0.68423
1.0025,0.8925,-0.58444,-0.96657,-0.57627,-2.8186,0.23322,0.5574,1.4426,1.1193,0.22017,-0.67717
-2.7861,1.9647,-0.81859,-1.8379,0.29673,-3.1722,0.55692,0.54919,0.53423,0.71285,0.27484,-0.48209
-3.838,2.7283,-1.1384,-1.5091,-0.029609,-3.7586,-0.06074,0.68825,1.2117,0.15846,-0.74894,-1.065
-5.4906,4.043,-1.329,-2.6379,0.2507,-3.4049,0.36875,0.41324,0.36729,-0.10589,-0.56563,-1.1361
-6.7509,3.6186,-1.954,-2.7043,0.48009,-3.6376,0.44707,0.55221,0.57498,-0.31672,-0.16906,0.16733
-6.3066,3.0418,-0.96952,-1.8118,0.67788,-2.6158,0.82606,0.73655,0.74536,-0.68824,0.63749,0.038564
-6.6835,2.142,-1.5884,-1.0634,-0.073513,-2.2028,1.9616,0.37049,0.91455,-0.65402,-0.23055,-0.52066
-6.4299,1.5355,-1.7856,-1.1767,-0.62491,-1.4023,2.0052,0.31277,0.34104,-1.1146,0.36656,-0.022781
-6.2164,2.4077,-1.5292,-0.85984,-0.62386,-0.85966,2.1156,-0.15745,-0.16622,-1.6225,-0.0032605,-0.28215
-6.9008,1.3642,-2.2625,-1.1479,-0.39649,-1.1453,1.8485,0.37135,-0.43194,-1.404,-0.18561,-0.96413
-7.8596,1.8732,-1.9052,-0.62859,0.19225,-0.7217,2.1665,-0.1482,-0.012651,-1.9442,0.38353,-0.36215
-7.8137,2.1093,-1.1513,-0.53503,-0.4815,-0.62574,2.2897,-0.017469,0.18615,-1.5067,0.25947,-0.22732
-7.2449,1.4259,-1.9453,-0.093558,-0.22628,-0.33038,1.5944,-0.57268,1.0104,-0.7677,0.028912,-1.0172
-7.3508,0.69689,-2.688,-0.14252,0.34324,-0.5391,0.7585,-0.68119,0.55349,0.10844,-0.11857,-1.7346
-7.4621,0.32242,-2.8245,0.10973,-0.20373,0.42162,1.4812,-0.69822,1.53,0.33567,-0.46995,-2.0853
-5.6454,-0.33276,-3.2607,0.17449,-0.2045,-0.20347,0.07562,-1.7512,0.15691,0.46506,-0.7567,-2.1197
-5.0318,-0.55442,-3.5065,0.17758,-0.078354,0.58394,0.051542,-1.6786,1.2239,-0.13642,-0.64535,-2.1509
-4.855,-0.95329,-3.0208,0.36795,-0.91381,0.43139,-0.15473,-2.1788,1.3188,0.44864,-0.52452,-1.2561
-4.0769,-0.33509,-1.987,0.50649,-0.65871,0.75956,-0.20343,-2.097,1.1439,0.53666,-0.62827,-1.6517
-3.8561,-0.77128,-2.3872,0.15801,-0.78207,0.93656,0.36481,-1.6664,1.3423,-0.10964,-0.51335,-2.0141
-4.2014,-1.345,-2.4786,0.35899,-0.71422,1.4304,0.26875,-1.0938,1.6294,0.45115,-0.38076,-1.5695
-3.2856,-0.49767,-2.6469,0.53413,-0.52652,1.3091,0.24243,-0.896,1.6573,-0.27984,-0.049322,-2.0274
-2.5931,-0.19357,-1.9688,0.4254,-0.78879,0.73926,0.55116,-0.98268,2.1327,0.18445,-0.60485,-1.2039
-2.3712,-0.206,-1.7822,0.23255,-0.32415,0.98285,0.95636,-0.51759,1.8598,0.026198,0.027569,-1.3832
-2.8496,-0.65827,-0.63321,0.55366,-0.37196,0.71325,0.92396,-1.0218,2.7069,0.28661,-0.68929,-2.0386
-2.3878,0.15422,-1.7081,-0.076554,-0.17258,0.51211,0.90876,-0.44457,2.5913,-0.41355,-0.10137,-1.8449
-1.6579,-0.0082237,-1.7495,-0.066747,-0.15063,0.92643,1.166,-1.4157,1.9671,-0.59188,0.16555,-1.788
-1.8177,0.196,-1.7476,0.082603,0.21816,0.34305,0.48125,-0.99983,1.9084,-0.76704,0.44221,-1.51
-1.5909,0.052678,-1.7129,-0.16615,0.25588,0.14336,0.021804,-1.9905,1.8464,-1.1752,0.3869,-1.283
-0.81422,0.098717,-0.68997,0.080564,0.30437,0.29498,-0.75493,-1.8537,1.108,-1.399,-0.075464,-1.6149
-0.20071,0.0064724,0.40132,-0.69058,-0.12752,1.0475,-0.62455,-1.3287,0.51945,-1.5943,0.65024,-2.2142
-0.31855,0.36741,0.65777,-0.15269,0.88463,0.43408,-1.1807,-1.4505,0.18451,-2.1833,1.0178,-1.5227
-0.37312,0.54378,0.32537,0.15049,0.66656,0.24183,-1.1428,-1.4163,0.23198,-2.0198,0.19168,-1.8272
-0.51701,0.55388,1.0906,0.7564,0.95719,0.33871,-1.0816,-1.7331,0.13594,-2.1858,0.2617,-1.3522
-0.077348,0.39938,1.597,0.6773,0.94245,0.32712,-1.469,-1.4507,0.29331,-1.8984,0.14474,-2.4974
-0.70316,0.82591,1.6454,0.52129,1.2989,0.7621,-1.9486,-2.0209,0.27858,-1.4577,0.48301,-2.3691
0.82124,0.5852,1.4039,-0.58634,0.74694,0.89904,-1.1583,-1.7826,0.28522,-1.4701,-0.1039,-2.3282
1.4984,0.35345,1.3051,0.2993,0.69942,0.84739,-1.2711,-1.2226,0.32469,-1.6373,0.2918,-1.9054
1.4244,-0.17681,1.5295,0.036142,0.34421,1.01,-1.5962,-1.7911,0.3567,-1.8007,0.57355,-2.0185
1.7905,0.33494,1.6226,0.2635,-0.12995,0.54163,-1.8087,-1.6768,0.38756,-2.4203,0.053896,-1.9063
2.1343,0.43675,1.8005,0.43792,-0.24336,0.61437,-1.474,-1.3973,0.38507,-2.0508,-0.26848,-1.6215
2.5262,0.56741,2.0585,-0.041484,-0.99066,0.92049,-0.7739,-2.2415,0.36363,-2.0737,0.30871,-1.9585
1.8032,0.17409,1.6262,0.064592,-0.24105,0.8517,-1.484,-1.0096,0.085731,-1.8941,0.063176,-2.3215
1.6118,-0.25519,2.4162,-0.29557,-0.88555,0.66276,-0.66308,-0.65775,0.60081,-2.1411,-0.023668,-1.8123
2.0919,-0.31225,1.497,0.39914,-0.29101,0.62143,-0.73099,-0.15881,0.79138,-2.556,-0.32531,-1.6057
2.3753,-0.50426,1.3284,0.24997,-0.44857,0.65005,-0.68401,-0.49762,1.0033,-2.3615,0.29288,-1.0109
1.9169,-0.19671,1.6671,-0.0070898,-0.3883,0.58011,-0.87275,-0.48821,0.72022,-2.449,0.16317,-1.3605
2.1622,0.35315,0.99928,0.24628,-0.2707,0.10322,-0.72469,0.010581,0.15765,-2.7957,0.27369,-1.4622
1.4041,0.42086,0.62182,-0.43031,0.39671,0.74491,-0.065878,-0.30836,0.52595,-2.318,-0.12619,-1.6767
0.52951,-1.12,0.40897,-0.73577,0.2686,0.89507,0.37689,0.3868,1.3756,-1.29,-0.30595,-0.70841
-0.14956,0.24763,0.61233,-0.71458,0.3587,0.018862,-0.79692,0.12967,1.2124,-1.8648,-0.98112,-1.1683
-2.1119,-0.90412,-0.73055,-1.8134,-0.86836,-2.1384,-2.1455,-1.0415,0.46904,-2.4828,-0.73164,-1.4788
-1.5986,0.72775,-0.079746,-0.73104,-0.22918,-1.4648,-0.93602,-0.62828,0.41834,-2.1342,-0.71659,-1.0203
-2.0484,1.2189,0.19025,-0.59075,0.38297,-1.1044,-1.3627,-1.0888,-0.25124,-2.481,-1.0837,-0.91444
-2.5214,1.3115,0.062475,-0.17671,0.56772,-0.79657,-1.5389,-0.87795,0.031782,-1.9138,-0.087878,-0.63026
-1.7736,2.2803,0.28895,0.067932,0.8361,-0.20033,-1.3346,-1.4982,-0.53235,-1.5336,-0.11768,-0.40299
-3.0088,2.4445,0.15785,0.32081,1.3766,-0.098501,-0.95561,-1.6406,-0.40563,-1.778,-0.53839,-1.032
-2.7991,3.1438,0.90055,0.45007,1.2252,-0.58917,-0.80845,-1.2312,0.26811,-1.2657,-0.518,-1.5786
-3.035,2.2257,0.012517,0.43839,1.1584,-0.079146,-0.040311,-0.5663,0.45676,-1.6484,-0.22665,-1.2618
-3.1278,3.1616,0.086204,0.01322,1.0319,-0.68431,-0.63277,-1.0338,0.34461,-1.9349,-1.1859,-1.2852
-3.6503,3.7596,-0.40719,-0.11696,2.2201,-0.39686,-0.39805,-1.1953,0.060729,-1.9588,-1.0542,-1.483
-3.8709,3.1229,0.65695,0.23692,1.5028,-0.82339,-0.33447,-0.99607,-0.41651,-2.3751,-1.7532,-1.1865
-4.8767,3.2022,0.76738,1.5544,1.4783,-1.6914,-0.38648,-0.57918,0.39791,-1.3294,-0.66808,-1.2643
-4.748,3.6024,0.29631,1.1984,1.4888,-1.4894,-0.28212,-1.1441,0.087582,-1.9351,-0.51582,-1.7045
-3.1781,3.7382,-0.47895,0.65936,0.92496,-1.866,0.39347,-0.91974,0.52985,-1.5501,-0.51599,-1.3427
-3.624,3.6465,0.15829,0.67802,-0.11494,-1.8353,-0.40601,-1.1238,0.74115,-1.5938,-0.86394,-1.4885
-3.4298,3.0297,-0.95609,0.33168,0.23063,-2.8625,-1.2914,-0.78617,0.1756,-2.6414,-0.91271,-0.97764
-4.1313,3.5128,-0.93801,-0.89759,-0.84509,-2.6719,-0.88379,-1.3643,0.26552,-2.3271,-0.80812,-0.33715
-3.0478,4.2676,-0.13521,1.0206,0.2876,-2.2882,-0.53213,-1.2299,0.56151,-1.7872,-0.67346,-0.58196
-3.068,4.4717,-0.25671,0.56565,0.15755,-2.6417,-0.1318,-0.53949,0.65678,-1.0227,-0.67721,-0.86113
-2.962,4.7276,-1.5447,0.6146,0.1739,-2.5899,-0.96605,-1.4071,1.2721,-1.7761,-0.8746,-1.0568
-2.9427,4.4003,-0.67609,0.89257,-0.14256,-2.4424,0.1347,-1.0131,2.1291,-0.81877,-0.70308,-0.169
-3.6343,4.4221,-0.63502,0.36725,-0.58292,-3.3846,-0.49561,-0.99991,0.45767,-1.4818,-0.66145,-0.67652
-3.2319,4.7416,0.01479,0.29786,-0.067206,-2.3253,-0.50811,-0.44612,1.4186,-0.88147,-0.40931,-0.82381
-4.5479,4.1138,-0.82827,0.52209,-0.033565,-2.4384,-0.6874,-0.74005,1.183,-1.1787,-0.11586,-0.52596
-4.0781,3.2006,-0.85825,-0.068863,-0.22105,-2.7699,-0.81386,-0.75455,0.71352,-1.3589,-0.029075,-0.16326
-3.525,4.3354,-0.64201,0.026614,-0.56528,-2.9208,-1.1531,-0.68394,0.35696,-1.8622,-0.43275,-0.69734
-3.2672,3.9152,-0.83803,-0.48468,-0.42608,-3.0768,-0.57894,-0.38591,0.65764,-1.478,-0.58529,-1.0362
-3.3153,3.4761,-1.8897,0.04671,0.38019,-2.5549,-0.17075,-0.57925,0.71284,-1.106,0.24309,-0.73048
-2.6949,3.2857,-1.3691,0.12185,-0.22322,-2.3959,-0.46842,-1.3448,1.0362,-1.2018,-0.51545,-0.94707
-3.4401,3.4441,-0.7526,0.31959,0.15108,-3.1714,-0.145,-1.1093,1.015,-0.7571,-0.13983,-0.68927
-3.2163,3.1777,-0.090626,0.091889,-0.13256,-2.7181,0.0367,-1.1776,0.93917,-0.8097,-0.2627,-1.1312
-3.2863,3.3792,-0.020221,-0.6538,-0.72791,-2.4772,-0.2077,-1.2486,1.4334,-1.159,-0.20326,-1.1004
-2.4768,2.2425,0.52486,-0.65175,-0.75066,-1.8856,-0.53738,-1.5891,1.5597,-0.55522,-0.56529,-1.7205
-1.7128,1.7868,0.69072,-0.1267,0.19954,-1.4602,-0.43012,-1.8412,1.9352,-0.98392,-0.50716,-1.4924
-1.7032,1.1931,0.82706,-0.073167,-0.49235,-2.0837,-1.0633,-0.65896,2.6173,-0.86747,-0.37577,-1.4733
-1.6944,0.68271,1.3659,0.30282,-0.95515,-1.4644,-0.52294,-1.3385,1.6597,-1.1991,-0.4501,-1.421
-2.1822,1.2653,1.9928,1.1416,-0.76723,-1.2814,0.05204,-1.2667,1.865,-1.0455,-0.14384,-0.96601
-1.9309,1.3451,2.2396,-0.034696,-1.1696,-1.1227,-0.25429,-1.8201,2.2127,-0.46368,-0.18602,-1.0542
-1.5327,0.79796,1.1099,-0.11677,-1.3545,-1.1041,-0.60221,-1.6141,1.7148,-1.2232,-0.18305,-1.1628
-1.2874,0.82952,1.391,1.0251,-1.8975,-1.3018,0.4284,-1.3194,1.2974,-1.5857,0.34523,-0.94954
-1.822,0.28108,1.6197,0.70675,-1.1361,-0.82588,-0.029994,-1.658,0.23367,-1.8677,0.091487,-0.76596
-0.38294,1.4705,1.6783,0.21886,-0.76547,-1.0103,0.019777,-1.7112,0.76098,-0.98167,0.071277,-1.6102
-0.738,1.1339,0.56257,0.83565,-0.29279,-1.3408,-0.39534,-1.4906,1.2149,-1.2787,-0.1677,-1.3973
-0.094203,1.2,1.2946,0.60553,-0.95331,-0.86437,-0.74144,-1.2936,1.9737,-1.2076,0.060229,-1.5756
-0.73433,1.2162,1.4285,0.069419,-1.2,-1.6907,-0.49529,-1.0882,2.0501,-0.75191,-0.41038,-1.6016
0.040479,1.1873,0.92036,-0.15357,-1.2504,-1.7782,-0.31149,-0.74313,2.0378,-1.0643,-0.53942,-2.5913
-0.48166,-0.079136,-0.45639,0.025258,-1.1954,-1.1313,0.18764,-0.483,2.9469,-0.50146,-0.19772,-2.5748
-0.15634,-0.035365,-1.0334,-0.5561,-0.27927,-0.34179,0.32963,-0.52526,2.6441,-0.43979,-0.46172,-2.5269
0.98547,-0.58654,-0.4791,-0.12734,-0.51386,-1.6713,-0.47822,-0.60532,2.1447,-1.3458,-1.3043,-2.6466
0.5567,-1.6671,-1.2128,-0.16698,-0.47014,-0.82122,-0.041723,-0.15135,3.0378,-0.96561,-1.2199,-2.0287
1.9408,-1.0917,-0.91016,0.24475,-0.44095,-1.1598,0.11181,-0.19292,2.5734,-1.3154,-1.4088,-2.1875
1.1736,-1.5802,-1.4677,-0.48626,-0.77987,-0.99378,0.4673,-0.61398,1.857,-0.74789,-0.66429,-2.5644
1.5286,-2.0145,-1.2405,0.66059,0.44073,-0.2079,-0.061576,-0.40282,1.452,-1.6055,-0.81411,-2.5438
2.1347,-1.3078,-1.6614,-0.36282,-0.24743,-0.18224,0.81685,-0.43829,1.8206,-1.1311,-1.3352,-2.8442
2.8342,-1.6135,-1.8106,0.13063,-0.22517,-0.08083,0.82617,-0.10004,1.8502,-1.1263,-1.3424,-3.2927
2.8512,-0.96063,-1.6323,-0.019602,-0.14087,-0.3554,1.1961,0.18334,1.8804,-1.6168,-0.99229,-2.4645
3.0377,-0.72587,-1.2783,-0.28377,-0.56421,0.39481,0.73174,-0.11825,1.414,-0.781,-0.35246,-2.591
2.803,-0.57409,-1.2978,-0.23536,-0.87327,-0.32851,0.90011,-0.092351,1.3768,-1.0303,-0.31608,-2.2569
3.7343,-0.32053,-1.4653,-0.82294,-1.4785,-0.021653,1.1093,-0.67201,1.2204,-1.1839,-0.1751,-1.8554
4.0409,0.44952,-2.3808,-0.76852,-0.33604,0.68734,1.0857,-1.0646,0.68631,-0.76157,-0.021249,-1.5323
4.8747,0.016731,-2.2367,-0.2476,-0.27324,0.068281,1.0483,0.10525,1.2503,-0.44043,0.56898,-1.3351
4.33,-0.28355,-1.7635,-0.80479,-1.2072,0.25608,0.98664,-0.61418,1.0328,-0.53054,0.61128,-1.6526
3.9201,-0.40947,-1.919,-0.69378,-0.93199,-0.51633,0.69085,-0.9906,1.4098,0.18917,0.46682,-2.2341
3.8906,-1.1935,-0.20573,-1.5019,-0.19526,1.4455,0.46766,-1.0725,1.8452,-0.42198,0.39032,-1.7771
2.4683,-2.4354,-0.010398,-1.7994,-0.64446,1.4198,0.21241,-0.59232,1.2699,-0.03237,0.82543,-1.866
2.7631,-2.2123,1.8278,-1.2565,0.11379,0.26112,-1.34,-0.73394,0.78118,0.02771,0.10445,-1.9498
3.7834,-2.8083,1.9124,-0.79377,-0.23659,0.30936,-1.1947,-0.83569,1.099,0.40111,0.78625,-2.4975
5.0725,-2.6495,1.9265,-0.8913,-0.8232,0.10251,-1.4018,-1.2252,0.85695,0.089589,0.9703,-2.5748
6.4801,-2.4387,2.1856,-0.78054,-0.5689,0.077482,-1.7357,-1.8011,0.35027,0.42866,0.56971,-2.482
6.5532,-2.5801,1.355,0.094682,-0.85361,0.15066,-1.651,-1.8426,0.19627,-0.17232,0.74444,-2.0442
6.8024,-2.0089,1.1251,0.53493,-0.76087,-0.31168,-1.8469,-1.6429,-0.15838,0.12082,0.21904,-1.654
7.0943,-2.7683,0.90975,0.77649,-1.1947,-0.32743,-1.4731,-1.3889,0.38708,-0.06898,0.36102,-1.7069
6.867,-2.6095,0.96149,1.0237,-0.7422,-0.47096,-1.8548,-1.6829,0.44953,0.18131,0.30547,-1.5922
7.9369,-3.05,1.3132,1.1446,-0.83053,-0.23399,-1.7718,-1.8544,0.57938,-0.48578,0.45503,-2.2507
7.9637,-2.9039,1.3105,0.96582,-1.0043,0.071527,-2.153,-1.7983,0.05743,-0.27988,0.44582,-2.2024
7.4737,-2.9446,1.4684,1.1794,-0.87216,-0.17325,-1.7227,-1.8458,-0.082325,-0.23527,0.59184,-1.9061
7.6335,-3.2183,1.0979,0.8703,-1.4787,-0.5367,-1.4951,-1.3592,0.24041,-0.49998,0.41531,-1.7372
6.9716,-2.2106,1.068,1.5844,-1.0161,-1.0807,-1.7278,-1.4508,-0.037368,0.14672,0.18137,-2.0686
6.9185,-2.295,1.5913,1.6146,-0.79541,-0.73898,-2.1755,-1.5273,-0.416,-0.14682,0.031562,-1.8394
8.1101,-3.1815,1.6693,1.4974,-0.53454,-0.24138,-1.6366,-2.0076,-0.86283,-0.76079,0.66366,-1.9342
7.3947,-2.8176,1.2525,1.3572,-0.53376,-0.51296,-1.9445,-1.9362,-0.71654,-0.8048,0.63136,-1.54
7.5077,-2.6121,0.47407,0.80219,-1.3512,-1.0118,-1.3164,-1.1916,-0.19742,-0.19426,-0.24366,-1.75
7.0027,-2.2941,0.55656,1.0752,-1.1359,-1.4219,-1.7737,-1.4229,-0.39127,0.53029,0.39681,-1.7319
6.4324,-1.8072,0.67691,1.0697,-0.72351,-0.99112,-1.4347,-1.3782,-0.82695,0.38112,0.021026,-1.7499
5.5865,-1.2327,0.54873,0.68197,-0.18702,-0.89048,-1.422,-1.0426,-0.80705,-0.12807,-0.2202,-1.151
6.0927,-2.3767,0.78037,0.66388,-1.1095,-0.63766,-0.91617,-0.64625,-0.2733,-0.41659,-0.11429,-1.2642
5.6333,-1.9086,0.39665,0.39031,-0.50479,-0.55455,-0.97101,-0.64228,-0.11317,-0.73745,0.06107,-1.4843
4.1155,-0.66429,0.018638,-0.49814,-0.11437,-0.84775,-1.2333,-1.7252,-1.0207,-0.092177,0.36779,-1.1605
4.2448,-2.02,0.35361,-0.32034,-0.47576,-0.18724,-1.0066,-0.72815,-0.37414,-0.085887,0.30987,-1.2485
3.9282,-1.2266,0.41732,0.23157,-0.28445,-1.03,-2.1506,-1.6625,-0.32973,-0.58713,0.018381,-2.2539
4.0619,-0.73422,0.67556,0.76887,0.13787,-1.527,-2.191,-1.8711,-0.65112,-0.22917,0.56111,-1.8304
3.501,-0.64297,1.4187,1.146,-0.69417,-2.0051,-2.1449,-0.90569,-0.5721,-0.052703,-0.19717,-2.0382
4.36,-0.73983,0.91397,0.67412,-0.38166,-0.87668,-1.5646,-1.4341,-0.27721,-0.069915,0.3406,-2.1185
3.3797,-0.63474,1.7106,0.57794,-0.088922,-0.79142,-1.436,-0.76492,-0.3685,-0.88465,0.099205,-1.9602
3.579,-1.0859,2.1364,0.86716,-0.15961,-1.0472,-1.916,-1.7762,-0.86371,-0.30645,-0.23639,-2.6427
2.4445,-1.6389,2.0012,0.92867,-0.16978,-0.49907,-1.5989,-0.95821,0.042762,-0.65978,-0.11185,-1.2429
3.6498,-1.0468,2.0362,0.10343,-0.36379,-0.77274,-1.6106,-1.216,-0.36744,-0.4103,-0.13707,-1.9347
2.8694,-1.2024,2.5302,0.37326,-0.85539,-1.2852,-0.62496,-0.014993,0.63773,-0.043737,0.16327,-1.5423
3.1183,-1.8909,2.2503,0.14723,-0.49741,-1.1411,-1.5601,-1.14,0.13142,-0.34338,-0.49006,-1.2812
2.9398,-1.0959,1.203,-0.25112,-0.77384,-0.35247,-0.8256,-0.83639,0.90963,0.15399,-0.35066,-0.67362
3.429,-1.0522,2.2862,0.44889,-0.72818,-0.54706,-1.7686,-1.4515,0.36451,0.23931,-0.11856,-1.4197
1.9335,-1.9027,1.8473,0.25235,-0.92095,-0.71148,-1.8889,-0.72483,0.39934,-0.79382,-0.26906,-1.1333
3.3759,-0.85756,2.4487,0.78085,-1.1819,-0.92967,-0.95936,-0.49899,-0.1534,-0.0038551,0.19964,-1.108
2.192,-1.0713,1.673,1.1864,-0.69008,-0.6301,-1.9113,-0.84601,0.53964,-0.60749,0.024459,-1.2872
3.1445,-1.3415,1.6724,0.75382,-1.3953,-0.97531,-1.7666,-0.59686,0.95353,0.68741,0.077565,-1.5593
2.3469,-0.6252,2.4675,0.73101,-1.185,-0.87414,-1.6779,-1.1473,-0.54395,-0.60887,0.40735,-1.1612
3.0992,-0.89983,1.9251,0.34945,-2.0889,-0.98696,-1.3851,-0.18873,-0.22877,-0.88962,0.39374,-1.1028
2.4331,-1.3564,1.0453,0.24397,-1.146,-0.68309,-1.3365,-0.11837,0.058826,-0.079524,-0.14366,-1.4053
2.3042,-0.86003,1.7044,1.3201,-0.71163,-0.089117,-1.4674,-0.3705,0.58489,-0.37238,-0.31865,-1.7673
2.5765,-0.39768,1.4837,0.80045,-0.91989,-1.2664,-2.2139,-1.1169,0.2829,-0.26552,-0.32162,-2.3138
2.4355,-0.49689,1.3784,1.3768,-0.94806,-1.0695,-1.7012,-0.67563,-0.016177,-0.30875,-0.1573,-1.6944
1.9527,-0.46711,1.2528,1.1176,-0.72895,-0.66316,-0.624,-0.23789,0.057088,-0.35005,-0.10078,-1.6243
0.7418,0.092413,2.0291,0.78848,-0.3643,-0.1759,-0.023041,-0.46947,-0.54139,-0.26968,0.68331,-1.6909
1.5768,0.10679,1.7305,0.8664,-1.008,-0.87606,-1.4119,-0.88796,0.19969,-0.59242,0.20192,-0.65981
1.3597,0.47714,1.2311,0.71316,-0.56227,-0.95633,-0.95808,-0.90377,0.17152,0.065758,0.89539,-0.76898
0.47258,0.19618,1.3002,0.52458,0.2127,-0.87532,-0.3848,-1.2279,-0.43138,-0.26841,0.50457,-1.009
0.86241,0.30806,0.78245,-0.11493,0.30154,-0.64227,-1.0972,-1.4636,-0.059282,0.39654,0.053238,-1.29
1.4989,0.34433,0.13472,-0.18204,-0.046724,-0.78058,-1.221,-0.77984,-0.080187,-1.0489,0.13873,-0.89188
0.78114,0.65037,0.49628,0.55688,0.34894,-1.2826,-1.6484,-0.61117,-0.11966,-0.9399,-0.11228,-1.1833
0.58178,0.67671,0.68194,0.071105,0.37555,-0.99575,-0.67378,-0.24055,0.4376,-0.25672,-0.23,-1.2215
0.64474,1.1737,1.0961,0.50209,0.36797,-0.96726,-0.60032,-0.45862,-0.504,-0.36052,0.15421,-0.81353
0.23947,1.3365,0.44015,-0.15269,0.33135,-0.73023,-0.87042,-0.51146,-0.53486,0.16071,-0.2628,-1.347
1.7035,0.68813,-0.73053,0.16814,0.52351,-0.69823,-0.14906,-0.59183,-0.74149,-1.1399,-0.56151,-1.1541
0.33109,1.6063,0.33877,0.045661,0.94143,-1.0306,-0.82281,-0.68786,-0.22321,-0.49869,0.014845,-0.86926
1.3392,1.1741,0.08827,0.28223,0.99551,-2.0168,-0.36658,-0.56307,-0.76873,-1.4156,-0.76437,0.17847
-0.15914,1.6384,0.68384,0.69592,1.2364,-1.7398,0.37423,-0.35529,-0.18746,-1.5974,0.19558,0.364
-1.6567,1.1791,0.78633,1.2592,1.7103,-1.1918,0.87528,-0.7292,0.36412,-0.80812,-0.32661,-0.43073
-1.7792,2.4334,0.9311,0.95571,0.87122,-1.5444,1.1269,-0.93078,0.3039,-0.82031,-0.95174,-0.79582
-2.6841,2.9089,1.062,0.67981,0.72594,-1.0926,0.58157,-1.8272,0.16546,-0.66735,-0.23846,0.053305
-3.9885,3.3161,0.72667,0.58518,0.43807,-2.5268,0.076014,-1.5101,0.45563,-0.59997,-0.69904,-0.74157
-4.6191,3.8133,-0.0063709,0.99509,1.1688,-2.3265,0.81766,-1.2242,0.70227,-0.47961,-0.18653,0.099291
-4.9415,4.8384,0.73282,0.39623,1.0541,-2.8515,0.61376,-0.32915,0.53514,-0.71748,-0.71223,-0.92601
-6.4736,3.8346,-0.81436,-0.035185,1.6917,-2.16,1.6511,0.52079,0.43776,-0.33292,-0.068968,-0.85111
-6.379,5.0914,-1.5471,0.26902,1.5601,-2.5339,0.64775,-0.1799,0.5856,0.093687,0.10934,-1.1634
-5.8278,5.3277,-1.2833,-0.31588,1.138,-2.9946,-0.91207,-0.53493,0.15096,-0.56565,-0.68975,-1.3611
-6.9236,4.462,-1.1719,1.0757,1.388,-3.3557,-0.54166,-0.86898,0.80279,0.0081627,0.23946,-0.98549
-7.2135,4.4535,-2.2693,-0.26344,1.1539,-3.0322,-0.2095,-0.4247,0.47971,0.0906,0.075965,-1.0448
-6.3068,5.1396,-2.2903,0.45101,1.7473,-2.2828,0.42824,-0.21447,0.13965,-0.34343,0.10051,-0.94769
-6.6492,5.3617,-2.245,0.86819,1.445,-2.1221,-0.030073,-0.88064,0.17154,-0.47257,-0.02705,-1.1988
-7.3411,4.9031,-2.1485,-0.30203,0.25104,-2.051,-0.54255,-1.0235,0.37403,-0.17585,-0.0025493,-0.62511
-7.9076,5.1062,-0.94677,0.14423,0.90049,-2.0942,-0.54569,-0.86095,0.47344,0.065527,0.26132,-0.62918
-6.5399,5.7245,-2.1053,-0.17785,1.0998,-1.9899,-0.3941,-0.62263,0.10354,-0.18809,1.0188,-0.35694
-6.9093,5.879,-0.95855,1.0038,1.828,-1.63,-0.60239,-1.0979,0.36444,-0.10492,0.51174,-0.96177
-6.3522,6.0041,-0.79681,0.6301,1.5915,-1.2883,-0.12394,-1.1708,-0.082045,-0.72129,0.25981,-1.2718
-6.7183,5.2514,-1.4277,0.18937,0.0085512,-2.2026,-0.64665,-1.3056,-0.32648,-0.98551,0.15766,-0.70282
-5.751,5.8037,-0.90054,0.59204,-0.0058138,-1.5497,0.091951,-0.61611,0.11259,-1.0103,0.037376,0.32695
-4.9954,5.2805,-0.77393,-0.6695,-0.19612,-1.2343,0.091579,-0.72324,0.44559,-1.0109,-0.080393,-0.80226
-4.4639,4.1422,-1.4205,-0.86363,-0.25004,-1.261,-0.59942,-0.32369,-0.64291,-1.2548,0.16663,-0.82359
-3.0384,2.8507,-0.80108,-0.3149,-0.52361,-2.0381,0.021857,0.14786,-0.49551,-1.3018,-0.37949,-0.4349
-1.6696,0.1928,-0.96124,-0.26057,-0.19521,-1.5089,0.18552,-0.3685,-0.35031,-1.2905,0.35957,-0.080228
0.28818,-2.3846,-0.7179,-1.6151,-0.96112,-2.0146,-0.36062,-0.18749,-0.17036,-0.82034,-0.58711,-1.0739
2.4002,-2.3884,-0.32706,-0.97217,-1.2558,-2.05,0.11179,-0.13183,0.53634,-0.42593,-0.60644,-0.26751
2.1359,-2.7523,0.30411,-1.1081,-1.2738,-1.241,0.53348,0.38132,0.62762,-0.46349,-0.16699,-0.54051
1.9443,-2.7118,-0.45951,-1.3579,-1.593,-1.988,0.26012,-0.026005,0.67951,-0.21778,0.20378,-0.90004
2.1297,-2.9238,0.20643,-0.76872,-1.2203,-2.0894,0.55045,0.56563,0.84849,0.25284,0.56469,-0.49856
2.4999,-2.7166,-0.096808,-0.31726,-1.3937,-1.1265,0.97544,0.060082,1.2499,0.025506,0.21353,-0.24282
2.2585,-3.6103,-0.18486,-1.2082,-1.5698,-1.7089,0.27756,0.20202,0.60234,-0.15631,-0.30627,-0.67111
2.7411,-3.0981,0.11956,-0.33553,-0.64682,-1.3666,0.25322,-0.43746,0.53081,0.03732,0.91552,-1.1334
2.2352,-2.6692,0.12041,-0.38808,-0.79652,-1.4019,0.20168,-0.29467,0.40731,-0.48451,0.16835,-1.7284
3.0525,-2.8481,0.19279,-0.1959,-0.71206,-1.1068,0.00019899,-0.54138,0.61069,-0.267,-0.14969,-1.7427
1.7917,-1.4316,-0.25765,0.097839,-0.80859,-1.7842,-0.25289,-0.19224,1.234,0.18726,0.36962,-0.98936
1.3947,-1.5207,-0.18266,-0.57715,-0.46461,-1.2822,-0.34553,-0.79291,0.047437,-0.61211,0.59048,-1.4279
1.0334,-0.52543,-0.56513,-0.42057,-0.32727,-1.8654,-0.57567,-0.25369,0.66012,-0.52048,1.0677,-1.0588
0.96471,-0.13001,-0.5196,0.011404,0.11285,-1.405,-0.49075,-0.85584,0.71978,-0.6427,0.8359,-1.7524
-0.023397,-0.73216,-1.4186,-0.81681,0.20714,-0.08799,0.17019,-0.84931,-0.14758,0.3015,1.3084,-1.3897
0.23318,-0.071881,-1.2388,-0.72551,-0.18298,-1.1395,0.12915,-0.40858,-0.089701,-0.93846,0.59854,-1.4321
0.045083,0.19243,-1.589,-1.1105,-0.7492,-1.4724,0.10001,-0.41484,0.2924,-0.26201,1.2101,-1.1011
0.40432,0.30279,-1.7384,-1.1049,0.55739,-1.217,-0.70399,-1.1787,-0.62244,-1.0391,0.8599,-1.1317
0.6964,1.0369,-1.6541,-0.63556,0.4608,-1.1044,-0.47566,-0.76894,0.037093,-1.1082,0.80878,-0.82976
1.1672,1.5953,-1.0438,-1.0234,0.35358,-1.2864,-1.0296,-0.024418,0.63675,-1.3904,0.98822,-0.16416
0.86487,1.8421,-1.1377,-0.66463,0.63874,-1.6407,-0.94235,-0.61337,0.6658,-1.3084,0.30957,-0.88538
0.60308,-0.044964,-1.9812,-0.64033,-0.22832,-1.504,-0.70853,-0.75974,0.57624,-1.4467,0.30079,-0.87327
0.79655,0.89724,-1.5766,0.14986,0.4247,-1.0896,-0.65469,-0.6667,0.50634,-0.78197,0.48774,-0.6991
1.5977,1.4691,-0.74621,-0.15258,-0.11264,-0.90957,-0.68691,-0.80967,0.58348,-1.2604,0.36722,-0.52472
1.2089,1.7749,-0.88632,-0.73973,-1.0674,-1.2577,-0.50035,-0.079328,0.63032,-1.2796,0.39858,-0.73336
0.64194,0.40111,-1.2379,-0.32757,-0.92605,-1.8382,-1.3957,-0.90136,0.40269,-0.63017,0.19759,-0.97877
1.4696,0.44362,-1.2618,-0.44974,-0.717,-1.7671,-0.50004,-0.19586,0.50273,-0.75493,-0.057511,-0.50507
0.97658,0.8293,-0.27418,0.17153,-0.22342,-1.5806,-0.82843,-0.57557,0.9033,0.40356,0.83515,-0.62175
0.45594,0.60011,-0.5921,0.78744,0.5222,-0.93987,-1.4668,-0.42512,0.63423,-0.51552,0.31582,-1.8429
-0.22864,0.38477,-0.77617,-0.17092,0.21326,-1.5257,-0.56968,-0.62765,0.9616,-0.80806,-0.21267,-0.5459
-2.4346,0.8545,-1.501,-0.84739,0.45551,-1.4468,0.74515,-1.434,0.90638,0.26279,0.025074,-0.25084
-4.4392,2.2989,-2.7352,-0.12908,0.37168,-2.4555,0.75969,-1.1437,1.5296,0.44901,-0.10028,0.33346
-4.3826,4.1765,-2.3195,-0.88493,0.36626,-2.9388,0.27848,-1.2364,0.5792,-0.40165,-0.042521,0.35167
-5.4536,3.7962,-1.712,-0.4454,1.9049,-1.6035,0.89876,-1.9167,0.73212,-0.23586,-0.41272,-1.3118
-5.3691,3.2789,-1.748,-0.37788,1.3791,-2.8146,0.5333,-1.0799,1.2462,0.60742,0.010979,0.11736
-4.2097,2.3122,-0.80845,0.091093,1.6981,-3.1522,0.66537,-1.1002,0.46837,-0.15225,-0.52824,0.93606
-3.9011,3.3531,-0.63725,-0.45698,2.1186,-2.9585,0.81177,-0.53126,0.85827,0.32968,-0.16975,0.80172
-2.9502,2.589,-0.44929,0.035634,2.3267,-2.7848,0.17058,-0.3428,0.42015,-0.15949,0.17108,-0.64771
-2.2612,0.83029,-1.1182,-0.75264,2.1424,-2.5327,0.34118,0.097616,0.11748,0.10082,0.022444,-0.59221
-0.36185,0.73829,-0.13546,-0.54143,1.471,-2.4057,0.43577,-0.089849,-0.27905,0.0064634,-0.14506,-0.34654
-0.47761,0.40451,0.19418,-0.80993,1.182,-2.0361,0.13232,0.11464,0.32089,-0.49289,-0.55341,-1.0854
