-1.4533,-0.90245,-0.1703,-1.0125,-0.48675,0.58298,0.69782,0.39448,0.42553,-0.55207,-0.21892,-1.2717
-2.4497,-0.054175,0.17688,-0.17609,-0.12703,0.68289,-0.5586,0.30321,0.19295,-0.089658,0.14717,-0.89619
-1.9031,1.6993,0.42542,-0.48263,-0.35201,0.56257,0.062282,-0.3296,0.044405,-0.89869,-0.18169,-1.3753
0.18549,0.1249,0.31934,-0.8063,-0.17988,-0.12652,-0.37809,0.58115,-0.46915,-0.73397,-0.36337,-0.77994
1.5087,-0.94392,1.4812,-0.69633,-1.2077,-0.75487,-1.5724,0.62403,-0.64144,-0.0775,0.04346,-0.20351
1.2435,-1.9773,2.9792,-1.11,-1.2433,-0.58579,-1.2846,0.97801,-0.71735,-0.39129,0.50677,-0.17349
1.0187,-3.0122,2.3849,-1.5379,-1.0428,-0.73461,-1.144,1.3477,-0.75756,-0.026136,0.078188,-0.44868
1.4593,-4.0586,1.7776,-1.8892,-0.62184,-0.80651,-0.66373,1.4993,-0.76575,-0.30256,-0.21011,-0.93574
1.0927,-4.2388,1.3873,-1.2695,-0.29378,-0.54045,-0.46741,1.391,-0.99269,-0.37744,-0.21526,-1.1198
2.2447,-4.8182,0.35482,-0.90519,-0.1955,0.25956,0.057831,1.5593,-1.2853,-0.41795,-0.93457,-0.63225
2.3084,-5.1729,-0.12593,-1.0641,0.17324,0.22937,0.84604,1.9838,-1.3734,-0.96499,-1.1755,-0.57906
1.7433,-5.2987,-1.2354,-1.002,-0.28542,0.079491,0.86262,1.4929,-0.91675,-1.3997,-1.4127,-0.50754
3.8399,-6.9027,-1.1765,-1.3372,0.51962,0.52645,0.51228,1.1424,-0.66465,-1.7718,-1.5947,-0.80179
3.5703,-6.5107,-2.0204,-0.96332,-0.235,0.40068,0.52047,0.53525,-0.42196,-1.8389,-1.3714,-0.48103
3.6089,-6.6053,-1.1299,-0.66499,0.21354,0.13247,0.48695,0.58979,-0.0028533,-1.4073,-1.2402,-0.2731
3.8388,-5.8427,-1.1544,-0.59631,0.24699,0.14277,0.36423,0.89816,0.58927,-1.387,-1.3399,-0.44172
3.2425,-5.2747,-1.1849,0.20221,0.70923,0.47602,0.39615,0.54598,0.38509,-1.0491,-1.7766,-0.36235
4.5192,-5.3448,-1.2446,-0.20286,0.66416,0.66543,0.36415,0.019232,0.48322,-0.43836,-1.9186,-0.93991
3.9106,-4.2107,-1.2872,0.2901,1.1938,0.68076,0.044377,-0.35315,0.35972,-0.59778,-1.6427,-0.7298
1.6603,-3.2771,-0.77234,-0.36035,0.51716,-0.3239,0.14531,0.95751,0.21652,-1.0799,-0.5002,-0.61092
2.393,-2.9223,-0.075979,0.86859,0.12276,0.069849,-0.0035922,0.97732,0.38342,-1.488,-1.1964,-1.1561
2.3031,-2.9755,0.18911,0.060994,0.54966,0.034212,-0.22261,0.38098,-0.52578,-1.99,-0.69342,-0.0616
3.0204,-2.8861,0.16243,0.56589,-0.11257,-0.4661,-0.1601,1.1867,-0.29904,-1.5689,-0.99478,-0.61189
2.5128,-2.2424,0.047202,0.50585,-0.29639,-0.51786,0.79058,0.73555,-0.71554,-2.0152,-0.94448,-0.71047
2.2755,-2.6501,-0.33583,0.55332,-0.45818,-1.2564,-0.89077,1.0075,0.013188,-0.71752,-0.8858,-0.7823
2.9304,-1.4013,-0.022607,0.74431,-0.64789,-0.7701,-0.12138,0.39052,-0.64033,-1.774,-0.70319,-0.70099
2.2077,-1.6764,0.068813,1.0423,-0.18382,-1.0684,-0.18058,1.1955,-0.31756,-2.2242,-0.34423,-0.84001
2.608,-0.87519,0.44078,0.035378,-0.35716,-0.913,-0.27635,0.92991,-0.26463,-1.8515,-0.3739,-0.33539
1.8015,-1.8999,0.10059,0.61743,-0.37415,-1.2014,-0.4986,1.7586,0.015356,-1.3059,-0.38772,-0.62646
0.80767,-2.4779,-1.1263,-0.55822,-0.12355,-0.65448,-0.061457,1.8948,-0.5442,-1.2389,0.63149,-0.25239
1.6355,-2.1362,-0.098024,0.65193,-0.78512,-0.40726,-0.084683,0.88239,-0.58909,-1.5914,-0.7393,-0.25861
1.4659,-2.0388,-0.50814,-0.030386,-1.1029,-0.6597,0.83404,0.634,-1.3947,-2.6379,-0.84663,-1.365
1.0312,-1.0887,-0.69595,0.07903,-0.76162,-1.003,0.64947,0.44955,-1.5345,-3.168,-0.11416,-0.71482
-3.0527,0.0056513,-2.1466,0.34814,-0.90082,-0.66934,1.8462,0.84053,-0.5454,-2.2839,0.72901,-0.80125
-4.1408,-0.57136,-2.3858,0.69405,-0.20338,0.26883,1.2575,0.308,-0.68682,-2.1227,-0.56849,-1.9106
-2.5419,-0.3327,-1.794,0.42813,0.022997,0.40483,1.0142,0.34752,-1.1241,-1.7994,-1.0443,-1.4074
-1.6664,-1.3745,-1.069,0.95232,0.44613,0.092602,0.47223,0.30378,-0.56294,-2.2771,-1.3665,-1.1751
-1.8578,-1.0692,-1.9959,1.0038,0.15389,-0.024172,0.046016,0.15887,-0.30464,-1.5247,-0.70814,-0.5607
-1.5338,-0.47968,-2.5523,0.59047,2.0134,0.63218,0.12119,-0.51228,-0.0081539,0.060217,-0.16518,0.26914
-1.7825,-1.6889,-2.5162,1.3269,1.4339,-0.011177,-0.79884,-0.93328,-0.27066,0.29355,0.052167,0.22557
-2.7493,0.089382,-1.8821,1.6868,2.1307,-0.15787,-1.3099,-0.69514,-0.18008,0.72512,0.075459,-0.23195
-1.3577,-0.36531,-1.5879,1.4886,2.3252,0.52703,-0.11774,-0.81097,-0.71068,0.10574,-0.58772,-0.22968
-1.9876,-2.0226,-2.3616,1.8879,2.9324,0.12585,0.047376,-0.64767,0.12491,0.34302,0.30313,-0.016561
-2.1242,-1.529,-0.11921,1.9086,1.6475,0.025116,0.05106,-0.17754,-0.43948,-1.1312,-1.2837,-1.4442
-2.2241,-1.2853,-1.8931,1.2365,1.7136,-0.26416,-0.64102,-0.29892,-0.37786,-1.2157,-1.7519,-0.60262
-1.618,-1.6289,-1.5399,1.1749,1.3813,-0.67313,-0.70805,-0.46743,-0.25282,-0.13168,-1.4834,-0.83953
-1.4081,-1.3202,-1.186,1.3059,2.388,-0.50519,-0.73263,-0.014604,-0.089234,-0.553,-1.1258,-1.0922
-0.42014,-0.24866,-1.3821,1.0827,1.2906,-0.56758,-0.33136,-0.26375,-0.76246,-0.66399,-0.59333,0.15752
-1.334,-0.37912,-2.3892,0.38548,1.4765,-0.29042,-0.63599,-1.0294,0.12396,-0.33384,-0.95884,-0.431
-0.52167,-0.088025,-2.2821,0.63627,2.3228,-0.75055,-0.6071,-0.50557,-0.0054358,0.22333,-0.76128,-0.91712
-0.6448,-0.29948,-1.191,0.89799,2.5619,0.27536,-0.040136,-0.094527,-0.281,-0.21798,-1.1756,-0.54654
-2.6425,-0.59929,-1.453,0.91592,1.529,-0.77735,-0.89313,-0.14156,0.55503,-0.075939,-0.056942,-0.48799
-3.2541,-0.73313,-1.7515,0.9841,1.9882,-1.392,-0.79399,-0.33563,1.0931,0.26843,-0.25283,-0.71274
-2.118,-0.12486,-1.2715,0.95827,1.6414,-1.9622,-1.023,-0.5258,-0.0053338,-0.64395,0.020978,-0.69492
-1.2899,0.92094,-0.97523,1.8579,1.8292,-1.0339,-1.3588,-0.74965,0.66523,0.27041,-0.56692,-0.94529
-1.4482,-0.067399,-0.72761,2.0441,2.124,-1.7511,-0.99432,-0.82891,0.44434,0.22541,0.76083,-0.69792
-2.7136,0.56794,-0.56353,1.9994,2.0443,-1.587,-1.3797,-0.6727,0.11049,0.64395,0.30393,-1.1967
-1.919,0.84108,-0.34359,1.5254,1.8546,-1.551,-1.4581,-0.72917,0.26182,-0.046498,-0.40188,-1.2715
-1.8629,0.73522,-0.15618,2.7664,2.1527,-1.816,-1.2499,-0.76204,-0.022114,-0.19601,-0.39379,-1.9343
-1.6539,1.4602,-0.14052,2.0598,2.397,-0.83759,-1.1122,-0.63701,-0.49089,0.024911,-0.56799,-1.5754
-1.8311,0.6516,-0.4283,2.1836,1.8449,-1.5342,-1.1443,-0.2624,0.29828,0.488,-0.83648,-1.7525
-1.4595,-0.42632,-1.5616,1.9535,2.0918,-1.5459,-1.7383,-0.85938,-0.20934,-0.071885,-0.16509,-1.5661
-1.3473,0.77216,-1.5908,1.8105,2.3083,-1.3529,-1.2043,-1.0543,-0.86349,0.17424,0.32101,-0.93837
-2.656,-0.39085,-1.2617,1.7498,2.4804,-1.4646,-1.1422,-0.97846,-0.37039,-0.17462,-0.24592,-0.67557
-1.9329,-0.19608,-1.739,2.1818,2.7259,-1.4718,-1.0737,-1.3409,-0.01961,0.25988,0.13995,-1.4113
-1.6837,-0.24947,-1.7577,0.93554,1.5764,-1.7318,-1.1287,-0.37174,-0.24251,-0.11474,-0.016727,-0.58652
-2.1067,-0.39604,-1.5349,1.7339,2.7203,-1.338,-1.8742,-0.96794,-0.27573,-0.37386,-0.54481,-1.3358
-1.3058,-0.066878,-1.1536,1.8596,2.4475,-0.97269,-1.8135,-0.98063,-0.77598,-0.75091,-0.60534,-1.3414
0.22376,1.2793,-0.49977,2.082,2.0507,-1.3882,-1.6288,-0.79119,-0.65536,-0.051605,0.070887,-1.3327
-0.19458,0.99539,-0.26835,1.9112,2.6724,-1.1048,-1.9736,-0.64864,-0.62778,-0.96703,-0.57083,-1.1399
-0.098751,0.56222,-0.11031,2.4226,2.2358,-0.45684,-1.5651,-0.63061,-0.3095,-0.3522,-1.0424,-1.7036
-0.43193,1.1573,-0.62074,2.125,2.7473,-0.082606,-1.0341,0.18855,0.89292,0.062173,-1.0243,-1.2167
-0.87257,0.74053,0.34478,2.3825,2.4208,-0.56614,-1.5574,-0.17305,0.83878,-0.015569,-1.1403,-1.2206
-1.0668,0.27324,-1.6838,1.4541,1.1924,-0.41441,-1.1804,0.037011,1.1072,-0.2659,-0.48839,-0.53621
-0.8581,0.88664,-0.45464,1.6703,2.0892,-0.15201,-1.8859,-0.32134,0.88405,0.041266,-0.18374,-0.44021
-0.38287,1.1706,-0.54069,1.3374,1.6958,-1.2003,-1.5224,-0.41513,0.39439,-0.097344,-1.0343,-0.76515
-0.64089,1.5101,0.4707,0.93042,1.7226,-0.94898,-1.2577,-0.53363,-0.028549,-0.68839,-0.61542,-0.9857
0.11021,1.0814,-0.35071,1.1005,1.5926,-0.80986,-0.98568,-0.045699,0.70649,-0.21141,-0.36487,-1.0788
-0.18966,0.0052918,-0.67625,1.054,1.668,-0.62529,-0.75515,-0.74905,-0.46065,-1.3331,-0.96196,-0.59817
-0.09648,1.1057,-0.34922,1.277,1.7771,-0.47998,-1.7499,-0.76754,0.079192,-0.79919,-0.66718,-0.83443
-0.070918,0.94741,-0.020527,0.55712,1.2102,-0.95875,-1.8558,-0.92809,0.12072,0.12929,-0.28905,-1.6703
0.66053,0.42737,-1.2003,0.19755,1.7085,-0.55384,-2.1131,-0.93703,0.085131,0.622,0.09953,-0.90765
0.87924,1.1851,0.25451,0.66693,1.5346,-0.73561,-1.5452,-0.34774,-0.019482,-0.080427,-0.3486,-1.1014
0.97574,1.2763,-0.021231,0.56712,1.0533,-0.40807,-1.2621,-0.38633,0.021577,-0.44084,-0.43801,-1.3563
1.2218,0.93527,-0.29974,0.73312,1.5284,-1.1792,-1.8693,-0.96569,-0.19219,-0.13861,0.18915,-0.67554
-0.063036,0.29821,-0.74535,0.73585,2.125,-0.58183,-1.2675,-0.16626,0.1483,-0.19499,-0.33429,-1.3873
0.4094,-0.22863,-1.8136,-0.75002,0.79055,-1.5079,-0.89574,0.72149,0.2929,-0.090671,0.32196,-0.76457
1.1453,-0.68249,-1.2179,0.58333,1.291,-0.29485,-0.72698,0.84486,0.071476,-0.51096,0.18953,-1.2066
1.205,-0.40927,-1.1163,0.27313,0.92245,-1.205,-0.69755,0.53388,-0.37082,-0.64697,0.24176,-1.5984
2.0867,1.1989,-0.90687,-0.14109,0.23244,-1.446,-1.1026,-0.39446,-0.28347,-0.40836,-0.35128,-1.6209
2.9758,1.3039,-0.19606,0.19259,0.39355,-0.43075,0.014688,-0.22514,-0.56931,-1.1053,-0.3825,-1.8628
3.0106,0.083413,-0.57287,0.24635,0.76424,-0.34712,-0.20584,-0.14421,-0.31991,-0.91308,-1.3911,-2.5653
2.6314,1.4193,-0.24648,-0.020618,0.44766,-1.3563,-1.1345,1.1134,0.77726,0.064937,-0.48181,-2.422
2.2141,0.72898,-0.099071,0.13411,0.12023,-0.56355,-1.0323,0.49871,0.26931,-0.020894,-0.19451,-1.3028
2.8357,1.3874,-0.7417,0.24767,-0.24433,-0.18091,-0.53632,-0.53742,-0.039203,0.091798,-0.47714,-1.9868
2.7081,1.8114,-0.32084,-0.43864,-0.46854,-0.64545,-0.69926,0.079164,-0.52389,-0.3506,-0.8294,-0.9693
2.1001,1.4596,-0.1508,-0.11138,-0.52404,-0.69812,0.046262,1.0333,0.14089,-0.26869,-0.29313,-1.1782
2.2316,1.9182,-0.26682,-0.69018,-0.80509,-0.57874,-0.10294,0.31571,-0.18123,-0.49781,-0.90055,-1.4563
1.4416,0.65664,-0.3059,-0.10209,-0.14562,-0.18114,-0.61197,-0.22985,-0.53451,-0.73834,-1.1446,-0.48631
2.57,2.0351,-0.23156,-0.12893,-0.38593,-0.1732,0.091267,0.10799,-0.33774,-0.37716,-0.24708,-0.83673
2.3793,1.606,-0.2742,0.1821,-0.072657,0.20374,-0.21454,-0.0027419,0.018389,-0.71651,-1.5042,-0.6278
2.3869,1.3499,-0.53095,0.22193,-0.11529,-0.15221,0.031687,-0.066083,-0.032808,-0.38147,-1.1685,-0.87562
1.9931,0.99646,-0.26599,-0.26628,0.55013,0.63694,-0.26273,-0.544,-0.80461,-0.47723,-1.3061,-1.7137
1.7906,0.4967,-0.89097,-0.41503,0.40434,0.70181,0.11872,0.055072,-0.48392,-0.33723,-0.5482,-1.1325
3.0971,1.2909,-0.68807,0.14046,0.57819,0.2944,-0.93403,-0.35785,-0.05369,-0.81571,-0.56176,-1.2299
3.0646,0.42054,-0.45369,0.05709,0.30041,0.87664,-0.61032,-0.40335,0.32658,-0.7981,-1.0507,-1.2391
2.7525,-0.25308,-2.3671,-0.032975,-0.02381,0.20157,-0.55241,-0.81136,0.55278,-2.3288,-1.6492,-1.419
1.8194,0.6967,-3.7684,0.47825,-0.061182,0.1555,-1.6388,-0.55491,0.95718,-2.1943,-1.2246,-1.5988
2.36,1.5431,-2.8882,-1.2749,0.054057,0.67853,-1.5162,-0.22321,0.82814,-1.3416,-1.331,-1.1167
3.0917,1.6633,-2.198,-0.86004,0.43964,0.46199,-1.9733,0.37153,-0.38024,-0.56899,-1.0229,-1.4961
4.7297,0.017349,-1.4643,-1.4572,0.27339,0.83424,-2.1932,-0.0096893,0.58152,-0.85279,-0.64969,-2.0429
4.3385,-0.37152,-2.0537,-0.1382,-0.22603,1.4111,-2.5585,-0.11075,-0.14269,-0.1031,-0.82169,-1.8612
4.4878,-1.2458,-1.333,-0.055254,0.26299,1.3578,-2.6151,0.078272,0.23032,-1.0337,0.89366,-2.3847
3.7771,-0.83265,-1.3809,0.19445,0.53018,1.2099,-2.4839,0.021361,0.45413,-0.73215,0.7809,-1.8533
3.7607,-0.91733,-0.78324,0.35833,0.67458,0.72642,-1.9476,-0.49524,0.65593,-0.32496,-0.014975,-1.9623
4.9335,-0.95261,-0.97776,0.70303,0.18219,0.87204,-2.1348,-0.30198,0.38369,-0.4097,0.21391,-2.0144
4.5045,-1.238,-0.36582,0.09197,0.56017,1.105,-2.8984,-0.2432,0.35739,-0.67297,0.72951,-1.778
4.5311,-0.85259,-0.94484,-0.047946,0.22648,0.93519,-2.3057,-0.38519,0.42786,-1.2703,1.2177,-1.6946
4.4647,-1.3012,-0.83707,-0.073225,0.13413,1.0029,-2.2832,-0.042554,-0.055531,-0.88415,0.77848,-1.4397
4.6481,-1.1808,-0.51734,-0.15443,0.8613,1.2087,-2.6099,0.091489,0.095144,-0.5605,0.52568,-1.6932
5.1935,-1.3708,-0.44145,-0.097701,0.65212,1.0462,-2.784,0.11848,-0.054941,-0.91424,0.81822,-1.9568
4.8496,-0.92357,-0.88848,0.16042,0.096874,0.95164,-2.6793,0.041284,-0.077603,-1.2598,1.2455,-2.2479
5.0616,-1.389,-0.59515,0.027577,-0.20752,0.92382,-2.6226,0.062115,-0.023009,-1.099,1.1426,-1.926
5.1829,-1.5248,-0.40022,0.17592,0.19007,1.215,-2.7363,0.085658,-0.40015,-0.97887,1.0426,-1.5503
4.833,-0.7098,-0.90555,0.38174,0.15332,1.2347,-2.7767,0.25129,0.016775,-0.80973,1.4949,-1.8591
5.011,-0.65395,-0.46386,0.20611,0.85385,0.87284,-2.506,-0.21891,-0.043771,-0.7476,1.0918,-2.0315
4.9104,-0.64667,-0.2859,-0.44828,1.1224,0.18213,-2.3088,-0.13471,-0.18896,-0.54494,0.87153,-1.5066
4.6795,-0.55017,-0.48554,-0.28608,0.44633,0.48074,-2.5348,0.060139,-0.26913,-0.72297,1.2349,-1.9562
4.5657,-0.99548,-0.1257,-0.6475,0.38442,0.11856,-2.2789,-0.021864,-0.19762,-0.7834,1.0712,-1.6238
4.5132,-1.0231,-0.62385,-0.30976,0.21681,0.54436,-2.5698,0.17261,-0.39881,-0.83489,1.0932,-1.498
4.9507,-1.184,-0.13519,-0.24226,0.79182,0.58966,-2.4669,0.24878,-0.26014,-0.65592,1.1127,-1.6547
4.8599,-0.6582,-0.027363,0.019541,0.9992,0.1425,-2.4098,0.28428,-0.3643,-0.63306,0.91943,-1.8406
5.1266,-0.69859,-0.52143,-0.15867,0.704,0.13653,-2.1436,-0.14825,-0.048351,-1.1353,1.0905,-1.8436
4.9502,-0.78816,-0.79559,0.060853,0.57358,0.50368,-1.7568,-0.38441,-0.21327,-0.90606,0.73717,-1.6397
5.008,0.37291,-1.8314,-0.71548,0.11855,0.18985,-3.3065,-1.0719,0.82263,-0.52585,0.93492,-2.0525
5.2284,-0.42397,-1.3806,0.014747,1.1484,0.14158,-2.3271,-0.72142,0.31412,-0.53646,0.19171,-1.8691
5.0418,0.19156,-1.2637,0.032444,0.19423,0.21044,-2.4355,-1.193,0.14723,-0.65227,0.43892,-2.3878
5.1148,0.24136,-1.1143,0.58267,0.89908,0.17863,-2.1935,-0.073793,0.5512,-0.91926,0.22614,-1.8417
4.9844,-0.60216,-1.0989,-1.5488,0.10588,0.40584,-2.2206,-0.97837,-0.072895,-0.76492,0.91067,-1.8925
6.1945,-0.0097309,-0.00084966,-1.4528,0.17841,1.2506,-2.1594,-0.81185,0.24689,-0.50702,0.50896,-1.3321
3.6926,-0.2984,-1.1986,-0.81281,-0.41422,0.7942,-1.753,-1.3806,0.61865,-0.37472,0.9646,-0.99252
4.1216,-0.58365,-0.95141,-0.62369,-0.36307,0.91416,-1.9837,-1.3688,0.34554,-1.3096,1.0116,-1.4139
2.4132,-0.74567,-1.1521,-0.78301,-0.11772,1.0209,-1.2918,-0.93175,0.46163,-1.1199,1.1749,-1.924
2.4474,-1.2179,-1.8726,-0.71942,0.17932,0.70244,-1.8721,-0.6091,0.40678,-0.52383,1.4469,-1.8134
2.0901,-1.0797,-2.059,-0.49736,-0.03283,-0.18367,-1.3684,0.11856,1.215,-0.069319,2.3753,-1.4668
3.1221,-0.29922,-0.59307,-0.25264,0.37546,0.00016975,-1.965,-1.0656,0.29123,-1.0013,1.2267,-1.0282
3.473,-0.70075,-1.1296,-0.58622,-0.10896,-0.70644,-2.7978,-0.92027,0.17958,-0.70517,1.2934,-1.4384
3.8703,-0.85811,-1.4092,-0.098346,0.35795,-0.36552,-2.4487,-0.93757,0.20784,-1.2035,0.6128,-1.5019
3.8231,-0.04935,-0.84588,-0.4649,0.80771,-0.57354,-1.72,-1.1139,0.79776,-0.55096,0.49691,-1.3907
3.2363,-0.73573,-1.8173,-1.6038,0.5976,-0.48637,-1.7378,-0.50111,-0.14864,-0.85041,0.55858,-2.0154
2.8862,-1.2382,-1.192,-0.68864,0.80619,-0.78541,-2.0806,-1.1083,-0.059799,-0.81185,0.29376,-1.4064
3.1212,-0.77612,-0.81701,-0.27654,0.91438,-0.25023,-1.236,-0.97024,0.097638,-0.33703,0.8432,-1.0037
3.611,-0.54555,-0.6271,-0.00018423,1.5398,-0.31248,-1.4827,-0.80489,-0.12681,-0.51802,0.1635,-1.636
2.8225,-1.1039,-1.1541,-0.94664,1.0146,-0.41748,-1.6674,-0.48496,0.48623,-0.36542,1.3237,-1.3989
2.6767,-0.73656,-0.76586,-0.95361,0.64314,-1.0533,-2.2034,-0.35603,0.14577,0.21508,0.55317,-1.3594
3.4696,-0.62972,-0.36419,-0.5621,-0.11805,-0.41239,-1.4981,-1.0375,0.09256,-0.75627,0.71695,-1.1296
3.3023,-0.31117,-0.37154,-0.63377,-0.74561,-0.9394,-2.0628,-1.6783,-0.72635,-0.81376,0.30271,-1.3954
2.4656,-0.34025,0.52444,-0.32935,-0.43209,-1.1636,-2.382,-0.70166,0.11466,0.021419,1.0695,-0.84867
2.9342,0.028119,-0.42737,-0.33766,-0.19771,-0.57007,-1.5036,-0.795,-0.80401,-0.74784,0.44241,-0.80452
2.7042,-0.02922,0.63862,0.62306,-0.23135,-1.0857,-2.175,-1.3828,-0.7668,-0.78812,0.76765,-0.73931
1.5993,-0.74087,-0.2239,-0.91684,-0.23335,-0.2263,-1.4248,-0.56203,-0.26114,-0.72585,0.74346,0.1689
3.0698,-0.12085,0.10838,-0.092361,0.2126,-1.1248,-1.3781,-0.29593,-0.36118,-0.44938,0.47816,-0.78573
2.066,-0.51561,0.1149,0.5515,-0.053925,-0.33006,-2.0972,-0.92642,0.25553,0.57713,0.26853,-0.81666
1.5146,0.52136,0.11604,0.50454,0.62207,-0.0018537,-1.2562,-0.43236,-0.05347,-0.35337,-0.24846,-0.91543
1.8598,0.63163,0.1243,0.39668,0.76989,-0.75435,-1.7965,-0.86323,-0.12121,-0.29235,0.56288,-0.65639
0.69744,1.3194,0.90121,-0.24416,-0.036412,-1.394,-1.2048,-0.61688,-0.092737,-0.58917,-0.016092,-1.071
1.2189,1.2046,0.51869,0.87847,0.80793,-0.85119,-1.1088,-0.80552,-0.14234,-0.31236,0.14344,0.25471
0.74236,1.0716,0.56036,0.54824,0.77298,-1.2882,-0.53361,0.1813,0.25745,0.029477,0.019655,-0.59671
0.87907,1.1167,0.95983,1.2004,0.85595,-1.2414,-0.69202,0.040084,0.71658,-0.40772,-0.17023,-0.50913
0.14406,0.51067,0.65436,0.82126,1.0451,-0.70047,-0.67732,-0.61654,0.21737,-0.78952,-0.27836,-0.32287
-0.26658,0.39336,0.016815,0.045091,0.60858,-1.0773,-0.56864,-0.31086,0.15448,-0.40621,0.22322,-0.51033
0.0069898,1.0345,1.2048,0.41921,-0.017042,-1.4442,-0.87321,0.64404,0.32543,-0.82364,-0.10434,-0.40767
0.28866,1.109,1.1851,1.166,-0.36133,-1.085,-0.68109,-0.20944,-0.3489,-0.38462,0.46054,-0.085313
0.49636,0.59534,0.80602,0.71247,-0.3255,-1.5975,-0.69302,-0.42262,-0.042294,-0.93114,-0.42709,-0.72696
0.89265,1.0934,1.3784,0.89642,-0.03152,-1.2596,-1.039,-0.34405,-0.20434,-0.31993,-0.25219,-0.38562
1.2094,1.2248,1.6826,0.48356,-0.019275,-0.97845,-0.73821,0.62105,0.10976,-0.62641,0.28404,-0.34028
0.52398,1.4401,2.1124,0.78702,-0.31328,-1.9645,-1.3488,0.27734,-0.42117,-0.9802,0.32662,-0.071484
1.1963,1.6091,1.6009,0.90959,0.63415,-1.1339,-0.6426,0.32522,0.044573,-0.56504,-0.004356,-0.51961
1.5037,0.82424,1.4659,1.0832,-0.085548,-0.71845,0.046392,0.4208,0.0651,-0.67579,-0.3217,-0.26248
0.63838,0.50082,1.6992,0.64744,0.51872,-0.18911,-0.7486,-0.45919,-0.13169,-0.43495,0.38342,-0.45401
1.169,0.64174,1.0976,-0.30979,-0.68822,-1.1027,-0.6429,-0.53195,-1.1173,-1.1786,-0.0089233,-0.81211
0.9625,0.76029,2.1331,0.56411,-0.26506,-1.0803,-1.3879,-0.89034,-0.59401,-0.56874,0.35573,-0.80992
1.4437,0.98924,1.3107,0.51333,-0.68036,-1.0167,-0.99232,-0.055948,-0.21208,-0.25611,0.1377,-0.60299
0.63119,0.86361,1.1448,0.68588,-0.33935,-1.8253,-0.5552,-0.61251,-0.33598,-0.35514,0.55465,0.23727
0.39001,1.1133,1.4046,-0.11093,-0.61313,-2.0255,-0.77872,-0.45472,-0.097269,-0.17945,-0.0898,-0.29084
0.15431,2.6768,1.1638,0.53281,-0.046688,-1.462,-0.30941,-0.87108,-0.11629,0.15731,0.41419,0.15807
0.05984,3.085,1.0175,0.96096,1.494,-1.6951,0.27276,-1.3345,-0.41152,-0.46612,-0.73551,0.35834
-1.0188,4.2575,0.65741,-0.43084,1.458,-2.7386,0.22007,-0.43921,0.25451,-0.2912,-0.0056315,0.37878
-1.1964,5.5383,1.7279,1.2625,0.59445,-2.7241,-0.63218,-1.2072,-0.19729,0.26161,-0.5206,0.24907
-0.28315,5.2489,1.8686,1.2531,1.4749,-2.2358,-1.1715,-1.359,0.18528,-0.36513,-1.9527,0.29428
-1.1434,4.8409,1.6844,1.7808,0.53431,-2.1547,-0.73074,-1.1623,0.90087,-0.35268,-0.58407,0.45631
-2.9815,6.0425,1.7623,1.2863,1.1943,-2.5342,-0.88215,-1.2598,1.126,-0.89554,-0.2613,0.29635
-1.8721,5.7458,2.0055,1.2596,0.67586,-2.6192,-1.7193,-1.2232,1.1694,-0.72962,-1.1168,0.058067
-3.0307,5.5961,2.574,2.4838,0.97366,-1.9154,-1.3457,-2.22,0.71013,-0.89707,-0.70029,-0.24186
-4.0271,6.3064,1.0052,1.7342,0.9776,-2.1539,-1.2802,-1.9247,1.0122,-0.32674,-0.49073,-0.25153
-3.3383,6.5149,0.89508,1.3636,0.52645,-2.454,-0.96085,-1.3695,1.0496,-0.8979,-0.78719,0.15645
-2.2644,6.5998,1.382,2.0529,0.83502,-2.0141,-0.92881,-1.3355,0.8709,-1.3071,-1.1393,-0.19561
-3.1762,6.5302,0.21924,1.8347,0.48333,-1.5175,-0.67187,-1.594,1.1736,-1.0111,-0.63562,0.13372
-4.0174,6.9011,-0.16028,1.5086,0.060368,-1.7268,-0.26614,-0.48277,1.5743,-0.84039,-0.54071,-0.60037
-3.0107,6.4077,0.4922,1.2797,0.39643,-1.3104,-0.61504,-0.46525,1.6708,-1.0657,-0.70423,-0.39594
-2.7198,6.0532,0.5629,2.0645,0.028328,-2.1753,-1.1487,-0.94129,1.5471,-0.97766,-0.0098931,-0.3292
-4.3204,5.7265,0.61772,1.5025,0.48919,-2.1265,-0.15777,-1.3335,1.6724,-1.4421,-0.11628,-0.71433
-4.4447,5.4598,1.4783,2.1304,-0.056565,-1.4675,-0.51564,-0.89414,1.1293,-1.2728,-0.6299,-0.20182
-3.7389,4.7667,1.63,1.7442,0.49942,-1.7873,-1.0218,-0.58549,0.44197,-0.95748,-0.36246,0.19636
-2.5261,4.0406,2.3854,1.1395,-0.61382,-1.732,-0.53119,-0.20216,0.33652,-1.058,-0.26067,-0.12234
-0.9457,2.7252,2.6646,1.0807,-0.65111,-2.2071,-1.0515,-0.47764,0.17473,-0.95869,-0.0091543,-0.31821
0.0077506,1.5204,2.7506,0.72296,-1.4318,-1.6139,-0.99145,0.21513,-0.017443,-1.0559,0.29215,-0.63021
1.0328,0.43184,2.8696,0.14538,-1.3731,-1.3478,-1.1902,0.26337,-0.062341,-0.71898,0.56595,-0.46919
1.8307,-0.17121,3,-0.50993,-1.6491,-1.0061,-1.1834,0.59735,-0.22556,-0.67217,0.74021,-0.18359
2.0641,-0.64531,3.3462,-0.67036,-1.7175,-0.93248,-1.5821,0.89503,-0.82051,-0.47905,0.63702,0.0093473
2.0415,-1.3307,3.4642,-0.75488,-1.8587,-1.1418,-1.6587,0.63738,-0.52832,-0.47518,0.89374,-0.6326
1.7606,-1.685,3.0253,-0.54556,-1.9156,-0.74208,-1.7811,0.6487,-0.31202,-0.19544,0.63037,-0.49056
1.7332,-1.5404,1.9725,-0.22624,-1.4205,-0.38211,-1.8435,0.45157,-0.017358,-0.30388,0.27531,-0.50467
2.4896,-1.6301,1.4601,0.038959,-1.194,0.037851,-1.7605,0.041677,0.26695,-0.20517,0.21513,-0.62991
2.4676,-1.2164,1.0771,-0.42769,-0.33811,0.33662,-1.6384,-0.20034,0.81524,0.12415,-0.01663,-0.64204
2.2025,-0.81126,1.1628,-0.39791,-0.00044413,0.38099,-2.0429,-0.8153,1.2285,-0.051735,0.022632,-1.0159
2.231,-0.175,1.018,-0.70098,0.26997,0.68715,-1.6767,-2.3405,0.75895,0.4264,0.58915,-0.7564
1.8765,0.63136,0.24593,-1.1915,-0.029888,1.7703,-0.54406,-2.1974,-0.14348,-0.12078,0.21367,-0.35848
1.9925,1.0819,-0.032569,-1.8329,-1.0854,1.0508,-0.3343,-1.4437,0.50667,-0.847,0.58885,0.17292
2.2575,1.6451,-0.1423,-2.2145,-1.0843,1.1309,-0.21422,-1.1912,0.48083,-0.88896,0.79273,0.32677
2.3914,2.0549,-0.1237,-2.5551,-1.5461,0.97977,-0.29622,-1.2665,0.46051,-1.2217,0.55571,0.30097
1.9865,1.6661,0.22743,-2.2844,-1.7839,0.26419,-0.80803,-1.3633,0.82648,-1.2034,0.18068,0.064187
1.2931,2.0915,0.075513,-2.4834,-1.9327,-0.10737,-0.41474,-1.1691,0.85711,-0.89817,0.22958,-0.61985
1.3765,2.3318,1.051,-2.5397,-2.9407,-0.61975,-0.0046784,-0.57689,1.3416,-0.99425,0.57137,-0.41936
2.1866,2.464,0.46941,-2.5762,-3.0174,-0.83307,-0.46519,-1.074,1.6111,-0.89005,0.27277,0.060623
2.5158,2.4553,0.93384,-3.27,-3.3005,-0.15151,0.61651,-0.81642,0.35676,-1.8746,0.37039,0.17597
2.6948,2.1998,1.3351,-2.9532,-3.3229,-0.071966,-0.37254,-0.96054,1.1186,-1.257,-0.43024,-0.21921
2.5288,1.6299,1.6614,-3.4422,-3.7905,-0.13169,-0.052962,-1.5776,1.3399,-1.4896,0.41069,-0.24863
3.3158,2.3083,2.1909,-3.6891,-4.2533,-0.46845,-0.60904,-0.47839,1.5688,-1.6695,0.33656,-0.13025
2.9285,2.1662,2.5007,-3.0184,-3.3474,-0.00040867,-0.23483,-0.63954,0.71017,-2.0198,-0.15852,-0.3261
3.2845,2.4517,2.2042,-2.7785,-3.4318,-0.43523,0.33289,-0.57659,0.84424,-1.3375,0.26184,-0.73493
3.5603,1.7936,2.0447,-3.5939,-3.3337,-0.33897,-0.12543,-0.28454,1.3888,-1.1487,0.8707,-0.38121
4.3196,1.7062,2.5016,-2.9335,-3.5774,0.16587,-0.2323,-0.68091,1.233,-1.282,-0.21748,-0.75852
4.1591,1.5837,2.8537,-2.5063,-3.0385,0.19251,0.15432,-0.29345,0.8244,-1.7533,-0.4205,-0.8254
4.7136,0.96546,2.3159,-2.2532,-3.5435,0.0012419,-0.32251,-0.36151,0.95476,-1.6046,-0.38611,-0.25138
4.6883,0.78419,2.7282,-2.7954,-2.8877,0.13253,-0.53935,-0.27987,1.057,-2.0997,-0.64396,-0.448
5.1698,0.9099,2.6532,-2.6889,-3.5608,-0.14606,-0.29306,0.22001,0.93589,-1.9501,-0.53542,-0.26046
5.5384,0.40417,2.3979,-2.7709,-3.3398,0.093632,-0.69586,-0.35647,0.54558,-1.7551,-0.11913,-0.79389
5.452,0.80162,2.3668,-2.1169,-2.7713,0.040334,-1.2296,-0.23282,0.1202,-1.5794,-0.40661,-1.0204
5.2783,0.19756,2.7195,-3.1573,-3.1607,-0.14565,-0.80906,-0.57995,0.80625,-0.8978,-0.15833,-0.35301
4.5946,0.86787,2.4251,-2.2206,-2.1124,0.66639,-1.2188,-0.76197,-0.028429,-0.62954,0.19701,-0.58277
4.8702,0.56432,2.4398,-2.3667,-2.1836,0.25474,-0.63822,0.49395,0.7242,-0.90541,-0.13797,-0.044509
5.5103,1.4164,1.8446,-2.5211,-2.5439,0.55551,0.22798,0.25547,-0.32628,-1.4151,-0.83589,-0.28911
5.4091,0.26834,2.2154,-2.1623,-2.0701,0.85545,-0.27105,0.31343,0.17669,-0.8038,-0.67941,-0.34776
3.3341,-0.70183,1.3643,-2.1665,-1.5953,0.80047,-0.23846,-0.33441,-0.003343,-1.1022,0.0037224,-0.39825
5.3341,0.75,1.2104,-2.0265,-1.2527,0.79042,0.32616,-0.017573,0.21589,-1.6132,-0.82635,-0.45741
4.3793,0.14262,1.5453,-1.9223,-1.2903,1.162,-0.36994,0.0073922,0.3312,-1.5647,-0.42125,-0.14083
4.1,0.43125,1.7936,-2.3339,-2.5496,0.081664,-0.59513,-1.0096,-0.24471,-1.2994,-0.77171,-0.31026
3.875,0.21977,0.93691,-2.4684,-2.4144,0.35673,-0.16637,-0.41865,0.14917,-1.0156,-0.84997,0.079408
4.4595,0.17499,0.56044,-1.7986,-1.7106,0.84686,-0.39842,-0.33445,-0.17559,-1.4763,0.0026218,-0.11922
4.5673,-0.47425,0.067816,-2.0997,-1.6949,0.52944,-0.080854,-0.94937,-0.28918,-0.29101,0.1445,-0.21991
5.5018,0.50162,0.54101,-1.4605,-1.8247,-0.42122,-0.4502,-0.57097,-0.65675,-0.77922,0.14061,-0.32844
4.5371,0.42881,0.11075,-1.3956,-1.9972,-0.66729,-0.37448,-0.74407,-0.2755,-0.47011,-0.32292,-0.74793
3.9755,0.33639,0.85102,-1.1367,-0.90015,-0.49502,-0.30398,-1.0842,-0.22413,-0.48181,0.022117,0.33398
2.3174,0.51318,-0.067629,-1.1873,-1.6223,-0.49142,-1.0584,-1.8095,-0.8905,-0.90403,-0.1731,0.17118
2.7092,0.2397,-0.4146,-1.1814,-1.6758,-0.53039,-0.038315,-1.4005,-1.3828,-0.29751,0.77262,0.89012
1.7924,0.94601,-0.57627,-1.134,-1.0713,0.083935,-0.098194,-1.2964,-1.0139,-0.49914,0.47734,0.49151
1.1453,0.14569,-0.94529,-1.0818,-1.3549,-0.53173,-0.91925,-1.9741,-0.71268,-0.48797,0.36625,0.85861
0.10347,0.76177,-0.061353,-1.3427,-1.8357,-1.0724,0.22404,-1.4775,-0.74981,-0.45352,0.088486,-0.21334
0.51531,1.9269,0.65066,-1.1547,-1.3554,-1.3251,-8.0675e-06,-0.93901,-0.25653,-0.085179,0.11306,0.079357
0.20189,0.88282,0.78169,-0.25745,-1.6077,-0.85674,0.31689,-1.3025,-0.7241,-0.27664,0.31335,-0.24381
-0.67207,-0.10086,1.0096,-0.1203,-1.7661,-1.1198,0.34167,-1.5753,-1.1637,-0.46812,0.6664,0.21364
0.1698,-0.49487,0.75984,-0.10365,-1.2327,-0.72382,0.60643,-1.1863,-0.70463,0.084243,0.059351,-1.1096
0.46069,-0.64067,0.86552,-0.13338,-1.0448,-1.0206,0.5831,-1.7639,-0.30332,0.65635,0.31394,-1.1885
0.23872,-0.89084,0.28988,-0.14362,-0.89784,-1.3432,0.52268,-1.8228,-1.14,-0.6099,-0.88068,-1.5933
0.85896,-0.94382,1.2767,0.38658,-0.7901,-0.80667,0.51399,-0.97091,-1.0481,-0.065575,0.37731,-1.1707
2.5706,0.04243,1.5384,1.0097,-0.31553,-0.99209,0.31544,-0.69269,-1.249,-0.41102,-0.31963,-0.96593
2.9345,0.072085,1.8207,0.12366,-0.92504,-1.0684,-0.11096,-1.4281,-0.82574,-0.15632,-0.6671,-1.4189
2.8309,-0.092223,2.0482,1.2885,-0.12326,-1.0186,0.02652,-1.0006,-0.6632,0.58187,-0.57356,-0.908
3.5367,0.0041557,2.5241,1.2828,-0.59736,-1.6652,-0.47312,-0.31612,-0.46181,-0.69906,-0.92057,-0.97429
3.2477,-0.56519,2.021,1.0357,-0.82388,-0.77448,0.15432,-0.15966,-0.78731,-0.66892,-0.60199,-0.15386
2.7264,-0.3282,2.4232,0.87276,-1.3315,-1.7009,0.062903,-0.06269,-0.61021,0.012602,0.0039942,-0.25768
2.7271,0.28219,2.7867,0.94689,-0.43745,-0.98775,-0.23669,0.060765,-0.31576,-0.61085,-0.39004,-0.034966
2.5089,0.35431,2.5113,0.43128,-0.36717,-0.87968,-0.49648,-0.95648,-0.31569,-0.62411,-0.025348,0.12651
2.2123,-0.26987,2.2555,0.6584,-0.49257,-1.3825,-0.36042,-0.37153,-0.84251,-0.72802,-0.29597,-0.34314
1.2633,-1.2456,1.1193,-0.24451,-0.724,-1.1942,-0.21835,0.32413,-0.49624,-0.65464,0.14654,-0.41102
0.54775,0.6634,2.1401,0.48818,-0.089333,-2.5264,-1.0077,-0.77778,-0.31669,-0.67528,0.25906,0.19139
-0.84672,0.84984,0.68121,-0.080733,0.55725,-1.7478,-0.099104,-0.045913,-0.16344,-0.80983,0.033269,-0.58896
-1.8386,1.9004,0.2865,-0.030508,-0.24067,-1.673,0.030099,-1.2881,-0.42387,-0.92269,0.47917,-0.1289
-3.5584,2.6671,0.38145,0.071617,0.48313,-1.7802,0.44954,-0.77753,0.3484,-0.60886,0.39666,-0.39884
-5.7816,3.4294,0.093484,-0.87065,-0.21078,-1.9739,-0.15112,-1.394,-0.25873,-0.82157,0.20489,-0.12078
-6.6489,3.3078,-0.80692,-1.0483,0.1633,-1.3381,0.75417,-0.56917,-0.32566,-1.4373,0.092152,-0.80139
-5.3928,4.8532,-0.93378,-0.79642,0.21988,-0.64091,0.1701,-1.3193,-0.49984,-1.0989,0.84929,-0.17776
-5.5016,4.967,-0.32256,-1.3394,0.43028,-0.36971,-0.36158,-1.2785,-0.66864,-1.563,0.49411,0.11655
-4.2175,5.7756,-1.0587,-1.2461,0.12771,-0.68292,0.39966,-0.89396,-0.46917,-1.1196,0.12429,0.11848
-3.8549,6.3416,-0.85339,-0.67009,-0.61011,-0.7044,0.32063,-1.1226,-0.23698,-1.4522,0.69334,-0.39602
-3.2554,6.2487,-0.98754,-1.3305,-0.83418,-1.2558,0.14872,-0.89346,-0.44549,-1.3651,0.84348,-0.25568
-3.3845,5.6846,-1.3839,-0.92113,-1.018,-1.1275,0.19849,-0.97088,-0.24438,-1.3953,0.75858,-0.28868
-4.1112,5.7201,-0.97616,-0.98068,-0.3591,-0.83698,0.10957,-1.7324,-0.38876,-1.4096,0.94038,0.081183
-4.2269,5.0462,-1.5314,-2.0877,-0.84598,-0.16035,0.66659,-1.6547,-0.45172,-1.5459,0.65066,-0.43749
-3.4759,5.421,-1.5015,-1.1639,-1.2252,-0.77646,1.2789,-1.7789,-0.14864,-1.4538,0.76635,0.39376
-3.5461,5.4763,-1.9986,-1.5625,-1.1421,-0.88247,0.29903,-1.2588,-0.71307,-1.9567,0.27111,-0.19888
-3.4868,6.1607,-1.718,-1.3279,-0.65157,-0.21569,0.68754,-1.2119,-0.36496,-0.93654,0.85448,-1.0962
-4.0456,5.6116,-1.1013,-0.68146,-1.5151,-0.191,0.87226,-1.441,-0.15476,-0.78702,0.74826,-1.2564
-5.4326,5.8422,0.43364,-0.35291,-0.57099,0.11772,1.522,-0.875,-0.52589,-1.2565,-0.041772,-0.59835
-4.7561,5.3945,-1.0756,-0.51402,-1.3352,0.07548,1.4533,-1.3337,-0.73595,-1.2572,0.43139,-0.40378
-5.7929,5.6952,-0.83673,-1.4757,-1.1379,0.31181,1.8929,-1.6032,-0.98477,-1.2787,0.7151,-0.42736
-5.3988,5.6009,-0.47513,-0.785,-1.185,-0.45822,1.2344,-1.3396,0.049219,-0.96322,1.0683,-0.17097
-6.2314,5.3724,-1.1715,-1.8702,-2.5546,-0.89478,1.2371,-2.0335,0.2514,-0.77532,1.0778,-0.53606
-5.6706,4.5411,0.059418,-1.797,-1.5618,-0.34132,1.5215,-1.4301,-0.045194,-0.43458,0.58535,-0.87679
-6.2763,3.9985,0.25789,-1.9458,-1.9753,-0.48729,1.5345,-1.4755,-0.30111,-0.26509,1.5915,0.33135
-6.4394,4.4675,1.1622,-1.5534,-2.406,-1.2029,2.175,-0.53336,-0.25703,-1.0015,0.80867,-0.42595
-7.0139,3.5421,0.13252,-1.2008,-2.7896,-1.1753,1.5474,-0.84624,0.2395,-0.73663,1.176,-0.1162
-5.0576,3.2299,0.29975,-1.8163,-2.2075,-0.86328,2.1111,0.1447,0.25074,-0.2321,1.0651,-0.46937
-5.6543,3.1287,0.82303,-1.669,-2.6032,-1.1022,1.5294,-0.66747,0.38253,-0.14605,1.2001,-0.58847
-5.2412,2.8369,1.3807,-0.73419,-0.78709,-0.12313,1.2264,-0.72744,-0.010276,-0.63549,0.45111,-1.259
-3.2408,3.5887,1.4692,-0.88178,-1.1941,-0.29188,0.60323,-1.0432,-0.33046,-0.80281,0.98494,-1.379
-2.5362,3.8368,2.0671,-1.015,-1.3534,0.048894,0.54757,-1.2556,-0.52545,-0.65446,1.685,-1.5589
-1.5317,3.5519,2.2464,-0.6422,-1.2776,-0.35255,-0.035637,-1.1511,-0.23784,-0.87234,2.2253,-1.7925
-1.1318,3.8043,2.5277,-0.51125,-1.6602,-0.60011,0.082326,-1.4599,-0.31123,-0.89986,1.9003,-1.5437
-0.47244,3.3203,1.9694,-1.0573,-1.1435,-0.26063,0.28497,-2.2106,-0.68914,-0.89445,2.3084,-1.5606
-0.66449,2.8496,2.2321,-0.40186,-1.0655,-0.0086155,-0.51607,-2.4226,-0.91383,-0.82977,2.2669,-1.29
0.064526,2.9364,2.5888,0.065491,-1.1121,0.36811,0.10654,-2.5059,-1.0096,-1.2105,2.284,-1.7767
-0.10506,2.4986,2.3915,-0.77997,-0.64304,0.0096213,-0.056227,-2.1706,-0.38336,-0.73002,2.3115,-1.487
0.48366,1.8821,1.6701,-1.0822,-1.2348,0.45653,-0.021365,-2.0561,-0.68291,-0.43509,1.8815,-1.4892
0.28954,2.651,1.9416,-1.3657,-1.4604,0.24796,0.70262,-2.4846,-0.55253,-0.61135,1.4378,-1.2105
0.35993,2.2705,0.66041,-0.70318,-0.87484,0.14746,1.2732,-2.8013,-0.0089443,-0.12281,1.5031,-1.145
-0.41325,2.3736,0.023707,-1.8913,-0.83782,0.025558,1.0137,-1.5381,0.39972,-0.39426,1.8052,-0.80555
-1.7304,2.5254,-0.084315,-2.0379,-1.237,-0.30188,1.1334,-1.5518,0.63295,-0.7111,2.064,-0.72793
-2.8453,2.5447,-0.92358,-2.4729,-1.1783,-0.14644,0.30604,-2.4979,0.11252,-0.5515,1.5448,-0.73073
-3.647,3.2198,-1.2779,-2.405,-1.3046,-1.4145,1.0972,-1.3224,0.78551,0.096947,1.6191,-1.3717
-4.4331,2.7897,-1.646,-1.9032,-1.3962,-1.1492,1.3621,-1.3245,0.83004,-0.65353,0.88847,-1.0989
-5.4533,1.942,-2.3487,-1.4243,-0.60074,0.19271,1.774,-1.4953,0.57902,-0.69507,0.74049,-1.363
-4.7486,4.0461,-2.2981,-1.3546,-0.29227,0.67243,1.2493,-1.2469,-0.1299,-0.41179,0.75983,-1.5284
-5.3688,2.8898,-3.0618,-1.3271,-0.9693,-0.76686,0.58205,-0.78048,0.56826,-0.28858,1.3588,-1.019
-5.5792,3.6871,-2.3171,-0.58694,-1.9456,-0.67651,0.66168,-0.78389,0.31774,-0.92794,0.67702,-1.5299
-4.6628,4.0784,-2.175,-0.57674,-0.40017,-0.20694,1.4993,-0.27627,-0.41322,-0.24615,0.81038,-1.2249
-4.377,3.8978,-2.7057,-1.1743,-0.52559,-0.32363,1.8732,-0.74993,0.077122,-1.0134,0.80876,-0.73396
-4.6494,4.2634,-1.2864,-0.73929,0.17579,-0.72747,1.713,-0.75333,-0.43178,-1.2989,1.4548,-0.70877
-5.5643,3.6249,-0.8844,-0.36133,0.007392,-0.48975,1.7204,-0.60958,0.017765,-0.91992,1.2584,-0.79644
-5.0458,4.1639,-0.45129,-0.34271,-0.25287,-0.64315,0.83581,-1.196,0.044064,-0.6012,1.1101,-0.96008
-5.0285,2.9257,-1.1707,-0.71229,-0.17551,-0.55897,0.56335,-1.0977,-0.18303,-0.90744,0.97002,-0.78656
-5.6919,2.6489,-2.0691,-1.2416,0.31931,-0.44553,1.0514,-0.96576,0.57623,-1.2617,0.88817,-0.40049
-5.3247,3.3715,-0.41907,-0.76859,0.092705,-1.2974,0.66187,-1.8586,-0.23316,-1.0932,1.0735,-0.94328
-4.8,3.6201,-0.62721,-1.1382,-0.37174,-1.5558,1.1363,-0.96582,0.15126,-0.94827,0.34657,-1.0244
-4.8718,3.9055,-0.68971,-1.2406,0.65909,-1.188,1.4447,-0.65449,0.51273,-0.47232,0.81858,-0.70248
-5.2146,3.9212,-0.51556,-0.47866,-0.023946,-1.2795,2.3452,-0.53614,0.31055,-0.91928,0.47838,-1.263
-5.3992,4.1181,-0.76139,-0.61531,0.057014,-1.7722,1.334,-2.031,-0.1237,-0.4951,-0.30486,-0.87886
-4.8149,4.3683,-0.88055,-0.67322,1.4849,-1.1189,1.6448,-1.2465,-0.3101,-1.0889,0.29579,-1.2385
-4.9307,3.6489,0.066954,0.095199,1.2776,-0.8895,1.3166,-1.1689,-0.088398,-0.61877,0.2989,-0.36399
-4.9451,3.8369,-0.24658,0.17247,1.1413,-1.9934,1.0377,-0.87021,0.10972,-0.96871,0.027204,-0.56551
-5.4118,3.1756,0.17216,-0.10143,1.2875,-1.659,0.76783,-0.61657,0.54402,-1.2845,0.30374,-0.39629
-6.2426,4.049,0.80408,-0.08021,1.2597,-1.9188,0.48315,-2.1182,-0.015568,-0.45066,0.28796,-0.27852
-4.605,4.0404,1.0059,-0.12723,1.4811,-2.1163,0.59678,-1.2895,0.3819,-0.80234,-0.14572,-0.55939
-4.6573,4.0944,1.1644,0.4948,1.289,-1.2703,0.76579,-0.77934,1.0607,-1.0583,0.24587,-0.27683
-4.3554,4.185,0.91679,-0.23628,1.2815,-2.7146,0.23101,-0.52676,0.79353,-1.3147,-0.38514,-1.001
-3.682,3.9247,0.91078,-0.18667,0.22124,-2.0017,0.13064,-0.30381,0.82133,-1.5118,0.23898,-1.4272
-4.0694,3.8144,0.27254,-1.23,0.27874,-1.13,-0.16019,-0.66927,0.061326,-1.3469,1.1874,0.10585
-3.4335,4.2783,0.87501,-0.57991,0.65004,-0.95253,0.071592,-1.4467,0.54858,-1.0149,-0.098961,-0.55839
-3.4343,3.5148,-0.68588,0.42727,0.30393,-1.1169,0.24983,-0.3881,0.10613,-1.4796,0.44917,-0.79396
-3.42,4.6882,1.3193,0.63667,0.27981,-1.8249,-0.35299,-1.0951,1.1561,-1.3875,0.22002,-0.70153
-2.8939,3.6878,1.2386,0.71509,0.4749,-0.67356,0.32049,-0.61887,1.0645,-1.7515,0.19717,-1.2047
-2.0133,4.6213,0.80456,1.1249,0.55043,-1.6608,-0.031426,-1.4511,0.6399,-1.7925,0.16174,-0.57412
-2.8557,3.6687,0.25124,0.31429,-0.29937,-1.4302,0.47197,-0.5963,0.98156,-1.8287,-0.21292,-0.64018
-2.8063,4.1033,-0.04249,-0.054386,-0.14642,-1.0976,0.75543,-0.13386,0.69843,-1.7938,0.41561,-0.88925
-2.495,4.9484,-0.44728,-0.50847,-0.052572,-1.3368,0.27209,-1.3134,0.95298,-1.5889,0.089207,-1.0792
-2.1247,4.2693,-0.039339,-0.11984,-0.93098,-2.1427,0.83835,-0.8279,0.67082,-0.64327,-0.075385,-1.4122
-2.2195,4.0389,0.1242,0.194,0.182,-1.3047,0.85721,-0.83672,1.4532,-0.68217,0.19966,-1.0888
-2.0901,4.3343,0.22741,0.56957,-0.2416,-2.1404,-0.18283,-1.3733,1.0583,-0.73944,-0.10008,-0.32788
-1.5439,3.2495,-0.33238,0.20646,-0.082121,-1.8859,-0.49868,-1.7915,1.0194,0.17505,0.37418,-0.38954
-0.79079,3.4886,-0.020802,0.32862,-0.1549,-1.7293,0.62857,-1.7011,0.82712,-0.77812,-0.48227,-0.68426
-1.0677,2.8354,0.59762,0.88185,0.35089,-1.5681,0.038708,-0.75479,1.7005,-0.46737,-0.73016,-0.64091
0.020136,3.7118,0.63685,0.10146,-0.007921,-2.0932,-0.28229,-1.219,0.28011,-1.4904,-0.10852,-1.0315
