-5.5582,-0.99405,2.1919,-0.53936,0.41396,0.70805,-0.39154,-0.86222,-0.53785,0.011236,0.70499,-0.28798
-5.7421,-0.79912,1.2499,-0.94405,0.037391,0.4205,-0.0019289,-0.086345,-0.072182,0.47599,0.16492,-0.16221
-4.3306,1.2853,2.14,-0.75782,-0.43719,0.22279,-0.41488,0.059994,-0.99979,0.092871,0.096003,0.0087128
-2.2459,0.61551,2.5809,0.53221,-0.23259,-0.99826,0.3434,0.027581,-0.21028,-0.0066828,0.58155,-0.63522
1.7336,-0.78192,1.9709,0.16303,-0.34417,-0.9798,0.26924,-0.72933,0.40111,-0.98589,0.71042,-0.68324
1.9647,-1.3285,2.7277,-0.20279,-0.44201,-1.4092,0.27239,-0.44379,0.16641,-1.204,1.2159,-0.54585
1.442,-1.7557,2.9708,-0.58684,-0.64708,-0.81863,0.015526,-0.25445,0.18768,-1.3432,1.0161,-0.75394
2.2447,-2.9446,2.2301,-1.3223,-0.1268,-1.2114,0.55492,-0.45098,0.074472,-1.3141,0.56249,-1.2168
2.2893,-3.2435,1.0796,-1.037,0.083768,-0.90223,0.35322,-0.35601,0.16681,-1.1093,0.58693,-1.4228
2.9788,-3.7778,0.95237,-0.80622,0.48877,-1.051,1.0325,-1.3829,0.92567,-1.3827,0.91507,-1.8307
2.844,-3.3273,0.88989,-0.18749,0.34633,-0.17207,0.8675,-0.48369,0.49234,-1.3528,-0.02548,-1.6165
3.031,-3.3176,0.13136,-0.14799,0.14628,-0.081116,0.37076,-0.65923,-0.013669,-0.95254,-0.51741,-1.5233
3.2355,-3.6081,0.3628,-0.56786,0.43472,-0.75105,0.8453,-1.3912,0.79937,-1.3221,0.16458,-1.7919
2.5797,-2.9833,-0.3135,0.0068415,0.124,-0.36982,0.6352,-1.1258,0.68129,-0.65859,0.13189,-1.4131
3.5793,-2.9638,0.35554,-0.52751,0.76973,-1.1765,1.4106,-1.2673,1.4456,-1.1281,0.49564,-1.7281
4.0746,-2.7901,0.30376,-0.36655,0.65832,-0.62928,1.2356,-0.8356,1.0989,-1.0265,-0.2693,-1.8565
4.2038,-2.566,-0.0003083,0.009058,0.26449,-0.33947,0.73946,-1.055,0.76127,-0.89885,-0.11396,-1.7675
4.2289,-1.8862,0.028827,0.27098,-0.055021,-0.46316,0.77102,-1.5646,0.83013,-0.5356,0.057866,-1.9524
2.9941,0.064489,-0.47841,0.97704,0.22649,-0.055998,1,-1.0356,0.91075,-0.15826,0.24761,-1.2573
4.6297,-0.17737,0.39794,0.67948,-0.29574,-0.024385,0.95804,-0.035173,1.0211,-0.74991,-0.1448,-1.9285
4.1616,0.083963,0.17591,-0.030675,0.10658,-0.053976,0.65304,-0.39552,0.44076,-0.94968,-0.24911,-1.6163
4.1089,-0.93692,0.16781,-0.1326,-0.49482,-0.59576,0.038423,-1.0407,0.55933,-0.39594,0.074315,-1.7196
3.5785,-0.7696,0.16294,-0.064741,-0.14791,-0.53274,0.16157,-0.91899,0.66313,-0.2028,0.40631,-1.5608
3.1347,-0.78274,0.05446,-0.55389,-0.39002,-0.24855,1.066,0.14786,0.52325,-1.3328,0.44319,-1.5336
3.5147,-0.76284,0.031694,-0.28665,-0.88071,-0.63985,0.16616,-1.0787,0.049683,-1.5282,0.3745,-0.99529
3.3892,-2.242,0.20618,0.26988,-1.2183,-0.54748,0.0035632,-1.2006,-0.34338,-1.9477,0.27658,-0.9786
2.0891,-3.0841,0.56001,0.082636,-1.1224,0.0465,-0.095491,-0.94061,0.56796,-1.3232,0.77475,-1.1485
3.4657,-2.5016,1.0884,0.48747,-0.541,0.136,-0.24319,-0.9625,0.34596,-2.1902,0.68823,-1.342
1.681,-4.1676,0.40453,-0.50995,-1.2109,-0.63048,-0.50381,-0.9737,0.26582,-1.4068,1.5912,-1.0008
2.8035,-3.4684,1.5427,0.79448,-0.80646,0.49331,-0.302,-1.4518,0.55596,-1.7143,0.45958,-2.3576
2.3178,-4.6754,0.47201,0.21591,-0.92983,0.5982,0.48477,-0.36415,1.0778,-1.6568,0.48266,-1.9926
3.2423,-3.6348,0.32255,0.36202,-0.62095,0.027985,-0.36359,-1.1426,0.42342,-2.3072,-0.16163,-2.2012
3.708,-3.3974,0.50534,0.31134,-0.32193,0.53386,0.55712,0.046334,0.8256,-1.3194,0.39125,-1.5557
3.3929,-3.4894,-0.17266,0.73133,-0.53625,0.28099,0.78175,-0.91536,0.78372,-1.3906,0.055989,-2.1757
2.6083,-3.9383,-0.37879,-0.055115,-1.1111,-0.59032,-0.84177,-1.1909,0.0087088,-1.943,-0.628,-2.7215
3.0995,-3.7007,-0.071477,-0.01493,-0.72582,-0.10574,-0.54196,-0.89464,0.27474,-0.54902,-0.23649,-2.2244
-0.059068,-2.2202,-0.89014,0.19538,-0.071412,0.24864,0.87293,-0.44481,0.89907,-0.13366,0.19249,-0.78672
-2.9413,-1.1203,-1.0228,0.97912,-0.9119,-0.60629,-0.076143,-0.53837,-0.47824,-0.68368,-0.046655,-0.58397
-1.2559,0.3352,-1.6418,1.0462,0.19058,0.072894,0.36502,-0.85282,-0.040774,-0.98255,-0.51181,-1.4409
-2.4679,-0.43958,-1.3478,1.2656,0.62623,-0.93948,0.7675,-0.60118,0.067506,0.024399,-0.21114,-0.96008
-2.9937,0.36496,-2.7065,0.46557,1.3068,-0.033998,1.0865,-1.2067,-0.29005,0.1869,-0.4296,-0.73891
-2.8749,1.5381,-2.3675,0.08336,0.99117,0.071992,0.79246,-0.94955,-1.1856,-0.40579,-0.43418,-0.59178
-3.2891,2.4978,-2.344,1.4814,1.1056,-0.80845,0.52914,-1.3867,-0.30161,0.47814,-0.39139,-1.1349
-2.879,2.2049,-2.4833,1.1521,1.5951,-0.90824,0.59331,-1.4241,-0.12735,0.67955,-0.52711,-0.70049
-3.9042,0.3944,-3.4097,0.73547,1.9515,-0.39551,0.38027,-1.55,-0.27057,0.56422,0.17215,-0.58434
-3.1961,0.96337,-3.7015,0.71922,3.3061,-0.11981,0.20458,-1.8259,-0.00056386,0.7344,0.02558,-1.0806
-3.4585,0.66289,-3.9094,0.42195,2.8054,-0.42172,-0.65048,-1.5634,0.3067,0.97887,-0.018193,-1.4097
-3.4824,-0.49104,-4.1206,0.40917,2.7651,-0.80302,-1.4993,-1.5819,1.2237,1.1315,0.55074,-1.6065
-2.441,2.0802,-3.8203,1.0414,1.6576,-1.2768,-1.3455,-1.5677,0.17328,1.0584,0.39377,-0.9084
-1.4413,1.9775,-2.8752,0.21704,2.2639,-1.7428,-0.7984,-1.572,0.086827,0.69048,0.54066,-0.86531
-1.6523,1.4828,-3.2218,-0.2924,2.0513,-1.5722,-0.91006,-1.1114,0.34911,0.72433,-0.24757,-1.144
-1.4748,2.7339,-2.5087,-0.77443,2.89,-1.4411,-1.3375,-1.4598,0.459,1.42,0.79409,-0.43252
-3.235,2.7818,-1.3276,0.11371,2.3337,-1.1569,-1.4978,-1.8614,0.99025,0.67479,0.64319,-0.69045
-1.2476,3.4549,-1.4667,-0.29773,1.162,-1.7536,-1.3622,-0.77069,1.265,1.001,-0.16247,-1.4482
-1.2668,2.4295,-1.8246,-0.6116,0.94399,-1.9992,-1.7241,-1.7765,0.29778,0.51219,-0.45968,-1.5801
0.62273,2.5621,-0.98379,0.3895,0.98343,-2.2089,-1.2518,-1.8729,0.61339,0.3557,-0.85081,-1.0111
1.2255,2.1467,-0.39591,-0.26052,0.55047,-1.5436,-1.6976,-1.3322,0.6239,0.30644,-0.55632,-1.0683
2.2705,2.572,-0.96738,-0.60265,-0.14202,-2.0386,-1.8078,-1.7812,0.98562,0.46153,-0.46085,-1.0769
2.8524,3.0694,-0.34938,-0.090906,-0.50385,-0.6784,-1.5204,-2.0983,0.12182,-0.22011,-0.77763,-1.4797
3.3752,3.0296,0.011805,-0.20041,-0.22891,-0.60153,-1.4234,-1.0651,0.95678,-0.62476,-0.62344,-1.4769
3.1505,3.4464,0.62698,0.44739,0.0012429,-0.97611,-1.5034,-1.5887,1.2557,-0.096538,0.27104,-0.68134
3.7033,3.4866,-0.51955,0.52725,-0.51425,-0.37322,0.059345,-1.0321,1.4661,-0.738,0.36553,-1.1373
3.4365,3.2538,-0.39105,-0.036645,-0.49225,-0.63163,-0.21203,-0.81435,2.2962,-0.39495,0.40906,-1.0726
4.105,2.7614,-0.020027,0.02626,-0.1858,-0.35192,-0.63353,-0.81347,2.4402,-0.21446,-0.0099213,-1.7048
4.2983,2.5325,-0.75284,0.098605,0.15617,-1.1987,-0.57612,-0.92926,2.5121,-0.15373,0.14508,-1.0693
3.9585,2.2738,-1.0331,0.21747,-0.12183,-1.3513,-0.13004,-1.8434,2.2396,-0.25956,-0.37613,-1.5157
3.7972,2.1108,-0.77758,-0.76461,-0.73098,-2.1282,-0.49601,-2.1191,3.0557,-0.12698,-0.55815,-1.9073
3.8662,2.3147,-0.96828,-0.50316,-0.22104,-1.121,-0.12087,-1.3454,1.6575,-0.20499,-0.38648,-1.9994
3.5929,2.543,-1.2978,-0.038947,0.30289,-1.1786,-0.26285,-2.0392,1.4264,0.12375,-0.067718,-1.5922
3.2796,2.8589,-1.9709,-1.3079,0.69785,-0.7413,-0.25951,-2.0413,1.2916,-0.28411,0.39396,-0.40502
3.0542,2.8742,-1.7185,-0.78664,0.1221,-0.8301,-0.23098,-1.6118,1.5026,-0.04772,-0.58964,-1.0162
2.0276,2.2768,-1.7067,-0.35994,0.10142,-0.66315,0.19054,-1.6705,1.4697,0.13096,-0.014369,-1.0135
1.7196,2.8098,-1.6795,-0.87711,0.018413,-0.65299,-0.18462,-1.1968,1.4868,-0.18376,0.080236,-0.45718
1.7384,2.4216,-2.0804,-0.82245,0.42727,-0.9754,-0.45265,-1.8724,1.6419,0.1864,-0.35704,-1.5214
0.50899,0.96329,-2.3578,-1.6588,-0.31526,-1.5705,-0.41333,-2.5172,0.63661,-0.034356,-0.45648,-1.7467
1.7369,0.094378,-0.16205,-1.2392,-0.57524,-1.6751,-0.76763,-2.3611,0.18818,-0.60789,-0.6409,-0.48396
1.3986,0.61206,-0.36547,0.058593,0.15046,-1.0492,-1.0027,-2.522,1.1901,0.52396,-1.2784,-0.98997
2.2687,1.6429,-1.55,-0.18412,-0.078657,-1.5804,-0.61932,-2.2159,0.79354,-0.39588,-0.87778,-1.6065
3.5714,2.0424,0.39731,0.63403,0.82567,-1.464,-0.59496,-2.3392,0.092745,0.11098,-1.0871,-0.22593
3.316,2.2678,-0.28483,0.28318,-0.18854,-1.4214,0.38602,-2.2927,-0.043999,-0.53793,-0.40754,-1.1119
4.1281,2.9647,0.89079,0.34353,0.30368,-0.6674,0.081092,-2.9815,0.17137,-0.5482,-0.19948,-1.7044
4.2309,2.5317,1.9188,1.4211,-0.087733,-1.2918,0.012125,-2.5454,-0.43068,0.17307,-0.42029,-1.6627
4.1029,2.0047,3.2076,1.7944,-0.9038,-1.1548,-0.20496,-1.6618,-0.61085,0.12607,-0.17122,-1.4569
3.7464,2.1526,3.185,1.6749,-1.3088,-0.72995,0.43316,-1.7333,-1.0554,-0.12457,-0.11103,-1.1256
4.3087,2.0947,3.5425,0.82288,-0.90832,-0.66648,0.34559,-1.3238,-0.75568,-0.12985,-0.5703,-1.2024
4.5801,2.539,4.3713,1.1781,-1.4599,-1.1807,0.16087,-0.86516,-1.5617,-0.097595,-0.016054,-0.84214
4.9291,2.2171,3.8206,1.2894,-1.3971,-0.56061,-0.10968,-1.1636,-1.1369,-0.204,0.47889,-1.1903
5.6697,1.6296,2.9874,1.5034,-1.3065,-0.76586,-0.29021,-0.97221,-0.76381,-0.095684,-0.12607,-0.73762
6.0267,1.8743,3.704,1.5048,-1.5683,-0.75682,-0.31357,-0.67545,-0.9765,-0.25349,-0.0090313,-0.93932
6.5676,1.8827,4.3947,2.2212,-1.9097,-0.4963,-0.74257,-1.1361,-1.2808,-0.21105,0.21147,-0.84054
6.6377,1.8694,3.6124,1.4232,-1.7606,-0.091934,-0.2219,-1.5436,-1.3006,-0.13592,0.3998,-1.0083
6.4776,1.5472,3.5865,0.92116,-2.0418,-0.016267,0.094036,-1.4462,-1.5128,-0.033427,0.58714,-0.68658
6.2192,1.3514,3.6543,0.89921,-1.8451,-0.19987,0.015284,-1.0234,-1.1074,-0.27242,0.87478,-0.91356
5.4591,2.4957,3.9237,1.235,-1.5273,-0.049391,-0.17415,-1.1229,-1.5806,-0.3684,0.28571,-0.69819
6.1493,1.5899,4.3591,1.299,-1.5724,0.18393,-0.59756,-1.5526,-1.7828,-0.23467,0.5801,-0.86706
6.215,1.4493,3.7172,1.7073,-1.5449,0.23504,-0.37482,-1.6986,-1.7019,-0.3716,0.75129,-0.48487
6.9186,0.64034,3.4865,1.4758,-1.5752,0.011489,-0.35396,-1.4983,-1.2637,-0.37506,0.93491,-0.46639
6.7058,1.5804,3.7102,1.6691,-1.4653,0.026805,-0.34935,-1.591,-1.0287,-0.29918,0.53481,-0.89141
7.0488,1.176,3.9541,1.8983,-1.2706,0.037393,-0.65133,-2.0634,-1.5675,-0.3964,0.44508,-0.77271
6.7006,-0.21961,3.4073,1.344,-0.30223,-0.13247,-1.2308,-1.0347,-1.5954,-0.60453,0.4308,-1.1736
5.9551,-1.7209,3.091,-0.45717,-0.079206,-0.39846,-2.2383,0.20442,-1.0896,-0.031223,0.44072,-1.2938
5.3561,-2.3174,2.1251,-0.93568,-0.047835,-0.69341,-1.8907,0.3762,-0.73602,0.26097,-0.056342,-0.96983
5.0038,-2.0362,2.7485,-0.81952,0.6976,-0.85516,-2.1177,0.2513,-0.04181,0.2575,-0.40135,-0.94595
5.212,-2.4565,2.652,-1.2877,0.60181,-0.95475,-2.1856,0.51159,-0.1954,0.13157,-0.3403,-0.81778
4.9212,-2.567,1.5779,-0.88959,-0.073459,-0.91912,-2.011,0.62883,-0.22114,0.21386,-0.33153,-1.0593
5.5376,-3.2216,1.1774,-0.58342,-0.50874,-0.68403,-1.8517,0.62142,-0.19521,0.26554,-0.50746,-0.97686
4.9663,-2.9776,1.2567,-0.30306,-0.15163,-0.65464,-1.754,0.4565,0.20747,0.51839,-0.54168,-0.79061
4.6404,-3.0345,1.3716,-0.37974,-0.38675,-0.36319,-1.8915,0.50779,0.51594,0.54478,-0.36471,-1.0025
4.6314,-3.6785,0.47924,-0.19267,-1.2501,-0.19226,-1.866,0.53463,0.48828,0.39257,-0.18254,-0.97819
4.5858,-3.9862,0.90635,-1.0198,-0.88568,-0.58676,-1.4698,0.28531,0.33695,0.14894,-0.016435,-0.84435
4.8592,-3.3582,1.5513,-0.69282,-0.33356,-0.83726,-1.202,0.054069,0.080529,0.24323,-0.59875,-0.78606
4.3117,-3.1707,1.7445,-0.68157,-0.33523,-0.65295,-1.5166,0.18153,0.69995,0.43601,-0.4851,-0.79072
4.5376,-3.546,1.2975,-0.96102,-1.0993,-0.37865,-1.5063,-0.037405,0.84401,0.78576,0.031454,-0.82572
6.0749,-3.5729,0.79966,-1.0073,-0.49449,-0.81717,-1.2283,-0.079132,0.41673,0.80531,0.46079,-0.38848
5.2805,-1.1994,0.94461,-0.67215,-0.45943,-0.2939,-1.3402,-0.14354,0.7586,0.35636,0.1878,-0.81184
5.0886,-0.72952,1.3473,-0.11117,0.26535,-0.38268,-1.1174,-0.14389,0.86326,0.35635,0.28232,-0.3196
3.823,-0.44557,0.96376,0.45116,-0.16388,-0.65011,-0.70701,0.020922,0.83639,0.79762,0.3036,-0.59255
2.6856,0.6579,1.4232,0.17313,0.4842,-0.56835,-1.4345,-0.19376,0.46116,-0.33651,0.61805,-0.60458
1.8707,0.13813,1.3326,0.49919,-0.47878,-0.48785,-0.63913,0.35338,0.37619,-0.83078,0.61894,-0.8507
0.15966,0.40532,1.6391,-0.14179,-0.47728,-1.3732,-1.1672,-0.65782,0.98721,-0.92654,-0.10036,-1.1348
0.37475,1.093,1.2466,-0.2723,-1.3552,-0.95227,0.84126,1.071,1.1409,-0.60832,0.41487,-0.13839
-0.93022,0.391,0.25949,-0.35702,-1.0098,-0.59848,-0.11994,0.012638,0.24384,-0.4859,0.76279,-0.44153
-1.746,-0.55372,0.42612,-0.17046,-0.16665,-0.41922,-0.15969,0.29591,0.40471,-0.3453,0.41025,-0.15038
-1.3147,-0.28944,0.7957,-0.37606,-0.886,-0.61917,0.036633,0.74691,0.35393,-1.1156,0.44798,-0.28115
-2.5543,-0.47068,1.0568,-0.30182,-0.14224,-0.35148,0.1067,-0.42456,-0.24953,-1.1414,0.99198,0.30748
-2.7252,-0.70538,0.23013,-0.61736,-0.71669,-0.44194,0.26992,0.50275,0.63671,-1.2261,0.77626,-0.015976
-3.2419,-0.45211,0.17699,-1.4052,-0.90355,-0.1784,-0.098965,0.25172,-0.20699,-0.84104,0.69455,-0.29796
-3.7718,-0.93806,-0.57716,-1.5346,-0.69383,-0.77974,-0.31216,0.060343,0.07801,-0.99734,-0.49621,-1.2077
-3.1365,-0.40701,0.31541,-1.209,-0.98766,-0.91568,-0.49292,0.29764,0.18547,-1.3977,-0.066072,-0.61514
-1.1391,0.5039,0.98627,-0.10831,-0.67657,-1.0199,-0.48466,-0.46048,-0.040241,-0.94055,-0.45082,-0.74575
-0.0049621,1.1873,0.95541,-0.048063,-0.78205,-0.25682,0.23731,-0.21526,-0.20505,-0.73907,-0.57437,-0.3967
3.6197,3.4898,0.93596,-1.0486,-1.4094,-0.37447,0.72131,0.43496,-0.51037,-0.92848,0.027293,-0.38829
2.1609,2.7184,1.5604,-0.5524,-0.98295,-0.076319,0.52185,0.81288,0.71242,-0.72586,-0.17758,-0.2026
1.0168,2.3141,1.3639,-0.37529,-0.84891,0.60633,0.095466,0.27498,-0.17378,-0.70937,-0.040388,-0.46803
0.84095,1.6213,1.2551,-0.061392,-0.3337,0.22996,-0.3913,0.23153,0.37976,-0.39261,-0.28515,-0.4983
0.019544,2.4305,1.3766,-1.0441,-0.63506,-0.26546,-1.0819,0.058445,-0.52082,-0.85168,-0.26051,-0.37366
0.083867,1.7013,1.7707,0.099844,-0.083935,0.36328,-0.68278,0.66864,0.061185,-0.66403,-0.13042,-0.39501
-1.1938,1.0541,1.5306,0.63149,-0.50161,-0.51456,-0.45635,0.48323,0.78821,-0.57411,-0.32098,-0.20109
-1.5868,1.0176,0.34974,0.26784,-0.65564,-0.57816,-0.43629,-0.71552,-0.2383,-0.83073,-0.16653,-0.10594
-1.8703,1.2545,0.42472,0.79778,-0.082196,-0.30562,-1.0237,-0.46274,0.29566,0.16143,-0.13343,-0.038033
-2.6127,1.5954,0.27444,0.33097,0.79494,0.46013,0.16106,-0.083562,0.54334,-1.0089,-0.48923,-0.066095
-1.817,0.94331,0.16862,0.32894,0.40623,0.59061,-0.10877,0.52712,1.4346,-0.948,-0.84912,0.24888
-1.766,2.1922,1.3349,0.78031,-0.08746,-0.29184,-0.4519,0.5394,0.46084,-1.1533,-0.087261,0.16332
-0.69124,3.0315,1.501,0.23776,0.48226,0.52386,-0.60359,-0.46524,0.17303,-0.64019,-0.65217,0.13782
-1.735,0.72025,1.1275,-0.26788,0.74557,1.3091,0.47721,0.47674,0.24123,-1.101,0.26625,-0.36685
-0.96378,0.78285,0.72229,-0.013511,0.48285,0.89836,0.28951,0.074368,-0.29989,-2.0079,-1.0245,-0.48967
-0.93929,0.99303,1.1229,0.33755,0.66517,0.50295,0.32005,0.35619,0.35538,-1.2736,-0.65532,0.24036
0.20673,1.2243,1.5822,0.11147,0.35382,0.32888,0.56666,0.29392,-0.38246,-1.6666,-0.54365,-0.11235
2.4831,2.0855,1.7511,0.72745,0.80803,0.26826,0.41919,0.95202,-0.039002,-2.301,-0.77421,-0.097157
2.4603,1.3176,1.5094,1.188,1.1512,0.13089,0.31242,0.75422,0.71271,-1.3342,-0.021902,0.046588
2.5015,1.6885,0.89668,0.052154,0.15793,-0.40389,0.073438,0.085667,0.28294,-2.1879,-0.45592,0.29338
1.5537,1.1765,0.95422,0.5627,0.96777,0.33636,0.51213,0.96285,0.55653,-1.5762,-1.0485,-0.55264
2.5142,2.6639,1.6707,0.81042,0.38731,-0.19304,0.87933,0.3891,1.0072,-0.66495,-0.034357,-0.57847
3.0196,2.661,2.1468,-0.20436,-0.024809,0.041127,1.4646,0.57432,0.40659,-0.50425,0.18433,-0.62484
2.2415,1.1715,0.68819,0.32357,0.53043,0.32575,1.6146,-0.25635,0.92774,-0.70432,-0.4761,-0.673
2.2133,1.9551,0.96724,0.78278,0.71079,-0.00041899,1.5895,0.23259,1.2492,-0.81777,-0.48231,-0.93638
3.2587,3.5387,1.9988,0.70091,0.15271,0.24631,1.125,0.39236,1.4572,-1.0795,-0.22763,-0.68518
2.3986,2.8971,1.3793,-0.56823,-0.22822,-0.17408,0.80115,1.0886,0.82944,-0.71492,0.30572,-0.577
2.2994,2.5364,0.49358,-1.2474,0.12568,-0.043764,0.64379,0.8689,1.3755,-1.4424,-0.76024,-0.97527
2.5712,2.6842,0.81965,-1.3197,-1.3174,-0.96908,0.22255,0.37017,0.69378,-1.685,-1.0869,-0.11512
1.7594,2.2252,0.71867,-0.88409,-0.72328,-0.10958,0.42046,0.19517,0.79813,-0.65605,0.10851,-0.61675
1.1736,1.5552,0.41862,-0.29633,0.19448,-0.98197,0.014705,0.4012,0.87199,-1.1708,0.27884,-0.21719
1.3479,2.1652,-0.26228,-1.2072,-0.59231,-0.20453,-0.74992,-0.0097477,0.41494,-1.7329,-0.47794,-0.59105
2.1405,2.445,0.09588,-1.5317,-0.91595,-0.40797,-0.2147,0.099746,0.67306,-0.45464,-0.3462,-0.74846
2.0994,1.7719,-0.071914,-0.070092,-0.63636,-1.1443,-0.15364,-0.5558,0.57755,-0.35874,-0.68618,-0.184
1.7814,0.35175,0.9141,-0.56505,0.36419,-0.70939,-1.1437,-0.88383,0.69735,-0.42217,-0.46383,-0.69287
1.2813,2.1091,2.6686,-0.26291,-0.75489,-0.94594,-1.1163,-1.2522,-0.068676,-0.84946,-0.35099,-0.33622
1.3767,1.7169,1.5959,0.33668,-0.33524,-0.36171,-0.67491,-0.70062,0.26512,-0.60148,-0.5014,0.315
2.7876,1.2371,1.6791,0.51528,0.085892,-0.86286,-0.83503,-1.1149,0.42909,-0.72844,-0.91312,0.10954
2.2827,1.8047,0.4978,-1.0195,-0.19237,-1.0566,-0.86044,-0.60177,0.12259,-1.1993,-1.1371,-0.47224
2.532,2.0518,0.83897,-0.047954,0.84828,-0.059984,-0.51772,-0.19521,0.017178,-1.1639,-1.2483,-1.0667
2.534,1.7246,0.93711,-1.139,-0.45677,-0.36053,-0.80673,-0.9643,0.070163,-0.81525,-0.64834,-1.2601
2.3852,2.1494,0.93979,-0.33078,0.26138,0.3135,0.10359,-0.4495,-0.0049749,-0.88913,-0.59854,-0.47428
2.501,1.6561,0.80705,-0.15341,-0.13891,-0.24811,0.31136,-0.36398,0.85364,-0.43475,-1.1352,-0.49814
3.2207,1.941,1.6401,0.52499,0.26434,-0.12038,0.063255,-0.41351,-0.34605,-0.7621,-0.16354,-0.5893
3.7676,1.7255,0.91322,-0.074647,-0.24171,0.19922,-0.42607,-0.54539,-0.47493,-1.0102,-0.40584,-1.3375
3.6551,1.9598,0.91683,-0.46305,-0.35886,-0.18489,0.097954,-0.2112,-0.18437,-1.0545,-0.30373,-1.0305
3.2899,1.519,1.0728,0.50605,0.17324,0.51282,-0.23721,-1.0627,-0.78932,-0.84198,-0.51069,-0.79043
2.3554,0.91125,1.2685,-0.28708,0.24743,0.041028,-0.67579,-0.69035,-0.21392,-0.74356,-0.37831,-0.32535
3.1396,1.7287,1.2347,0.14079,0.015363,-0.39584,0.15415,-0.45075,-0.59228,-1.0369,-0.5973,0.0004089
3.7903,0.78708,1.3922,-0.57046,-0.18697,0.33149,0.033878,-0.24529,-0.12514,0.03857,0.044646,-0.34384
3.2832,0.61829,1.3285,-0.11034,-0.34245,0.32894,0.079423,-0.4557,-0.075129,-0.18043,-0.40487,-0.99384
3.8738,0.28247,1.1082,-0.21099,-0.10661,0.78383,-0.027238,-0.58025,0.57663,-0.19343,-0.39024,-0.85646
3.8629,0.6476,0.78032,0.080535,-1.2555,-0.13869,-1.1421,-0.70062,0.63969,-0.44101,-0.30361,-0.58008
3.2397,0.11094,0.50216,-1.2072,-1.1983,0.66607,-0.437,-1.3166,-0.032909,-0.051855,0.32082,0.16882
4.1073,0.88923,1.9473,0.44612,-0.74638,0.64242,-0.29479,-1.0828,-0.019727,-0.54861,-0.51894,-1.1161
4.3846,0.13547,0.91333,-0.4908,-1.0526,0.48203,-0.76008,-0.58812,0.25618,-0.45292,-0.14325,-0.77381
3.115,0.11254,0.63573,0.14468,-1.3105,-0.1133,-0.77261,0.066931,-0.2515,-0.93077,-0.077424,-0.56108
2.1843,-0.18672,2.3838,-0.11499,-0.94029,-0.22298,-0.78088,0.32659,1.4351,-0.21123,-0.060331,-0.26078
-1.813,-1.6799,3.7116,-0.15519,-1.1918,0.23506,0.27588,-0.13787,0.072579,-1.3257,0.66539,0.56877
-0.80952,-0.057736,3.6947,-0.31216,0.26129,-0.32701,-1.321,-1.3417,0.14464,-1.1721,-0.40031,-0.10225
-0.16996,-0.95791,4.2714,0.67981,-1.0321,-1.116,-2.2421,-0.23493,-0.0071591,-0.78167,0.20853,-0.40225
2.2334,-0.72768,5.2547,0.68284,-1.5447,-0.64907,-3.9901,-0.43898,0.54997,-0.33202,0.12835,-0.88831
4.2625,-1.1148,4.4428,1.0309,-1.5938,-0.47118,-3.9856,-0.58916,-0.10592,-0.44386,-0.057559,-0.62123
4.4015,-0.88889,3.2009,1.754,-1.4878,-0.026076,-3.9025,-0.56182,-0.42711,-0.19592,0.28563,-0.7791
4.5089,-0.92944,2.1142,1.4181,-1.4407,-0.30249,-3.4142,-1.3047,-0.47726,0.37292,0.59589,-0.38769
4.1877,-0.092079,2.1546,1.036,-1.1194,-0.43054,-3.0842,-1.4346,-0.51997,0.32133,0.35802,-0.34511
4.422,-0.3852,2.4868,0.82967,-1.0882,0.25506,-3.4614,-1.3382,-0.60081,0.33303,0.39994,-0.63062
4.9992,-0.98169,2.0919,1.4816,-1.1807,0.27799,-3.2223,-1.192,-0.54958,0.18827,0.60279,-0.70101
5.5185,-1.5408,1.9924,0.83318,-1.3813,0.062111,-3.2036,-1.0689,-0.4673,0.36789,0.79806,-0.30315
5.1468,-0.71467,2.2233,0.55548,-1.309,-0.11556,-3.3423,-1.5145,-0.22991,0.72105,0.97701,-0.66302
5.1614,-0.91395,2.4487,0.79614,-1.2016,0.52379,-3.6696,-1.4481,-0.6417,0.98211,0.87256,-1.0791
5.3898,-1.552,2.5668,0.55094,-1.2355,0.7531,-4.0918,-1.0369,-0.82622,0.58086,0.70087,-1.0714
5.7863,-1.8723,2.9401,0.20998,-1.2875,0.58366,-3.6424,-0.99635,-0.72479,0.55266,0.70067,-1.2638
5.9262,-1.8578,2.5075,-0.25143,-1.1917,-0.16444,-3.2404,-1.3012,-0.50402,0.6539,0.73309,-1.2497
6.0002,-1.6626,2.7954,0.037368,-1.4124,0.070291,-3.552,-1.103,-0.24076,0.89087,0.49439,-1.5905
5.6539,-1.5217,2.8932,-0.10876,-0.7177,-0.14485,-3.1123,-1.2185,-0.40179,0.52926,0.52509,-1.4737
6.2598,-2.0852,3.014,0.082086,-0.94531,-0.11973,-3.4802,-0.71557,-1.2527,0.98003,-0.031896,-1.4224
4.947,-1.7747,3.1715,0.11935,-0.68556,-0.10633,-3.4395,-0.92131,-1.2978,1.3335,-0.03556,-1.1365
5.5012,-1.6455,3.0664,-0.28139,-0.75074,-0.65281,-3.0756,-0.96356,-0.81709,1.6051,-0.18478,-0.80964
4.2463,-0.88658,1.5526,-0.20789,0.22666,-1.1594,-2.8282,-1.5616,-0.95648,0.49759,-0.83759,-0.53311
4.2606,-0.45625,1.8599,-0.45625,-0.49991,-1.1425,-3.2947,-0.77822,-0.42205,0.98147,0.4243,-0.021223
3.4456,0.011742,1.97,-0.15477,-0.8105,-1.22,-3.1107,-0.95046,-0.35333,0.51311,-0.2322,-1.0775
2.8558,-1.3388,1.4865,0.46748,-1.0944,-0.97658,-2.9137,-1.6647,-0.84027,-0.056075,0.073693,-0.64929
3.846,-0.60375,2.5306,0.11995,-0.80893,-1.1331,-2.8318,-1.1834,0.37351,0.55909,0.9852,-0.50754
3.9877,-1.2301,2.1677,0.56013,-0.46229,-0.79141,-2.7557,-1.3539,-0.19445,-0.43795,-0.2261,-0.85814
3.5207,-0.71694,2.1811,-0.17365,-0.82566,-0.64008,-2.4928,-0.93893,-0.46474,-0.76395,0.68739,-0.58716
4.2231,-0.75361,2.1853,-0.10344,-0.96343,-0.74694,-2.669,-0.6997,-0.078069,-0.66332,0.40893,-0.86393
4.6384,0.19087,3.0248,0.60195,-0.35177,-1.0678,-3.4014,-1.2394,-0.26326,-0.25311,0.45567,-1.0618
4.1167,0.17944,2.4833,0.30915,-0.97977,-0.50073,-2.9435,-1.6266,-0.38468,-0.42862,0.62472,-0.86984
3.5196,-0.21717,2.7903,1.4384,-0.86043,-0.21301,-2.8558,-1.6983,-0.96266,-1.0005,0.93231,-0.50681
4.2579,-0.14776,2.2626,0.38846,-0.66643,0.21213,-2.6905,-1.3159,-0.22639,-1.0869,-0.16982,-1.397
4.0787,0.32545,2.0643,0.23514,-1.0191,-0.40195,-3.5777,-1.4956,-0.36895,-0.2346,0.37026,-0.67512
3.0559,-0.33678,0.90195,1.7826,-2.0715,0.47295,-3.1904,-1.5469,-0.86349,-0.33197,-0.44145,-0.91174
3.3661,-0.21041,0.88718,1.3776,-1.1531,0.9066,-3.2284,-1.0788,-0.49759,-0.46622,-0.57668,-1.2008
2.4401,-0.08862,0.49976,1.1897,-1.6354,1.5637,-3.1225,-0.79992,-0.51807,0.0073235,-0.22029,-0.62541
1.938,-0.37382,-0.19786,1.2377,-2.0849,1.101,-2.4562,-0.48976,-1.1506,-0.38165,-0.74522,-1.3748
0.98433,-0.81985,0.48061,1.808,-2.3474,1.1182,-2.6871,-0.70271,-0.47336,0.0074961,-0.50564,-1.2185
0.81528,-0.93571,-0.31166,0.83103,-1.4057,1.2773,-1.8386,-0.57891,-0.19728,-1.2297,-1.068,0.1015
1.368,0.01062,0.4978,1.7862,-1.3341,1.7812,-1.0578,-0.31329,-0.40134,-1.7848,-0.94599,-0.20874
1.9444,-1.0904,-0.98407,1.3356,-1.6407,0.82809,-1.6712,0.63997,0.10412,-1.7086,-1.3672,0.3997
2.418,-1.9609,-0.76891,1.1685,-2.2657,0.81699,-1.1355,0.027557,-0.80634,-3.1191,-1.5498,0.32401
2.163,-2.4033,-0.87866,0.87208,-1.7377,1.261,-0.54004,1.0935,-0.19505,-2.814,-1.9335,0.02361
1.663,-2.4559,-0.90618,0.91931,-2.1726,0.6628,-0.22202,0.82656,-0.3693,-2.6902,-1.4551,0.052949
1.9214,-1.7757,-1.3983,0.84398,-1.2783,0.97427,0.027004,1.1495,-0.38797,-2.1208,-0.94422,-0.40212
1.2965,-2.2226,-1.8891,-0.91255,-1.6642,1.161,-0.14828,0.83209,-0.23239,-1.9487,-0.66106,-0.22259
2.5687,-2.413,-1.6907,-0.20352,-1.6912,1.5818,0.63441,0.54856,-0.36552,-2.0421,-0.54992,-0.36071
2.0887,-2.8865,-1.6806,0.11291,-1.1585,0.25206,-0.65723,-0.069834,-0.68187,-2.5939,-0.89458,-0.6738
2.7739,-2.6203,-1.2198,0.132,-1.339,0.36848,-0.13946,0.77175,-0.11484,-2.1128,-0.65267,-1.2003
2.2612,-2.1729,-0.3675,-0.52913,-1.3241,0.62558,-0.02316,0.072536,-1.1989,-2.2501,-0.73015,-1.0502
1.9891,-2.9098,-0.51575,-0.33154,-0.28997,0.72478,-0.17187,0.36298,-1.0758,-2.2625,-0.35886,-0.54039
2.0123,-2.0553,-0.24504,-0.80861,-1.2522,0.10417,-1.267,0.2814,-0.089271,-1.1643,-0.75186,-0.70228
1.776,-2.0904,0.57971,-0.17789,-1.4811,0.031475,-0.73538,-0.0092374,-0.077756,-0.92625,-0.38958,-0.25066
1.1372,-2.1772,-0.55169,-1.2123,-1.4778,-0.66173,-0.86605,0.57793,-0.55556,-2.2523,-0.4849,-0.45994
1.4003,-1.1244,0.37881,-0.1881,0.022742,-0.4387,-1.3445,1.0579,-0.1354,-1.8905,-0.53902,-0.91684
0.36218,-1.3912,-0.88673,-1.3258,0.086346,-0.52049,-0.52147,1.2913,0.15613,-0.68621,1.0114,-0.19132
1.0108,-0.67657,-0.31114,-1.7473,-0.63577,-0.49535,-0.89952,0.90348,0.060484,-1.8229,-0.052998,-0.93374
1.0054,0.41188,0.45347,-1.7606,-0.090014,0.21843,0.056339,0.51574,0.36054,-2.0542,-0.91794,-0.95311
0.93822,0.50182,0.55153,-1.4295,0.39587,-0.44334,-0.28988,0.94448,0.050513,-1.8196,-0.44588,-0.53781
-0.98741,0.88026,0.66244,-1.5185,1.5028,-0.50836,-0.23856,0.43406,-0.022176,-1.737,-0.59054,-0.84706
-1.1148,1.5738,0.65667,-1.5146,1.2058,-0.97113,0.2701,0.57235,0.90476,-0.70815,-0.51664,-0.72856
-1.8449,2.55,0.08397,-0.81429,1.4755,-1.1362,0.25713,-0.27084,1.0046,-0.55735,-1.1508,-0.41776
-3.1849,1.9392,-0.318,-1.2335,0.92153,-0.78851,0.9328,0.3883,0.17269,-0.90665,-0.37076,-1.4507
-2.8048,2.6347,-0.015752,-1.2587,1.7296,-0.98349,0.96123,0.22631,0.26247,-1.0861,-0.44462,-0.58608
-3.7928,3.1447,0.14973,-0.42867,1.5012,-1.3282,1.0083,0.060349,0.20438,-0.51095,-0.031354,-1.5127
-4.4826,2.2749,-0.73178,-0.4191,1.0789,-1.0956,0.77418,0.21943,-0.18399,-1.8532,-0.10078,-1.7234
-4.7313,2.575,0.0293,-0.99256,0.61137,-1.4284,0.75943,0.49057,0.17251,-1.1027,0.97313,-1.0265
-5.7382,2.0117,-0.14176,0.15966,1.0621,-0.96081,0.16528,0.58609,0.75356,-0.70753,0.096176,-0.69073
-5.9088,2.5614,0.35194,-0.20462,0.40883,-1.0608,0.1162,-0.046944,0.55429,-1.9224,-0.29748,-0.48653
-6.1204,3.4601,0.32825,0.33711,0.43209,-1.2335,0.39839,1.0344,1.2576,-1.7379,-0.32641,-1.0595
-6.853,3.0212,-0.10102,-0.6047,0.7886,-1.8257,0.26728,0.65274,0.87003,-1.5931,-0.25569,-0.51489
-6.9646,3.2149,0.31285,-0.49739,0.22133,-1.3938,0.57148,0.8834,0.4532,-2.0496,0.11117,-1.0168
-7.0213,3.9654,0.63345,0.22712,-0.0082334,-0.20654,0.58171,-0.069305,-0.18664,-2.0954,-0.17912,-1.5575
-7.3519,5.2632,0.38914,0.54312,0.31005,-0.88437,0.75357,-0.46759,0.46591,-1.5316,0.49024,-0.52115
-8.2161,4.5108,-0.52393,0.041044,0.58631,-1.2344,0.62515,0.35344,0.38788,-1.759,0.47261,-0.17991
-7.7762,4.1058,-0.16493,0.10091,0.71909,-1.9946,0.36235,0.83691,0.47363,-1.2319,0.29916,-1.1614
-7.6282,4.6464,-0.32564,-0.079707,0.51757,-1.0397,0.82036,0.29115,0.91938,-1.7948,1.006,-0.86545
-7.8748,4.6662,-0.25182,-0.2405,0.45609,-1.0851,0.15619,-0.202,0.53762,-1.2946,0.19776,-1.316
-8.4782,5.2741,-1.191,0.4167,1.0794,-0.47841,0.62302,0.3385,1.4169,-1.1678,-0.1318,-1.1818
-8.7763,4.9808,-0.79091,0.39976,0.40626,-0.52069,0.49476,-0.37624,0.9343,-0.59862,0.54106,-0.55432
-8.4509,5.5333,-0.2209,0.8943,0.56507,-1.0286,-0.44971,-0.69467,0.31894,-1.2432,0.46244,-1.0491
-7.6973,5.6103,0.084342,0.99154,0.57372,-1.5773,-0.75207,-0.46496,0.20386,-1.0282,0.18699,-1.2056
-6.7341,5.6137,-0.45854,1.6262,1.2114,-1.4321,-0.064284,-1.3164,-1.2603,-1.7217,0.55604,-0.89522
-7.1991,6.0861,-0.12279,0.47943,0.18988,-1.7218,-0.86311,-0.72946,-0.056832,-1.9687,-0.034804,-1.1337
-7.3848,5.54,-0.22356,0.56961,0.31017,-0.73969,-0.46409,-0.97327,-0.43876,-1.5867,-0.18144,-1.2951
-7.2641,4.7571,-0.15475,0.43356,0.43791,-0.34497,0.1929,-1.1567,-0.9254,-1.5833,-0.28513,-1.7364
-7.2362,4.3894,0.30349,0.15408,0.59144,0.51444,0.73187,-0.42356,-0.14744,-0.51608,0.84748,-0.94588
-4.9315,3.6867,-0.1743,0.61432,0.81068,0.08478,-0.32105,-0.89267,-0.10989,-1.1182,-0.22315,-0.52335
-3.0916,2.2865,-1.1565,-0.39125,0.57062,-0.73323,0.27875,-1.3143,0.21535,-0.6003,0.35199,-1.3607
0.86323,0.5238,-1.6236,-0.5406,0.72837,0.0129,-0.088061,-1.5709,0.25682,0.19256,0.14274,-1.8706
2.1826,-0.77767,-1.071,-1.0463,0.93831,0.031548,-0.28768,-1.1313,0.14625,0.051457,0.54159,-2.3659
3.7005,-1.5885,-0.80228,-1.2695,0.69567,-0.05819,-0.50007,-1.4355,-0.23725,-0.21333,0.54892,-2.6573
3.6238,-1.5287,-1.103,-0.84574,0.86652,-0.006388,-0.20292,-1.0015,-0.032937,-0.34781,0.69298,-2.2841
3.0661,-1.3497,-0.96016,-0.37802,1.2039,0.32272,-0.12212,-1.1003,0.015254,-0.44278,0.39,-2.6875
3.2725,-1.7351,-0.98053,-0.35944,1.2511,0.38161,-0.32342,-1.112,-0.05134,-0.8913,0.57744,-2.8847
4.2604,-2.4995,-0.57861,-0.51054,0.81737,0.27081,-0.68408,-0.79424,-0.38222,-0.78783,0.52752,-2.5626
4.1541,-2.4938,-0.4562,-0.67089,0.81455,-0.18995,-0.27044,-0.82381,-0.084985,-0.94886,0.67998,-2.3347
3.5684,-1.8617,-0.56167,-0.37525,1.2584,-0.0010591,0.063205,-1.0557,0.27758,-1.0463,0.67288,-2.3745
3.1781,-1.7871,-0.54872,-0.050359,1.517,0.47194,-0.046587,-0.84941,0.064762,-1.2924,0.35517,-2.6707
4.1324,-2.7718,-0.36491,-0.32607,0.84062,0.4973,-0.55029,-0.40023,-0.42546,-1.0157,0.55393,-2.5021
3.8397,-2.609,-0.48566,-0.28023,0.6952,0.018217,-0.1743,-0.7512,-0.089203,-1.152,0.53982,-2.2482
2.8604,-1.4938,-0.68466,0.24265,0.8859,-0.29318,0.013569,-0.76409,0.096858,-1.2537,0.63255,-2.296
3.3342,-1.8192,0.056482,0.22622,1.1519,0.029866,-0.69059,-0.56678,-0.10249,-1.309,0.54572,-2.6163
3.644,-2.2448,0.0034009,0.14228,0.8013,-0.20106,-0.44334,-0.73063,-0.021425,-1.371,0.53258,-2.6554
3.3462,-2.1642,0.20331,0.015343,0.32215,0.0034627,-0.68807,-0.078385,-0.34231,-1.0221,0.63657,-2.5185
2.7037,-1.4129,0.6645,0.24485,0.28559,-0.16627,-0.61074,-0.15672,0.28164,-1.2376,0.95293,-2.3191
2.7109,-1.7437,1.1986,0.29265,0.41252,-0.3505,-0.57923,-0.16005,0.28847,-1.589,0.9209,-2.6504
2.7758,-2.2803,1.7282,0.0056104,0.076245,-0.26928,-0.52632,-0.25254,-0.58146,-1.4452,1.0365,-2.3796
2.0914,-1.6827,1.7977,0.5347,0.096145,-0.55514,-0.77646,-0.66834,-0.58083,-0.97367,1.1323,-1.6695
2.4526,-1.014,2.0951,0.13888,0.18067,-0.77745,-1.0694,-0.44,-0.20006,-0.93261,1.5032,-1.918
2.0195,-1.6844,2.0386,0.25884,-0.35339,-0.31037,-0.35993,-0.024196,-0.73182,-1.3771,1.299,-2.5118
1.6738,-1.9111,1.9068,0.75683,-0.57497,-0.34115,-0.17762,-0.83973,-0.65222,-1.0108,1.4373,-2.4446
1.6872,-0.83911,2.1421,1.1285,-0.44828,-0.81942,-0.53859,-0.82129,-0.27856,-0.78874,1.6013,-1.7163
1.2156,-0.59395,2.9365,1.2939,-0.28534,-0.36186,0.2086,-1.1256,-1.0501,-1.1202,1.5146,-2.4657
1.7888,0.33919,-0.030221,0.22841,1.5051,-0.096186,-0.53402,-0.78712,-0.31176,-0.88655,0.45621,-2.4681
1.5036,0.83055,0.49111,0.0093365,0.4529,0.054303,-0.052299,-1.4411,-0.66918,-0.48237,1.0977,-1.8188
0.86577,0.66323,0.46136,0.33133,0.84013,0.04078,-0.48925,-0.8671,-0.99246,0.22921,0.39793,-2.0236
1.0248,1.5295,-0.1452,-0.48236,1.227,-0.22144,-0.57604,-1.1498,-1.0984,-0.036472,1.0846,-1.6352
0.7193,1.0159,-0.9566,-0.81557,1.4399,-0.85751,-0.58282,-1.0932,-0.48509,-0.24839,0.44254,-2.4084
1.3599,1.358,-1.6833,-0.77697,0.73569,-1.0431,-0.48742,-0.81008,-1.1301,-0.92561,0.023583,-2.5999
0.5768,0.11298,-1.1852,-0.49247,1.172,-0.063837,0.0025178,-1.0574,-0.37039,-0.28165,-0.44416,-2.3001
-0.66021,-0.60549,0.50497,-0.58106,0.83804,-0.37331,-0.18992,-1.6136,-0.8827,0.012301,-1.031,-1.9369
1.0303,-0.26856,-1.3775,-0.83981,1.077,-1.2196,-0.94365,-1.2295,-0.16819,-0.36079,-0.51968,-2.7299
-0.48571,-1.1685,-0.2293,-0.95422,1.5836,-1.4239,-0.092731,-1.046,-0.5695,1.092,-0.062499,-1.5388
-0.055142,-0.83684,0.79278,-1.3232,1.1805,-0.63601,-0.20366,-1.7238,-1.3508,0.26473,-0.70365,-1.3724
0.37319,-1.5731,0.2451,-1.3354,1.4894,-0.17195,-0.62946,-2.013,-0.40858,0.021973,-1.0832,-1.6477
0.098688,-0.86935,0.23104,-1.3837,1.5108,-0.78379,-0.85514,-2.0053,-0.91419,-0.29542,-0.29749,-1.5329
-0.93438,-1.389,2.5686,-1.937,0.65409,-0.33748,-0.53465,-2.389,-0.45366,0.08049,-0.66626,-0.78896
-1.4976,-1.1999,3.3707,-2.1344,0.068249,-0.51134,-1.1662,-2.5289,-0.1906,0.75183,-0.7386,-0.23709
-2.2527,-0.51484,2.7274,-2.5793,0.81902,-0.67626,-0.95674,-3.0806,-0.48632,0.87331,-0.46677,0.038417
-2.8328,-0.10947,3.3759,-2.861,0.65218,-1.1387,-0.67721,-1.8377,0.22291,0.45423,-0.80519,-1.384
-2.4685,-0.2108,2.6809,-1.9745,0.13812,-1.484,-0.32009,-2.5611,0.71302,0.17447,-0.62233,-0.13381
