1.0011,0.93379,1.2469,0.1692,-0.51514,-1.4887,-0.22451,-1.178,-1.2589,-1.2899,-0.30826,-0.34337
1.1206,1.8153,2.2844,2.0747,-0.04949,-1.4925,-0.77626,-1.7138,-0.7268,-0.45534,0.18734,-0.33532
0.81798,1.155,1.6474,0.73287,0.13476,-0.72848,-1.1104,-1.7714,-1.0838,-0.82884,-0.27976,-0.1372
1.6562,1.7689,2.0978,1.6077,-0.37997,-1.1504,-0.37676,-0.73793,-0.53,-0.218,-0.077316,-0.32746
1.5813,2.2481,2.0953,1.0792,-0.19957,-0.51803,-0.51214,-1.3391,-0.38288,-0.68928,-0.089946,-0.77843
1.4097,1.5528,1.8161,1.3194,0.011787,-0.36981,-0.020776,-1.2929,-0.80915,-0.52827,-0.2036,-0.092738
0.80747,1.7667,2.0241,0.77232,-0.13754,-0.74371,-0.48521,-0.93455,-1.074,-1.3073,-0.45595,-0.027289
0.2712,1.0762,1.1993,0.37821,-0.43074,-0.77352,-0.70475,-1.4722,-1.2778,-0.54283,-0.66848,-0.86146
1.6975,1.4199,1.7864,1.4852,0.14621,-1.214,-1.1666,-1.3919,-1.0502,-0.92162,-0.68345,-0.7001
1.4378,1.2368,1.2494,0.73883,-0.38502,-0.64554,-0.64616,-1.5855,-1.0232,-0.99905,-0.41261,0.052666
1.6779,1.0314,0.84976,0.47305,-0.15226,-0.57042,-1.322,-1.739,-1.5287,-0.89918,-0.44049,-0.56158
2.0672,1.3119,1.5643,1.434,0.7069,-0.24542,-0.58828,-1.3922,-1.8887,-1.1674,-0.45539,-1.0492
1.7887,1.3306,1.0428,0.83871,-0.53796,-0.32951,-0.1442,-0.76568,-0.81572,-1.2286,-0.74841,-0.27782
0.1721,1.7812,0.70292,1.539,-0.72651,-0.058485,-1.1331,-1.3331,-1.1725,-0.65025,-0.27882,-0.80057
-0.65799,1.5896,-1.2188,1.8857,-0.25008,0.56537,-0.83026,-0.12726,-1.39,-1.485,-0.49947,-0.67221
-2.7086,4.3631,-0.82887,2.4318,-0.54653,0.25665,-1.1287,-0.22123,-0.95382,-1.2026,-0.55261,-1.1381
-3.7536,3.888,-1.0358,2.6142,-0.45275,0.17349,-1.4578,-1.0249,-0.55616,-1.3296,-0.58923,-1.736
-6.4026,2.6457,-0.26611,1.6262,-0.12204,-0.16131,-0.80704,-0.18225,-0.94233,-1.6552,-0.56984,-1.5407
-6.5496,1.9214,0.2409,0.73549,-0.39684,-0.44931,-1.2447,-0.94631,-1.0589,-1.9098,-0.87177,-1.4283
-6.7792,1.5528,0.53437,1.4852,0.41544,-0.42927,-0.66672,-1.0251,-0.63112,-1.8737,-1.4976,-1.5059
-5.385,2.328,0.11845,1.3349,0.43451,-0.15199,0.013519,-0.95197,-1.0931,-1.9291,-0.60414,-1.2509
-4.8265,1.5111,-0.47601,1.0898,0.39442,-1.4434,0.387,-0.43667,-0.60703,-1.7108,-0.7501,0.021944
-3.7772,0.71538,0.78454,0.51716,0.21044,-0.73105,0.27203,0.25034,-0.47573,-1.8921,-0.32002,-0.41892
-2.2601,1.1568,0.64757,0.54712,0.43393,-0.043946,-0.14551,-0.19982,0.22159,-2.035,-0.87268,-0.43304
-1.5421,-0.1512,0.93215,0.99969,0.17061,-0.70977,-0.49889,-0.16018,0.0050996,-1.5331,-1.1769,0.14655
-1.2727,0.12,1.2953,1.1456,1.0315,-0.071371,-0.20967,-0.35836,-0.89507,-2.1712,-1.5554,-0.093339
-1.5984,-0.83715,0.37303,0.82525,0.90243,0.9214,-0.024535,-0.0094315,-0.048275,-1.8655,-0.97109,-0.16565
-0.85652,-0.70821,0.10327,1.186,-0.22065,0.17384,-0.47254,-0.21846,0.09666,-0.68309,-1.1125,0.24757
-0.025184,-0.20538,0.16146,1.0105,0.49772,-0.21594,-0.91551,-0.91213,-0.31334,-1.1419,-0.29337,-0.41754
0.51758,-0.96423,0.44243,0.77573,0.3749,0.17813,0.1252,-0.85902,-0.3171,-1.2676,-0.70759,-0.24911
0.39236,-0.28079,0.47181,0.30718,0.71332,0.68401,0.37847,-1.2008,-0.74479,-1.7662,-0.94028,0.067378
1.3361,-1.2322,0.0069534,1.0763,0.67785,-0.021076,-0.62604,-1.1013,-1.2201,-1.7784,-1.1498,-0.51888
1.8129,-0.50536,0.27706,0.40928,0.087972,-0.1341,0.083171,-0.61013,-0.99453,-0.81195,-0.62256,-0.27252
1.4678,-0.14527,0.34273,0.44891,0.70639,0.29655,0.53446,-0.68677,-0.15002,-0.64088,-0.57836,0.23264
1.5135,0.026921,1.439,0.51344,0.45862,0.3521,-0.15635,-0.749,-0.22742,-0.46581,-0.50751,-0.086961
1.0685,-0.15113,0.99169,0.76157,0.76379,-0.20134,0.10609,-0.89023,0.68314,-0.082719,0.067991,0.069742
0.82907,-0.11686,2.4751,-0.23185,0.13991,-0.0096919,0.063836,-1.0695,-0.45545,-0.10932,-0.009699,-0.25703
0.57168,-0.77367,1.9722,0.08377,0.16338,0.0069878,1.2216,-0.38512,-0.3624,-0.031038,0.13942,-0.14688
-0.44173,-0.7362,1.8334,-0.46492,-0.19646,0.060176,0.94662,0.013968,0.7125,0.54426,0.30199,-0.065682
0.7443,-0.2473,2.4621,-0.20243,-0.13894,-0.14313,0.92396,-0.58016,-0.69522,-0.66972,-0.77899,-0.20292
1.0894,-0.2401,1.8982,-0.70614,-0.80123,-1.0499,0.083475,-0.19074,-0.13838,-0.7159,-0.09021,-0.61334
1.3515,0.21546,1.7549,-0.40434,0.054683,-0.15837,0.36219,-0.034798,-0.43228,-1.1735,-0.83864,-0.49841
0.77266,1.1715,2.1991,-0.92678,-0.14906,0.52906,1.0072,0.36911,0.4129,-1.4056,-0.26303,-0.64162
1.9267,1.1959,2.8806,-0.75684,0.052935,0.17373,0.28239,-0.6067,-0.40785,-1.0577,-0.032788,-1.0535
2.1992,0.18471,2.2295,-0.095198,0.16552,0.9304,-0.024812,-1.0945,0.36666,-0.40839,0.7022,-1.0282
3.5192,1.5758,2.2454,-0.54596,0.61557,0.81624,-0.49162,-0.75883,-0.28675,-1.0675,0.1846,-0.66454
4.1399,1.3298,2.8106,0.28441,0.04604,0.95555,0.91459,-0.14237,-0.1091,-0.91412,0.33449,-1.2665
3.7462,1.3666,2.8349,0.37272,0.3305,1.0943,1.5208,0.36993,-1.158,-0.95685,-0.19338,-1.0695
3.5162,1.6678,2.7812,0.11847,-0.47,0.49042,0.39003,-0.73521,-0.7802,-0.55383,0.48956,-0.41904
3.8067,1.9139,3.608,0.37335,0.47155,1.124,0.26339,-0.59256,-0.9531,-0.6011,0.41161,-1.5317
3.6476,1.3411,3.9351,0.9498,0.31796,0.52654,0.25307,0.34453,-0.77275,-0.67265,0.25967,-0.87102
2.4427,1.9328,4.1219,0.71303,0.30025,1.1799,0.12487,0.38322,-0.11017,-1.1348,0.35475,-0.67805
2.9916,2.4193,4.1684,1.0408,0.16112,0.079851,-0.44039,-0.59517,-0.6146,-0.72549,0.51213,-0.67723
3.2291,2.0573,4.0444,0.24961,0.052269,0.42968,0.0011889,0.13946,-0.1759,-1.0618,-0.024914,-0.65233
3.0315,1.9715,3.9854,0.13634,-0.24431,0.22102,0.27748,0.096508,-0.49537,-1.1771,0.14416,-0.75394
3.197,1.8054,2.5839,0.038828,0.28188,0.42901,0.08541,0.53866,-0.69039,-1.5196,-0.026399,-0.67797
3.4851,2.4281,3.2007,-0.45967,-0.09715,-0.24911,0.65532,0.63423,-0.45801,-1.2086,0.13395,-1.1657
2.1852,0.86269,2.1218,0.022833,-0.051145,-0.20386,0.092178,0.13714,-0.99208,-0.96204,0.25721,-0.90711
2.2086,1.008,2.2651,0.72583,-0.22496,0.23597,0.34868,0.62164,0.070879,-0.92877,0.64636,-0.1801
-0.4629,-1.2931,2.8672,-0.68853,0.50684,0.81902,0.044049,-0.5734,0.32291,-0.72176,-1.007,-0.37639
1.5013,-0.15128,2.3648,-0.67061,0.16122,-0.29632,-0.32178,-0.65321,0.43003,-0.89495,-1.3908,-0.8425
3.8563,0.34024,3.5058,-0.32982,-0.41933,-0.99154,-0.99208,-0.82741,0.36427,-0.7723,-1.6462,-1.0688
3.9823,-0.79798,4.1935,-0.33993,0.14042,-0.42366,-1.935,-0.46315,0.27774,-0.87707,-1.6652,-1.3361
4.4818,-1.0646,4.0562,0.0049639,0.046526,-0.51866,-2.6522,-0.51669,0.52559,-0.39826,-1.0767,-1.796
4.7345,-0.94394,4.0182,0.56837,-0.54425,-0.87545,-2.8796,-0.66392,0.50662,-0.34139,-0.6481,-1.569
4.7837,-0.88781,3.9143,0.28435,-0.36188,-0.92063,-3.0604,-0.68803,0.34157,-0.12097,-0.95087,-1.758
5.178,-1.3725,3.5711,0.16326,-0.067962,-0.22887,-3.083,-0.86985,0.20918,-0.55758,-0.90669,-2.0388
5.4663,-1.4905,3.0419,0.41561,-0.082149,-0.02413,-2.3501,-1.0126,0.39203,-0.75403,-0.57161,-2.0928
5.7303,-1.4099,2.3845,0.51386,-0.16676,-0.28648,-2.4368,-0.92467,0.26563,-0.29082,-0.4842,-1.65
6.6296,-1.3153,2.3046,0.56636,-0.53096,-0.53052,-2.4405,-0.94892,0.11568,-0.2192,-0.66216,-1.676
5.6445,-0.90007,2.4103,1.2952,-0.45113,-0.71008,-2.2583,-1.1267,-0.10747,-0.32444,-0.62897,-1.4902
6.8001,-1.8432,2.7112,0.88114,-0.1502,-0.75354,-2.2005,-1.3297,0.38809,-0.50822,-0.50305,-1.7079
6.6391,-1.1113,1.9206,1.5288,-0.30652,-1.101,-1.9844,-1.0172,0.41305,-0.20114,-0.43194,-1.9301
6.9437,-0.77523,0.96332,1.243,-0.71904,-1.0558,-1.8381,-1.3579,0.69239,-0.21109,-0.11222,-1.1368
6.0607,0.60905,0.97297,1.1215,-0.71528,-1.2225,-1.918,-1.4776,0.098558,0.44996,-0.50705,-0.8893
7.097,0.59895,0.74807,1.2003,-0.23225,-1.2637,-1.7763,-1.3627,0.11751,-0.35189,-0.61887,-0.46956
6.0257,1.4604,0.11229,0.10166,-0.35877,-0.79827,-0.65146,-0.71997,0.010748,0.38319,-0.27839,-0.38698
5.9211,1.2884,-0.69006,-0.28629,-0.27621,-0.75992,-1.1293,-0.84057,-0.029111,0.13508,0.14617,0.031415
6.9894,0.19103,-1.0432,0.63649,0.14039,-1.8802,-1.6526,-1.4822,-0.18033,0.297,-1.1397,-1.1249
6.4822,0.34355,-0.96507,0.39733,-0.86366,-2.1803,-2.0536,-2.3489,-0.20072,0.23532,-0.71967,-0.47372
5.6594,0.85641,-1.1545,-0.5354,-0.97436,-1.8537,-1.4861,-1.2714,-0.44734,-0.56988,-0.53775,-0.52512
4.9722,0.77248,-0.047723,0.45942,0.089764,-1.5665,-1.5519,-1.3855,0.089198,-0.13165,-0.79642,-0.84192
4.5091,0.49689,-0.28286,0.090702,-0.17754,-0.97172,-0.66037,-1.6818,-0.68461,0.189,-0.86506,-0.72638
4.7237,1.1803,0.2566,0.38598,-0.5004,-1.3032,-1.6855,-2.0457,-0.4931,0.46266,-0.63301,-0.89911
4.6719,1.5548,0.41623,0.054369,-1.0249,-2.0732,-1.3829,-0.59408,0.34187,-0.089139,-0.91179,-0.82207
4.004,1.5556,-0.22061,-0.50995,-1.1554,-1.8455,-1.8571,-0.87667,0.85825,0.23337,-1.0947,-1.6016
4.2483,1.6765,0.022247,-0.95926,-1.1379,-2.2732,-1.5744,-1.2267,0.90994,0.11749,-1.2415,-1.5034
3.5706,0.787,-0.45855,-0.60707,-1.6325,-1.6105,-1.249,-0.4418,0.29803,0.27714,-1.1831,-1.2415
3.7265,1.3275,0.75737,-0.42545,-1.5649,-1.608,-1.5903,-0.81923,0.51805,0.2774,-1.3479,-1.5151
2.8808,1.2006,0.91353,0.12503,-1.1383,-1.8188,-1.5188,-0.76878,0.41926,-0.016021,-0.77409,-1.2021
2.2783,0.8152,-0.34357,0.43162,-0.80287,-0.25889,-1.514,-0.91885,0.74436,-0.0544,-1.8297,-1.0801
2.1404,0.83534,-0.48656,0.87444,-1.5587,-1.1941,-1.5881,-1.0909,0.4733,-0.39836,-1.6674,-0.78854
2.2648,0.80425,-0.089897,0.65337,-0.61179,-0.96289,-1.1939,-0.6935,0.16644,-0.20836,-1.5726,-0.92051
1.4545,0.038747,0.59737,0.86447,-0.83056,-1.2097,-1.9147,-1.4258,0.6928,0.60813,-1.0813,-1.0505
1.5841,-0.82151,-0.36774,1.6241,-0.29696,-0.23741,-2.0816,-1.214,0.6342,0.076145,-1.5764,-0.78972
0.46577,-1.5228,-0.52817,0.48252,-0.58407,0.62054,-1.3452,-0.46446,0.027899,-0.87323,-1.9088,-1.3515
2.4129,-0.96545,-1.7706,0.56791,-0.49676,1.3754,-0.78046,-0.35792,-0.33046,-1.2288,-2.0938,-0.36173
2.02,-1.0479,-1.5411,0.59377,-0.32071,1.693,-0.83965,0.62276,0.17681,-1.5708,-1.9962,-0.060827
1.6338,-1.1723,-1.8505,0.57713,0.66276,1.725,0.62952,0.7188,0.33946,-1.0268,-1.3973,0.25316
1.6202,-1.4703,-2.614,0.39464,0.71224,0.94103,0.12791,-0.33785,-0.53604,-1.6599,-1.5014,0.028398
1.7493,-2.6768,-3.4605,-0.43571,0.3628,0.41214,-0.097484,0.16035,0.71339,-1.7906,-1.9505,0.3194
1.9102,-1.7737,-2.2964,0.54338,-0.19962,-0.11023,-0.61424,0.099764,0.65612,-1.9575,-1.9483,-0.11116
1.9938,-2.0415,-2.4075,0.25866,0.25361,0.011125,-0.76643,0.53588,0.66372,-1.2905,-1.2851,0.34038
2.7183,-2.6788,-2.0901,-0.3145,0.78308,1.3401,0.3171,0.77985,0.54128,-2.3113,-1.7376,-0.3705
2.4559,-2.1084,-2.1643,0.36445,0.80781,0.07443,0.058569,1.1348,0.46225,-2.0236,-2.0008,0.18495
1.9503,-1.9274,-2.0429,-0.3872,0.26074,0.22543,-0.23141,0.82613,0.34592,-1.7713,-2.2665,-0.86901
1.5402,-2.9862,-2.2198,0.91379,1.1935,-0.47137,-0.51856,1.015,0.44923,-1.9936,-1.5682,0.044231
2.3829,-2.3242,-2.7054,-0.49684,0.66207,0.61926,0.6142,1.3443,0.61346,-1.5982,-1.8977,-0.25316
1.4764,-2.1901,-2.6053,-0.75894,1.1751,0.33737,0.27921,1.421,0.0016152,-2.3694,-1.6575,0.027056
0.51575,-0.95791,-2.1836,-0.61793,0.8239,-1.0093,0.97586,1.602,0.3488,-1.8515,-1.6484,-0.8995
-0.48457,0.26615,-1.6349,-0.32777,0.97473,-0.0059925,1.525,0.28415,-0.4942,-2.3921,-1.1759,-0.96187
-1.7646,0.56444,-1.0367,-1.06,1.418,0.12415,0.15269,-0.34012,0.63753,-1.6355,-0.22047,-1.378
-2.7079,1.28,-1.0074,-1.049,1.3328,-0.69012,0.56878,-0.59085,0.50636,-1.5161,-0.42509,-1.5395
-2.8474,1.7719,-1.6206,0.27092,1.5715,-1.5711,0.38499,-0.72192,0.55747,-1.6983,0.016418,-0.99629
-2.6217,2.8643,-0.89349,0.79657,1.4995,-2.2139,-0.25472,-1.4571,-0.068914,-1.1767,0.52854,-0.89113
-3.3823,3.4584,-1.3057,-0.34299,1.0208,-1.9146,0.27948,-1.1032,0.22715,-1.4222,0.75759,-1.2976
-3.706,3.3321,-0.30746,0.92815,0.72732,-2.0157,0.66657,-1.4257,0.13609,-1.3424,-0.13841,-1.2217
-4.4889,3.3549,0.060067,0.41251,0.32457,-2.2779,0.83063,-0.46656,0.39375,-1.4501,0.098833,-1.3108
-4.972,2.6001,-0.97679,-0.002037,-0.14917,-2.6295,0.3337,-0.4772,1.1629,-1.1085,0.67731,-0.28284
-4.3366,2.8391,-1.1584,0.16949,-0.12344,-2.3974,0.26682,-0.76325,1.0905,-0.74814,0.74754,-0.73141
-4.7723,3.1969,-1.191,-0.71023,-0.3348,-2.6,-0.017973,-0.58928,2.1212,-0.73386,0.7244,-0.21414
-4.635,3.0846,-1.5025,-0.33102,-0.98223,-2.6279,0.52153,0.070074,2.0702,-0.50325,0.1002,-0.68435
-4.3694,3.612,-1.7409,0.032598,-0.7197,-2.2196,0.37636,-0.23718,2.0388,-0.59158,0.42871,-0.87911
-4.3578,3.1204,-2.7499,-0.12132,-0.15789,-1.8406,-0.010805,-0.038601,1.0685,-0.40233,0.45018,-1.2457
-4.5474,3.3436,-2.2605,-0.54524,0.020194,-1.5225,0.22081,-0.48854,0.7219,-0.69697,0.34295,-1.2899
-5.3322,2.4242,-2.7032,-0.61534,0.31459,-1.8318,0.28266,-1.1265,0.40699,-0.23477,-0.029071,-1.355
-5.4719,2.9106,-2.8808,-0.34426,1.2195,-1.4495,0.49899,-0.40962,0.83374,-0.71173,0.64892,-1.2745
-5.2314,3.4749,-2.1295,0.81942,1.4545,-2.0416,0.17896,-0.61202,0.78803,-0.58319,-0.36857,-0.87121
-5.6621,3.0991,-2.8061,0.45331,1.3747,-1.5112,-0.040433,0.14988,0.56147,-0.56061,-0.0043703,-1.4197
-6.7858,3.0521,-1.9393,0.2871,1.0429,-1.0183,0.86698,-0.39227,0.071056,-0.88697,-0.70684,-1.8289
-6.0622,3.2222,-3.224,0.0030244,0.53279,-0.99411,0.70342,0.085035,0.43511,-1.4628,-0.97403,-1.5583
-4.8454,4.1361,-3.5967,-0.06556,1.0235,-1.1032,0.13742,0.24984,0.63725,-0.79901,-0.058579,-1.3958
-5.2462,4.5941,-2.9572,-0.35577,0.77657,-1.0574,0.27194,-0.014203,0.75538,-1.1189,-0.36208,-1.3508
-5.1812,5.3008,-2.9953,-0.10401,0.1643,-1.4214,-0.12955,-0.55063,0.35551,-0.90258,-0.12844,-0.93174
-6.3702,4.9134,-3.5675,-0.83411,0.066241,-1.5839,-0.18734,0.32708,0.994,-0.44439,0.29099,-1.3188
-6.1211,4.7734,-3.5533,-0.25377,0.61094,-0.76177,0.24303,0.19786,0.62222,-0.35918,-0.070431,-1.7067
-6.5157,4.806,-3.5324,-0.36989,0.64616,-0.57726,0.87209,0.58702,0.89316,-0.38133,-0.2528,-1.3867
-7.0149,4.7073,-3.3777,0.08543,0.62236,-0.82153,0.35077,-0.19047,0.46171,-0.44169,-0.3271,-1.1922
-5.6453,3.9689,-2.6626,-0.15391,0.48856,-0.65965,0.19046,-0.28531,0.75589,0.22141,-0.29704,-1.3789
-7.1539,3.5739,-1.9492,0.21461,-0.24403,-1.4372,-0.045556,-0.06007,0.21098,-0.26397,0.44967,-1.6142
-6.6401,4.2205,-1.5936,-1.0048,0.48353,-1.5609,0.63957,-0.047029,0.40288,-1.3854,-0.42855,-1.9224
-6.1212,2.8357,-1.8605,-1.2566,-0.65024,-1.5819,0.41803,0.76232,0.71971,-0.5992,-0.38345,-0.83188
-5.6528,2.3053,-0.59185,0.40973,0.57591,-1.85,0.32396,0.83911,0.87733,-1.0973,0.58525,0.15131
-0.87683,0.6432,-0.27428,0.70636,-0.89182,-1.4151,-0.24135,-0.43151,0.5634,-1.2358,-0.79587,-0.1203
0.53023,0.21505,1.0464,0.84681,-0.52844,-1.8404,-0.81035,0.067755,0.28127,-1.0858,-1.0461,-0.14618
2.1741,-0.19607,1.348,1.1041,-0.83006,-1.5751,-0.63919,0.42159,0.49279,-1.1501,-1.0323,-0.09236
2.6679,-1.5913,1.9527,0.014257,-1.2899,-1.0066,-0.61251,0.76459,0.38405,-1.205,-0.45175,-0.78819
2.633,-2.513,1.5986,-0.50497,-1.4119,-1.1804,-0.49451,0.87287,0.42772,-0.83547,-0.52075,-0.90623
3.0379,-2.4391,1.3313,0.075158,-1.4345,-0.94116,-0.43488,0.90371,0.30039,-0.85874,-0.356,-0.81711
2.9665,-1.6496,1.713,0.37014,-1.6283,-0.98745,-0.73014,1.4813,0.48763,-0.76308,-0.52683,-0.74048
3.0325,-1.6821,1.8666,-0.16337,-1.4404,-1.1396,-1.0271,1.2691,0.059974,-0.8657,-0.71232,-0.76831
3.3202,-1.991,1.6947,-0.0039385,-1.1994,-0.87801,-1.1136,0.89577,-0.096931,-1.0036,-0.69896,-1.1159
2.4511,-1.4331,1.4585,0.46595,-0.87281,-1.1075,-1.0668,0.31674,0.10271,-0.60078,-0.55528,-0.75282
2.8142,0.32405,1.683,0.041893,-0.89587,-1.7409,-0.50564,0.87638,0.86576,-0.71815,-0.40664,-0.47473
2.4695,1.987,1.0382,0.18226,-0.29029,-1.1899,-0.23444,-0.044903,0.90929,-1.0884,0.2207,-0.61882
1.1482,2.3108,0.88915,0.1889,-0.90576,-1.2939,-0.71558,-0.038316,1.1989,-0.5711,-0.3759,-1.183
1.4911,1.9187,0.72241,0.17,-0.4943,-1.5958,-0.7662,-0.080394,1.2437,-0.82329,0.12447,-0.48594
1.4485,2.223,0.49538,-0.39287,-1.7594,-1.7228,0.018485,-0.37749,0.98549,-1.0187,0.78823,-0.031941
0.8015,3.1978,0.8003,0.030507,-1.4184,-1.749,-0.60627,0.53755,1.7254,-1.2056,1.128,-0.50228
0.44312,3.3452,-0.072157,0.50242,-1.029,-1.2902,-0.38173,-0.30006,1.4813,-0.80964,0.97804,-1.6073
-0.47384,3.145,-1.148,0.2193,-1.5931,-2.3293,0.064054,0.52045,2.1076,-1.047,1.006,-1.0078
0.96318,3.4397,-0.4291,0.40345,-1.7912,-2.9815,-0.7329,0.26961,1.3906,-1.0606,-0.06504,-0.84115
-0.59872,2.7388,-1.0865,0.18308,-1.8498,-2.9001,-1.1639,-0.96152,1.2079,-1.3078,0.46737,-1.4908
0.24226,2.7635,-1.2982,0.78108,-1.7981,-2.3668,-0.81039,-1.1669,1.509,-1.2248,-0.34654,-1.557
1.237,3.0736,-1.2042,0.78479,-1.4262,-1.6845,-0.65573,-0.11737,1.6262,-1.7668,-0.083771,-1.1084
0.30365,1.9623,-0.68905,0.094789,-1.6168,-1.3852,-1.2291,-0.57929,0.87819,-1.3962,0.54811,-1.4385
0.63438,1.7505,-0.92799,0.12841,-1.1735,-2.0197,-0.98604,-0.49299,0.98132,-1.0538,0.1528,-0.59947
1.2722,2.4553,-0.66377,-0.17418,-0.42224,-1.177,-0.57654,-0.16352,0.72031,-0.98475,0.52461,-0.79681
0.98124,1.7385,-1.2776,-0.31776,-0.59024,-1.5177,-0.76553,-0.5028,1.0803,-0.63664,0.90553,-0.51631
2.0333,1.3014,-0.27049,0.32015,-0.010151,-0.074402,-0.3008,-0.32486,0.55525,-1.2676,0.023791,-0.57517
1.7273,1.8149,-0.22669,-0.079116,-1.6301,-0.25866,-0.050617,0.11543,1.0178,-1.0174,0.28998,-0.15979
2.8176,1.336,-0.88976,-0.10725,0.03225,-0.043777,-0.99542,-0.50448,0.12576,-1.4035,-0.39929,-1.1071
2.9932,0.93288,-1.8095,-0.65969,0.4172,0.3903,-0.15397,-1.262,0.19531,-1.5175,-0.49999,-1.045
1.8842,0.10862,-2.6196,-0.2857,0.60698,0.49985,0.73002,-1.0856,-0.37705,-1.5507,-1.0695,-1.492
-1.3634,1.6735,-2.6251,-1.1289,-0.10612,0.063086,1.1258,-1.2833,0.15275,-1.9033,-0.24196,-1.001
-3.5651,4.0316,-3.7364,-0.44663,1.4059,0.82749,1.7517,-0.73853,0.013616,-1.9506,0.18185,-1.7297
-3.5663,3.0214,-3.8618,0.18233,2.3859,1.2363,1.5271,-0.3074,0.22664,-1.7052,-0.1482,-2.3745
-2.9777,4.339,-4.0001,-1.108,1.7437,0.6937,0.44768,-0.7367,1.0314,-0.40324,0.2982,-1.7965
-3.4615,3.7779,-3.3465,-0.86393,2.6851,0.36717,0.40954,-0.28354,0.50078,-1.1437,-0.50455,-2.0073
-3.4546,2.8614,-3.3657,-0.79738,1.6985,-0.094851,0.24444,-0.37667,1.0482,-1.0573,-0.67911,-1.6489
-2.9411,2.668,-2.855,-1.4039,2.3569,-0.40175,0.30162,-0.53744,1.1276,-1.3266,-1.5851,-1.9424
-1.9925,0.49574,-2.5738,-0.84018,1.2495,-0.80498,0.28147,-0.85121,1.0202,0.067975,-1.1838,-1.8728
-0.17335,0.59975,-3.1093,-0.95618,2.0488,-0.46454,0.35141,-0.8055,1.4957,-0.63981,-1.6476,-1.7539
1.1498,0.69281,-2.5017,-0.59169,1.6702,0.5413,0.444,-0.40718,2.1661,-0.35103,-1.2756,-2.0348
2.7318,1.2928,-1.7851,-0.13432,0.54747,0.57658,-0.6204,-1.0926,1.7136,-0.29386,-1.5492,-2.4097
3.3961,0.53078,-2.1175,0.1935,0.15512,0.37056,-0.37628,-1.1665,1.5962,-0.40905,-1.6439,-2.0611
3.8961,0.4239,-2.6959,-0.53944,0.17178,0.73907,0.14932,-2.0742,2.377,-0.36045,-1.6701,-1.8272
4.9409,0.43672,-2.5359,-0.75106,-0.010248,0.92468,-0.17724,-1.6133,1.2514,-0.24577,-0.98073,-1.9876
3.7415,-0.30101,-2.4074,-1.0675,-0.33846,0.83933,0.36129,-1.8139,1.3186,-0.51676,-0.64133,-1.406
4.2026,-0.38351,-2.7486,-1.0006,-0.52894,0.69336,0.14659,-2.0371,1.1774,-0.47788,-0.93651,-1.9075
4.1429,-0.70383,-3.322,-1.1125,-0.14384,0.88509,0.22396,-1.7496,1.3988,-0.63831,-1.3008,-2.1214
5.1922,-0.30389,-3.1645,-1.0499,-0.12491,1.0692,-0.47406,-1.7061,1.4106,-0.72275,-1.148,-2.4261
5.2884,0.037847,-3.0167,-1.0061,1.0197,1.0267,0.067401,-1.439,1.0558,-0.10148,-1.371,-2.409
5.6256,0.088856,-2.8557,-0.75409,1.0933,0.25121,-1.1351,-1.9037,1.3479,-0.45193,-1.4688,-2.4106
5.3702,0.3486,-2.5356,-1.2241,0.44205,0.49134,-1.0328,-1.9855,0.88814,-0.52706,-0.57428,-2.1737
5.5995,0.3145,-2.1333,-0.68019,-0.3501,1.2258,-0.91885,-2.1535,0.34564,-0.35759,-1.0639,-2.189
5.6946,1.7595,-1.9951,-0.54305,-0.25146,0.14224,-2.0007,-2.464,0.96481,-0.53285,-0.26794,-2.0224
4.7355,1.3274,-2.3687,-0.3387,-0.20874,-1.008,-2.0699,-2.0943,2.2442,0.11232,0.20652,-1.4636
4.7142,1.283,-2.6746,-0.13912,0.22319,-0.30202,-1.837,-1.9137,1.6409,-0.74393,0.023418,-2.1643
4.2018,2.6123,-2.0787,-0.38552,-0.15667,-0.48195,-1.1241,-2.4814,0.74313,-0.57259,0.95752,-1.354
5.1767,3.06,-1.8881,-0.57245,-0.70229,-1.5445,-0.57985,-2.1304,1.0265,-0.83495,0.096443,-1.5026
4.5397,2.3574,-2.2412,-1.0028,-1.3848,-1.2396,-0.50784,-1.3213,1.3919,-0.49389,-0.085482,-1.6279
5.1164,1.3265,-3.1239,-1.5564,-0.8848,-0.71123,-1.0721,-1.7706,0.89339,-0.44174,-0.69794,-1.8859
5.3658,1.8709,-2.3807,-1.1903,-1.0259,-0.86379,-0.87126,-1.7465,0.60754,-0.54209,-0.96325,-1.7218
5.1433,2.7111,-1.9849,-1.5011,-1.4381,-0.46316,0.036267,-1.1005,0.7844,-1.1528,-0.91649,-1.7313
4.7346,2.3854,-1.9039,-0.83598,-0.33667,-0.70578,-1.3089,-0.92085,0.97728,-0.74852,-1.1513,-1.8848
4.227,2.4915,-1.9637,-0.78257,-0.64776,-0.93035,-0.73348,-1.1682,0.90689,0.20345,-0.46349,-1.6609
4.264,1.8464,-1.91,-1.2094,-0.42413,-1.396,-1.5172,-1.3174,0.50072,-0.48779,-1.2454,-2.2873
4.0089,2.3624,-1.4548,-1.1046,-0.56668,-1.2642,-1.0677,-0.93346,0.99987,-0.28039,-1.163,-1.5812
2.8199,0.35513,-1.0878,-0.96777,0.63047,-1.47,-2.6395,-1.4596,0.80834,-0.26254,-0.59708,-1.4796
3.8764,0.10083,-1.2151,-1.4555,1.392,-0.76719,-1.8812,-0.54304,0.08426,-1.1674,-0.85777,-2.0493
4.9943,-0.8488,-1.41,-1.6824,1.3193,-0.84591,-1.7746,-0.45468,0.017173,-1.3256,0.0066663,-2.2192
4.8874,-0.37369,-1.0518,-1.2071,1.5824,-0.59917,-1.3592,-0.63569,0.40738,-0.81435,0.086544,-2.4238
5.1071,-0.11051,-0.59379,-0.81829,1.2965,-0.13755,-1.2769,-0.66964,0.46862,-0.35246,-0.5859,-2.2452
5.2014,-0.54439,-1.3381,-0.34295,1.3479,-0.27463,-1.1263,-0.58851,0.32614,-0.77376,-0.51397,-1.6594
4.7187,-0.91003,-0.22325,-0.61026,1.1563,-0.10941,-0.3972,-0.67842,0.27099,-1.0073,-0.027171,-1.3957
4.3431,-0.252,-0.95573,0.073676,0.9731,0.12815,-0.33515,-0.84634,0.5285,-1.0988,-0.20152,-0.96913
4.4979,-0.29334,-0.56036,-0.53286,1.4516,-0.37853,0.079327,-1.3056,0.86636,-0.97442,-0.060267,-1.4012
4.0834,0.43039,-0.083034,-0.79815,1.1889,-0.41526,-0.017513,-1.3466,0.77375,-0.82015,0.059819,-1.1555
3.6217,-0.37377,-0.063493,-0.18453,1.6169,-0.63457,0.55366,-1.0137,0.45077,-1.2603,0.19129,-1.5441
3.3425,0.54501,-0.66854,-0.20259,1.4721,-0.079005,0.60779,-1.3174,0.34779,-1.2115,0.34012,-1.3147
2.9964,1.5485,0.51121,0.91184,0.89102,-0.99471,-0.39124,-1.3049,0.61943,-0.78356,0.018197,-1.48
2.3255,2.0979,1.6403,1.0149,1.5363,-0.88039,-0.68717,-1.1098,0.38937,-0.63546,-0.53897,-1.3364
2.3054,1.5114,0.51307,0.56088,1.9375,-0.54486,-0.84419,-1.3166,0.69844,-0.15978,0.024508,-0.88124
1.4427,1.9401,0.58435,0.73012,1.281,-0.95816,0.0016506,-1.2328,0.78187,-0.45527,-0.051785,-1.3965
1.5537,1.4396,0.049971,0.55625,0.91983,-0.99761,0.38248,-1.773,0.34431,-0.97961,0.0029885,-0.80381
0.92093,1.7153,0.14723,1.6224,1.5441,-1.2601,-0.4529,-1.5059,0.82109,-1.0325,-0.080541,-0.58692
0.93679,1.5682,-0.094693,1.1433,2.1824,-1.2521,-0.17506,-1.1876,1.0292,-0.43143,-0.34154,-1.0461
0.76913,1.8617,0.49085,1.1093,0.74174,-1.0188,-0.34203,-1.8641,1.4875,-0.040388,0.25859,-1.1832
1.9431,1.6415,-0.66982,0.65025,0.35272,-1.2342,-0.2354,-1.8291,0.86016,0.23111,0.18158,-1.0282
1.4299,2.9493,-0.41287,0.21508,0.77908,-1.4427,-0.98645,-1.5425,2.3076,1.1794,0.894,-1.0704
2.5481,3.0347,-0.6925,0.29334,0.68756,-1.1466,-0.66402,-1.2459,1.7117,0.45785,0.76157,-0.82484
1.8903,2.5579,-1.4484,-0.33749,0.14925,-1.6832,-0.066668,-1.631,1.3275,0.60903,0.7098,-0.83514
1.5953,3.2214,-1.3542,-0.80781,0.093614,-0.89592,-0.39758,-1.6986,0.49738,0.30644,0.040691,-1.6477
1.8832,3.0791,-1.3804,0.28269,0.41532,-1.5121,-0.38442,-0.60411,0.86925,-0.48275,-0.42461,-1.7327
1.45,1.767,-1.8434,0.12362,0.44966,-1.1674,-0.30021,-1.7722,0.34616,0.14005,0.64914,-1.8123
2.6219,2.6921,-1.096,0.16557,1.1539,-1.5104,-0.96317,-1.91,0.35643,-0.048791,0.59808,-1.4481
3.6981,1.7986,-1.6062,-0.45081,0.53767,-0.93564,-0.82337,-1.2949,0.30692,0.37378,0.33942,-1.8772
2.7472,1.9195,-1.3507,0.37445,0.92601,-0.85892,-0.16267,-1.6159,1.0747,0.29573,0.14066,-1.5023
3.3684,1.6907,-2.3056,-0.89701,1.3111,-1.0285,-0.48507,-1.651,0.51441,-0.34628,0.57216,-0.7553
2.2346,1.6862,-1.7757,-0.61759,0.72655,-0.12391,0.33899,-1.6552,0.040028,-0.75805,0.061521,-1.4676
2.7939,1.7436,-1.2276,-0.50896,-0.021151,-1.1138,0.2582,-1.5431,0.42189,0.032482,0.44145,-1.212
2.6975,1.3163,-1.0369,0.17259,0.52188,-0.60607,0.77391,-1.5597,0.021291,0.51318,0.022028,-1.3414
2.727,1.5951,0.15054,0.2701,0.20828,-1.0744,0.75106,-0.41834,0.21261,-0.017417,0.096884,-0.85216
2.6592,0.75187,0.13584,1.1026,1.4078,-0.41676,-0.052268,-0.97051,-0.21789,-0.13059,-0.23685,-1.5525
3.0955,1.8807,0.53336,0.82822,0.1547,-0.78233,0.68116,-0.40002,0.15497,-0.44401,-0.12496,-0.99693
3.246,2.369,0.75006,1.1482,1.0695,-0.29744,0.51926,-1.0314,0.0068827,0.39697,-0.045804,-1.4742
3.2451,2.8939,0.19661,0.15248,1.0334,-0.22408,0.21936,-0.63069,0.30096,-0.045104,-0.5808,-1.3265
2.8771,2.1291,0.66196,0.39789,0.5694,-0.76658,-0.16555,-0.67465,0.098527,-0.1523,-0.5798,-1.6595
2.9027,1.8174,0.20799,0.044514,0.18958,-0.95578,-0.65137,-1.3832,0.029354,-0.44402,-0.87117,-1.6119
3.652,2.3765,-0.1287,-0.57602,0.14396,-1.5004,-0.3749,-1.8537,-0.63981,-0.81858,-0.94504,-1.4325
3.2905,2.579,0.26882,-0.58175,-0.49458,-1.6271,-0.26476,-0.88082,-0.043525,-0.22806,-0.39133,-1.0049
3.7496,3.0489,0.31237,-0.43665,-0.35714,-1.6412,0.017294,-0.79058,0.37616,-0.085811,0.018081,-1.3068
3.5617,3.4712,0.10138,-0.57115,-0.29559,-1.4125,-0.30111,-0.82278,0.51678,-0.48633,-0.19036,-1.7558
3.0731,2.5066,-0.26573,-0.63761,-0.65678,-1.4979,0.076145,-1.1861,0.1044,-0.42244,-0.37834,-0.98197
3.486,2.2574,-0.17053,-0.47998,-1.511,-1.5492,0.65865,-0.44223,0.69277,-0.2841,-0.86579,-1.3056
3.8921,2.7261,-1.1624,-0.86446,-1.0099,-1.961,1.1959,-0.28709,0.91879,-0.16331,-0.52541,-1.1129
3.3192,1.9499,-1.0663,-0.91163,-0.98261,-2.3184,0.82181,0.12985,1.3825,0.037357,-0.27415,-1.1828
2.4691,1.3598,-0.92647,-0.20511,-0.33765,-1.7424,0.64485,-0.49678,1.0684,0.068534,-0.5575,-1.0295
1.7221,0.26914,-2.2651,-1.2097,-1.2483,-1.646,1.0332,-0.65984,1.8854,0.16285,-0.22256,-1.3068
2.7487,1.8515,-1.2753,-0.07862,-0.038411,-1.3632,0.61221,-0.28015,1.4743,0.090738,-0.26088,-1.4354
2.7062,2.2298,0.3251,0.3047,-0.073599,-1.4118,0.81788,0.13417,0.38471,-0.53249,-0.3207,-1.2042
2.8479,2.1975,0.1885,-0.03474,-0.14382,-1.8023,0.60855,0.0078689,0.95536,0.55527,-0.14485,-0.91954
4.1317,2.6947,-0.34777,-0.22212,-1.1853,-2.2327,0.837,-0.301,1.7455,0.032632,0.02208,-1.0534
4.3192,1.2594,-0.15432,0.23091,-1.2448,-2.4803,0.18406,0.077635,1.4058,-0.18341,-0.77923,-0.96132
3.6345,0.50087,1.5642,1.585,-1.3854,-2.3596,0.14754,-0.25274,1.7692,-0.38461,-1.6201,-1.8136
3.6194,0.30534,1.6055,1.8086,-1.4917,-1.5832,-0.42453,-0.28917,1.9217,-1.22,-2.0406,-1.2022
2.2961,6.2299e-05,1.5768,1.9428,-1.4348,-1.405,0.39581,-0.31558,1.7987,-1.4504,-2.2069,-1.2238
2.7105,1.297,0.51211,0.99599,-0.9004,-1.9935,-0.55143,-0.53299,1.9571,-1.6249,-1.7131,-1.2582
2.1757,0.75264,1.78,1.2566,-1.2017,-2.4346,-0.9145,-0.90503,1.3548,-1.0043,-1.5253,-1.2241
1.7526,0.53105,1.5997,1.1354,-1.0935,-2.3531,-0.78126,-1.4279,1.1369,-0.49383,-1.3682,-1.1906
1.6689,0.5501,1.8481,1.5619,-0.74866,-2.3265,-0.7135,-1.5826,0.38158,-0.60607,-1.0878,-1.0854
1.8191,0.27289,1.4681,1.3128,-1.0643,-1.9966,-0.74278,-2.1024,0.81599,-0.66145,-0.83377,-1.3354
2.1789,0.26188,1.6311,1.7811,-0.18445,-2.414,-0.48492,-1.7957,1.0319,-1.254,-1.6004,-1.4623
0.74175,-0.90754,1.4113,1.1981,-0.011098,-2.2578,-0.5368,-2.3698,0.28589,-1.3145,-1.1041,-1.3963
0.26795,-1.0822,1.0168,1.1495,-0.29567,-1.8889,-0.64308,-1.853,1.0825,0.29956,-0.41832,-0.55641
0.20936,-1.165,0.4806,0.63428,-0.099107,-1.8548,-0.082729,-2.5107,0.39121,0.30731,-0.27161,-0.8358
0.84667,-1.5143,0.97658,1.1189,0.65499,-1.6723,-0.62317,-2.6552,0.028154,-0.66098,-0.36052,-0.51029
0.23794,-1.3521,0.67169,1.2665,0.98846,-2.019,-1.4196,-1.7242,0.24019,-0.91617,-0.55115,-0.36214
1.5145,-1.6639,0.30602,1.9327,1.621,-1.4529,-0.32637,-1.5917,0.41009,-0.26351,-0.65352,-0.59558
1.2281,-1.5519,0.679,1.4431,1.0574,-2.2824,-0.27308,-2.0348,0.068538,-0.257,-0.39725,0.08687
1.1592,-1.9282,0.51291,2.4698,2.0806,-2.2355,-0.74511,-2.1957,0.49254,0.19134,-0.33232,-0.62038
1.249,-2.4025,-0.062067,1.2837,1.585,-1.9939,-0.34627,-2.0728,0.62793,0.49188,-0.51278,-0.052558
1.9811,-2.1994,-0.61971,1.0474,1.5062,-1.5332,0.0083261,-1.5555,0.53084,-0.026532,-0.15018,0.0065415
1.1164,-2.7219,-0.9245,1.0203,2.0775,-1.7158,0.084089,-2.1014,0.15185,-0.29139,-0.238,0.27643
1.0745,-2.1421,-0.34086,1.4838,2.0014,-1.3559,0.03884,-1.6202,0.29116,-0.56037,-0.34295,0.42973
0.75614,-2.7919,-0.49247,1.55,1.8492,-1.8202,-0.11297,-1.918,0.85735,-0.28828,-0.43409,-0.15851
0.74106,-2.1449,0.3532,2.0368,2.3338,-1.519,0.13422,-2.2566,-0.018471,-0.12382,-0.54733,0.65196
1.9066,-1.9884,-0.49764,1.8365,2.002,-1.4353,-0.19013,-2.916,-0.1652,-0.88044,-0.3314,0.86752
0.49827,-2.3945,-0.011767,1.1932,1.8135,-0.82245,-0.00278,-2.9716,-0.075323,-0.60769,-0.46643,1.1018
0.69417,-2.9975,-0.63352,1.325,2.0149,-1.5161,0.015455,-2.8751,0.34287,-0.42279,-0.74133,0.38312
0.93667,-2.5432,-0.20923,1.4902,2.1936,-1.4749,0.12967,-3.2299,-0.62303,-0.96132,-0.73379,0.88341
0.99079,-3.5543,-0.098081,2.0235,1.4287,-1.6257,-0.47293,-3.7118,-0.70549,-0.21656,-0.20928,0.98483
2.3249,-2.8606,-0.12626,1.1158,1.0195,-1.2119,-0.40761,-3.5493,-0.80408,-0.76528,-0.67121,0.74723
2.8341,-1.6806,-0.47684,1.9919,1.5498,-2.1728,-0.89333,-2.8918,-0.17955,-0.22905,-0.145,0.5734
2.4403,-1.5544,-0.6362,0.50122,0.16171,-0.87737,0.48436,-2.3336,-0.18385,-0.27425,-0.60787,-0.48337
2.4865,-2.7966,-0.23116,1.1473,0.1579,-1.2175,-0.27806,-3.2144,-0.43831,-0.84444,-0.64118,-0.2575
3.5805,-1.0077,-0.0066849,1.3334,0.38429,-1.3554,-1.0849,-2.9759,-0.26511,-0.80683,-1.702,-0.31985
5.1956,-0.99428,-0.6657,1.922,1.0043,-1.5028,-0.95925,-2.4059,-0.23533,-0.98315,-1.5129,-0.68311
4.8012,-0.38105,-0.24058,0.87164,0.3779,-1.8027,-0.66086,-2.2026,-0.52934,-1.0963,-1.4176,-0.29402
4.3916,-0.28317,0.15467,1.083,0.36701,-1.0176,-1.1327,-2.8835,-0.35428,-0.72007,-1.7339,-0.52766
5.0703,-1.1993,-0.077357,1.5634,0.54209,-1.5423,-0.1248,-3.5229,0.46917,-0.44807,-1.5025,0.0085048
3.6565,-1.756,-0.76377,1.4881,0.21121,-1.7127,0.28689,-2.2583,0.42379,-0.63815,-0.97786,0.38594
4.7733,-1.7121,-0.9056,1.3793,1.0645,-1.987,-0.089994,-2.5842,0.66557,-0.60657,-0.75795,0.29527
4.0784,-0.13997,-0.1427,0.7975,1.0431,-1.0159,-0.72519,-2.4124,-0.14751,-0.59989,-1.2231,0.060409
6.1759,-0.61823,0.13046,0.8222,0.91717,-1.9788,-0.71771,-2.3964,-0.13966,-1.0015,-1.3131,0.51565
4.4441,0.053855,-0.020997,-0.049122,0.27764,-1.1787,-0.6435,-2.0205,-0.58496,-0.71118,-1.7062,-0.11513
5.2773,-0.894,-0.12408,0.60446,0.60294,-2.145,-0.17777,-1.984,0.37122,0.062741,-0.91818,0.33396
4.6212,-0.95546,-0.3774,0.13836,0.022435,-1.6304,0.11088,-1.9628,-0.1887,-0.60769,-0.50204,0.53502
5.3886,-1.1299,-1.128,-0.29565,0.021265,-1.4253,0.3517,-1.0773,-0.12619,-0.31759,-0.083373,0.053805
4.1798,-1.3534,-0.69606,-0.0083062,0.4026,-1.922,-0.064285,-0.95354,-0.15804,-0.68894,-0.57002,-0.29324
4.3344,-0.48632,-0.3187,-0.31192,0.56933,-1.4878,-0.11174,-0.88825,-0.17238,-0.53625,-0.40884,0.2005
