1.7535,0.49317,-0.10811,-1.5275,-0.87802,-0.35015,-2.0664,-0.6864,-0.22304,-0.10352,0.076196,-0.41778
1.9954,0.38099,-0.42864,-0.71925,-0.13414,0.83707,-0.36851,-0.68067,0.19226,0.045421,-0.22769,-0.7748
2.283,0.85036,0.091318,-1.3293,0.15631,0.56468,-0.44684,-0.63502,0.407,0.23833,-0.0070514,-0.45647
2.3571,1.522,0.80741,-0.84888,-0.33103,0.46633,-1.5354,-0.90794,-0.10571,0.055474,0.12664,-0.48799
1.9075,0.92323,0.28232,-1.0502,-0.41429,-0.76982,-0.48066,-0.52019,-0.25728,0.25097,0.50274,0.029421
1.9603,1.9941,0.79988,-1.2973,-0.29512,-0.48568,-0.024367,-0.85696,0.39422,0.55895,0.21536,0.13914
1.4638,2.3506,1.0201,-0.73405,-0.55132,-1.9024,0.4129,-1.2135,0.020246,0.81002,0.53258,-0.41744
-1.556,2.7536,-0.30526,-1.1897,-0.52327,-2.0881,0.92824,-1.7009,-0.56641,0.55338,0.38214,-0.49185
-3.7816,3.2574,-0.28497,-1.4315,0.062937,-1.7145,0.54698,-1.6491,-0.072936,0.044151,-0.23058,-0.34559
-4.9132,3.574,0.0063833,-0.5516,0.68391,-1.5725,-0.28128,-1.8775,-0.43347,-0.44805,0.22939,-0.12293
-5.609,4.289,-0.078043,-0.99973,0.47838,-1.1255,0.046854,-1.301,-0.26673,-0.79267,-0.79069,-0.13162
-7.2174,3.3453,0.11912,-0.46221,0.67291,-1.67,0.56875,-1.3057,0.10433,0.12911,-0.3308,-0.0062048
-8.0634,3.4913,-0.0041323,-1.18,0.51629,-1.5752,0.53216,-0.26934,-0.35945,-0.38803,-0.23717,-0.095806
-8.5747,3.9911,-0.077137,-0.43824,0.83381,-1.4459,-0.041563,-1.3957,-0.052618,-0.076479,0.12137,-0.84774
-8.3185,4.6305,1.0535,-0.59513,0.36171,-1.5939,0.35063,-1.5792,-1.0578,-0.68278,-0.71862,-0.61493
-8.7127,4.8016,0.54029,-0.76332,0.55601,-1.22,-0.42974,-1.7494,-0.59334,-0.77569,-0.4371,-0.43647
-9.3735,4.5367,0.34837,-0.65545,-0.097453,-0.93827,0.79377,-0.87226,-0.11322,-0.88578,-0.69502,-0.54982
-9.8519,4.1439,0.9974,-0.087798,0.26813,-1.7885,0.42353,-1.9328,-0.9899,-0.78128,-0.29474,-0.71871
-9.7536,3.4254,-0.094595,0.24895,0.91,-0.84306,0.29381,-1.1275,-0.67782,-1.0066,-0.075318,-0.49731
-9.6032,4.2094,0.45355,0.5732,0.54508,-1.1633,0.66789,-0.79263,-0.74878,-0.23289,0.43831,-0.28091
-9.8347,4.4394,0.63509,-0.16563,0.27995,-1.0276,0.72171,-1.3053,-1.1491,-0.70164,-0.68235,-0.57324
-9.9579,4.7742,0.93761,0.065259,-0.29728,-0.99491,1.3453,-1.1857,-1.5053,-0.99199,-0.18462,-0.97615
-9.7845,4.1924,1.2512,-0.1612,-0.35698,-0.80826,0.91425,-0.97929,-1.1144,-1.5051,-0.70686,-1.1178
-10.43,4.0618,1.2115,-0.12614,0.41123,-1.0133,1.235,-1.1715,-1.4249,-0.82805,-0.067115,-0.9477
-10.525,3.0184,0.7326,-0.21325,0.34625,-1.2722,0.87764,-1.3328,-0.97603,-0.98244,-0.17708,-1.363
-10.792,2.7077,0.66377,0.70183,0.46787,-0.65583,0.72882,-1.3303,-0.99865,-1.2832,0.20875,-0.24207
-11.08,3.3205,0.22256,-0.037249,-0.2912,-1.5424,0.42627,-1.5202,-2.1697,-1.9682,-0.36332,-0.96636
-11.527,3.4141,0.96396,0.86732,0.35007,-0.6973,0.61656,-1.5016,-0.8276,-1.0608,0.26763,-0.82199
-11.415,3.314,0.43337,-0.31101,0.12356,-0.43258,0.57714,-0.82121,-0.89097,-0.76122,0.0034586,-0.97058
-11.794,2.7398,1.1634,0.030684,0.60346,-0.21858,-0.50659,-1.9336,-1.0073,-1.3906,-0.73462,-0.4495
-11.726,2.8863,0.93888,-1.1951,0.45424,-0.19029,0.77359,-1.0384,-0.92091,-0.77442,0.35084,-0.31202
-10.612,2.1303,0.65346,-1.3246,-0.93163,-1.1038,0.060042,-0.51815,-0.34732,-0.86123,0.10023,-0.54457
-9.2934,2.4273,1.8458,-0.46245,-0.78642,-1.1511,0.26727,-0.94444,-0.92082,-1.6471,-0.39006,-0.60981
-9.1825,2.9219,2.0961,-1.5163,-0.61116,-1.1945,-0.044829,-1.9306,-1.346,-1.496,-0.39925,-1.1732
-6.8503,3.7254,1.126,-0.093875,0.63391,-0.088163,1.6016,-0.87911,0.78245,-0.5642,0.41644,0.17378
-4.0767,4.6434,1.4051,-0.49984,0.36664,-1.1669,0.1512,-1.6604,-0.30706,-1.129,0.11175,-0.0060979
-3.5526,6.3379,2.8649,-0.72286,-0.30589,-1.4858,-0.20637,-1.937,-0.80015,-1.6212,0.30514,-0.83967
-3.4952,5.6077,3.4288,0.21117,-0.45748,-0.96239,0.62894,-2.0417,-0.96823,-1.9377,0.42705,-0.55556
-2.847,5.2983,2.7297,-0.3802,-0.53752,-1.5233,0.55937,-1.6692,-0.90912,-1.7381,0.62784,-1.011
-2.7853,5.5157,2.3915,0.2062,-0.25818,-1.8742,0.5851,-1.2656,-1.1713,-1.6656,0.3804,-0.83991
-3.3971,6.3891,2.6829,-0.46519,-1.0126,-1.9812,0.71115,-1.335,-1.0506,-1.605,0.25499,-1.0255
-2.6014,6.2929,2.1066,-0.25016,-0.36207,-2.1187,0.32668,-1.7393,-0.90953,-1.4908,0.54371,-0.9177
-2.9374,6.9831,2.8151,-0.55956,-0.44299,-2.1054,0.47225,-1.8054,-0.99342,-1.4493,0.63996,-0.97143
-2.1994,6.6708,2.0076,-0.76495,0.26685,-1.7293,-0.46891,-1.6283,-0.62368,-1.3402,0.3627,-0.87307
-2.1282,7.8679,2.3521,-0.56113,-0.566,-2.007,0.26205,-1.4406,-0.68969,-1.6743,0.92642,-0.82551
-1.5932,6.1419,2.0973,-0.58833,0.39989,-1.9976,-0.29249,-1.247,-0.68402,-1.3605,0.6057,-0.93043
-2.1151,7.0027,2.8077,-0.33522,-0.61513,-2.1798,0.74285,-1.6336,-0.49638,-1.6779,0.86094,-0.84761
-2.1089,7.3285,2.4323,-0.64126,0.15711,-1.9187,0.099815,-1.1619,-0.79741,-1.3675,0.65663,-0.8511
-1.8987,6.864,2.6319,-0.62726,-0.055483,-1.9742,-0.23043,-0.94487,-0.73091,-1.5322,0.75552,-0.92379
-2.8043,6.7785,2.4691,0.036788,-0.53217,-2.2858,-0.13703,-1.5637,-0.21119,-1.3869,0.51288,-0.88456
-2.5784,7.0358,2.2561,-0.70902,0.059587,-2.2875,-0.21573,-0.94817,-0.63069,-1.7442,0.81498,-0.67435
-1.673,6.7627,2.2224,-0.91201,0.32966,-1.8892,0.15827,-0.89585,-0.35661,-1.7332,0.70318,-0.53086
-2.4068,6.7152,2.7657,0.063616,0.18069,-1.4329,-0.40849,-1.1919,-0.50767,-1.2887,0.93517,-0.40928
-3.2066,6.4625,2.3343,0.064418,0.95076,-1.299,0.53692,-0.79815,-0.078601,-0.7288,0.35002,-0.58502
-3.8672,6.5857,2.039,0.62602,1.2954,-0.68687,0.36312,-1.0463,-0.38192,-1.7275,0.16197,-0.93928
-3.996,6.6535,1.966,-0.29492,1.6501,-0.31581,0.26009,-0.83095,-0.45526,-1.4818,0.090987,-1.4616
-4.6478,5.9748,2.1664,-0.37513,0.66578,-1.0009,-0.30276,-0.38203,-0.063217,-1.7838,-0.29438,-1.0689
-5.4261,4.7104,1.582,-0.30716,0.31238,-0.85112,-0.40427,-0.9452,-0.35388,-1.7329,-0.44738,-1.3235
-4.6863,4.6394,1.7341,0.31925,0.58368,-1.1149,-0.64492,-0.13592,-0.85767,-1.8436,-0.3154,-1.3282
-4.7348,4.4812,1.7322,0.38703,0.41556,-1.1905,-0.35756,-0.34381,-0.61661,-2.2246,-0.75439,-1.8348
-3.6868,4.9588,1.6362,0.33896,0.53915,-1.248,-0.65809,-0.86854,-0.53284,-1.4348,0.15941,-1.5425
-3.0873,4.5635,1.3175,0.69666,0.73589,-0.58016,-0.71599,-0.83899,-0.38324,-1.8018,0.27404,-0.76912
-3.7323,4.972,1.3526,0.65075,0.036411,-1.0282,-0.47699,-0.95319,-0.51147,-1.8601,0.075939,-1.0433
-4.0296,5.3045,1.0134,0.43054,0.585,-0.91843,-0.767,-1.0658,-0.82724,-1.6008,0.59674,-1.6249
-3.407,5.1245,1.436,0.12076,0.31205,-1.3065,-0.36796,-0.58141,-1.384,-1.5435,0.30751,-1.5898
-3.8358,4.7379,1.0636,0.66902,0.76637,-1.4683,-0.5196,-0.70034,-1.4231,-1.065,0.12441,-1.3817
-4.2592,4.6781,1.0286,0.24134,1.0215,-1.2851,-0.48562,-1.5126,-1.4357,-1.9653,-0.16838,-1.442
-4.013,4.4087,0.20482,0.48154,0.82428,-0.87191,-0.6425,-1.1833,-1.4921,-1.7418,0.21626,-1.536
-3.8446,3.952,0.34821,0.24044,0.67691,-1.1372,-0.78743,-1.4084,-1.703,-2.0549,-0.33924,-1.6326
-3.9257,4.6833,-0.22179,0.14827,0.66644,-1.165,-0.6638,-0.7947,-1.3989,-2.5277,-0.59393,-1.6443
-4.1884,4.7147,0.47844,1.0177,0.48327,-1.2817,-0.73996,-1.3168,-1.6054,-1.9859,-1.0007,-1.337
-4.5233,5.0366,0.41293,0.76184,1.1162,-1.3962,-0.6555,-1.2619,-1.2957,-1.689,-0.33205,-0.85532
-5.2216,5.1882,0.48677,0.62952,0.48314,-1.8292,-1.4602,-1.3852,-1.3641,-1.5545,-0.58037,-1.637
-5.1497,5.2295,0.37054,0.84628,1.1022,-0.82978,-0.75257,-1.2056,-1.2669,-1.2973,0.117,-1.2753
-5.683,5.1872,0.48561,0.78031,0.079448,-1.7419,-1.0865,-1.1871,-0.67467,-1.4709,-0.31918,-1.2456
-5.9054,4.6666,0.68099,1.1269,0.74704,-0.54909,-0.40729,-2.1743,-0.44846,-1.4384,-0.78509,-1.2262
-5.847,4.0108,0.76811,1.5377,0.65208,-0.38564,-0.72856,-1.255,-1.0616,-2.1771,-0.32131,-0.51813
-5.3422,2.8301,-0.19576,0.82043,0.25019,-1.417,-0.84938,-1.5336,-0.97708,-1.3328,-0.65475,-1.8401
-5.061,3.407,0.19496,0.69575,1.1532,-0.90316,-0.90554,-1.9229,-0.78478,-0.87376,-0.61392,-1.2707
-5.2425,2.9139,0.63799,0.43212,0.45675,-0.89484,-0.53301,-1.2205,-0.33253,-1.3975,-0.50162,-0.6111
-5.0229,1.4988,0.64025,1.4421,0.19207,-1.6351,-0.44412,-0.32377,0.35201,-1.7184,-0.57077,-0.242
-4.1894,0.99214,0.32667,0.9288,0.63153,-1.7142,-0.71265,-0.40801,-0.089444,-1.7766,-0.72539,-0.68838
-4.7619,1.9081,0.11468,0.60695,1.4962,-1.3394,-0.90977,-0.49802,0.17258,-2.1698,-0.69334,-0.801
-4.3026,1.3904,0.44436,0.15259,0.66429,-1.3734,0.12133,-1.0249,-0.65722,-1.9987,-1.3235,-1.4123
-3.4943,1.695,0.18294,-0.26484,0.16285,-2.3281,-0.51026,-0.88997,-0.34894,-2.1111,-0.5589,-1.1077
-3.0645,2.5935,-0.10323,0.3845,0.76696,-1.7671,-0.28239,-0.73866,-0.15503,-1.9969,-0.56526,-0.63956
-3.5082,1.4669,0.35272,0.55024,0.72619,-0.99803,-0.02402,0.12307,-0.22102,-2.1968,-0.91551,-1.214
-4.979,0.5154,-0.49259,-0.63473,0.23789,-0.93494,0.39653,-0.10821,0.3502,-1.8038,-0.37133,-0.39901
-3.1686,1.5969,-0.47072,0.65262,1.1083,-1.6257,-0.3221,-0.34018,-0.10103,-2.6621,-0.81038,-0.75851
-2.8358,1.4725,0.00020763,0.60753,0.90156,-2.2245,-1.1262,-0.61641,-0.17094,-2.7271,-0.46358,-0.79441
-3.0143,2.451,0.61346,0.92384,0.53628,-1.1542,-0.95559,-1.0916,0.042222,-2.4347,-1.2756,-0.89396
-2.6801,2.9639,0.79823,1.1871,0.64021,-2.4693,-1.1176,-0.80971,-0.31447,-2.0348,-1.0763,-1.1936
-2.9253,2.9072,1.0483,0.71015,0.74162,-1.9639,-1.4797,-0.47525,-0.034305,-2.0939,-0.24838,-1.1466
-3.826,2.4813,-0.39093,0.2453,0.94526,-2.0399,-1.2825,0.29192,-0.06754,-2.2825,-0.37772,-1.2112
-3.4297,2.4478,0.62471,-0.068213,0.092306,-2.4956,-1.5794,-0.56353,-0.16023,-1.9777,0.075038,-0.96969
-3.464,3.1726,-0.38307,0.0095873,0.44782,-1.8646,-1.5961,-1.0983,-0.45144,-1.8419,0.413,-1.2582
-2.1757,3.5409,0.48784,0.28001,1.3219,-1.715,-1.162,-0.90072,-0.67092,-2.0446,-0.1148,-0.93737
-2.1627,3.591,0.46516,0.18444,0.8904,-1.4256,-1.0853,-0.9379,-0.15845,-1.6736,-0.21194,-0.58881
-2.3791,3.8251,0.67673,-0.39545,0.64443,-0.91183,-0.62695,-0.41308,0.50036,-1.183,0.38451,-0.75495
-2.0877,3.1667,1.1679,-0.19752,-0.1567,-0.77651,0.20238,-0.033794,0.25629,-2.3519,-0.49951,-0.30595
-1.6209,3.0278,0.73328,0.16886,0.37164,-0.42142,-0.74417,-0.7597,0.91745,-1.6751,-0.098984,-0.56429
-0.68269,1.5666,-0.61237,0.20637,0.34364,-1.0849,-0.40521,-0.052643,0.45486,-1.7177,-0.00060448,-0.040669
-0.73558,2.8041,0.87658,0.11604,0.70331,-0.89037,-0.99122,-0.43277,0.73547,-1.2462,-0.26624,-0.089294
-1.5844,3.6634,0.82596,-0.14276,0.51756,-1.076,0.40435,0.4295,0.15953,-0.98658,-0.42282,-0.23899
-2.9911,1.6506,0.12536,0.80231,2.2444,-0.33884,1.1382,0.39908,0.36037,-1.634,-0.77731,-0.20099
-4.5925,2.9882,1.3977,1.5902,1.4668,-1.5484,0.38038,0.44173,-0.5321,-1.3533,-0.15727,-0.31641
-5.9902,1.9061,0.73828,1.0906,1.5356,-0.74946,1.1676,0.49675,-0.4671,-1.2302,0.13322,-0.26095
-6.6819,1.268,-0.6866,-0.012241,0.93571,-1.101,0.70027,0.25527,0.44466,-0.91035,-0.35187,-0.21425
-7.8999,0.33414,-1.9788,-1.0328,1.1809,-0.28699,0.2247,0.28918,-0.22385,-1.5217,-0.011981,-0.13293
-7.8881,1.7047,-1.1164,0.34475,1.7289,-0.55439,-0.38274,0.20006,-0.66151,-1.5706,-0.017978,-1.2667
-8.8762,1.6567,0.20879,0.34927,1.8299,-0.50383,0.24809,0.019223,-0.49902,-1.2516,0.00014001,-0.86752
-8.9641,2.223,0.30964,-0.48054,1.5704,-0.18352,0.30857,0.10936,-0.93909,-0.66234,0.34503,-1.0557
-9.4917,2.8327,0.37604,0.2113,0.94955,-0.6154,0.49997,0.038004,-1.3382,-0.90134,0.45919,-0.54692
-10.083,2.3719,-0.56173,-0.17653,1.1642,-1.1357,-0.19579,-0.78495,-1.1392,-0.67741,0.77783,-0.30723
-10.349,2.8883,0.14344,0.39206,1.1421,-1.132,-0.48386,-0.67836,-0.67805,-0.78199,0.57196,-0.5523
-10.014,2.7302,-0.6784,0.86032,1.2314,-0.92271,-0.1331,-0.00060144,-0.45176,-0.96429,0.44207,-0.26757
-10.56,2.236,-0.65014,0.52887,1.5044,-0.93377,-0.33158,-0.87035,-0.85493,-0.28114,1.4238,0.071262
-10.482,2.846,-0.56097,0.10664,1.1136,-0.58255,0.64159,-0.51995,-0.59681,-1.5218,0.61825,-0.29146
-10.313,2.6448,-1.177,0.58182,2.4328,-0.5509,0.64371,-0.082786,-0.34101,-0.74252,1.5764,0.25782
-10.573,2.6062,-0.74619,1.3911,2.8489,-0.65974,0.73219,-0.21312,-0.521,-0.47515,0.82342,-0.059143
-10.173,2.8037,-0.048406,2.1255,2.083,-0.58888,0.21688,-0.92762,-0.48244,-0.59889,0.5074,-0.34185
-10.472,2.8066,-0.59211,0.96622,2.8747,-0.44425,0.43626,-0.10309,-0.42309,-0.6957,1.0347,0.062239
-10.444,3.2157,-0.32241,-0.028221,1.9136,-0.43506,-0.010373,-1.151,-0.52068,-0.22486,0.5429,-0.32736
-11.481,2.3221,-0.35781,0.58383,2.1825,-0.90532,0.30936,-0.61655,-0.72349,-1.0609,-0.11706,-1.1444
-10.895,2.6055,-0.74232,1.2396,1.3597,-1.2566,0.60878,-0.5966,-0.44702,-0.50691,0.52153,-1.0113
-10.115,1.7674,0.27265,0.47357,0.8789,-0.71231,0.42789,-0.19859,-0.51991,-0.77843,0.46881,0.10903
-8.8825,2.264,0.59617,0.36061,1.1672,-0.52133,0.4731,0.23252,-0.217,-0.95998,0.25212,-0.02021
-6.3305,1.5669,0.2252,-0.42698,0.426,-0.28354,0.76716,-0.2929,-0.74486,-1.0217,0.3727,0.10053
-4.9802,0.97102,-0.22206,-0.022756,0.63574,-1.0981,0.9366,0.0076866,-0.30669,-1.3549,0.21663,0.27365
-0.54018,-0.15374,-0.34166,-0.36107,-0.43081,-1.1928,0.097238,-0.64544,0.39149,-1.0112,-0.19258,0.20632
1.8872,-1.3982,0.49859,-0.48982,-0.85481,-1.7155,-0.2129,-1.0044,0.86727,-0.79099,-0.22667,0.48451
2.4749,-2.3507,0.99241,-0.38258,-1.434,-1.1482,-0.66586,-0.34998,0.83665,-0.5334,0.01417,0.047698
3.5614,-2.566,0.61725,-0.30683,-1.0955,-1.1361,-0.27548,-0.73524,0.6707,-0.60005,-0.11103,0.042826
3.459,-2.17,0.43794,-0.15505,-0.9104,-0.96913,0.11619,-0.21709,0.66852,-0.27378,-0.1521,-0.17279
3.5843,-1.7906,0.60101,-0.063122,-0.80709,-1.1958,0.20801,-0.049982,0.70051,-0.432,-0.043059,-0.2468
4.537,-2.4466,0.57185,-0.20582,-0.98924,-1.1311,-0.11586,-0.059776,0.52404,-0.66782,0.1193,-0.42912
4.4772,-2.6531,0.50985,0.0081573,-1.4746,-1.1333,-0.18782,-0.62929,0.47066,-0.54557,0.12038,-0.54856
4.1883,-2.4432,0.51932,0.18649,-1.1637,-0.84326,-0.003161,-0.83089,0.65797,-0.82852,0.18488,-0.45555
3.694,-1.6584,1.027,0.3693,-0.86256,-0.92567,-0.018546,-0.75359,0.9954,-0.79586,0.3044,0.062981
3.7278,-1.4503,1.127,0.34483,-0.74747,-1.201,-0.23677,-1.0418,0.79971,-0.62414,0.20614,-0.29728
2.3182,0.64853,0.90466,0.36249,0.19982,-0.69504,0.18924,-0.69362,0.74501,-0.45496,-0.53159,-1.1734
1.234,2.4554,0.42709,-0.28398,-0.019484,-1.0036,0.51247,0.57366,0.34236,-1.1716,-0.063635,-1.1602
-0.17958,1.5792,0.45178,-0.40057,0.0078717,-1.7362,0.35952,0.58291,0.54134,-1.4246,0.28382,-0.48243
-1.0517,1.6099,-0.22294,-1.3098,-0.086226,-1.5974,0.29668,0.3789,0.25256,-1.6827,-0.26961,-0.6608
-1.5998,2.1436,-0.28754,-1.4609,-0.21633,-1.1087,-0.0412,0.58423,0.79277,-1.6277,-0.10181,-0.34079
-0.24566,3.3345,-0.67712,-1.3243,-1.0988,-1.6062,0.30095,0.50294,0.20291,-1.3146,0.40269,-0.8151
-0.63288,3.0576,-0.60757,-1.6468,-0.83575,-2.2524,-0.18541,0.44853,1.261,-1.7888,-0.012201,-0.60814
-2.5851,2.9115,-1.2869,-2.0024,-1.0025,-2.4198,-0.032902,1.1518,0.7161,-1.1365,0.12608,-0.69705
-2.6885,3.2085,-0.76418,-1.319,-0.50491,-1.7266,0.42098,0.53958,0.31621,-1.3734,0.18034,0.0080885
-1.5368,3.8026,-0.68772,-1.697,-0.99393,-2.1172,-0.57661,0.087788,0.63205,-1.2417,0.39758,-0.028186
-1.8171,3.6322,-0.18481,-1.2455,-1.2767,-1.8546,-0.16282,-0.71255,-0.48574,-1.6693,-0.068854,-1.0621
-1.7855,2.1155,-0.2655,-1.197,-1.7672,-1.6079,0.007939,-0.73293,-0.091327,-1.0164,-0.13601,-0.47137
-2.3461,1.6007,-0.5946,-0.96353,-1.518,-2.4763,0.042607,-0.37365,0.09661,-1.0525,0.30373,-0.40519
-2.4748,0.79169,-0.31197,-0.91239,-2.7094,-2.3989,-0.27025,-0.54831,0.3589,-1.1601,-0.63227,-0.70558
-3.1612,0.71113,-0.12632,-0.87924,-2.2364,-2.1283,0.029036,-1.2674,-0.09985,-0.6925,-0.073061,-0.15351
-2.4146,0.3783,0.73984,0.29615,-1.0966,-1.7461,0.3599,0.37514,0.60289,-1.1571,0.28199,0.07339
-1.9319,0.19458,0.85946,-0.32878,-1.6786,-1.4844,0.75479,0.806,1.0171,-0.87659,-0.61776,-0.3539
-1.7186,-0.15288,0.48801,0.75261,-1.5062,-1.8093,0.50961,0.59364,1.5763,-0.60313,-0.47855,-0.78276
-1.238,0.11663,0.30137,-0.13107,-1.6248,-1.8693,0.2441,0.98747,1.5394,-0.93107,-0.95607,-0.18177
-1.2649,0.17657,0.37967,0.19722,-1.0242,-1.2353,0.31049,0.40037,0.8351,-1.1345,-0.019136,-0.71117
-0.81823,-0.55579,0.28782,0.00090685,-1.8444,-2.5953,-0.99437,-0.77944,0.64237,-1.4387,-0.52813,-0.052133
-1.1403,-0.58359,0.93635,0.097575,-1.662,-2.6128,-0.6905,-0.42112,0.42443,-1.7103,-0.67678,-0.29582
-1.4926,-1.7024,0.96335,0.80845,-0.93947,-1.1483,-1.0148,-0.76328,0.7329,-0.88062,0.30474,0.30848
-0.4829,-1.9653,0.2515,0.47358,-1.4739,-1.0358,0.39369,-0.0099977,0.54591,-1.374,-0.31811,-0.269
-1.0425,-0.34809,0.79661,-0.21354,0.19344,-0.53364,0.207,-0.8911,0.029584,-0.56504,0.21651,-0.42
-2.3961,-1.0324,-1.3926,-0.17439,0.63579,-0.23975,0.44171,-0.79024,0.41202,0.0055344,0.97735,0.17877
-3.2841,0.63138,-0.98455,0.51119,0.459,-0.69885,-0.41931,-1.0782,1.272,-0.18248,0.43411,0.21711
-4.1403,1.5256,-0.56831,-0.58252,0.20026,-1.3581,-0.63417,-1.1931,0.66002,-0.78648,0.39651,-0.028747
-3.8973,1.3451,0.016004,-0.62205,0.34786,-1.399,0.1022,-0.82238,0.186,-0.93482,0.080858,-0.32155
-5.3176,0.77202,0.27477,-0.80553,0.19051,-0.88784,0.27566,-0.79647,-0.50656,-1.1798,0.2206,0.65911
-3.6894,1.1105,0.65003,0.0049114,1.2937,-1.0768,-0.10001,-0.78409,0.40205,-1.2304,0.14482,0.061031
-2.5575,0.14533,0.39109,-0.13683,0.78241,-1.1172,-0.61474,-1.2585,-0.50991,-0.52121,0.23353,-0.53144
-3.1431,0.059834,0.34437,-0.26565,1.0097,-0.76404,-0.49262,-0.76711,0.38635,-0.92177,0.16912,-0.56583
-1.573,0.31308,0.41999,0.16958,0.41703,-0.2472,0.39853,-0.648,0.39916,-0.54108,-0.3184,0.067675
-0.95199,0.66532,0.65111,-0.17336,1.1789,-0.26471,-0.53353,-0.60519,0.17765,-0.6724,-0.45625,-0.50443
-0.72728,1.0174,0.88698,-0.3015,0.23151,-0.3815,-0.84482,-0.76562,0.37068,-1.0992,-0.30389,-0.36574
-1.2146,1.1575,-0.046562,-0.90209,-0.041143,-0.55587,-0.7557,-1.0063,-0.29101,-1.3927,-0.73785,-0.63425
-0.93581,0.70155,0.031288,-0.38,-0.74904,-0.37627,-0.99325,-1.0644,0.41042,-1.0503,-0.86361,-0.66976
-0.9871,0.68885,0.3148,-0.12801,0.46836,-0.66707,0.15191,-0.5514,0.72026,-0.079319,0.013206,-0.95077
-0.92678,1.3162,0.038887,0.23555,0.82619,-0.039167,0.37882,-0.10401,0.38104,-0.40882,-0.45312,-0.63607
-0.84205,1.8073,1.0204,0.65065,-0.017232,-0.82302,-0.524,-1.1924,-0.18519,-0.93012,0.21724,-0.89583
-1.7859,0.30619,-0.23129,-0.34289,0.16861,-0.76119,-0.24661,-0.28775,-0.032056,-0.19514,-0.16924,-0.71305
-1.1161,0.38791,-0.13385,-0.84481,-0.15455,-0.60345,-0.20879,0.023099,-0.10879,-1.1271,-0.30731,-0.72136
-0.7628,0.87955,0.19606,-0.19574,0.22595,-0.18582,0.7247,0.66252,0.78986,-1.1336,-0.84252,-1.2085
-0.62087,1.712,0.31813,-0.64155,-0.41181,-0.22764,0.6366,-0.081523,-0.1672,-1.1619,-0.083825,-0.5223
-0.43414,1.9396,-0.05346,0.75117,1.0994,-0.67506,-0.13705,0.2772,-0.16143,-1.6837,-0.46626,-0.97881
0.55896,2.007,0.90089,0.80562,0.2404,-0.82325,-0.43137,0.23692,0.27476,-1.0207,-0.64123,-1.4386
0.37891,2.1261,0.59034,0.10915,1.0646,-0.037723,-0.34866,-0.61978,0.22285,-0.49575,-0.42522,-0.96908
1.2619,2.2626,0.10742,0.30214,0.066223,-0.58271,0.27521,-0.5385,0.27096,-0.61043,0.13372,-0.30008
0.36891,2.1727,0.33595,0.15201,0.70475,-1.0642,0.27034,-0.2287,-0.11061,-1.4335,-0.51215,-0.82298
0.19097,2.0563,0.58712,-0.85036,0.44406,-0.24581,-0.62885,-1.2783,-0.93603,-1.4181,-0.38191,-0.48623
0.98171,2.1021,1.0393,-0.084881,0.76865,-0.36891,-0.3577,-0.93981,-0.54829,-1.8484,0.057035,-0.5933
0.2277,1.4844,0.59714,0.23674,0.67862,-0.23138,-0.090865,-0.42626,-0.56711,-0.8657,0.5292,-0.84758
0.88622,1.5719,0.14813,0.33902,1.2329,0.70892,0.045633,-0.80245,-1.0578,-1.2946,-0.02276,-1.2545
1.2019,3.0244,0.70156,0.15559,0.076234,0.23115,-0.04602,0.66226,-0.36877,-1.1599,-0.49811,-0.47906
0.38677,2.9343,-0.28233,-0.18378,0.80433,0.69093,-0.50156,-0.6001,-0.59124,-0.45707,-0.13559,-0.71471
1.2105,2.714,0.73546,-0.051055,0.13768,0.46599,0.20983,-1.1454,-0.5934,-0.54985,-0.13924,-1.201
1.1152,2.7025,0.87756,-0.16223,1.0338,-0.033059,-0.08959,-0.17127,-0.49314,-0.92191,-0.13117,-0.88088
1.4498,2.5381,1.3089,0.34488,0.56799,-0.62083,0.0065571,-0.41733,-0.68536,-1.1935,0.20957,-0.50873
1.5693,2.0512,1.4074,0.85819,-0.090211,-1.0421,-0.14149,-1.0415,-0.77604,-0.049545,0.10177,-0.40643
2.9548,-0.14757,2.4314,1.7667,-1.0564,-1.616,-0.18656,-0.8462,-1.2285,-0.68189,-0.17836,-0.64824
3.9019,0.83575,2.8612,1.4056,-0.61702,-2.9241,-1.0242,-0.66698,-2.0357,-0.75976,-0.42169,-0.2446
4.2116,1.6512,3.0596,2.6536,-0.74009,-3.1915,-0.51252,-1.0252,-1.9239,-0.53799,0.22833,-0.42233
5.2659,1.2042,3.041,3.4444,-0.85935,-2.373,0.12531,-0.85396,-1.6853,-0.21928,0.39611,0.10354
5.5814,1.3911,3.0666,3.506,-1.1841,-2.6397,-0.091821,-0.74374,-1.8948,-0.79495,0.39969,-0.43454
6.2741,-0.13283,3.3091,4.1798,-0.8732,-2.7268,-0.40469,-0.68849,-2.0435,-0.97732,-0.041619,-0.18938
5.3723,-0.89536,3.6288,4.6287,-0.99126,-2.7152,-0.71599,-0.26845,-1.7098,-0.71123,0.24188,-0.11056
5.1077,0.38642,3.2579,4.0065,-0.88707,-2.5464,-0.58042,-0.3337,-1.8436,-1.3015,0.087109,-0.26675
6.8033,-0.24302,3.353,4.0124,-0.7169,-2.528,-0.64531,-0.62066,-1.5371,-1.6757,0.27,-0.1651
5.6047,-0.26511,3.0867,3.8013,-0.59081,-2.3558,-0.92384,0.063582,-1.5094,-1.6722,0.075387,-0.21648
5.2686,-0.04666,3.1769,3.9141,-0.49982,-2.1495,-0.88309,-0.4239,-1.6386,-1.4175,0.12907,0.0016355
6.2903,0.47602,3.895,3.747,-0.91606,-2.3982,-0.92561,-0.03184,-1.4892,-1.6945,-0.0724,-0.13824
5.9585,0.38695,3.4677,3.8074,-0.92972,-2.5865,-0.96725,0.27379,-1.1967,-1.5853,-0.073449,-0.23529
6.9643,-0.68811,3.288,3.6682,-0.97166,-2.7774,-0.75294,0.2862,-1.1832,-1.892,0.031466,-0.15978
6.1491,0.20933,3.3506,4.1989,-0.68047,-2.5115,-0.98171,-0.21763,-1.8926,-1.8837,0.032587,0.1444
5.2239,1.0029,3.4266,3.6716,-1.0365,-2.7818,-0.97322,-0.044945,-1.5138,-1.6189,-0.11484,-0.030134
6.0717,0.010132,3.8414,3.9158,-1.3636,-2.6959,-0.79051,0.25671,-1.6167,-1.6345,0.41105,-0.26726
4.2802,0.040924,4.0609,3.435,-1.8165,-2.264,-0.14981,0.18361,-1.7273,-1.5214,0.48814,-0.0069611
5.0437,-0.2993,4.7515,3.3408,-2.2531,-1.8374,0.001742,-0.49749,-2.1377,-1.2156,0.65085,-0.45671
3.3302,0.55202,6.0225,2.8501,-2.9149,-1.7736,0.016433,-0.4881,-2.1752,-1.1888,0.76727,-0.52926
3.7485,-0.84966,6.9164,1.5323,-3.0882,-0.10771,-0.61247,-0.37177,-1.1513,-1.2654,0.57831,-0.62587
1.9544,0.088195,6.4413,0.3333,-2.6386,0.057533,-0.92936,-0.50593,-1.0989,-1.4145,0.62502,-0.32445
3.4209,0.079517,7.498,-0.56741,-2.4713,-0.41424,-1.0329,-0.25993,-1.2389,-1.8122,0.84654,-0.5616
2.825,1.0708,7.0255,-0.61005,-2.3375,-0.11974,-1.3404,-0.11916,-1.5579,-1.6524,1.1884,-0.47318
2.9719,0.95856,8.2408,-1.1016,-2.3817,-0.13174,-1.1122,0.38224,-1.3918,-1.8071,1.1142,-0.94376
1.8012,2.0513,5.7021,-0.099882,-1.5054,-0.18461,-0.34847,0.24909,-1.1398,-2.0662,1.2289,-0.52825
2.4315,2.5649,5.7277,0.67548,-1.4046,-0.73694,-0.59393,-0.24903,-0.93359,-0.78897,1.3326,-0.52117
3.7338,1.6867,4.6414,0.46303,-1.3312,-0.97729,-0.57561,-0.3964,-0.96146,-0.4752,1.0307,-0.52636
2.8822,1.1455,4.3563,0.66065,-1.1644,-0.45749,-0.87022,-0.70772,-1.1895,-0.84472,0.3886,-0.21252
2.3012,1.7271,4.2764,1.4908,-0.99463,-1.0331,-1.6299,-1.0101,-1.1927,-1.0951,0.96897,0.050322
3.3812,1.7216,3.6566,0.87441,-1.5097,-1.0625,-0.65035,-0.75537,-1.1676,-1.3865,0.050636,-0.10979
1.8288,0.87429,2.9454,0.48398,-1.5389,-0.90675,-0.81315,-0.31445,-0.50799,-0.75845,0.28774,0.028633
2.6017,1.3389,2.5485,0.15315,-1.9391,-1.0345,-0.99665,0.0027494,-1.2083,-1.1431,-0.1471,-0.77924
2.0627,1.3365,2.9768,0.5618,-2.0134,-1.5752,-0.84013,-0.017027,-1.284,-1.6074,-0.27873,-0.99907
2.6237,1.1855,0.88443,0.84355,-1.5624,-1.0023,-0.084218,-0.51601,-1.2956,-0.42129,0.80382,-1.6435
2.7409,1.3578,1.6189,1.2239,-0.99491,-1.4014,-0.068806,0.062743,-1.6511,-0.97683,-0.14609,-0.45608
3.0545,0.93906,2.1749,1.2623,-0.64162,-1.1377,-0.088813,0.15112,-1.5293,-1.2149,-0.28427,-0.56345
1.3796,0.48334,1.1773,1.1608,-0.85532,-0.76438,-0.36266,-0.32571,-1.0268,-0.95776,0.043829,-1.1947
2.2525,0.32093,1.4965,1.3373,-0.27252,-0.33702,0.1625,-0.050012,-1.5157,-0.75791,0.50666,-0.2143
1.8742,-0.29384,1.465,1.3291,-0.68538,-0.49735,0.64707,0.023008,-1.2776,-0.69486,0.63457,-0.85102
2.5828,1.7337,2.4431,0.79202,-1.1316,0.22508,0.5455,-0.3474,-1.2628,-1.0969,0.048126,-0.59287
1.5341,0.66781,3.5894,0.87784,-0.8164,0.13547,-0.45743,-0.36637,-1.4012,-1.7534,0.59382,-0.8735
1.84,0.19839,3.5806,1.0696,-0.23198,0.49795,-1.3237,-0.70478,-1.2361,-1.3587,0.64813,-1.3562
1.2125,0.46416,3.3501,0.61124,-1.3088,0.49945,-0.99777,-0.89172,-1.5914,-1.7459,0.49377,-1.3363
1.6485,0.49263,3.8611,0.51018,-0.73838,0.69969,-1.2789,-0.30981,-1.389,-1.8802,0.62319,-0.30724
1.9625,0.96661,3.6144,0.76837,0.11801,0.63701,-1.4269,-0.67285,-1.5339,-2.2164,0.072068,-0.66275
1.3406,0.75382,4.2967,0.9186,-0.50209,0.7057,-1.7904,-1.4699,-2.1039,-2.1784,0.83503,-0.71058
1.0342,0.073945,3.4588,0.32978,-0.55146,0.14016,-1.7913,-0.3672,-1.0312,-1.5055,1.0285,-0.28212
0.62685,0.48082,1.9588,0.70902,0.72669,0.30252,-0.81536,-0.086843,-0.21099,-1.8093,0.46246,-1.6049
-1.0925,-0.18198,-0.71589,1.3657,0.62842,-0.6534,-0.50647,-1.4183,-0.89044,-1.3347,-0.30978,-1.8767
-2.7902,1.3032,-0.90934,1.7762,-0.22575,-0.25924,-0.79546,-2.0544,-0.75525,-1.9088,-0.28088,-1.2399
-3.6141,2.2459,-1.4458,0.6643,0.47357,-0.30736,0.37298,-1.0694,-0.1321,-1.9006,-0.18421,-0.98629
-3.1833,1.079,-1.2702,0.59544,-0.13276,-1.3331,0.55923,-0.9663,-0.55802,-2.303,-0.053464,-0.7252
-1.3059,1.5871,-0.92617,0.37122,-0.24937,-1.0743,0.80715,-0.70899,-0.66061,-2.3468,-0.22706,-0.14324
-1.6418,1.0342,-1.1031,0.37756,0.55235,-0.70142,-0.19243,-1.6075,-0.19262,-2.3672,0.05554,-0.32776
-1.266,0.84896,-1.3574,0.26743,0.85456,-0.67015,0.51421,-0.25423,0.21675,-2.442,-0.040357,-0.018995
-0.19283,0.063747,-0.43044,0.56632,1.1859,0.043774,0.66475,-0.61957,0.50923,-2.5031,-0.25991,-0.4162
1.4497,1.1161,-0.0028056,0.90104,1.1952,0.31288,0.76307,-0.7307,0.13222,-1.8846,-0.9953,-1.0419
1.6458,0.88077,-0.47257,0.65044,1.1042,0.84484,0.26555,0.053809,0.01831,-1.8045,-0.75291,-0.92693
1.357,-0.059842,-0.79433,-0.09263,0.55894,1.0162,0.18897,-0.62601,0.82922,-1.4461,-0.23671,-0.53008
2.582,0.28645,-0.50586,-0.0038082,0.55815,0.58722,-0.48248,-0.49806,1.7298,-0.67651,-1.3161,-1.0798
2.7546,0.50359,-1.1468,0.26494,0.70873,0.49124,-0.19159,-0.43572,0.73132,-0.46967,-1.1545,-0.54966
2.7607,1.2068,-0.85294,-0.35543,0.48874,-0.24737,-0.28044,-0.034781,0.64416,-0.44226,0.03802,-0.67016
2.1226,0.46673,-0.75545,-0.61434,0.17003,-0.31298,-0.75735,-0.52889,0.79586,-0.48152,-0.46867,-0.45273
3.561,1.1281,0.099921,-0.29831,0.52342,-0.44427,-0.78916,-0.20509,0.6654,-0.46568,-0.57072,-0.88977
3.6324,1.9385,0.65931,0.13368,0.62834,-1.0416,-1.0313,-0.11058,1.0445,-0.47751,-0.30966,-0.64202
4.211,2.6417,1.185,0.12286,0.012446,-0.80726,-0.6292,-0.11341,0.034291,-0.38045,0.1467,-0.7522
3.5917,2.2951,1.0879,0.039675,0.049059,-0.12439,-0.55612,-0.5138,-0.35749,-0.41678,-0.20979,-0.46743
3.5372,2.0611,1.0815,0.40289,0.46964,-0.23637,-0.45915,0.17385,-0.33498,-0.51228,-0.16003,-0.66829
3.3494,2.6762,1.2816,0.63462,0.10601,-0.48923,-1.2777,-1.0571,-0.37198,-0.12865,0.012326,-0.77288
2.0876,1.4247,0.085035,-0.98132,-0.39087,-0.35276,-0.50089,-0.43951,-0.045651,-0.56537,0.29316,-0.82066
1.6868,1.1584,-0.60049,-0.6132,-0.84327,-0.84036,-0.57036,-0.48389,0.088841,-0.5758,0.48587,-0.43526
0.26341,0.85004,-0.41691,-0.40678,-0.26745,-0.7044,-0.68803,-0.038239,0.79337,-1.1708,0.019348,-0.77129
1.8948,2.5731,0.38724,0.083591,0.036902,0.28417,-0.63799,-0.36297,0.075885,-1.1987,0.47249,-0.83536
2.2909,2.3374,0.98681,0.089193,-0.18525,-0.068451,-0.60742,-1.0783,-0.17944,-1.1562,-0.28329,-1.3139
1.43,2.201,0.92302,-0.26087,-0.059758,0.13559,0.22991,-0.053601,0.5987,-0.8998,-0.49099,-0.4801
1.3327,2.5692,0.54375,0.27058,0.928,-0.16322,-0.21152,-0.51473,-0.21042,-1.0829,-0.079766,-0.64327
1.457,2.3838,0.64942,1.0126,0.24045,0.48278,-0.081366,-1.0767,0.37964,-1.1169,-0.44582,-1.0919
1.1939,2.2467,0.58324,0.5564,0.43016,0.7789,0.56204,-0.88718,-0.093018,-1.6976,-0.46321,-1.0129
2.219,2.8255,0.27238,-0.44338,-0.28283,0.44558,0.54655,-0.65389,-0.0064585,-0.35266,0.27237,-0.67617
1.8135,3.2932,0.49834,-0.36793,-0.34413,0.11397,0.064204,-0.54135,-0.04245,-1.7501,-0.24601,-1.2625
1.1804,2.608,0.6721,0.11152,0.12076,0.36486,-0.24648,-0.2325,-0.22608,-1.2497,0.16578,-1.1324
0.82644,2.227,0.017405,0.67592,-0.12282,-0.26454,0.33509,-0.18312,0.27001,-1.2212,-0.62381,-0.78735
1.4789,2.7507,0.90382,0.33721,0.17468,0.33485,0.25611,-0.38117,0.45102,-1.1999,-0.29395,-0.44557
0.67512,2.65,0.85081,0.29795,0.46093,0.17243,0.52809,-0.12026,0.13881,-0.56992,-0.025328,-0.63288
1.0869,2.2747,0.30506,0.94011,0.79415,-0.11465,0.19594,-0.43157,0.74209,-0.71483,0.074328,-0.90948
0.65022,1.9659,0.89383,1.3534,0.98959,-0.30365,-0.15686,-0.49756,0.33788,-1.0869,-0.2874,-0.53843
2.5072,3.2301,0.73547,0.94331,0.24439,-0.91546,-0.56735,-0.65741,0.26241,-0.35617,-0.50373,-0.8676
1.2848,1.6726,-0.35594,-0.070535,-0.14907,-0.29236,-0.7978,-0.98596,0.022205,-0.64605,-0.64576,-1.6548
2.1586,1.4503,-0.80134,-0.35956,-0.024159,-0.5505,-0.54736,-1.0645,-0.28039,-0.70144,-0.55024,-0.76866
2.2464,2.0748,0.64047,0.33585,0.10296,-1.2319,-0.76257,-0.41836,-0.18289,-0.69965,-0.088526,-0.47796
2.5109,2.1077,0.15641,0.3084,0.33832,-0.73161,-1.3447,-1.1638,-0.69542,-0.50281,0.26819,0.47507
3.1274,2.34,0.26107,0.36943,-0.35288,-0.8187,-1.6046,-1.4871,-0.90134,-0.22197,-0.22364,-0.28091
5.2111,3.9178,2.0082,1.3227,0.22723,-0.62751,-1.5795,-1.4057,-0.62299,-0.51624,-0.54423,-0.57991
5.581,3.4727,1.4983,0.78431,0.60581,0.42729,-1.1844,-1.4171,-1.072,-0.25218,0.11593,-0.28193
5.9419,3.8634,2.1723,1.8616,1.4787,0.073969,-1.5509,-2.3315,-1.0868,-0.87293,-0.86851,-0.25315
6.5113,4.8354,2.734,2.0456,0.77441,-0.47604,-1.3102,-1.3497,-0.093592,-0.59769,-0.21949,-0.50176
5.2712,3.9751,2.2241,1.3711,0.21296,-0.48776,-0.95959,-0.84026,-0.80723,-0.7326,-0.56914,-0.27649
5.0646,3.867,2.3285,1.4726,0.47971,-0.12738,-0.82994,-1.0441,-1.058,-0.84973,-0.5461,-0.31681
6.888,5.3486,2.8447,1.996,0.43464,-0.17523,-1.1072,-1.436,-0.88531,-0.58378,-0.34293,-0.37451
4.8169,3.7448,2.1388,1.4839,0.6404,0.30811,-0.23603,-0.30013,-0.40991,-0.53225,-0.53276,-0.57639
5.8961,4.3899,2.4281,1.8307,0.67488,-0.28186,-0.95673,-1.2456,-1.1793,-0.85765,-0.76077,-0.56428
5.2807,4.4757,2.2642,1.898,0.69951,-0.42904,-0.84573,-0.83064,-0.77302,-0.75415,-0.21585,-0.44998
5.6022,4.1264,2.3203,1.1961,0.17347,-0.2397,-0.66171,-0.61599,-0.93222,-0.60685,-0.27987,-0.14966
5.6382,4.1716,1.7972,0.59668,0.037135,-0.55377,-0.67756,-0.93697,-0.88386,-0.64943,-0.5299,-0.17984
5.4314,3.8618,2.307,0.93015,0.091077,0.43465,-0.049576,-0.83694,-0.20748,-0.67736,-0.54533,-0.65811
4.128,2.3884,3.0488,0.24099,-0.87454,0.040145,-1.0797,-1.0392,-0.4264,-0.50912,0.20896,0.025146
0.11387,-1.4062,5.9761,-0.27962,-0.2485,0.92272,-0.91852,-1.4493,-0.069809,-0.6059,0.81679,0.019333
-0.088921,-0.13249,4.7082,-0.29278,0.18235,1.0846,-1.134,-1.442,-0.11547,-1.0573,0.50877,0.19858
2.382,-0.15478,5.9761,-0.2393,0.27983,-0.051232,-2.2387,-0.68302,0.4907,-1.3736,-0.37661,-0.61496
3.662,-1.4884,5.3005,-0.11259,0.10548,0.42315,-2.3484,-0.67845,-0.39289,-1.2228,0.3038,-0.65695
4.3793,-2.073,4.8094,-0.38814,0.091124,0.41947,-2.6498,-0.76374,-0.71382,-0.47438,0.33713,-0.13909
4.0842,-0.74223,5.1894,-0.21158,-0.17643,-0.057969,-3.1205,-0.8636,-0.34118,-0.26078,-0.18136,-0.42581
5.3846,-2.4755,5.2091,-0.63738,-0.018476,-0.13462,-3.0438,-0.64818,-0.7862,-0.29727,-0.41069,-0.88381
4.9382,-1.7863,3.9925,0.12783,-0.56152,0.0056711,-2.7139,-0.84766,-0.34106,-0.01505,-0.039275,-1.0031
5.7238,-1.7717,4.188,-0.044125,-0.64779,-0.49835,-2.7198,-0.61399,-0.60437,0.49587,-0.15801,-0.90692
5.1631,-0.84014,4.4339,-0.026556,-0.49583,-0.50603,-2.9213,-0.67704,-0.36593,0.37953,-0.42825,-1.1976
5.6034,-1.4814,4.1734,-0.091104,-0.06324,0.082079,-3.0805,-0.90573,-0.70992,-0.10036,-0.30514,-0.76995
5.6167,-1.0164,2.8135,0.62228,0.11501,0.19845,-2.0696,-1.1211,-0.81373,-0.37426,0.15862,-0.60148
5.2037,0.27248,2.7965,0.87731,-0.42754,-0.33681,-2.0188,-0.94255,0.080311,-0.26169,0.015788,-0.27787
6.7934,-0.023802,2.7582,0.83109,0.25559,-0.58048,-1.7357,-0.61124,-1.2936,-0.016167,0.0031981,-0.92434
4.7618,0.7815,1.7647,0.76804,0.4379,0.49398,-1.0317,-0.3952,-0.10729,-0.19372,-0.3769,-1.0951
4.9448,1.0054,2.4187,0.84589,-0.19126,-0.12834,-0.98146,-0.34292,-0.11626,0.076013,-0.11374,-0.3853
5.359,0.41538,2.4228,0.94805,0.44234,-0.28439,-1.4662,-0.79389,0.27501,0.34626,-0.25545,-0.39414
5.0374,1.016,2.7183,1.9883,1.2427,0.12782,-0.2295,-1.2333,-1.1073,-0.69881,-0.48244,-0.38057
4.1835,1.6475,2.345,1.4165,0.6289,-0.66097,-0.57671,-0.42213,-0.13632,-0.9452,-0.78637,-0.76424
3.467,3.4038,2.052,0.70694,0.62944,0.019841,0.29839,-1.3859,-1.0037,-1.3458,-0.54834,-0.55435
2.8494,3.6062,2.7473,1.0638,0.81772,0.20115,-0.70717,-1.4136,-0.69104,-1.2645,-0.0019583,-0.20195
2.3418,2.509,2.6332,0.070375,0.30014,0.33161,-0.79708,-1.1764,-0.4347,-1.7674,-0.14258,-0.48299
1.1217,2.0416,3.257,-0.29064,0.0020353,-0.72527,-1.3242,-1.636,-0.13276,-1.4889,-0.36068,-1.4202
0.13124,1.0702,1.5095,-1.1842,-0.76183,0.091067,-1.7582,-1.205,-0.43092,-2.1598,0.20194,-0.83532
-0.42401,1.7054,1.7247,-1.8943,-0.21733,-0.72404,-2.3986,-1.8809,-0.67745,-2.2153,0.38305,-0.16933
0.19801,2.2935,3.3975,0.038039,-0.4066,-0.9357,-2.0962,-1.9788,-0.18036,-1.159,0.59178,-0.36713
-0.62124,1.3602,3.6481,0.034418,-1.2045,-0.76977,-1.8791,-1.9421,-0.38632,-1.9069,0.041533,-0.63892
-1.4808,1.2237,3.3752,-0.95729,-1.4206,-1.2618,-1.3075,-1.2576,-0.036674,-1.3878,0.46681,-0.56964
-1.2542,1.1883,3.2211,-0.45742,-0.80488,-1.0403,-1.7643,-2.1326,-1.2357,-1.9726,0.81778,-0.15267
-0.67075,1.7212,2.5578,-0.27861,-0.35014,-1.2366,-2.4429,-1.4626,-0.49859,-1.6374,0.29494,-0.64066
-0.60118,2.0486,3.4047,-0.24107,-0.62676,-1.134,-1.4387,-1.6802,-0.81447,-1.7256,0.16467,-0.49006
-1.1543,1.6776,3.016,-0.32453,-0.74671,-1.0328,-1.7933,-2.1587,-1.1663,-1.5317,0.55434,-0.45138
-1.968,1.135,2.9743,-0.11288,-0.6458,-1.5109,-1.4723,-1.1831,-0.23688,-1.9596,-0.090504,-0.56723
