-0.28359,-0.7006,0.84427,-2.1693,-1.1946,-0.41724,-0.92697,-1.2437,1.5947,0.64984,0.15389,-1.4229
0.48323,0.61766,0.38837,-2.5867,-0.50267,-0.84576,-0.68955,-0.89938,1.339,0.54989,-0.28832,-1.2244
-0.062459,1.6524,0.21556,-2.3701,-0.97494,-0.81386,0.29609,-0.61959,1.3533,0.27709,-0.19738,-0.8031
-1.2158,2.4872,-0.47621,-2.8683,-1.1953,-0.35741,0.33132,-0.55947,0.62016,-0.0044076,-0.15246,-1.2226
-0.81283,2.2572,-1.1067,-3.6464,-0.99485,-1.0235,0.74469,-0.3113,0.40633,-0.85207,-0.12621,-0.24306
0.81774,3.175,-1.639,-3.101,-0.85988,-0.49328,0.75293,-0.94545,1.0515,-0.097645,-0.47185,-0.40933
0.59603,4.3429,-0.46569,-2.3995,-1.4671,-0.49044,0.64466,-0.76349,0.39929,-0.73512,-0.1722,-1.0509
0.30924,4.3986,-0.3699,-2.068,-1.0061,0.24064,1.4542,-0.753,1.5297,-0.35105,0.17766,-0.68634
0.36327,4.4819,-0.59349,-1.0507,-0.35143,0.16405,0.80058,-0.69011,1.5813,-0.95906,0.55006,-0.54213
-0.20562,4.0313,-0.42602,-1.5316,0.15185,0.87264,1.5722,0.31125,1.5058,-0.66518,0.85024,-0.1399
-0.045963,5.2898,0.52954,-1.2646,0.36897,0.26935,0.52922,-0.8386,1.1648,-0.8389,0.13877,-0.42755
-0.61599,5.3062,0.48525,-1.4492,-0.22578,0.37173,1.1197,-0.37028,1.9476,-1.3045,0.51053,-0.26746
1.2016,5.7473,0.34492,-1.8994,-0.35489,-0.84367,0.85527,-0.04409,1.3851,-1.6293,0.32677,-0.614
3.2831,5.6791,1.1083,-3.6697,-1.3565,-0.51059,-0.13879,0.046236,1.0698,-1.592,0.47701,0.15851
3.3533,6.5915,1.8963,-4.8642,-1.5586,0.44946,-0.1587,-0.28983,1.2567,-1.5801,0.53405,-0.32202
3.4703,5.7033,1.2669,-4.9974,-1.3271,0.87085,-0.65855,-0.49618,1.3518,-2.0201,0.47713,0.2301
3.6727,4.4902,1.1274,-4.782,-1.717,0.67924,-0.38531,0.041441,1.1098,-1.4466,0.55237,0.40125
3.9031,3.4704,0.37722,-4.4746,-1.6069,0.90247,-0.32617,-0.11844,0.97203,-1.3284,0.55132,0.51377
3.9003,3.0564,0.48925,-4.1953,-1.3553,1.2698,-0.27529,0.046453,0.80533,-1.7863,-0.064103,0.31722
3.7312,3.267,0.15496,-5.3774,-0.82499,2.0276,-0.2937,-0.3888,0.72737,-2.0675,0.31759,0.039208
3.8767,2.2673,-0.1331,-5.1773,-0.80699,2.1959,-0.20492,-0.48334,0.30452,-1.7737,0.43907,0.22806
3.8059,2.1735,-0.25499,-5.8264,-0.5807,2.6978,0.10214,-0.81411,0.15102,-1.6579,0.56615,-0.02263
3.5656,1.032,-1.2306,-6.0316,-0.051265,2.62,-0.015479,-0.9607,-0.19089,-2.1979,0.85611,0.094703
3.6744,0.70509,-1.0612,-4.6432,0.070282,2.8012,0.43613,-0.075411,-0.3564,-2.2114,0.60903,0.26639
3.9096,1.1062,-0.99552,-5.3518,0.51451,3.1042,0.31114,-1.1349,-0.48919,-2.203,0.68345,-0.27843
3.7599,0.036769,-1.4408,-4.3391,0.57805,2.2596,0.39664,-0.62654,-0.67148,-1.6174,0.61204,0.31089
3.6861,0.44791,-2.498,-4.1988,0.9422,2.8006,0.36948,-0.70341,-0.66061,-1.7756,0.93938,0.025549
4.0911,0.77882,-2.51,-4.3143,1.5426,3.2661,0.76301,-0.61051,-0.63151,-1.9317,1.0357,-0.33826
4.0744,-0.092029,-2.1752,-3.9025,1.5628,3.2976,0.73194,-0.74048,-0.93673,-1.3101,0.385,-0.50113
3.7982,-0.39729,-2.728,-3.9905,1.9153,2.9095,0.18264,-0.819,-0.38119,-1.1527,0.73856,-0.60775
3.9842,-0.28629,-3.0163,-3.7305,2.1312,2.8061,0.31644,-1.2268,-0.33413,-1.0127,0.68142,-0.84452
4.3498,-0.39929,-3.5611,-3.4256,1.8669,2.6311,0.065278,-1.3124,-0.25951,-0.97098,0.65247,-0.81769
4.0501,-0.87485,-3.9755,-3.6046,1.5294,2.3201,0.23187,-0.7817,-0.15025,-0.6028,0.58207,-0.95337
3.8481,-1.2968,-3.6603,-3.0075,1.3429,2.1132,0.045805,-0.48748,-0.52991,-0.11446,0.72145,-0.65524
3.8345,-0.64464,-3.3652,-3.3878,2.1302,2.6769,-0.34951,-0.96649,-0.19663,-0.55885,1.0033,-1.0599
2.5027,-1.5608,-3.2715,-3.0833,1.616,2.2551,-0.1515,-0.77612,0.1603,-1.115,0.41791,-0.7827
3.822,-0.48811,-3.3309,-4.0645,2.1479,2.4702,-0.38597,-0.67125,0.62133,-0.89069,0.64224,-1.5051
3.33,-0.34637,-3.5178,-4.5877,1.5644,2.4375,-0.41739,-1.0921,0.92765,-0.93359,0.30737,-1.2598
4.7853,0.91953,-2.5651,-4.5155,0.67293,2.5073,0.10201,0.040884,0.56713,-1.3951,0.053719,-0.95598
3.7534,-0.12302,-3.1165,-4.473,-0.15991,2.1992,-0.37462,-0.69528,-0.063755,-2.152,0.038593,-1.1602
3.8715,-0.66276,-2.8694,-4.4536,0.53854,2.8737,-0.045024,0.41836,0.018522,-1.4116,0.72059,0.020759
2.7104,-1.7268,-4.0782,-5.6453,-0.20072,2.6733,0.36176,0.7814,0.69956,-0.84635,1.9323,0.83623
4.4388,-1.3721,-3.1043,-3.5544,0.5933,3.1907,0.58471,0.62546,0.14318,-1.12,0.80359,0.42918
5.9157,-0.19817,-2.7173,-4.8749,0.23747,3.2542,-0.13993,-0.39198,-0.36558,-1.8896,0.965,0.13278
4.5735,-0.65683,-2.485,-2.5072,0.64014,2.8768,0.51053,-0.18615,-0.22803,-1.0039,0.60856,0.69932
5.56,-0.86238,-2.2117,-4.7461,0.38929,3.0878,-0.0034177,-0.52367,-0.20266,-2.1002,0.91367,0.050582
3.9749,-1.7754,-3.0992,-2.412,0.60881,2.0555,0.53005,-0.47412,-0.76278,-0.80824,0.4531,0.71574
6.2245,-1.4657,-2.8549,-4.717,0.52029,2.5235,-0.60335,-0.19809,-0.4042,-1.3017,1.9566,-0.015103
3.5025,-1.8244,-2.18,-2.0255,0.61775,1.7299,-0.26483,-0.21266,-0.43843,-0.91813,0.88489,-0.024731
5.8233,-2.6323,-3.5508,-4.2646,1.8876,3.0624,-0.84632,-0.29572,-0.44044,-0.74283,1.7161,-0.31904
5.9148,-1.1388,-2.0414,-2.7043,1.2975,2.288,-0.67792,-0.49398,-0.18754,-0.683,0.84641,-0.16617
4.1186,-2.1337,-3.5467,-3.3841,1.2276,2.8419,-0.47877,-0.48376,-0.71065,-0.95883,0.38903,-0.29235
5.1712,-1.9977,-2.7843,-2.5485,1.1445,2.4275,-0.22143,-0.42776,-0.86007,-0.5837,1.5228,-0.40038
3.8954,-2.7971,-4.0379,-2.7757,1.981,3.216,-0.2306,-0.62133,-0.68739,-0.040032,1.4015,-0.021454
4.3546,-3.2475,-3.4001,-1.9524,1.7401,2.6684,-0.87204,-1.3411,-0.66859,0.004564,1.592,-0.28767
5.6095,-3.0805,-3.9938,-3.6537,1.8788,2.7152,-0.24076,-0.37609,-0.13523,-0.1335,1.4119,-0.78603
5.1764,-3.3614,-4.1225,-3.3372,1.8803,3.0047,-0.25594,-0.23334,0.11334,-0.2618,1.4558,-0.50254
4.1109,-2.403,-4.2463,-2.368,1.8452,2.7178,0.05922,-0.58802,-0.73068,-0.018985,0.63169,-0.97045
4.866,-1.5896,-3.6741,-1.7394,2.0991,2.6021,0.089437,-0.50017,-0.77978,-0.14371,0.5464,-0.42612
5.3225,-2.5151,-4.5368,-3.9655,1.5788,3.0767,-0.1323,-1.0826,-0.94626,-1.6775,0.65481,-1.3394
5.9193,-2.354,-3.6614,-2.0955,2.0315,2.9442,0.3542,-0.36094,-0.78403,0.35932,1.233,-0.8273
4.2777,-2.9655,-5.5041,-2.8543,1.6377,2.6444,-0.30303,-1.122,-0.98966,-0.28288,0.70588,-0.79566
3.232,-2.6378,-4.6127,-1.727,1.9834,2.9326,0.72004,-0.85695,-0.99986,-0.10334,0.51382,-0.23803
4.6985,-2.3411,-4.9154,-2.9683,1.4747,2.8986,-0.016379,-1.3591,-1.4745,-0.65267,0.65809,-0.74358
3.515,-3.0352,-4.9622,-2.532,1.2428,2.4235,0.53775,-0.6266,-0.66208,-0.28998,0.7,-0.20701
3.4084,-2.3123,-4.5399,-2.3628,1.2655,2.2707,0.27103,-0.95017,-1.2395,-0.49085,0.33716,-0.55406
5.407,-2.1324,-4.0343,-1.8322,1.5033,2.491,0.23253,-1.2229,-0.93113,-0.40741,0.91372,-0.34481
4.5379,-2.8291,-5.2779,-3.0555,0.89198,2.3332,-0.21042,-1.2845,-1.0914,-0.71904,0.14544,-0.74062
4.2184,-2.5287,-4.2775,-2.8734,0.086584,1.5177,0.1695,-1.1752,-0.77087,-0.53139,0.64933,-0.18678
4.9915,-2.5824,-4.0393,-2.599,1.292,2.2027,0.069967,-0.8788,-1.0277,-0.75214,0.66251,-0.38427
4.0226,-1.8013,-2.0856,-0.71749,0.96844,0.67492,-0.1437,-1.0314,-0.046113,-0.018551,0.57039,-0.15104
1.7556,-0.042231,-1.453,-0.18717,-0.14371,0.057729,-0.73462,-1.0655,-0.70473,-0.0063065,0.38738,0.21748
1.1469,0.15834,-1.0944,-0.24936,-0.58364,-0.24096,-0.65046,-0.77844,-0.26072,0.085378,0.10049,0.032337
0.85847,0.14685,-0.93462,-0.63586,-0.44724,-1.0326,-0.86926,-0.60036,0.33574,0.47861,0.25096,0.37875
0.62157,0.045203,-0.85974,-0.065863,-0.62932,-0.43208,-0.89719,-0.70887,0.15505,0.0090482,0.28323,0.51465
1.5564,0.47513,-0.70339,-0.5229,-0.79209,-0.63635,-0.83998,-0.63131,-0.25039,-0.14306,0.061852,0.22906
1.5679,0.29791,-0.71488,-0.2003,-0.74971,-0.50206,-0.38204,-0.78151,-0.33305,-0.12698,0.35422,0.46869
1.1127,0.64299,-0.35963,-0.25209,-1.0658,-0.69355,-0.53766,-0.54988,0.18387,0.016694,-0.20373,0.037008
1.3779,0.20957,-0.29593,-0.19739,-0.68234,-0.061858,-0.5885,-0.43877,0.13229,-0.033329,-0.28436,-0.32025
0.67393,0.60014,-0.099548,0.17479,-0.73992,-0.60027,-0.44193,-0.72784,-0.47978,-0.51143,-0.24433,-0.36513
1.2216,1.2265,0.068318,-0.59955,-1.5706,-0.945,-0.91281,-0.60737,-0.2054,-0.15131,-0.26111,-0.25647
0.30185,1.0398,0.25588,-0.057935,-0.54554,-0.5012,-1.0339,-0.081798,0.042239,-0.019456,0.044255,0.14328
1.0746,1.0417,0.88049,0.37632,-1.1027,-0.96678,-1.3382,-0.656,-0.2817,-0.31334,-0.61149,-0.38401
1.5008,1.3124,0.73293,-0.12876,-1.3578,-0.81073,-1.109,-1.307,-0.53947,-0.62765,-0.32075,-0.063184
1.5317,1.3731,0.11501,-0.58135,-1.6145,-0.74191,-0.93842,-0.85622,-0.29165,0.066087,0.20597,0.054253
1.9721,1.7289,1.2364,1.305,-0.86561,-1.1324,-0.56119,-0.50211,-0.72249,-0.16223,-0.18329,-0.23166
2.875,1.6338,0.65724,-0.012261,-0.99514,-1.5766,-1.19,-0.59507,-0.39635,-0.44687,-0.41687,-0.13074
2.6057,2.0489,1.182,0.026142,-0.87642,-0.40533,-0.42795,-0.22558,-0.31507,-0.6989,-0.60329,-0.31352
3.7123,3.211,2.1879,0.61993,-0.45488,-0.80472,-0.88327,-0.71192,-0.41599,0.19883,-0.74974,-0.35436
3.6135,2.9615,1.3307,0.40521,-0.52552,-0.53108,-0.6673,-0.59714,-0.38502,0.15091,0.013526,-0.87177
4.2408,2.5691,1.7708,0.8648,-0.044318,-0.48118,-0.56688,-0.73212,-0.65116,-0.47596,-1.0472,-0.79676
4.4927,2.4536,1.2632,1.2384,0.83132,0.52223,-0.24302,-0.34241,-0.87918,-0.39045,-0.87023,-1.3777
4.3399,1.7954,1.3835,0.577,0.58896,0.94314,0.54991,-0.21548,-0.87317,-0.55038,-0.49518,-0.87726
4.9739,2.0093,1.344,0.41783,0.060414,-0.079656,-0.59701,-0.38231,-1.0371,-0.44346,-0.085567,-0.54195
4.8993,2.3848,1.281,0.83569,0.2349,0.14709,-0.46434,-0.05693,-0.67599,-0.71757,-0.64058,-0.70372
4.1554,1.2223,0.90587,0.87624,0.16344,-0.0087036,0.019285,0.8167,-0.32915,-0.73834,-0.6141,-1.0028
4.9172,1.6729,1.4776,0.16113,-0.64754,-0.40484,-0.28885,-0.00032468,-0.10683,-0.61428,-0.77782,-1.0013
5.0487,1.9999,1.6137,0.61427,-0.44985,-0.16287,0.43318,0.11258,-0.37453,-0.56908,-0.72708,-1.2121
5.3197,1.626,1.7805,1.1036,-0.78129,-0.88398,0.089028,0.37724,-0.72117,-0.52106,-0.9685,-1.4503
4.8453,1.1526,0.95158,0.77978,-0.12054,-0.41212,0.0010579,0.32391,-0.34376,-0.36384,-1.2038,-1.3842
5.216,1.8385,1.4855,1.1525,0.30679,-0.0071581,0.1437,-0.31693,-0.58038,-1.0677,-1.4776,-1.0011
4.5238,1.5364,1.4722,0.71087,-0.51883,-0.83261,-0.91059,-0.12992,-0.48123,-0.48367,-1.2737,-0.6754
4.4061,0.66897,2.3326,1.1082,-0.77769,-0.5735,-0.55486,-0.67189,-1.1835,-0.69186,-0.63297,-0.88017
4.1531,-0.20916,2.9752,0.74336,-1.0664,-0.31635,-0.13988,-0.19458,-0.57705,-0.91794,-0.99576,-0.81782
-0.82078,-1.5794,4.0981,-0.3584,-2.3695,-0.42943,-0.50892,-0.97778,-0.36855,-1.6286,-0.32696,-0.66544
-1.9703,-0.20665,4.4291,-0.90472,-0.92221,0.81515,-0.73152,-0.25997,0.27031,-2.1386,0.27033,-0.98824
-0.54368,1.1903,2.7409,0.12317,0.09999,-0.27532,-0.94203,-0.058891,0.52898,-1.2685,-0.18449,-0.96364
1.5639,0.59755,2.8675,1.3074,0.16301,-0.60338,-1.2966,-0.29121,0.1561,-1.2676,-0.44609,-0.96284
2.2887,0.80171,3.3754,1.3346,-0.085583,-0.68782,-2.494,-0.31605,0.53571,-0.31878,-0.30133,-0.9828
2.7703,0.21038,4.2277,0.77011,-0.66978,-0.3136,-3.3467,-0.57213,-0.27626,-0.43171,-0.05818,-1.0239
2.9936,0.27961,3.3105,0.5585,-0.63799,-0.10669,-3.0675,-0.56284,-0.29691,-0.36259,0.13704,-0.79775
2.981,0.57301,3.5635,0.53308,-0.73326,-0.23144,-3.0567,-0.96334,-0.45061,-0.025767,0.20163,-0.42164
2.9102,1.091,3.7277,0.68054,-0.71834,-0.76468,-3.0852,-1.3732,-0.27371,0.064595,-0.18266,-0.25908
3.1596,1.0738,3.7221,0.81731,-0.59701,-0.56418,-3.0528,-1.1246,-0.6512,0.02611,0.38465,-0.74957
3.8263,0.55294,3.7048,0.52665,-0.99825,-0.06478,-2.6805,-0.8921,-0.65789,-0.11606,0.12509,-1.0963
3.1415,0.61783,3.787,0.088494,-0.81018,-0.65528,-2.7151,-0.9149,0.0088195,0.36468,0.43606,-0.83521
3.453,0.87853,3.9358,0.19061,-0.92136,-0.76388,-2.872,-1.0159,-0.23946,0.32812,0.55192,-0.6827
3.7829,0.45604,4.5647,0.39595,-0.2933,-0.75369,-3.3177,-1.4142,-0.85452,0.62386,0.55843,-0.75457
3.5121,0.51827,3.531,0.46989,-0.41858,-0.56454,-3.67,-1.5733,-0.6488,0.46207,0.71033,-1.024
3.7641,0.35638,3.4236,0.70293,-0.79252,-0.43684,-4.1456,-0.92611,-0.89986,1.0623,0.59293,-0.82978
4.0692,0.15718,2.9023,-0.40089,-0.95792,-0.30713,-3.6591,-0.90858,-1.0143,0.74331,0.52253,-0.70004
3.9241,0.75714,2.96,-0.33546,-0.69767,-0.40696,-3.0496,-1.1697,-0.80327,0.5657,0.38617,-0.54282
3.979,0.38049,3.1954,0.33228,-0.66858,-0.8488,-3.779,-1.1813,-0.56374,1.2318,0.40822,-1.0152
4.4183,0.042001,2.0936,0.51293,-0.56672,-0.22228,-3.5976,-1.0276,-0.89569,0.78274,0.14538,-0.6225
4.2669,1.154,2.5836,0.14556,-0.76088,-0.75552,-2.2291,-1.113,-1.5545,0.25357,-0.15252,-0.77216
4.0092,0.40977,1.9178,0.069164,-0.31461,-0.63879,-0.65832,-0.06349,-1.505,0.88772,-0.19572,-0.94212
4.5518,0.33372,1.0927,0.42555,-0.91436,-1.0514,-1.3729,-0.97587,-1.3064,0.8354,0.50818,-1.1318
4.4347,0.90362,1.862,-0.61537,-0.8004,-1.0727,-1.9853,-1.443,-1.185,0.70668,0.80224,-1.1316
3.7227,0.058781,0.79235,-0.35491,-0.81415,-0.73938,-0.94561,-0.87196,-0.89842,0.22194,0.49486,-0.472
4.4257,1.4743,0.024923,-0.015483,-1.1567,-0.7932,-0.68932,-1.7569,-0.57711,0.6496,0.67275,-1.1098
3.913,1.6063,0.0055587,-0.26769,-1.3087,-0.86298,-0.69611,-1.7485,-0.56187,0.36908,1.0146,-0.51501
2.9862,1.7665,-0.28291,0.004983,-1.3402,-1.5829,-0.48008,-1.3264,-0.20671,0.12968,0.65519,-0.6448
3.5296,2.378,-0.31987,0.13048,-1.8878,-1.2284,-0.20146,-1.8864,-0.74196,-0.09215,0.99242,-0.53209
3.1408,3.6267,0.84071,0.87623,-1.6622,-2.2912,-0.58138,-1.8445,-0.83442,-0.1316,0.67306,-0.82484
2.7971,1.7449,-0.31052,-0.21553,-1.2915,-0.89579,0.29432,-1.09,-0.93948,0.21729,0.44808,-0.82158
1.8817,1.7587,0.62459,0.3348,-0.62298,-0.51536,-0.76601,-1.5281,0.43494,-0.68882,-0.030305,-0.76639
1.8069,-0.48073,1.1574,1.2174,-0.63433,-0.51007,-1.0777,-2.031,0.38479,-0.36879,0.41532,-0.80334
1.1148,0.5772,1.148,-0.21532,-1.205,-0.27676,-0.26882,-1.0563,0.8345,0.091823,-0.087011,-0.83533
2.3325,-0.081509,0.31672,0.017765,-0.91155,0.098343,-1.2043,-0.94775,0.065788,-1.1261,-1.0943,-1.6614
2.4924,-0.07273,0.85767,-0.085784,-0.30763,0.043379,-1.0155,-0.29608,-0.2065,-0.85339,-0.3523,-0.82834
1.9602,-1.4667,-0.39704,0.068977,-0.30262,0.84078,0.021528,-0.076281,-0.050139,-1.0176,-0.55012,-1.0063
2.648,-0.80108,0.57487,-0.2924,-0.039299,0.20642,-1.2898,-0.50229,-0.20352,-0.44834,0.050324,-0.91816
2.2058,0.00039894,0.13889,-0.40532,-0.6438,0.11942,0.027069,0.76497,0.46032,-0.42688,-0.074429,-0.87362
2.3797,-0.601,0.29496,-0.69704,-0.37907,-0.35294,-0.70979,0.32259,0.17125,-0.75425,0.49594,-0.33803
2.3363,-0.31385,0.78753,0.012519,-0.42529,0.34443,-0.24666,0.57748,0.40047,-0.9588,-0.10983,-1.1144
2.1954,-0.27284,-0.43888,-0.66415,-1.0711,-0.62468,-0.48046,-0.31489,-0.13994,-0.65086,0.26171,-0.63834
1.9849,-0.087945,-0.80451,-1.1201,-0.53524,-0.34994,-1.547,-0.3389,-0.56646,-1.2492,0.33376,-1.0237
2.0761,-1.1056,-0.59365,-0.60513,-0.74068,0.18974,-0.6124,0.0072046,0.57955,-0.30363,-0.039152,-1.4061
1.8516,-0.60309,-1.2146,-0.712,-0.75402,0.14631,0.34242,1.3013,1.0713,-0.31005,0.63706,-0.1001
2.7825,-0.20706,-0.47475,-0.5657,-0.52612,-0.2337,-0.91747,0.3938,-0.043419,-0.93269,-0.7762,-0.5242
2.3435,-1.178,-0.99748,-0.65723,-0.67362,-0.099548,-0.024708,0.9421,0.87174,-0.64598,-0.42375,-0.4381
1.9474,-1.023,-1.4876,0.057272,-0.66883,-0.37533,-0.54234,0.45088,0.52291,-0.78879,-0.20192,-0.83638
2.2999,-0.61852,-1.4509,-0.86391,-0.33619,0.41491,-0.37491,-0.078161,0.52065,-0.45678,-0.36247,-0.7365
2.812,0.22742,-1.0353,-0.11914,-0.43515,0.40534,-0.51477,0.3096,0.25933,-1.3686,-0.58608,-0.57698
2.6967,-0.015288,-1.1125,-0.64852,-0.89558,-0.2597,-0.33278,0.065815,0.41976,-1.1802,-0.49054,-0.36468
1.9811,0.2188,-1.6375,-0.43335,-0.19394,-0.38194,-0.42652,-0.71185,0.4927,-0.98804,-0.4179,-0.50931
1.5407,0.54774,-0.67887,-0.5001,-0.35237,0.02338,0.30742,0.31028,0.21968,-1.1461,-0.85986,-0.76441
1.3151,0.47395,-1.8116,-0.0086304,0.21401,-0.18676,0.25499,-0.34882,0.36858,-0.86064,0.32446,-0.76615
1.3672,0.59836,-1.5179,0.084185,0.09503,-0.36495,-0.30562,-0.64491,0.67999,-0.5973,-0.32601,-0.43189
1.4208,0.38935,-0.93716,0.75171,0.28422,-0.017325,0.44555,-0.053014,0.90214,-1.1422,-0.60845,-0.72576
1.444,0.96786,-0.38658,1.7556,0.15504,-0.73929,0.32033,-0.36045,0.32367,-0.59251,-0.040202,-0.3494
2.085,1.1403,-0.72129,1.441,-0.14979,-0.3175,0.77155,-0.93454,0.19008,-0.28641,0.0053455,-0.64521
2.6156,0.47791,-0.72551,0.43024,-0.80382,-0.71911,0.082487,-0.40435,0.44358,0.15349,0.15469,-0.54157
2.6445,0.11034,-1.3459,0.22203,-0.45943,-0.45416,0.55535,-0.37308,0.98046,-0.39545,-0.0692,-0.79151
2.4515,0.60121,-0.11351,-0.027049,-0.28227,-1.2752,-0.14679,-0.69536,-0.22604,-0.57414,-0.1877,-0.56565
2.7479,0.55169,-0.9974,-0.5104,0.061224,-0.47921,-0.28618,-0.091914,0.3714,-0.13341,-0.12762,-1.0449
2.3164,0.41365,-0.191,-0.79287,-0.58419,-1.6184,-1.2693,-0.52032,-0.55421,-0.97839,-0.12697,-0.83634
2.5966,-0.28962,-0.40031,-0.32224,0.17487,-1.0239,-0.64516,0.38047,0.30631,0.25038,0.04276,-1.072
2.8273,0.31322,-0.25694,-0.40191,-0.14715,-0.46225,-0.51151,-0.30384,0.24382,-0.29523,0.084471,-0.5574
2.645,-0.077687,-0.65092,-0.341,-0.066034,-0.82143,-0.76842,-0.40243,0.10845,-0.43557,-0.30515,-0.77094
2.3896,-0.037305,-0.42627,-0.15168,-0.5856,-0.40482,-0.48569,-0.51853,-0.54019,-0.56497,-0.81403,-0.94721
3.3119,0.52958,-0.89971,-0.57549,0.14463,-0.81756,-0.39002,0.9154,-0.33665,-0.87238,-0.18366,-0.81478
3.3447,0.61793,-0.26482,-0.011974,-0.028241,-0.88717,-0.62476,-0.14306,-1.0144,-1.3069,-0.1255,-1.1268
3.4549,0.59149,0.063352,-0.09122,-0.10796,-0.59419,-0.36194,0.013557,-1.0606,-1.0775,-0.22546,-0.93952
2.8555,-0.37421,-0.5733,-0.57515,-1.1665,-0.68032,-0.20401,0.30727,-0.14358,0.20624,0.40081,-1.0661
3.1314,1.1202,0.74417,-0.3376,-0.66372,-0.75255,-0.29622,-0.4786,-0.48299,-0.29383,0.34853,-0.40677
3.3109,0.96466,-0.079405,-1.2328,0.26491,-0.51982,-0.67437,-0.6839,-1.1069,-0.3974,-0.63866,-1.219
3.6104,1.116,0.54449,-0.84988,-0.83767,-0.12852,-0.011126,0.21558,-0.51817,0.23445,-0.79971,-1.232
3.4594,0.3314,-0.18763,-0.33945,-0.94442,-0.34012,-0.19217,0.66687,0.052348,-0.48189,-0.64793,-0.5648
2.2529,0.90545,-0.17444,0.23843,0.17065,0.10421,-0.57008,0.0057729,0.18183,-0.11753,-0.83338,-1.277
3.0995,1.4547,0.25824,-0.13411,-0.68905,-0.31135,-0.27957,0.19298,0.090188,0.31539,-0.2707,-1.3276
3.578,0.69393,-0.81416,-0.67097,0.09145,0.11676,-0.17112,-0.12676,0.19788,0.27313,-0.61933,-1.3547
3.2357,1.2418,0.1125,0.021079,-0.82153,-1.4635,-0.27908,-0.26568,0.46034,0.51711,-0.40458,-0.89082
1.75,2.4966,-0.78107,0.092242,0.4301,-1.6674,0.60737,-0.25437,0.91549,-0.7454,-0.57263,-0.85281
-1.0967,2.8808,-2.3213,-0.80697,0.27174,-2.3448,0.18218,-0.66476,0.28267,-0.40236,-0.34054,-1.2339
-3.3189,4.9005,-1.912,-0.0076485,0.52339,-2.2163,-0.27318,-1.2231,-0.01318,-0.80858,-0.25273,-1.2076
-4.6699,5.507,-2.6064,-1.603,-0.077437,-2.2876,-0.44526,-0.39507,0.38541,-0.46786,0.19263,-1.4776
-5.3547,6.5246,-1.6937,-1.3872,0.20767,-2.5378,-0.29867,-0.060797,-0.038398,-0.4243,0.75117,-1.4795
-6.3384,6.0762,-2.0004,-1.3707,-0.29488,-1.9137,0.17551,-0.067841,0.15015,-0.2885,0.14433,-1.0081
-7.0398,6.9274,-2.0973,-0.25685,-0.11081,-1.7027,0.17083,-0.21347,0.4749,-0.21663,0.093923,-1.2182
-7.728,6.1332,-1.5023,-0.60846,0.27208,-1.8237,0.042012,-0.38579,-0.15543,-0.81531,-0.12712,-2.1495
-7.556,6.0909,-2.2296,-0.54272,0.19302,-1.1579,0.6667,0.10525,0.13298,-0.8933,0.099281,-1.1456
-6.9577,6.2809,-1.8478,-0.086495,1.4317,-1.1331,0.48171,0.28769,-0.40723,-0.48815,-0.00051922,-1.4303
-6.9812,6.9457,-1.9795,-0.2953,1.21,-1.5521,-0.12081,-0.04651,-0.71579,-1.0021,0.45159,-1.5919
-7.692,5.8491,-1.9881,-0.30623,0.2172,-2.0474,-0.28598,0.58337,0.55448,0.22418,0.55568,-1.3984
-7.5285,6.2796,-2.2818,0.89406,1.4268,-1.237,0.22296,0.70819,-0.09311,-0.13172,0.59679,-1.4837
-7.5268,6.6245,-1.6911,0.16903,1.5003,-1.1552,-0.10711,-0.6471,-0.52486,-0.50666,0.10575,-1.1306
-7.2593,6.6114,-1.891,0.21557,0.48752,-1.6144,0.040117,-0.37089,-0.065322,-0.66821,0.43679,-0.70584
-8.2777,6.8266,-2.3605,-0.29475,0.60079,-1.6656,0.37507,-0.21785,-0.38636,-0.33301,0.70776,-0.45354
-7.7867,6.4073,-1.5575,-0.0099784,0.3388,-1.8995,-0.54633,-0.31974,-0.48407,-0.12425,0.62787,-0.54636
-8.786,6.1663,-2.1795,0.16354,1.1789,-1.2469,0.06815,-0.0016683,-0.66413,-0.67611,0.013755,-1.7872
-8.3671,5.8485,-1.8854,0.28316,0.99279,-0.7467,0.17242,-0.56835,-0.62658,-0.26927,0.74632,-0.79219
-7.9911,6.4352,-2.4221,0.038785,0.97336,-1.053,0.44045,0.03768,-0.63379,0.037834,0.076598,-1.9619
-7.0436,5.245,-2.2641,-0.246,1.0401,-1.0026,-0.12604,-0.28541,-0.92506,-0.57341,0.16025,-1.2618
-5.8598,3.972,-2.728,-0.78862,1.5474,-1.0884,-0.011781,-0.8458,-1.348,-0.29127,0.77603,-1.7221
-3.3146,3.9526,-2.6949,-0.54136,1.788,-1.1881,-0.70878,-0.95871,-0.8138,-0.20446,0.82147,-1.5111
1.3036,2.2543,-2.5554,-0.77731,1.7324,0.20745,-0.76816,-0.59013,0.32403,0.79593,0.40121,-1.8684
2.5095,1.7647,-1.915,-0.97702,1.8995,-0.21549,-1.4186,-0.95869,0.27778,0.95083,-0.11589,-2.1307
4.0846,0.49752,-2.0548,-1.2034,1.8255,0.43635,-1.1276,-1.1132,0.17964,0.85617,-0.1918,-2.6328
4.9246,-0.046561,-2.9486,-0.72196,1.4201,0.42595,-0.92469,-1.0316,0.30423,0.40822,-0.73657,-1.8726
3.669,0.16343,-2.6628,-0.58963,1.5178,0.31535,-0.89929,-0.98028,0.29275,0.024374,-0.56413,-1.7585
4.2413,-0.1298,-2.4051,-0.28507,1.8424,0.47913,-0.47693,-0.62718,0.37899,0.004089,-0.48613,-2.1643
4.5274,-1.3979,-2.035,-0.30428,1.5732,0.31444,-0.77132,-0.71409,0.36724,-0.072478,-0.61819,-1.5602
3.5784,-1.2686,-2.1959,0.10502,1.1719,0.64473,-0.61671,-0.43139,-0.015395,-0.23705,-0.64139,-1.5906
3.0379,-0.85484,-1.9913,0.35289,1.1385,0.30642,-0.39804,-0.58738,0.42903,-0.52186,-0.42359,-1.3407
3.3296,-0.90441,-1.9779,0.71609,1.572,0.53799,-0.38117,-0.45778,0.52712,-0.57645,-0.62769,-1.7005
3.9614,-1.8585,-1.6631,0.31574,1.1116,0.60541,-0.2928,-0.68201,0.49389,-0.63732,-0.40872,-1.6423
3.404,-1.8906,-1.2188,-0.0018926,1.0869,0.50405,-0.36452,-0.72263,0.41715,-0.73699,-0.20141,-1.7342
2.482,-1.161,-1.328,0.68152,0.71302,0.55422,-0.46482,-0.63624,0.69423,-0.69475,0.035804,-1.4856
2.85,-1.2036,-0.92357,0.5615,0.8111,0.53045,-0.37993,-0.51787,0.93012,-0.84209,-0.30509,-1.6517
3.1853,-1.9502,-0.37833,-0.041221,0.83412,0.29991,-0.2695,-0.19927,0.71509,-0.81935,-0.22513,-1.5833
2.9522,-1.5562,-0.47428,0.60458,0.14555,0.36529,-0.37798,-0.534,0.66171,-0.99196,-0.22454,-1.3076
2.181,-0.40252,-0.36614,1.0195,0.35357,0.22243,-0.21088,-0.63143,0.7749,-1.1361,-0.20989,-1.3239
2.9724,-0.76359,0.11004,0.97354,0.42212,-0.084116,-0.33791,-0.5078,0.74888,-1.4106,-0.42352,-1.5074
3.2757,-1.3955,0.40129,0.97764,-0.30146,0.43761,-0.65569,-0.25394,0.085963,-1.2925,0.10181,-1.5224
3.4809,-1.2385,0.56592,0.70952,-0.53124,0.14544,0.030432,-0.53025,-0.39584,-0.91191,0.60813,-1.6255
2.515,-0.60063,0.74988,1.2689,-0.17436,0.44864,0.23382,-0.78485,-0.27678,-0.70935,0.47301,-1.7903
3.1475,-0.16062,1.0632,1.3438,-0.43477,-0.031099,0.37424,-1.6349,-0.040588,-0.3315,0.60771,-1.8795
3.5262,-0.53844,0.56913,1.3296,-0.41137,0.38064,-0.085953,-1.6709,-0.78358,-0.012957,1.1795,-2.5167
2.9019,0.65712,-0.25891,2.0307,1.498,-0.19989,-0.53254,-1.5661,-0.85407,0.30349,0.74975,-2.6439
2.62,0.76123,-0.61973,2.3726,2.0057,-0.10907,0.17041,-1.7783,-0.57126,-0.10806,0.05171,-2.8069
3.8613,1.5151,-0.65684,2.1399,1.2479,-0.56191,-0.40897,-1.8842,-0.42178,0.50819,0.25272,-2.8571
2.7861,1.326,-1.1906,1.976,2.1287,-0.24438,0.27758,-0.88186,-0.36498,-0.33066,0.70025,-2.0316
1.7626,1.6913,-1.0431,2.1039,2.7134,0.10487,-0.51401,-0.69871,0.42424,0.16475,-0.010766,-2.2584
2.6848,0.81278,-0.8831,1.7442,2.0107,0.24466,-0.59749,-0.96232,-0.58767,-0.0053844,0.41208,-2.1238
2.5611,1.0202,-0.87949,1.5922,2.4556,0.33905,-0.78389,-0.59112,-0.090691,0.60544,-0.12808,-2.4796
3.2176,0.14585,-0.4002,1.5538,2.6115,0.31661,-0.83501,-0.26576,-0.54242,-0.34006,-0.23231,-2.3562
3.4642,-0.051286,0.20473,1.5835,0.90801,-0.49331,-1.1677,-0.11117,0.23681,0.15751,-0.62683,-3.4139
3.2394,-0.74304,1.17,1.0525,1.648,0.34439,-0.59878,-0.12793,0.017698,0.13639,-0.6853,-2.2517
3.5299,-1.0644,1.8966,0.78888,0.16456,0.23684,-1.0874,-0.64941,0.23356,-0.23119,-1.265,-2.391
2.1195,-0.64642,2.715,-0.010871,-0.56216,-0.36268,-0.12877,-0.80682,1.1247,1.029,-0.91882,-1.8723
3.0906,-0.91987,1.7679,-0.63864,-1.0549,-0.66148,-0.31263,-1.2795,0.70189,0.58193,-0.7334,-1.9262
2.8628,-0.30886,1.5436,-0.57155,-0.35094,-0.3183,0.11091,-0.10914,1.5415,1.3483,-0.87051,-1.4166
1.8098,-0.79211,1.2609,-1.862,-0.28563,-1.1303,0.28486,0.02407,1.7122,0.78618,-1.1708,-1.553
1.0533,-0.78856,1.304,-2.5016,-0.1747,-1.4054,-0.45587,-0.37465,1.8144,0.87691,-1.2262,-0.69314
0.94669,-0.23017,1.0388,-2.8092,-0.096375,-2.6985,-0.85577,-0.44109,1.8438,1.348,-1.4525,-0.95138
0.51036,-0.77683,1.7826,-3.3578,-0.18144,-1.7858,-0.89762,-0.43784,1.7115,1.8404,-0.96396,-0.96344
-0.55719,-0.61928,1.5415,-3.6253,0.70278,-1.6089,-0.22891,-0.57064,1.1117,1.0637,-1.1073,-1.2159
-0.70736,-0.94575,2.0173,-3.5466,0.44121,-1.3161,0.2611,-0.010701,1.1057,1.1458,-1.2771,-0.3887
0.26581,-1.8252,1.188,-4.1055,-0.78029,-1.6002,-0.016279,-0.24326,1.0145,1.1256,-0.51072,-0.35861
0.8314,-1.6226,1.2026,-3.3335,-0.027295,-1.4348,-0.63148,-1.2683,-0.067982,0.50555,-0.97872,-0.1102
2.2529,-1.8943,0.85974,-2.6857,-0.28826,-1.3604,-0.22745,-0.23442,0.70672,0.87158,-0.12106,-0.36341
2.5833,-2.274,1.0845,-2.5421,-1.5765,-0.87545,-0.55595,-0.56091,0.76348,0.78863,-0.16729,-0.53484
2.8571,-2.4115,1.6653,-1.697,-1.0536,-0.53847,-0.51606,-0.8474,0.32959,0.052182,-0.46789,-0.83317
2.1104,-2.0384,1.5933,-1.0911,-1.1059,-1.0307,-1.0259,-0.80503,0.040853,-0.24928,-0.29316,-0.16286
2.7038,-2.2302,1.4342,-1.0915,-1.5793,-1.0982,-0.6146,-1.2447,-0.06834,0.91275,-0.14537,-0.70692
3.4727,-1.4861,0.52606,-1.3525,-0.92664,-0.042164,-0.40947,-0.037645,0.53247,0.83623,-0.19184,-0.78766
2.9783,-3.0755,-0.021566,-1.9945,-1.7488,-0.2787,-0.82812,0.0033483,1.3449,1.2566,0.51507,-0.081325
3.4312,-2.1046,0.98438,-1.2681,-1.3833,-0.20245,-0.57499,-0.38964,0.8226,1.1455,0.092291,-0.51902
3.7637,-1.2388,1.12,-0.72621,-1.3744,0.35702,0.16311,-0.97084,0.49076,0.89401,-1.0047,-1.2387
4.6435,-1.2456,0.91759,-0.67271,-1.3634,0.38516,-0.7345,-1.0827,0.079205,0.89644,-0.98143,-0.94556
4.8425,-1.2021,0.90861,-0.63049,-1.281,0.73382,-0.99501,-1.4087,-0.11487,-0.10476,-1.1269,-1.0783
4.5891,-1.4993,0.83752,-0.37077,-1.2288,0.17643,-1.2138,-1.6539,-0.53272,0.30522,-1.017,-1.4162
4.0212,-1.7217,1.5982,-0.16268,-1.5491,0.23134,-0.83025,-1.269,-0.12441,0.080325,-0.90976,-0.94956
4.2082,-1.5705,1.2511,-0.68928,-1.1601,0.58701,-0.46305,-0.70777,0.38094,0.5912,-0.93423,-1.0091
4.5586,-2.1795,0.30139,-1.1341,-1.1327,1.1206,-0.75807,-1.4858,0.11508,0.59515,-0.69421,-1.039
4.6336,-1.3991,0.72554,-1.7382,-1.2983,0.7795,-0.73613,-1.4793,-0.031682,1.0093,-0.8704,-1.2033
5.3552,-0.43813,0.80463,-0.67218,-0.44766,0.43431,-0.6703,-1.0824,-0.15231,0.89819,-1.1889,-1.0426
4.5758,0.12731,1.207,-1.2358,-0.52948,0.34127,-0.58656,-1.0396,-0.54928,0.83609,-0.81552,-0.64569
3.9685,-0.54145,0.33299,-1.9821,-1.3233,-0.081826,-0.84948,-0.75481,-0.17993,0.44044,-1.6127,-1.337
4.1056,-0.83177,0.91719,-1.4729,-1.3452,0.18975,0.21515,-0.66608,-0.37255,0.61651,-1.4518,-0.97322
4.2328,-0.79748,-0.29953,-1.3146,-1.0324,-0.35445,-0.65861,-0.58703,-0.11303,0.22449,-1.919,-0.24395
3.4496,-1.0118,0.15736,-1.2954,-0.38261,0.30344,-0.81499,-1.3606,-0.16452,1.2275,-1.0284,-0.64326
3.9795,-1.2124,-0.30783,-2.269,-1.3076,-0.3386,-0.47367,-0.87189,-0.40159,0.89309,-0.71268,-0.57375
4.7999,-0.13391,0.31651,-1.5377,-0.51444,-0.0014773,-0.48261,0.1809,0.4596,0.25774,-1.4397,-1.0772
5.0785,0.35368,0.47179,-2.0032,-1.6619,-0.4875,-0.2354,-0.45668,-0.84121,-0.38531,-1.761,-1.1325
5.772,0.58197,0.28901,-2.1856,-2.0289,-0.798,-0.30163,-0.2984,-0.1186,0.17601,-1.7772,-0.50862
5.3066,0.40461,0.51281,-1.3435,-0.62244,0.22422,0.095383,-0.028915,-0.22904,0.39937,-1.8929,-1.3007
5.1633,0.43791,0.98265,-1.6919,-1.0324,0.46114,-0.089765,-0.43232,-0.28189,0.44665,-1.2593,-1.623
4.6618,0.37631,0.077674,-2.1092,-1.9354,0.46545,-0.058682,-0.4536,-0.17258,0.15127,-1.6626,-1.5939
5.9915,0.34468,0.24566,-1.5295,-0.6578,0.52168,-0.21163,-0.17516,-0.38977,0.34516,-1.1887,-1.3662
6.0685,0.9802,-0.2103,-1.3358,-1.5653,-0.002749,-0.069974,-0.50555,-0.1564,0.54345,-0.51973,-1.3513
5.6782,0.53093,0.094067,-1.9902,-1.6151,-0.30871,-1.3709,-1.0923,-0.20259,0.47326,-1.4269,-1.1149
5.6324,-0.21508,-0.25125,-1.0767,-0.8318,0.15098,-0.73516,-0.71319,-0.40374,0.22431,-1.2548,-1.3724
6.1307,0.65208,-0.48157,-1.3156,-1.5049,0.081051,-0.62673,-0.8544,-0.21943,-0.37031,-0.8946,-1.3216
6.0382,0.67278,0.47642,-0.94203,-0.80675,0.61605,-0.85868,-0.42193,0.84579,0.22479,-1.4175,-1.613
6.1475,1.0158,0.33099,-0.76801,-0.8103,0.65495,-0.70098,-0.54224,0.55886,-0.18189,-0.71788,-1.2202
5.6252,0.61992,0.62565,-0.51108,-0.64644,0.87944,-0.35613,-0.91298,0.25235,-0.56497,-0.79968,-0.74857
6.0106,1.357,-0.12323,-0.8484,-0.38685,1.1577,-0.48396,-1.2428,-0.75667,-0.33107,-0.80508,-1.3743
6.0897,1.3051,-0.18215,-0.58104,-0.25082,0.60168,-0.40007,-0.77785,-0.64059,-0.54286,-1.4475,-1.9178
6.3169,1.3366,-0.57927,-0.79878,-0.83105,0.16815,-0.30203,-0.014326,0.21225,-0.1918,-1.4933,-1.6154
6.1207,0.17552,-0.43119,-1.0684,-1.1215,0.036319,-0.34711,-0.16567,0.34475,0.25069,-0.87373,-1.8081
5.7587,0.34113,-0.71605,-0.99391,-0.77113,0.27218,-0.2813,0.31188,1.0911,0.87932,-0.6167,-1.6929
5.7547,-0.45309,-0.46831,-1.1417,-1.395,0.26472,-0.42682,0.64235,1.9954,1.5781,0.0037145,-1.7246
5.4395,0.259,-0.022359,-1.6556,-1.809,0.0070602,-0.79718,-0.62349,1.524,1.1236,0.13538,-1.4985
4.6021,-0.86124,-0.11887,-1.9702,-1.8355,-0.34499,-1.0894,-0.52829,1.0408,0.24293,-0.27551,-1.6827
2.7106,-0.80484,0.67118,-1.4367,-1.8575,-0.18009,-0.26073,-0.64316,0.7373,0.058181,0.59667,-1.0693
-1.4433,-2.3746,0.29688,-2.0084,-1.5987,0.50515,-0.47901,-0.47877,0.39988,-0.37903,1.3714,-0.6948
-0.28991,-0.28681,-0.73542,-2.587,-1.4895,0.20712,-0.50374,-0.25406,1.2601,-1.0246,0.96142,-0.35352
1.3125,1.4914,0.30885,-2.0831,-1.3667,0.16496,-0.34513,-0.12525,1.1589,-0.072965,0.19707,-0.14371
0.46796,2.3149,-1.4882,-2.6416,-0.72286,0.52514,0.25391,-0.45547,0.9472,0.77317,0.98124,0.78706
0.96452,3.1084,-1.4151,-3.3303,0.0086163,1.0859,0.65419,-0.0041479,1.0777,0.26442,-0.1886,0.25953
1.6967,3.9615,-1.7261,-2.5287,0.27743,1.0204,0.20969,-0.68687,1.032,0.23753,0.15045,0.4631
1.8622,4.2077,-1.9406,-3.2394,0.28391,1.3039,-0.14714,-0.16782,1.679,-0.65724,0.65669,-0.21518
1.8823,3.5437,-1.6313,-3.5625,-0.46566,0.58559,-0.16114,-0.33034,1.5083,-0.65345,0.90067,-0.36828
1.7484,4.7212,-0.98793,-2.7787,-0.33013,0.77795,0.34626,-0.53472,1.8401,-0.24356,0.65731,-0.67893
1.1331,5.1365,-0.91675,-2.7139,-0.41993,0.4907,0.10587,-0.74831,1.6314,-0.027516,1.3241,-0.31623
1.3471,5.3609,-0.61512,-2.2177,-0.37352,0.059208,-0.60782,-1.2371,1.376,-0.0057087,1.0943,-0.71355
0.4001,4.7047,-0.59734,-2.2029,-0.24113,-0.039855,-0.46065,-0.81631,0.82495,-0.6063,0.78852,-0.90736
3.3164,5.1229,-0.080138,-2.825,-0.56867,0.0078143,-0.47332,-0.12088,1.0243,-1.0375,0.2307,-0.95243
4.4553,3.5527,0.18405,-3.2708,-1.411,0.28984,-0.17881,0.8231,1.559,-0.3337,0.89607,0.10185
5.4917,3.5951,0.49472,-2.9579,-2.2472,0.11579,-0.43248,0.46597,1.1499,-1.193,-0.071065,-0.48731
5.5238,3.2063,0.76711,-4.2166,-2.0056,0.7228,-0.68814,0.43823,0.5593,-1.6209,-0.078257,-0.45261
5.1819,2.4317,0.23709,-3.9812,-1.6823,0.41996,-0.33013,0.55648,0.25449,-1.1815,-0.25528,-0.021981
5.9533,2.5928,-0.11014,-5.2905,-1.4664,1.1297,-0.049136,0.12358,0.62124,-1.5299,0.45889,-0.29765
4.9618,1.6443,-1.1475,-3.8799,-1.4402,1.2975,0.33593,0.74279,0.35925,-0.91709,0.23137,0.29302
6.343,2.7921,-0.59301,-6.3236,-0.91129,2.6126,-0.06937,-0.33302,0.63027,-1.7265,0.70034,-0.95531
5.3069,1.7362,-1.2025,-4.4973,-0.381,1.8642,0.04766,0.16282,-0.32742,-1.2309,0.2155,-0.45976
5.9548,1.7045,-2.136,-5.328,0.58042,2.8934,0.77003,-0.039507,0.14781,-1.3689,0.93365,-0.60894
6.8071,1.4758,-2.3652,-5.8746,0.6972,2.4993,0.58751,-0.72838,-0.8549,-0.47455,0.45868,-0.53525
5.8826,0.68799,-1.8545,-4.8906,1.3907,2.1342,-0.11996,-0.44374,-1.1997,-0.30019,-0.31591,-0.42277
5.1195,0.79393,-1.6878,-4.6263,1.6103,2.7831,0.47487,-0.4507,-0.91885,0.25114,-0.31193,-0.58599
3.9376,1.3653,-1.5218,-4.7745,1.6615,3.474,0.86793,-0.20579,-1.0404,0.24384,-0.72316,-0.53863
3.74,1.4717,-1.7094,-3.263,2.4559,2.4876,0.11405,-1.7169,-0.98978,1.3545,-0.084964,-0.32741
4.3901,1.6195,-1.0027,-2.9753,1.359,1.351,-0.29566,-0.83263,-0.76063,0.66165,-0.25023,-0.22262
2.8789,-0.52348,-0.73292,-3.351,1.2525,1.3888,0.52115,-0.56731,-0.020179,1.5288,0.80331,0.17532
2.9481,0.24395,-0.35784,-2.864,0.80861,1.2798,-0.030486,-0.15867,-0.33867,-0.063936,0.28209,-0.80064
3.264,-0.17925,-0.5086,-2.2584,1.4876,1.425,-0.33721,-1.1277,0.15801,0.50863,0.65399,-0.37613
2.2075,-0.70995,-1.22,-2.9406,0.4857,0.20657,-0.16701,-0.78327,-0.11661,-0.18958,0.51671,-0.807
0.51632,-2.0389,-1.6832,-2.124,1.6374,0.79241,-0.054845,-0.91973,0.61987,-0.27214,0.70443,-0.91874
1.0631,-0.69404,-0.98089,-2.0752,1.3166,0.74481,-0.2915,-1.676,-0.080403,-1.4644,0.49771,-0.8657
1.0377,-0.96104,-1.6158,-3.2304,0.44495,-0.046605,-1.4383,-1.4295,-0.522,-1.464,0.78549,-1.2279
1.164,0.029731,-0.76933,-3.0519,1.7064,1.0395,-1.2104,-2.3601,-0.043021,-1.4831,0.33563,-1.2167
1.2918,-0.51725,-1.3707,-2.1855,1.4545,0.53545,-1.1003,-1.8044,-0.35442,-1.0178,0.17247,-1.3769
0.80343,-1.9599,-1.4231,-3.1688,0.71085,0.8426,-0.602,-0.69439,-0.60538,-1.0284,1.2031,-0.86952
1.6727,-1.0876,-1.9127,-2.4654,-0.081987,-0.3352,-0.45448,-0.9596,0.062444,-1.6352,0.84799,-0.57781
1.3834,-1.3071,-1.0599,-2.0632,-0.031102,0.46138,0.39156,-0.12901,0.42576,-1.6739,0.5723,-0.17784
1.9134,-0.60752,-0.88344,-2.4977,0.41892,-0.85219,-0.29686,-0.23861,-0.08355,-2.2807,-0.45496,-0.62492
2.1328,-0.7337,-2.1353,-1.8084,0.36938,-0.74781,0.59424,-0.16582,-0.4463,-1.725,0.41081,-0.16917
1.7123,-1.0056,-2.3967,-1.965,0.86059,0.01015,0.82472,0.055492,0.070903,-1.604,0.37433,0.025246
1.3341,-0.74093,-2.4261,-2.1013,0.68495,-0.57659,-0.12272,-0.38734,0.47241,-1.135,0.16085,-0.2578
1.8769,-0.13478,-2.6349,-2.0713,0.38751,-0.017245,0.27095,-0.60225,-0.51112,-1.1043,0.15894,-0.54233
0.84364,-0.45003,-2.3814,-1.9558,0.36422,-0.08278,-0.43975,-0.55725,1.2524,-0.081484,1.4629,0.084136
1.3972,-0.23226,-2.1668,-2.1466,0.30644,0.23407,-0.074166,-0.86199,-0.060189,-0.61853,0.119,-0.67965
1.3736,0.14835,-1.7478,-1.4076,0.61406,0.46571,0.27642,-0.18157,-0.50647,-1.1478,0.56402,-1.0145
