3.0867,1.6144,1.1273,0.97604,-0.72209,-1.2334,-0.96556,-0.77491,-0.087232,0.10116,-0.65005,0.064906
2.6313,1.1467,0.44366,1.0125,-0.46613,-1.4292,-1.1868,-0.30441,0.3177,-0.10819,-0.22528,-0.26583
2.566,1.7351,0.5176,0.83761,-0.59078,-1.0463,-1.3152,-0.57716,0.15522,0.35463,-0.97654,-0.15539
1.3074,0.52243,0.66061,1.536,0.15439,0.40118,-0.1845,0.49626,0.56235,0.32482,-0.92552,-0.62759
2.3792,0.33397,0.058586,0.12644,-1.2786,-0.66698,-1.0794,0.67711,0.4825,-0.11564,-0.36924,-0.33512
2.7217,1.3344,0.71323,0.89806,-0.70048,-0.94964,-1.2838,0.4274,0.073727,-0.55738,-0.085419,-0.12457
2.5536,0.68798,-0.38418,-0.031695,-1.1794,-1.0723,-1.3316,-0.60756,0.3506,-0.18612,-1.0278,0.26825
2.9884,0.84518,1.1823,0.75121,-1.1575,-1.4044,-0.89827,-0.14609,-0.16561,-0.21789,-1.0485,-0.17425
3.199,-0.42632,0.54408,1.1623,-1.2097,-1.2792,-0.81411,-0.29801,0.33567,-0.040612,-0.80234,-0.22728
3.3587,-1.7385,-0.45311,1.217,-0.67025,-0.0067865,0.66146,0.6782,0.45177,-0.6229,-1.8088,-1.1109
3.2256,-1.1627,-0.58007,1.1663,0.23019,-0.050415,0.05532,0.38304,-0.67143,-0.55798,-1.4599,-1.5935
4.6249,-0.46068,-0.87554,-0.35241,1.1773,0.44202,-1.3035,0.39633,-0.43557,-0.48757,-0.039933,-1.6138
4.2453,-0.9355,-0.96814,-0.57147,1.8882,0.047221,-1.3327,0.41333,-0.38282,-0.5576,-0.42703,-2.0321
5.101,-2.3084,-0.33415,-0.97165,1.5492,0.6103,-1.867,0.41612,-0.50121,-0.50691,0.11359,-2.3778
4.795,-2.1354,-0.63059,-0.49479,0.586,1.1375,-2.1315,0.45182,-0.42881,-0.77994,0.63825,-2.3252
4.34,-2.1133,-0.60838,-1.0091,1.2468,0.47188,-1.6298,0.15713,-0.2142,-0.81657,0.53455,-1.5502
3.8133,-2.4189,-0.51944,-0.88012,1.5994,0.55426,-1.6012,0.30399,0.18469,-0.31989,0.29553,-1.5603
3.7021,-2.0871,-0.32906,-0.83756,1.4211,0.88732,-1.7758,0.054104,0.14275,-0.9634,0.56774,-2.167
4.1881,-2.3378,-0.067045,-1.3778,1.1306,0.69675,-1.7464,0.061687,-0.11047,-0.83205,0.4424,-1.5358
4.1423,-2.0869,-0.42885,-1.0793,0.7175,0.61062,-1.7151,-0.19708,0.1133,-1.037,0.71004,-1.5786
4.1408,-2.2375,-0.32454,-1.1944,0.80334,0.70435,-1.7957,-0.52706,0.24903,-0.71467,0.6736,-1.8294
3.9351,-1.7768,-0.085555,-0.74835,1.299,0.96855,-1.6956,-0.31428,0.45854,-0.34152,0.35789,-1.7985
4.3353,-1.8463,-0.032609,-1.1366,0.98342,0.70255,-1.7868,-0.42064,0.063479,-0.51217,0.53302,-1.7085
4.2971,-2.0476,-0.30335,-1.1708,0.61295,0.5218,-1.8428,-0.20567,-0.022483,-0.85879,0.62163,-1.5122
3.9605,-2.065,-0.40065,-0.95569,0.55858,0.3386,-1.6898,-0.21853,0.051255,-0.79429,0.55971,-1.2176
3.9147,-2.0676,-0.59936,-0.74448,1.053,0.15483,-1.7651,-0.27862,0.31779,-0.33996,0.37936,-0.93598
4.4689,-1.7722,-0.074874,-1.0028,1.3038,0.27297,-1.6769,-0.342,0.13264,-0.49555,0.44822,-1.4737
4.7826,-1.7449,-0.22783,-0.63416,1.1908,0.39611,-1.5971,-0.16691,-0.17239,-0.98086,0.70366,-1.6037
5.2212,-1.9346,0.062799,-0.96892,1.2977,-0.062744,-1.3808,-0.15639,-0.019325,-1.1057,0.73706,-1.3302
4.7175,-1.6158,-0.37501,-0.92244,1.0928,-0.095203,-1.488,-0.20998,-0.086238,-1.1724,0.91181,-1.082
4.819,-1.5274,-0.2488,-0.94114,1.3717,0.10728,-1.4639,-0.73261,-0.1279,-0.46116,1.0409,-1.194
5.173,-0.72918,0.32846,-1.1147,1.5438,0.46177,-1.6056,-0.39528,-0.33812,-0.46873,0.4716,-1.387
5.2848,-1.0613,0.28706,-1.3603,1.1961,0.52956,-1.3651,-0.58566,-0.37913,-0.82431,0.55395,-1.4362
4.3896,-0.97352,-0.22084,-1.6648,0.18359,0.16014,-1.5254,-0.29504,0.12934,-1.1045,0.74249,-1.1261
5.258,-2.4321,-0.75448,-0.50502,1.1441,-0.017096,-2.1855,-0.0034077,-0.399,-0.26767,1.342,-1.8001
4.6584,-2.188,-0.52946,-0.65959,1.4166,-0.084559,-2.0055,-0.74917,0.17779,-0.5579,1.1323,-1.2677
4.2238,-2.385,-0.71344,-0.89393,1.2431,-0.45121,-2.226,-0.41439,-0.20654,-0.45897,0.85719,-1.361
4.4536,-2.6987,-1.3526,-0.55782,1.1572,0.15134,-1.4361,0.12256,-0.18528,-1.7991,0.43028,-1.3704
4.283,-2.4635,-0.62944,-2.0479,1.3348,0.62767,-2.2119,0.27186,-0.27347,-0.5175,0.77116,-1.3538
4.8688,-3.5644,-0.01925,-1.2908,0.83322,0.3261,-2.8153,0.14093,-0.68685,-0.78442,0.67064,-1.5959
3.9401,-1.8209,-0.38666,-1.1476,1.2307,1.0055,-1.7932,0.028676,-0.46811,-0.78516,0.36794,-1.221
3.9346,-2.647,-0.7172,-0.6696,2.0995,0.97806,-2.1889,-0.16526,0.52507,-1.0309,0.78364,-2.1902
3.7015,-2.4671,-1.1169,-0.86768,1.1602,0.24622,-2.0143,-0.71605,-0.52364,-1.6169,0.51157,-1.9068
3.5677,-4.5065,-0.38029,-1.4251,0.51167,0.18311,-2.313,-0.24666,-0.16615,-1.1605,1.7004,-1.0861
4.2526,-2.9286,-0.65689,-0.63022,1.1443,-0.067117,-2.3402,-0.29206,-0.35688,-0.73937,1.4639,-1.4573
4.6168,-3.1316,-0.93532,-1.1307,0.58512,0.24621,-2.4567,0.0014467,0.22643,-0.99272,1.2887,-1.3834
4.9765,-3.5531,-0.7605,-1.0527,1.0408,-0.054842,-2.8689,0.13261,0.29731,-1.0859,1.7129,-2.2536
5.3193,-3.662,-1.2484,-1.6864,1.8123,0.3531,-2.0651,0.95949,0.58151,-0.97576,1.8817,-1.8264
4.3882,-3.4007,-1.8578,-0.63131,1.768,0.27868,-1.684,0.21989,0.015262,-0.79753,1.5204,-0.54219
4.8661,-2.9103,-1.0177,-0.57622,0.27566,0.28025,-1.3731,0.16925,0.7681,-0.76582,1.2605,-1.0553
4.6115,-3.3039,-1.6193,-1.1481,0.6126,0.36874,-1.7553,0.23807,0.49086,-0.36974,1.2845,-0.92435
3.526,-3.2632,-2.4725,-0.96455,0.43756,-0.2932,-1.3452,-0.12711,-0.55082,-0.27659,1.3818,-1.1621
5.5143,-2.5005,-2.3258,-0.60742,1.6746,0.65265,-1.6579,0.053733,0.22708,-0.91692,0.40583,-0.98603
5.5151,-2.1647,-2.1553,-0.89664,0.54445,0.3041,-1.5097,-0.29277,0.03264,-0.27993,0.46161,-1.1809
5.5542,-3.1158,-2.4158,-0.5845,1.4181,0.47228,-1.1748,-0.70335,-0.34881,-1.599,0.56035,-1.7112
5.2458,-2.5719,-2.3215,-0.55518,1.4733,-0.047976,-1.8567,-0.91779,-0.405,-0.68455,0.47825,-1.8816
5.8344,-2.5219,-2.2745,0.32817,1.8191,-0.39438,-2.1303,-1.5069,-0.24905,-0.31917,1.046,-1.7884
5.2576,-2.1264,-2.1401,-0.45043,1.1154,0.47506,-1.3847,-1.0671,-0.62564,-0.73455,-0.069937,-1.0242
5.1448,-2.771,-1.7975,-0.78358,0.094903,-0.46731,-1.5006,0.17857,0.35158,-0.27644,0.28903,-0.4486
5.428,-2.9694,-1.472,-0.64512,0.71586,0.41121,-1.5178,-0.13018,0.31767,0.17731,0.36495,-1.0058
4.101,-3.8409,-1.2553,0.1249,1.6137,0.90701,-1.7632,-1.1706,-0.61056,-0.51703,-0.25519,-1.5784
3.8799,-3.0619,-1.6198,-0.72338,0.84869,0.15218,-1.5196,0.4115,0.4929,0.16386,0.48139,-0.99201
4.4656,-3.4092,-1.3862,-0.13729,0.99517,0.85554,-1.0296,-0.071067,-0.19008,-0.37927,-0.039741,-1.5121
4.3958,-2.5491,-2.0919,-0.14522,1.5585,0.78904,-1.4453,-1.1971,-0.97059,-0.67078,-0.49738,-1.424
3.9052,-2.1277,-1.9716,-0.85733,0.53992,0.25009,-1.537,-0.15185,-0.28616,-0.37139,-0.1263,-0.5859
4.1269,-1.9626,-1.7036,0.54732,0.81955,0.52345,-1.7612,-0.55627,-0.75025,-0.29573,0.27712,-0.32679
3.2483,-2.7449,-2.0896,0.65529,0.72949,0.080025,-1.667,-0.60256,-0.35487,0.083208,0.59507,-0.77067
4.219,-1.9955,-2.3505,0.099511,1.0261,0.57433,-1.532,-1.2367,-0.73929,-0.43055,-0.30563,-1.2424
3.9269,-1.5863,-2.1933,0.71039,1.243,0.60803,-1.4021,-0.56777,-0.26316,-0.05141,0.22513,-0.67543
3.6515,-2.5747,-2.392,0.4773,0.96112,0.59274,-1.3111,-1.2343,-0.80322,0.34769,0.18891,-0.88501
3.0019,-1.1306,-1.6972,0.6497,0.99439,0.50549,-1.0464,-1.0439,-0.096748,0.0048442,-0.098499,-0.47141
3.0623,-2.0229,-1.8646,0.41372,0.37629,0.2515,-1.1837,-0.84421,-0.17022,0.070744,0.049699,-0.40167
3.3592,-1.491,-2.2694,0.1083,1.1062,0.6844,-1.0123,-1.1827,-0.23344,0.20109,-0.56897,-0.54521
3.7481,-1.5347,-2.348,0.83788,1.4468,0.2401,-1.2513,-1.2912,-0.29808,0.40281,0.52369,-0.62583
3.0196,-1.466,-1.9937,-0.18944,0.68411,0.10334,-0.99585,-0.55323,-0.11296,-0.68626,-0.16912,-0.51547
3.907,-0.84826,-1.4238,0.54091,0.56054,0.26228,-1.1216,-1.0447,-0.80277,0.23083,0.30073,-0.89778
3.2965,-1.7438,-2.4844,0.73898,1.305,0.32505,-1.6767,-1.791,-0.57498,-0.036862,-0.065952,-0.38871
4.1393,-1.4745,-2.5768,-0.18702,0.83429,0.16033,-1.4872,-1.0739,0.061003,-0.11729,-0.43426,-0.95322
3.8795,-1.4155,-2.0481,0.35465,0.93879,-0.039654,-0.2227,-0.67309,0.038155,-0.038524,-0.36615,-0.62247
2.9433,-1.2958,-2.8003,0.3244,0.94093,-0.27987,-1.2415,-1.3658,0.15882,-0.047498,-0.3813,-1.2737
3.5241,-0.8233,-1.9657,0.64243,1.1656,-0.18601,-1.1777,-1.7786,-0.55042,-0.5554,-0.36614,-1.1843
3.669,-0.7216,-1.8454,1.1133,1.1848,-0.0092288,-0.75785,-1.3982,-0.21402,-0.11684,0.12064,-0.45317
3.3073,-0.85595,-1.6876,0.72501,0.6811,-0.0094392,-0.68529,-1.2141,-0.073536,-0.13121,0.56317,-0.64518
3.3581,0.010548,-0.93541,0.81722,1.7082,-0.14453,-0.88022,-2.163,-0.54779,0.094841,0.50659,0.33594
3.3931,-0.35322,-1.5606,0.9992,1.3127,0.15504,-0.37708,-1.3645,-0.086923,-0.64247,-0.38057,-0.60374
3.0396,0.68104,-0.52574,0.64966,0.96063,0.11779,-0.2938,-0.15661,-0.015351,-0.50866,-0.7812,-0.74636
3.4809,-0.37019,-0.71003,1.2281,0.030041,-0.30703,-1.5243,-0.49032,0.53402,0.22129,0.071502,-0.16803
4.0006,-0.39909,-0.38361,0.18763,0.14121,-0.2136,-1.2189,-0.98632,0.1768,-0.071891,0.054087,-0.62194
3.1451,-1.0547,-1.873,0.028228,0.1822,0.17901,-0.52522,-0.72302,0.38574,0.47661,-0.27899,-0.22002
3.4462,-0.075434,-0.36028,-0.06269,-0.45189,0.25806,-1.5834,-1.4865,0.17967,0.49417,0.36406,-0.48111
4.0551,-0.035291,0.14988,0.53557,-0.58605,-0.46364,-1.6432,-1.252,0.80945,0.49307,-0.89922,-0.85181
2.6659,-1.2789,-0.98166,0.28408,-0.091255,0.30039,-0.83385,-0.61972,1.2074,0.1481,-0.46414,0.075778
1.798,-0.60194,0.20153,1.2816,0.6098,0.87335,-0.74711,-0.9628,0.92219,0.33867,-0.26942,0.24158
3.2585,-0.58863,0.29842,0.69502,-0.13317,1.0938,-0.39904,-0.26239,1.0271,0.072806,-0.25604,-0.3836
1.2631,-0.21166,1.5758,-0.26296,0.2697,0.96445,-0.9429,-0.91738,0.89359,0.40484,-0.00019305,-0.28697
-3.3058,-1.8182,1.8096,-1.3255,0.72852,0.76758,-0.64716,-0.80358,-0.88606,-1.0475,-0.46986,0.72509
-3.3669,-0.15054,0.69414,-1.4711,1.4134,0.96236,-0.96439,-1.3871,0.39275,-0.20451,-0.034361,0.13392
-3.168,1.1112,1.377,-1.526,1.204,1.0657,-1.1748,-0.34184,0.50367,-0.84123,-0.57693,0.20108
-4.7064,1.9782,0.51388,-0.90149,1.4292,1.5699,-0.70548,-0.62259,0.25503,-0.30084,-0.17341,1.076
-4.4805,3.2895,-0.36835,-2.2178,0.77199,1.5685,-0.3021,-0.40552,0.47424,0.10084,-0.90407,0.96992
-1.9628,4.0738,-1.1395,-3.3218,0.53175,0.48256,-0.46132,0.067408,1.0073,-0.63742,-0.84617,0.77942
-0.70881,4.0985,-1.5909,-3.2675,0.36283,0.31024,0.66523,0.020823,1.7322,0.172,-0.21936,-0.22012
-0.074911,4.9106,-1.0168,-3.5319,-0.12586,0.49935,0.03183,-0.46924,2.1438,0.41344,-0.096082,-0.17102
-0.47489,5.3929,-0.42287,-3.1359,0.3493,0.50427,0.023233,-0.46912,2.2022,0.58313,0.13909,0.20363
-0.18677,5.7591,0.072374,-2.7807,0.16868,0.56218,-0.25275,-0.038782,2.1005,-0.079664,0.48075,-0.065411
-0.22626,5.6396,-0.11613,-1.4958,0.59492,0.92167,-0.098629,-0.14513,1.234,-1.3349,-0.36992,-0.5589
-0.85843,5.4831,-0.47178,-1.9258,0.38336,0.73261,-0.44299,0.20155,2.1269,0.2496,0.41031,-0.1017
2.3745,5.6238,-0.60588,-2.136,0.30838,-0.072503,-0.69274,-0.23216,1.8315,-0.29556,0.2336,-0.041145
1.5299,6.1741,-0.63944,-2.5365,0.41501,-1.0986,-0.4447,-0.19903,1.2594,-0.23811,0.55361,0.061171
3.1584,3.9433,-0.10624,-3.2594,-0.32823,-1.0166,-0.51721,0.10739,1.2824,-0.70848,0.60871,0.051825
4.2827,4.6027,0.60793,-4.5405,-0.56298,-0.70281,-0.48641,0.46097,0.76515,-1.3378,0.022618,-0.44372
5.3679,4.5273,1.3157,-6.1762,-0.96994,0.42475,0.081073,-0.13683,0.53434,-1.4315,0.080204,-0.84676
5.3787,3.1829,0.89665,-5.0716,-1.3543,0.73466,-0.56336,0.46049,0.26457,-0.97772,-0.1131,-0.84368
5.8741,3.4978,0.96407,-6.3442,-1.2827,1.9126,0.14261,-0.01866,0.61658,-1.0798,-0.29088,-0.33246
6.3959,2.7941,0.9026,-6.1031,-1.2542,1.5141,0.12751,0.066421,0.23901,-1.3021,0.10313,-0.67138
5.1206,-0.041039,-0.65995,-3.1628,-0.25837,0.92345,-0.60835,-0.11298,-0.44034,-0.79229,0.19072,-0.51928
2.9288,-2.9112,-1.9917,-1.1947,0.0401,0.45544,-0.6654,-0.68076,-0.51207,-0.43896,0.027444,-0.46904
3.0127,-1.8934,-2.0249,-1.2011,0.10095,0.94358,-0.54104,-0.61662,-0.46388,-0.36875,0.28476,-0.72761
3.7325,-2.606,-1.9463,-1.3528,-0.23249,0.75377,-0.86823,-1.2914,-0.63691,-0.4777,-0.040581,-1.1045
3.4996,-2.7926,-1.8062,-0.85354,0.11295,0.58576,-1.2509,-0.85426,-0.50892,-0.51091,0.061983,-0.88888
2.5397,-3.5387,-2.0086,-0.65718,-0.17857,0.76773,-0.88083,-0.88387,-0.20135,-0.26767,0.096554,-0.38095
2.4083,-3.2508,-2.2567,-0.48063,0.24204,0.87908,-0.27496,-0.50371,-0.90931,-0.22673,0.17374,-0.78846
3.4994,-2.5306,-1.5817,-0.30367,0.52956,0.5959,-1.0956,-1.552,-0.41169,-0.56752,0.12793,-1.1769
3.1816,-3.209,-2.1745,-0.36279,-0.1436,-0.15937,-1.2791,-1.3286,-0.48491,-0.60289,0.10119,-0.58662
2.621,-3.0867,-1.5822,0.13731,0.50198,0.43465,-0.82441,-0.87741,-0.23251,-0.83922,-0.37733,-0.94719
2.6038,-2.5378,-1.4694,-0.39464,0.59623,0.80423,-1.362,-1.0767,-0.36001,-0.08097,-0.17025,-0.87878
2.7395,-3.2688,-2.0165,0.10353,0.36354,0.79053,-1.1557,-0.46808,-1.0004,-0.23566,-0.40295,-1.2257
2.5814,-3.1453,-2.6855,-0.082633,0.58211,-0.19436,-1.058,-0.87483,-0.47138,-0.30268,-0.54025,-0.34991
2.7369,-2.3966,-1.6337,-0.22296,0.0042243,-0.22323,-1.6976,-0.89695,-0.48681,-0.69542,-0.32061,-0.36908
3.0131,-2.5132,-2.3623,-0.34095,0.69282,0.29162,-1.2111,-0.73187,-0.76181,-0.43849,-0.82836,-1.0615
2.9297,-2.8074,-2.2255,0.14506,-0.19889,-0.2088,-0.92992,-1.3943,-0.40727,-0.22759,-0.80206,-0.47896
1.7747,-2.4048,-1.1496,0.41731,-0.21985,-0.11111,-0.39051,-0.8232,0.35759,0.54485,0.40137,-0.03321
1.0363,-1.2219,-0.69579,0.12236,-0.40915,0.12791,0.018242,-0.39186,0.16562,-0.62396,-0.69754,-0.8972
1.7111,-1.1097,-1.957,-0.31409,-0.59391,0.38266,-0.64958,0.27364,0.12816,-0.28378,-0.18572,-0.43663
1.9899,-0.23801,-0.58737,-0.20622,-0.73411,-0.41591,-1.1901,0.023432,-0.14942,-0.40014,0.084187,-0.19828
1.832,-0.4651,-0.79213,-0.98609,-1.9002,-0.64066,-0.49428,0.6105,0.045012,-0.92812,-0.33802,0.25319
1.4525,-0.41782,-0.61399,-0.19878,-1.2342,-0.73896,-0.43963,-0.18161,0.073353,-0.61536,-0.29623,0.32102
2.0056,-0.63575,-0.26099,-0.3571,-1.4986,-1.3307,-0.51508,0.89947,-0.32293,-1.1447,-0.39411,0.29821
2.1956,0.54364,-0.53717,0.35743,-1.0262,-1.586,-0.3381,0.037249,-0.88275,-0.87946,0.36815,0.60342
2.5411,0.77529,-0.9077,0.013652,-1.5835,-1.2186,-0.56534,-0.41326,-0.54084,-0.44443,-0.32546,-0.18927
2.1529,0.048918,-1.6191,0.123,-0.86069,-0.79373,-1.0123,-1.3944,-0.05501,0.29062,-0.61084,-0.70237
1.3642,-0.061056,-1.1649,-0.168,-0.30667,-0.32798,-0.29882,-0.35461,-0.092703,-0.089504,-0.34548,-0.71373
1.5353,-1.5102,-1.4316,0.48743,0.27105,-0.37217,-1.678,-1.3507,-0.3987,0.24176,-0.3822,-0.29185
1.6636,-1.2928,-1.8724,1.068,0.21641,-1.3945,-1.3506,-0.094802,-0.2269,-0.47122,-0.48429,-0.41723
1.6845,-1.0092,-1.5533,0.59622,-0.26836,-1.0217,-0.52467,-0.07483,0.70913,0.21348,-0.88123,-0.76685
1.5659,-0.61137,-1.6769,0.71442,0.35852,-0.83158,-1.2313,-0.85657,-0.69591,-0.18999,-0.50423,-0.23916
1.1991,-2.0879,-1.18,1.3758,0.49745,-0.79407,-1.5895,-1.0758,0.25277,-0.48171,-0.74513,-0.64244
0.74714,-1.7042,-1.5798,0.59483,-0.059414,-1.0685,-0.88085,-0.22599,0.70501,-0.30839,-0.18105,0.45572
1.305,-1.476,-0.98041,0.31692,-0.079365,0.43205,-0.43688,-0.78938,0.4095,-1.293,-0.51252,-0.52332
1.684,-1.5299,-1.5552,0.48632,-0.21292,-0.37435,-0.4375,-1.6514,0.58513,-1.517,-1.2469,-1.055
1.2029,-1.5531,-0.66452,0.59636,-0.028957,0.25601,-1.2339,-0.88686,1.6826,-0.88157,-0.36222,-0.71697
0.05226,-1.6938,-0.87651,0.18715,-0.29512,-0.067477,-0.589,-0.12143,1.4525,-0.8918,-0.03903,-1.0722
1.0949,-1.8849,-0.78961,-0.011698,-1.0327,0.3648,-0.97081,-0.55013,1.2577,-1.3767,-0.33485,-1.2224
0.26167,-2.2693,-1.1291,-1.5475,-1.2472,1.01,-0.42892,-0.11164,1.2984,-1.1094,-0.30407,-0.11539
1.0033,-1.1718,0.35159,-0.93149,-0.39602,1.5517,-0.33242,0.0024804,1.1565,-1.6526,-1.6026,-1.0387
0.63442,-2.4703,0.18861,-0.58901,-1.12,0.87574,-0.99718,0.099403,1.5798,-1.9852,-1.4236,0.33285
0.8015,-2.852,-0.056142,-0.66379,-0.46537,1.8514,-0.686,0.80233,1.6706,-2.2095,-1.8517,-0.058999
1.2991,-2.1714,-0.40632,-1.6147,-1.2688,1.2126,-0.80453,1.0189,1.6622,-1.9455,-1.5468,-0.065144
1.5909,-2.8683,0.37376,-1.3482,-1.4259,1.3381,-1.0935,-0.35784,0.99991,-1.9836,-2.0409,0.16262
0.83618,-2.4854,0.39724,-1.3451,-1.8039,0.73498,-1.0343,0.253,0.97068,-2.0551,-2.3645,0.28991
1.8643,-2.4698,0.19908,-0.89691,-0.99401,1.4116,-0.48064,-0.40797,1.638,-1.7484,-2.2012,0.24846
1.9014,-1.2387,0.64045,-0.84174,-0.57435,1.2531,-0.33203,0.63608,1.6067,-1.7147,-1.2167,0.45351
0.90092,-1.716,0.24134,0.39089,-0.75333,0.17303,-0.96644,-0.16706,1.2199,-2.1073,-0.78457,0.88464
1.658,-0.15485,0.43518,0.31472,-0.70533,0.16561,-0.81179,-0.36376,1.1766,-1.7672,-0.81201,0.75584
1.138,-0.67141,0.31265,0.12267,-1.4259,-0.27265,-1.31,-0.6696,1.0746,-1.9492,-1.3752,0.56807
1.1565,0.39197,0.91694,1.1,-1.0656,-1.4555,-0.44619,-1.0462,1.1284,-1.7134,-0.91002,0.80487
0.44453,-0.27934,1.1563,0.75728,-1.7991,-2.1567,-0.75868,-1.4771,0.95098,-2.3841,-1.2743,1.066
0.97723,-0.43607,0.9719,1.0061,-1.9892,-2.3204,-0.52801,-1.697,0.57193,-2.2555,-1.1555,1.3368
1.6151,-0.71443,1.3031,1.0273,-2.2981,-2.2588,-0.36633,-0.98784,0.63818,-2.3698,-1.2557,0.7875
0.9206,-0.76146,1.0739,1.6166,-1.4006,-2.454,-0.35758,-1.065,0.3696,-2.6464,-0.94302,0.88538
1.1919,-0.037514,1.8074,0.95332,-1.8801,-2.4235,0.6515,0.21107,0.21227,-2.4461,-1.0498,0.43161
0.60941,-0.12545,0.87767,0.17167,-1.4796,-1.7637,0.30365,0.21266,0.02748,-1.9122,-0.6807,-0.078167
1.3755,0.22457,2.3295,1.0723,-1.0453,-1.8299,0.31494,-0.64525,0.16929,-1.7496,-0.41456,-0.43559
1.6622,-0.24706,2.2918,0.25712,-0.86959,-1.7084,-0.04748,-0.7401,-0.32812,-1.1315,-0.049447,-1.0021
1.876,-0.27594,2.89,0.47973,-0.9817,-1.1429,0.37559,-0.028338,-0.74063,-1.3963,0.30479,-0.73784
1.9082,-0.84513,3.1937,0.81415,-1.5434,-1.4584,-0.070545,-0.20785,-0.30952,-1.1925,0.022343,-0.71815
1.4767,-0.69,3.4142,0.65665,-1.1169,-1.167,0.21907,0.11869,-0.24619,-1.6366,-0.20666,-0.28462
2.5724,-1.1192,2.8541,0.20398,-0.66278,-0.89914,-0.23552,0.28628,0.05103,-1.7568,-0.92199,-0.72582
2.6703,0.46678,3.1831,-0.60418,-0.96876,-0.87245,-0.17473,-0.67853,-0.79013,-1.6634,-1.193,-0.39789
2.337,0.8325,3.4866,-0.60801,-1.2176,-1.3797,-0.70013,-1.0404,-0.57764,-1.6599,-1.2381,-0.53404
0.55365,2.2217,2.9662,-0.33965,-1.2694,-1.6361,-0.46386,-1.4787,-0.39394,-1.6358,-0.81183,-0.077957
-1.7665,2.9996,1.6317,-0.29416,-0.45291,-2.1711,0.42914,-1.2835,-0.34323,-2.0324,-1.4566,-0.009175
-4.0269,3.8054,1.3711,-0.51344,0.40113,-1.8029,1.0325,-1.9176,-0.51551,-1.8186,-0.87528,0.32341
-6.179,4.7142,0.93481,-0.55205,-0.15712,-1.9822,0.85886,-0.54228,0.1806,-1.8669,-0.69685,0.26388
-6.1081,4.9767,0.84931,-0.18441,0.37013,-2.5559,1.1308,-0.2608,0.095273,-1.7678,-0.49704,0.21663
-6.9199,4.3106,0.30379,0.047901,0.40123,-2.592,0.46998,-0.12976,0.33505,-1.8202,0.056675,0.69582
-6.3754,4.1659,-0.36163,-0.79252,0.29833,-2.917,0.53303,-0.50194,0.040865,-1.921,-0.18836,0.30573
-6.8289,5.6756,0.30649,-0.95671,-0.32013,-2.8165,0.20002,-0.37189,1.2117,-1.7797,-0.58563,-0.038041
-6.3502,5.8548,-0.37803,-1.35,-0.83628,-2.8193,-0.58821,-0.51632,1.1121,-0.50813,0.15644,-0.54526
-5.372,5.8652,-0.29254,-1.5034,-1.2417,-3.5369,0.21161,0.33094,1.1129,-0.3798,0.25544,0.22509
-5.4283,5.4313,-0.55413,-0.943,-1.1998,-3.7435,-0.47868,0.051459,1.6318,0.040029,0.045253,-0.53542
-6.1016,5.5207,-1.0981,-1.8177,-1.0799,-3.2013,-0.022718,0.35574,1.5333,-0.32941,-0.62559,-0.41979
-6.5499,4.6863,-1.9689,-1.9426,-0.97524,-3.1392,0.13521,0.35435,1.3282,-0.8971,-0.78441,-0.65383
-6.9303,4.2554,-1.9475,-1.0062,-0.88348,-2.8059,0.47229,0.48437,1.6506,-0.57788,-0.94151,-0.52678
-6.1386,4.2803,-1.734,-1.0703,-0.43927,-2.9727,0.45044,0.033952,1.8868,-0.48823,-0.48531,-0.59428
-7.1381,4.3051,-1.5423,-0.66773,-1.4925,-3.0935,-0.24705,-0.12437,1.1616,-0.69754,-0.16339,-0.1278
-7.4775,4.1023,-1.385,-0.90846,-0.48039,-2.0864,0.067351,-0.057599,2.1179,-0.15016,-0.79253,-0.58732
-7.0298,4.2292,-1.3634,-0.70519,-1.555,-3.0235,0.1219,-0.36606,2.163,0.022717,-0.47801,-0.55004
-5.8577,4.7808,-1.4013,0.099763,-1.3464,-2.876,0.30614,-0.21522,1.7954,0.0064059,-0.086808,-0.66457
-6.9673,4.3787,-1.507,-1.224,-1.8628,-2.8989,0.17973,-0.037585,1.5313,0.31346,0.15011,-0.91687
-6.5005,3.6527,-1.4449,-1.1701,-1.9818,-2.7204,0.61931,-0.36486,1.0593,0.47694,0.29267,-1.3028
-6.2319,3.4066,-0.43216,-0.99597,-2.1808,-3.6039,0.73461,-0.46997,1.0199,0.13443,0.010121,-0.79348
-6.0296,2.6218,0.34701,-1.4438,-2.1782,-3.2459,0.86733,0.13386,1.412,0.058657,-0.44696,-1.0936
-5.0629,1.5508,0.51118,-1.2979,-2.3993,-3.6281,0.7984,0.83575,1.6234,-0.10344,-0.46283,-1.1084
-3.3551,0.8451,0.27053,-0.69234,-1.1653,-3.5557,1.0686,-0.027682,1.0026,-0.43725,-0.048325,-1.1675
-1.7766,1.7216,1.4072,-0.47154,-0.41692,-3.9051,0.25041,-0.016574,0.6671,-0.60419,0.202,-0.75996
-0.92301,1.1846,0.65689,-0.96689,-1.0755,-4.0711,0.98656,0.75388,1.994,-0.48235,-0.28657,-0.8522
-0.045655,0.41969,1.2373,-0.5235,-0.84746,-3.3335,0.47686,0.58006,1.4992,-0.95852,-0.26054,-0.87228
0.25075,0.39451,1.1309,-1.2035,-0.61785,-2.9856,0.74688,0.50975,1.2747,-1.0187,0.075002,-1.2914
-0.14244,0.85985,1.2278,-0.99294,-1.3528,-2.8614,0.5776,0.53481,0.99906,-1.3161,-0.1485,-1.3004
-0.54876,1.0876,0.55189,-0.62007,-1.3739,-3.0069,1.1395,0.8035,0.91192,-1.5078,0.30504,-0.88918
0.30704,0.7861,1.148,-0.48961,-1.3319,-2.7487,0.6352,0.81247,1.1906,-1.2103,-0.019842,-1.0819
0.71512,0.48808,0.92278,-0.6983,-1.4155,-2.6852,0.23633,0.98632,0.94275,-1.5201,0.10249,-1.0839
0.973,0.10522,0.72585,-0.57623,-1.1684,-2.7379,0.16767,0.88048,0.8254,-1.3205,0.37373,-1.2142
0.56881,0.4909,0.20951,-0.47413,-1.3562,-2.8028,0.3515,0.76883,0.60483,-0.87654,0.17573,-1.1499
0.17846,1.1051,0.54868,0.10278,-0.66599,-3.101,0.26954,1.1676,0.92346,-1.0473,0.16955,-0.72465
0.28808,1.2305,0.9159,0.28781,-0.43655,-2.835,-0.80366,0.1926,0.16776,-1.6857,-0.14126,-0.85621
-1.8869,1.6931,1.0156,0.053668,0.0046638,-2.7939,0.28217,0.085952,0.69506,-1.2076,-0.68126,-1.1635
-2.8403,1.7296,0.17118,-0.15427,0.035572,-2.3895,1.0102,0.43374,0.90689,-1.4746,-0.02835,-1.122
-2.7276,2.0201,0.70714,-0.079665,-0.47718,-1.7453,0.84195,-0.29926,0.45731,-1.0847,0.49612,-1.4213
-2.7212,2.284,-0.0064937,-0.52183,-0.97831,-2.3566,0.56573,-0.30441,1.0973,-1.1213,0.0030982,-1.7808
-3.1156,1.9581,0.42973,-0.83146,-1.2359,-2.4244,0.92303,-0.07877,0.24034,-1.1958,0.0082677,-1.2701
-2.8471,2.2234,-0.30489,-0.36903,-1.0753,-2.8749,0.04563,-0.94041,0.29998,-1.2957,-0.1628,-2.0917
-2.6582,1.4731,-0.11961,-0.15554,-1.1175,-2.609,0.81296,-0.80561,1.0822,-1.1443,0.01503,-1.4438
-2.2161,1.5234,0.5553,-0.26074,-1.093,-2.3908,1.167,-0.45361,1.1245,-0.64371,0.51112,-1.2891
-1.578,1.4858,0.29954,-0.50308,-1.811,-3.3795,0.87303,-0.26722,1.2789,-1.4082,-0.43292,-2.1274
-1.0851,1.6019,-0.0058045,-0.72374,-1.3756,-2.8894,1.3041,-0.76355,1.0097,-1.2402,-0.23113,-1.2373
-0.45524,1.6107,0.12351,-0.32276,-1.9271,-3.3295,0.81037,-0.43093,1.6966,-1.2073,-0.45481,-2.4596
-0.47279,0.93264,-0.00017936,-0.43493,-1.1967,-3.2701,0.74943,0.332,1.6294,-1.0292,-0.4783,-2.6475
0.15624,0.92131,-0.099659,0.11704,-1.1956,-2.8621,0.48234,0.83649,2.6696,-1.2745,-0.63545,-2.0021
-1.024,-0.087484,-0.095824,-0.22461,-1.1334,-3.3002,0.28607,-0.25814,1.8054,-1.0631,-0.43817,-1.9476
-0.53285,0.43264,0.065683,-0.48035,-1.4304,-2.9765,0.36484,-0.51159,1.4402,-1.3646,-0.0090826,-2.1789
-0.23966,-0.25941,0.16164,-0.064231,-0.88737,-3.3488,1.046,0.34312,1.9022,-0.65917,0.93741,-0.91335
-0.60102,-0.26422,0.4608,0.23756,-1.124,-3.1645,1.0868,-0.27078,1.1819,-0.82107,0.40376,-1.7503
-0.20228,-0.48774,0.22765,-0.2696,-1.2696,-2.451,1.2447,-0.13177,2.0563,-0.14779,0.15545,-1.6216
-0.54689,-0.055096,-0.35381,0.0093843,-0.69971,-1.8691,0.6683,0.080927,1.6347,-0.36607,0.15462,-0.56211
-1.3855,0.72825,-0.31358,0.6357,-0.82593,-2.6758,-0.36018,0.57011,0.4149,-0.51557,0.096649,-0.58151
-1.6012,0.81689,-1.2826,1.2883,-1.6378,-2.0122,-0.097397,0.41805,0.71019,-0.48155,0.075381,-0.97179
-2.6554,1.3515,-0.45925,1.558,-1.5237,-2.0218,0.36598,0.32778,1.082,0.32681,0.062158,-0.14251
-3.4169,1.4703,-1.065,1.8973,-1.6178,-3.2203,-0.075761,0.86899,0.74343,-0.14884,-0.4273,-0.37913
-3.5645,0.69939,-1.9461,1.1473,-1.0987,-2.2916,0.21134,0.075007,1.1883,0.097991,0.2452,-0.83558
-4.2801,1.5346,-1.723,0.82508,-1.1254,-3.0293,0.73314,0.95979,0.39868,-0.11097,-0.54777,-1.3471
-4.7903,2.0787,-0.91322,0.37391,-1.2113,-3.206,0.37464,0.67289,0.088721,-0.38444,-0.72013,-1.1733
-5.1545,1.2173,-0.36778,1.2851,-1.5703,-3.7392,-0.071275,-0.21427,0.90766,-0.72131,-1.3295,-0.79547
-3.727,0.48766,-0.55357,0.91806,-1.02,-3.07,0.46479,1.2336,1.5273,-0.20725,-0.23645,-0.058315
-1.6254,-0.48125,-0.23905,1.0152,-1.0256,-3.4269,-0.22411,-0.059559,0.15125,-0.64403,0.32786,-0.96305
-1.486,-0.18188,-0.22722,0.7576,-1.1518,-3.5268,-0.048804,0.058953,0.83714,-0.18461,0.25523,-1.024
-0.9729,-1.1565,-1.1645,-0.0040129,-1.5086,-2.5639,0.10867,-0.47817,-0.3055,-1.0222,0.23591,-0.93365
0.78592,-0.88038,-0.21805,0.34525,0.15067,-1.4573,0.49023,-0.00072409,0.84442,-1.1426,0.046829,-0.74847
0.86578,-0.6773,0.43587,0.24092,-0.064346,-0.97881,0.57949,0.00058101,1.0403,-1.0487,0.47806,-0.33682
1.4381,-1.1247,-1.4064,-0.62826,-0.42538,-0.68125,0.41889,-0.74101,0.36413,-1.5343,0.3346,-0.047688
2.3785,-0.57633,-1.1795,-1.3746,-0.20208,-0.30018,-0.49045,-0.85191,-0.051807,-1.8453,0.5854,0.33167
2.5069,-0.04582,-1.6699,-2.0162,-0.52302,0.34495,0.70344,-0.49,0.75848,-0.73359,1.1229,0.38195
3.2283,0.11034,-1.5419,-1.846,-0.52471,0.069107,0.089407,-0.75102,0.81971,-1.4653,1.1823,0.17716
3.1957,0.16301,-1.4432,-2.0247,-0.68139,0.57939,0.080008,-0.98675,0.47701,-1.3189,0.6839,-0.31707
3.5432,0.037808,-0.90155,-1.9073,-0.63863,0.58782,0.21315,0.147,1.843,-0.84941,0.77985,-0.82014
3.9916,-0.32465,-1.3742,-2.4918,-0.77803,0.70846,0.4994,0.83674,0.48903,-0.83878,0.50231,-0.56429
3.8419,-0.88007,-1.4452,-3.3128,-1.2215,1.1501,0.48849,0.54262,0.58516,-0.26998,0.71952,-0.4283
4.964,-0.14179,-1.1842,-2.1642,-0.14414,1.4952,0.61704,0.33692,0.014149,-0.42679,0.075198,-1.0348
5.3968,0.13119,-0.99903,-1.7697,-0.19885,0.96967,0.53923,0.49079,0.53879,-0.9352,-0.2144,-0.75313
5.6009,-0.62433,-0.8103,-2.4871,-0.3913,0.7655,0.22451,0.7778,0.96095,-1.5301,-0.00068076,-1.3603
3.8015,-0.50271,-1.8603,-2.5029,-0.80838,0.46468,0.71345,1.1686,0.63853,-1.3682,-0.39703,-1.3381
4.1727,-0.33907,-2.089,-2.9759,-1.0901,0.068652,0.33663,1.1221,1.3135,-0.92675,-0.32754,-1.0962
3.5276,-0.3588,-2.7871,-2.8763,-1.526,-0.18198,0.15295,0.35068,1.1182,-0.63215,0.078263,-1.2976
4.2709,-0.22608,-1.9465,-1.9764,-0.74397,-0.3291,0.0063321,-0.23687,0.6552,-1.2132,-0.19565,-1.2212
4.6349,-0.40943,-2.0951,-1.9876,-0.69066,-0.97528,0.38355,0.052535,0.95186,-1.1526,-0.2099,-1.9304
3.8748,-0.14508,-1.018,-1.1059,-1.6307,-0.97764,0.26239,-0.20349,1.5324,-0.61435,-0.63115,-1.5447
3.6261,-0.30577,-0.94978,-0.57086,-0.49048,-0.30751,0.25134,-0.44398,0.43808,-1.3382,-0.68538,-0.93103
3.8524,0.4235,-1.129,-1.1565,-0.051795,0.18583,0.40987,0.35343,1.1194,-0.8645,-0.24124,-0.87649
4.9556,0.59774,-1.1072,-1.1479,0.059202,0.68823,-0.13678,-0.32446,0.84382,-1.3079,0.12924,-0.89969
3.9656,0.25521,-0.1098,-1.337,-0.97303,-0.28395,-0.33811,-0.094407,1.2721,-0.56945,0.61625,-0.58053
4.0251,-0.086402,-1.0482,-1.7539,-0.794,-0.14442,0.15074,0.79034,1.6906,-0.95951,0.20761,-0.39121
2.122,0.32703,-2.0923,-2.1736,-0.65332,-1.1583,1.2695,0.72582,2.0698,-0.53463,-0.026901,-1.0374
-0.59416,1.5787,-2.5044,-2.3175,-0.52269,-1.2419,1.5419,0.64516,2.3684,-1.0976,-0.85382,-1.0026
-2.3297,3.9569,-2.5733,-1.6002,0.75758,-1.6,2.1031,-0.31668,1.3313,-2.3853,-1.0859,-0.86228
-3.417,5.2435,-2.5725,-1.847,0.64194,-1.5984,1.4873,-0.085731,0.67008,-1.4477,-0.75873,-1.305
-4.9102,5.4942,-2.4559,-1.306,0.90503,-1.9963,0.83696,-0.23207,0.845,-1.4037,-1.4516,-1.2561
-5.0583,5.0627,-2.5095,-1.2449,0.41948,-1.8843,0.28254,-0.7212,0.24511,-1.4022,-0.95209,-1.293
-5.6406,5.9003,-1.3174,-1.3319,0.19496,-2.2013,0.6701,0.41405,0.44058,-1.7361,-1.0371,-1.7568
-5.1724,5.267,-1.3311,-0.99628,1.1334,-1.631,0.73349,-0.35963,0.56052,-1.3796,-1.0772,-1.4126
-5.1787,5.2192,-1.4816,-0.7556,0.32827,-1.5661,1.465,0.34544,0.84651,-1.5014,-1.0442,-1.9091
-6.0438,5.0547,-2.293,-1.5457,0.55585,-1.8428,1.0665,0.60515,1.0319,-1.6706,-1.0568,-1.7911
-5.7214,5.237,-2.0412,-1.7485,0.67885,-0.83062,2.0225,0.51705,0.90381,-1.5236,-0.94181,-1.4087
-5.8568,4.894,-2.1505,-0.74469,1.0834,-0.15064,2.1228,1.2355,0.87182,-1.4979,-0.94706,-1.7511
-5.2724,5.3404,-1.149,-0.40799,-0.096255,-1.0275,2.3733,-0.073789,0.99516,-0.56547,-0.83525,-2.391
-5.1858,5.7257,-0.83743,-1.0676,-0.57631,-1.6839,1.4296,0.38691,0.40404,-0.81273,-0.18647,-2.1227
-4.8654,5.6161,-0.79179,-1.0476,-0.36327,-1.6576,1.0986,-0.75762,0.086589,-0.52817,0.020946,-1.7108
-3.9736,3.6461,-1.2171,-0.13037,0.03761,-1.4089,1.0132,-0.98258,0.24844,-0.6119,0.45161,-1.1901
-0.017671,-0.95734,-0.66323,-0.9381,-0.06888,0.097418,-1.0027,-1.1186,-0.7769,-0.93225,0.16083,-0.48745
1.073,-0.91671,-0.1495,-0.76044,-0.54114,-0.093833,-1.2234,-1.1898,-0.20462,-0.21776,0.08224,-0.93394
0.41566,-1.3221,-0.68089,-1.4639,-0.47665,-0.221,-0.74577,-0.75127,-0.26627,-1.2072,0.28155,0.06603
1.3059,-1.4887,-1.034,-0.77502,-0.86117,-0.56594,-0.73169,-0.60401,0.028877,-0.45991,0.31507,-0.44002
1.1468,-1.9199,-0.44552,-1.4387,-1.2343,-0.099943,-0.80723,-0.80115,-0.2286,-0.29839,0.0416,0.047484
1.1528,-2.1097,-0.93171,-1.2784,-0.66525,0.23276,-0.1905,0.36285,-0.76309,-0.80235,-0.12863,-0.38545
1.4701,-2.2536,-0.65955,-0.47687,-0.54911,0.36078,-1.0605,-0.37843,-0.26359,-0.35093,-0.25667,-0.57983
3.2743,-2.332,-0.99535,-0.97606,-0.70452,-0.062428,-1.9339,-0.78333,-0.78207,-0.47776,-0.56112,-0.68415
3.1634,-2.9299,-1.1354,-0.97174,-0.88144,0.4228,-1.8936,-0.51904,-0.45171,-0.51403,-0.28002,-0.46702
2.4213,-0.61077,-0.32408,-0.87331,-0.42924,-0.90328,-1.0286,-0.070302,0.39128,-0.4539,-0.095965,-0.95156
1.0405,0.85219,0.40719,-0.27308,0.25518,-2.4121,-0.16747,0.66869,1.5764,-0.37446,0.22885,-1.4109
0.83247,0.64311,1.2811,-0.63166,-0.61757,-3.0266,-0.5823,0.67926,1.2239,-0.55282,-0.064213,-1.32
0.83652,0.21799,0.34723,-0.03745,-0.47882,-2.8573,0.064288,-0.038812,1.1607,-0.95057,0.15261,-1.3679
0.35594,0.065397,0.71879,0.011902,-0.59205,-2.6004,0.45167,0.70281,1.2674,-0.96142,-0.22573,-0.84006
1.2039,0.51117,0.53748,0.32753,-0.55964,-2.2568,-0.063814,0.63651,1.1435,-1.0086,0.10342,-0.82013
1.6594,0.59006,0.0024895,-0.14853,-0.33981,-2.3199,0.16036,0.21775,0.59866,-1.0994,0.57668,-1.0076
0.65545,1.3525,-0.25169,-0.06261,-0.27691,-2.2959,0.27195,0.75598,1.0936,-0.87202,-0.37697,-0.86124
1.2924,1.6522,0.34912,0.3692,0.32521,-2.2836,0.22997,0.91533,0.75013,-0.85485,0.039714,-1.0458
1.2366,1.6029,-0.6807,0.3072,0.52303,-2.333,0.34785,0.43265,0.82736,-0.71967,0.33258,-1.4787
0.78261,2.0937,-1.9262,-1.8761,0.19789,-0.66873,0.99571,0.79961,0.85925,-2.2281,-0.12162,-1.3037
1.2811,2.8841,-0.60822,-1.5025,0.23988,-0.30299,0.92317,0.44296,0.67027,-1.6878,0.42594,-1.593
1.0393,2.0982,-1.6842,-2.9749,-0.82177,-0.52884,0.30051,0.94786,1.6755,-1.3879,-0.20106,-0.84832
1.519,2.6084,-2.1113,-2.4265,0.30756,0.46525,0.59487,0.21519,1.1475,-1.5009,0.94926,-1.3148
1.9263,2.171,-1.5191,-2.2434,0.48868,0.48176,0.27088,-0.65016,0.44815,-1.5262,0.80832,-1.1053
2.019,1.5595,-2.0202,-2.6731,0.32729,0.49483,0.16224,-1.0334,0.41897,-0.94449,0.66529,-0.36368
1.9072,1.954,-0.99582,-2.6526,-0.16175,0.47164,-0.038215,-1.0124,0.56711,-1.1667,0.94485,-1.2105
1.3369,1.9566,-1.2451,-2.3285,0.1192,0.24446,0.19987,-1.296,1.3901,-0.94669,0.23961,-1.5506
0.98957,2.1605,-0.99043,-1.913,0.072419,-0.052056,0.16514,-1.2131,1.1784,-1.1265,0.51077,-1.502
1.5983,2.8324,-0.63515,-1.828,-0.13585,0.24882,0.80524,-0.94869,0.66777,-1.164,0.84283,-1.0666
1.5266,2.6709,-1.1951,-2.2239,-0.63607,0.10489,0.55534,-1.2717,0.96262,-0.60924,0.59117,-1.5188
2.0747,2.4534,-0.56629,-1.8079,0.0043817,-0.45595,0.10268,-1.3427,0.84825,-1.1492,0.92231,-1.3704
1.8652,1.8602,-0.3125,-1.4998,-0.062881,-0.73507,0.04062,-0.6345,1.7385,-0.65854,0.90061,-1.0938
2.2359,2.0418,-0.35962,-1.4927,0.042472,-0.87963,0.025145,-1.2359,1.0644,-0.98079,0.29273,-0.94153
2.5826,1.3842,-0.18416,-1.1945,-0.28477,-0.29043,0.26761,0.41094,1.2222,-1.1733,0.09475,-1.3966
3.1663,1.3608,0.37653,-1.4134,-0.72278,-0.71145,-0.14179,-0.1737,0.84414,-0.72864,-0.31553,-1.4207
0.38202,1.5939,-0.2387,-1.0488,0.35318,-0.36013,0.89552,0.0065141,0.20843,-0.58225,-0.60101,-0.7708
-0.63402,3.1115,-0.51208,0.40574,0.23714,-0.8326,-0.35508,-0.24943,0.99433,-0.44805,-1.0968,-1.0119
-2.4033,2.9229,-1.8151,0.65572,0.22834,-1.12,0.61401,-1.4848,0.45468,-0.40019,-1.4466,-1.0699
-3.0664,2.5696,-1.2325,0.68288,0.053844,-1.7321,0.80818,-0.34142,1.4155,0.1332,-1.0701,-1.0132
-3.8068,3.0861,-2.3518,-0.22814,0.46513,-1.8578,0.76539,-0.34061,0.3386,-0.65371,-1.4273,-0.8334
-4.7384,3.2494,-2.3548,-0.76322,-0.33845,-3.0534,0.52851,-0.21737,1.0714,-0.39688,-0.82881,-1.1262
-3.9754,3.1669,-2.303,-1.0603,-0.60704,-3.2643,0.62503,0.14355,0.20665,0.1686,-0.35809,-1.5753
-4.4715,2.8536,-1.2504,-1.0492,-0.1196,-3.1432,-0.18367,0.53912,0.58604,0.33045,-0.18757,-1.1978
-3.2834,2.3234,-1.4616,-1.9216,0.0044737,-2.8886,0.13805,0.57287,0.84402,0.28592,0.19556,-1.4394
-2.8396,1.018,-1.1087,-2.4246,-1.2062,-2.6812,0.41663,0.22753,1.3159,0.40367,-0.28868,-1.5282
-1.9673,0.27403,-0.96113,-2.3098,-1.3072,-2.896,-0.13286,0.82615,0.72253,0.096059,-0.74264,-1.6823
-0.55786,-0.12996,-0.14728,-1.701,-1.0417,-1.733,0.34883,0.68986,0.285,-0.84967,-0.34433,-1.8025
-0.020478,-0.93247,-0.47266,-1.0902,-1.0003,-2.3539,-0.3213,0.53721,0.94755,-0.3859,-0.57982,-2.4255
0.11746,-0.68041,-0.64028,-1.1906,-1.0282,-2.0499,0.07528,0.89633,0.6983,-0.63595,0.18132,-1.8013
-0.22963,-1.4046,-0.54003,-0.75033,-1.2936,-1.8396,-0.4592,0.85051,0.80225,-0.40216,0.34807,-1.5582
-0.36527,-1.2048,-0.88308,-0.84314,-1.0013,-2.0369,0.10152,1.0881,0.75998,0.095893,-0.20259,-1.8782
-0.35363,-0.70267,-0.54382,-1.1297,-1.6325,-1.8545,-0.4118,1.0178,1.6916,-0.19799,-0.90752,-1.8002
0.40404,-0.90296,-1.3447,-1.1141,-1.2361,-1.7812,-0.67084,0.499,-0.21545,-1.1874,-0.41133,-2.0923
1.051,-0.19829,-0.70361,-0.96118,-1.0809,-1.7885,-0.40471,0.011716,0.19482,-0.37192,-0.2734,-2.1839
1.3695,-0.52678,-0.24721,-0.21713,-0.89414,-1.3619,-0.19876,0.40232,0.28242,-0.78783,-0.67268,-1.9862
1.9619,0.51416,-0.29511,-0.85726,-1.3207,-1.841,-0.41691,-0.3431,0.40393,-0.33255,-0.51363,-1.6395
2.6974,0.25721,-0.34946,-0.34444,-1.2003,-1.482,-0.47414,-0.063626,0.85353,-0.31924,0.025454,-1.5998
2.0743,0.42492,-0.59241,-0.73997,-0.74614,-1.4031,0.45699,0.13205,0.61981,-0.1019,-0.14787,-1.6566
1.8197,0.73462,0.068959,-0.78378,-2.0113,-1.7919,0.33437,0.59351,1.099,-0.039311,-0.94174,-1.7085
1.6663,1.7923,-0.27614,-0.6629,-1.7203,-2.0747,0.57554,0.28774,0.72699,-0.32471,-1.2815,-1.8495
2.133,1.6587,-0.42984,-0.22731,-0.58562,-1.7211,0.69539,-0.42946,-0.056936,0.034493,-0.35994,-1.1259
2.1751,2.6842,0.56437,-0.065588,-0.16443,-2.2472,0.36765,-0.18608,0.65358,0.040026,-0.56396,-1.5795
2.6215,2.5443,0.70641,-0.39059,-0.51216,-1.886,1.1805,-0.11481,-0.065047,-0.28413,-0.49269,-1.7179
