3.0052,2.2958,0.57302,0.85174,0.49221,-0.49401,-1.3933,-0.88584,-0.36751,-0.11917,-0.46101,-0.19216
2.9763,2.3604,0.41179,0.12008,-0.16477,-0.57474,-1.1994,-0.043724,0.13873,0.33957,-0.18016,-0.69011
3.0073,2.7948,0.93165,0.25878,0.049344,-0.64214,-1.575,-0.78552,0.036304,0.13318,-0.42942,-0.82263
3.6226,2.7771,0.6531,0.22799,0.29987,-0.74759,-1.2106,-0.55415,0.29108,-0.18512,-0.2614,-0.80104
3.3351,2.264,0.29608,0.33601,-0.019866,-0.59274,-1.1418,-0.18022,-0.18442,-0.25299,-0.34464,-0.90418
3.7932,2.7238,0.76966,1.0579,0.11425,-0.87093,-0.84227,-0.25809,-0.05235,0.59887,-0.17225,-1.4506
4.7095,2.8483,1.7498,1.5782,0.13821,-0.22599,-0.1141,-0.43245,-0.50996,-0.50003,-0.11909,-0.42581
5.7116,3.0462,1.1926,0.96252,0.45709,-0.50752,-1.0299,-0.39703,-0.38062,0.060341,-0.25591,-1.1425
5.579,2.356,1.2146,1.5513,0.034935,-1.3434,-1.4414,-0.90342,-0.75233,-0.63654,-0.51585,-1.2106
5.3245,1.4514,1.5235,1.4126,-0.42072,-1.2007,-1.0453,-0.76971,-0.60978,-1.0455,-0.38134,-0.90273
5.3203,1.9145,1.4587,1.5167,-0.76958,-0.87474,-0.99639,-1.1346,-0.95699,-1.2117,-0.43951,-1.7224
5.4626,2.3048,2.005,1.2336,-1.0044,-1.6151,-1.3443,-1.0149,-1.0248,-0.98072,-0.71485,-1.3771
5.872,2.6043,2.2086,1.4896,-0.5388,-1.5236,-1.2219,-0.43408,-1.3793,-1.6078,-0.42825,-0.19018
5.6749,2.3207,1.6604,1.396,-0.59326,-1.2087,-1.1809,-0.96026,-1.2845,-1.5545,-0.77643,-0.42396
7.1777,2.1972,1.5676,1.8841,-0.4481,-1.2957,-1.3599,-0.74209,-0.86717,-1.8056,-0.04653,-1.1335
6.3146,2.2252,1.9153,1.819,-0.22796,-1.0987,-0.87056,-0.16572,-0.94432,-1.5551,-0.59589,-0.18511
5.026,1.756,1.693,1.0776,-0.41789,-1.1074,-1.1528,-0.41211,-0.85965,-1.0366,-0.32791,-0.26326
5.919,1.8422,1.8374,1.884,0.0065635,-1.2933,-1.1874,-0.90861,-1.347,-1.5359,0.0049247,-0.22622
5.7961,2.0257,1.7093,1.9925,-0.06221,-1.3185,-1.4389,-0.45518,-1.1021,-1.3464,-0.53803,-0.34549
6.0021,1.4771,2.3864,2.4781,-0.097893,-0.92649,-1.4925,-0.33174,-1.0212,-1.9633,-0.26552,-0.22619
4.5513,1.4079,1.614,2.2645,-0.25766,-1.2082,-0.92553,-0.82421,-1.0943,-1.2794,-0.24298,0.25347
4.5315,1.3748,1.6634,2.457,0.0062708,-1.3365,-0.54906,-0.83102,-1.3665,-1.4851,-0.30383,0.60157
4.6211,2.0264,2.5331,2.3998,-0.24365,-1.6246,-0.82668,-0.19524,-0.80704,-2.2005,-0.75315,-0.11517
4.3267,2.1166,2.9276,2.5484,0.36033,-1.4008,-1.0218,-1.0403,-1.5963,-1.9317,0.29734,0.38586
4.1592,1.1946,2.7939,2.451,-0.45259,-1.8715,-0.88546,0.02936,-0.6787,-1.6192,-0.043099,-0.097981
3.6943,0.31357,2.1529,1.3799,-0.81793,-1.6675,-0.49498,-0.60148,-0.99401,-1.5175,0.054934,-0.62349
3.4439,0.94261,2.6047,1.2107,-1.6305,-1.5389,0.11695,-0.34744,-1.1793,-1.3646,0.25842,-0.82615
3.5451,0.59283,2.9263,1.2777,-1.1262,-0.94395,-0.57185,-0.65319,-1.3519,-0.6532,0.72302,-0.9834
3.6912,0.55795,3.9578,1.1265,-2.11,-0.77774,-0.52906,-0.0059411,-0.96176,-0.70609,0.32129,-1.0992
2.7026,-0.088153,4.4583,0.30662,-1.6173,-0.013006,-1.0193,-0.6793,-0.7132,-0.94527,-0.044735,-1.0916
2.2619,0.32164,4.5589,0.46984,-0.96613,-0.31528,-1.0194,-0.61816,-0.61034,-1.5291,-0.27522,-0.81512
2.3022,0.6079,4.0468,-0.52819,-0.7608,0.26556,-1.5487,-1.0494,-0.95602,-0.9091,-0.40051,-1.1111
2.4381,1.8689,4.6768,-0.47435,-1.2571,-0.33439,-1.3507,-0.2372,-0.66704,-1.764,-0.42859,-1.4431
2.502,1.9685,3.4693,-0.15835,-0.040252,-0.48094,-1.5136,-0.38274,-1.337,-1.2742,0.16071,-0.69541
2.5493,2.3935,4.674,0.072305,-0.25043,-0.92867,-2.3057,-1.049,-1.8061,-1.5585,0.15434,-0.47029
3.3101,2.5742,3.4137,-0.58912,0.075392,-0.47272,-1.7466,-0.60963,-1.5069,-1.2387,-0.3908,-0.93668
3.2444,1.9307,4.9069,-1.2386,0.14404,-0.80692,-2.333,-0.12591,-1.3414,-1.4466,-0.29616,-1.66
2.9455,2.4595,3.6079,-0.80367,0.38681,-0.95767,-2.0776,-0.38688,-1.5052,-1.584,-0.2049,-1.4305
3.0559,3.592,2.9403,-0.28238,0.65699,-1.0315,-1.1078,-0.40428,-0.34776,-1.6309,-0.28026,-1.4542
3.8325,1.7423,1.6809,-0.66303,-0.28507,-1.1015,-0.72677,0.69627,0.32054,-0.66413,0.096034,-0.16399
2.4498,1.5785,1.9921,-0.43314,0.58935,-0.38946,-1.1908,-0.44556,-0.93999,-0.59394,0.22911,-0.45293
2.5994,1.07,1.6035,-1.0049,0.28127,-0.67707,-1.0867,-0.13197,-0.11894,0.12255,-0.013584,-0.52391
2.8223,1.9833,1.0883,-0.61553,-0.16599,-1.5095,-1.4326,0.19968,-0.077792,-0.43223,-0.40454,-0.44443
1.7826,-0.043181,0.92221,-0.53673,0.19737,-1.1912,-1.5141,0.088481,-0.15661,-0.38508,-0.34714,-0.9426
3.036,1.1517,1.1549,-0.55881,0.25495,-1.1987,-1.5638,-0.55754,-0.85148,-0.93801,0.083586,-1.1821
3.4546,1.4125,1.9564,-0.16704,-0.54112,-0.82959,-0.85606,-0.20927,-0.93467,-1.0514,-0.11462,-1.2913
2.6313,0.040136,1.0393,-0.3753,-0.83556,-1.2137,-1.8103,-0.45204,-0.95544,-0.91483,-0.4312,-0.68665
3.3118,0.42471,1.7268,-0.073998,-0.23005,-1.0667,-1.3506,0.13823,-0.44052,-0.26779,-0.15322,-1.3763
3.0074,0.27658,0.53295,-1.0424,-0.22355,-0.13823,-0.95163,0.26545,-1.3694,-0.85478,-0.92575,-1.764
2.4001,-0.36802,0.3533,-0.11453,-0.25888,-0.80738,-1.0603,0.55198,0.16542,-0.24965,-0.40971,-1.9869
1.7535,-1.0205,1.0756,-0.20007,-0.61057,-0.051151,-0.95811,0.79569,0.096159,-0.19506,-0.37149,-1.6026
3.1389,-0.4932,0.3864,-0.40839,-0.76154,-0.31172,-1.2542,0.050602,-0.17009,-0.26385,-0.78354,-1.6928
3.1097,-0.011361,-0.093372,-0.019951,-0.31855,-0.43121,-1.1418,-0.32839,-0.53504,-0.38108,-0.038308,-1.1984
3.1312,0.24145,0.85542,-0.11315,-0.04388,0.49377,-0.35792,-0.31196,-0.8525,-0.80182,-0.025185,-1.2551
3.5775,-0.94057,-1.2833,-1.3194,-1.1928,-0.092876,-0.081622,0.86708,0.13604,-0.39045,0.45268,-0.41315
3.7559,-0.30047,-0.75783,-0.58039,0.43908,0.34964,-0.20504,0.21088,-0.57321,-0.64922,0.39544,-0.50588
4.1644,0.15541,-0.62387,-0.94534,-0.17879,0.30182,-0.058832,0.2775,-0.8879,-1.2364,0.30215,-0.075054
3.865,0.35617,-0.36933,-0.47683,0.54461,0.95751,-0.08536,0.0049509,-0.70619,-1.549,0.055536,-0.204
2.283,-0.77013,-0.50744,-0.7697,-0.07352,0.4932,-0.11958,-0.17108,-0.63747,-1.0166,0.31608,-0.063418
3.2664,0.30213,0.15645,-0.062629,0.43676,0.55345,-0.021378,-0.73334,-0.71283,-1.1566,-0.36972,0.026857
3.319,0.47149,-0.12803,-0.50323,0.14321,-0.12669,-0.54779,-0.79075,-0.69212,-0.78802,-0.23032,-0.27647
2.3187,-0.034121,-0.85712,-1.3865,0.3784,0.51585,-0.23193,-0.44729,-0.57444,-1.3913,0.26075,0.35084
2.5597,0.73268,-0.32837,-0.52543,0.092733,-0.0081959,-0.3306,-0.78367,-0.7291,-1.3999,-0.45322,-0.65784
2.3822,1.9124,-0.47592,-0.25522,0.15327,-0.14945,0.15085,-0.48675,0.079238,-1.2963,0.066569,-0.53527
-3.0993,2.8645,-1.9362,-0.34939,-0.068892,-0.33376,0.63961,-1.6961,-0.83357,-1.0848,0.026954,-0.55683
-3.1111,3.5327,-1.1479,-0.00041739,-0.0087248,0.16852,0.28662,-1.5244,-1.1734,-1.1845,-0.30268,-0.75111
-5.107,4.5116,-2.0357,0.31992,1.6213,0.62816,0.57379,-0.13972,-0.31544,-0.82191,0.30396,-0.60216
-4.8356,4.8255,-1.2789,0.0057816,-0.32794,0.14674,0.042336,-0.77771,-0.44921,-0.64997,0.473,-0.11102
-5.3597,5.5084,-0.10755,0.53307,-0.029914,-0.37603,0.20391,-1.7126,-0.4082,-1.1715,0.42211,-0.26807
-6.992,4.3186,-1.1234,-0.69087,0.3598,-0.57336,0.32535,-0.99675,-0.40717,-1.0384,0.5757,-0.51592
-7.6154,3.9683,-0.55111,-1.3572,-0.24563,-0.93375,-0.43855,-1.7493,-0.97841,-1.6119,0.40522,-0.30084
-7.1359,3.8231,-0.36329,-0.55014,-0.017295,-1.5512,-0.052212,-1.3239,0.22279,-0.66009,0.25585,-0.26241
-5.2324,4.4604,0.25659,-0.55411,0.37066,-0.64829,0.28111,-1.143,0.40779,-1.5257,-0.14323,0.18395
-5.8046,3.7808,0.71695,-0.64889,0.33105,-1.0185,0.37497,-0.88191,0.59719,-0.36279,0.24177,-0.71445
-5.2552,2.2431,1.1643,0.11093,0.11028,-1.1232,0.22425,-1.1047,-0.010727,-1.1894,-0.78716,-0.42221
-4.1796,2.6947,1.3099,-0.018791,-0.53667,-0.8371,-0.21442,-1.9352,-0.11104,-0.89694,-0.64319,-0.86606
-2.9804,1.7183,-0.1081,-0.49884,-0.53998,-1.4806,-0.67966,-1.3891,0.020153,-1.1548,-0.22807,-1.2263
-2.4776,2.0688,0.31382,0.43658,0.1326,-0.85523,-0.63947,-0.62456,-0.15672,-0.9214,0.31031,-1.4719
-2.0278,2.1026,0.68751,0.26898,-0.43519,-0.40354,-0.77506,-1.2671,-0.67044,-0.98326,0.2027,-1.0914
-2.2784,1.9895,1.1365,-0.6137,-0.79646,-0.30586,-0.59432,-0.98242,-0.49613,-0.71631,0.87743,-1.6005
-1.5551,2.2535,0.85391,-0.88595,-0.7257,-0.25741,-0.073762,-0.57535,-0.096447,-0.74859,-0.0085466,-1.9385
-1.2228,1.7201,1.4727,-0.94097,-0.56188,-0.43259,-0.5602,-0.28151,0.74062,-0.11301,0.48483,-1.2504
-1.1592,1.9477,1.1482,-0.34016,-0.091516,-0.72772,-0.99913,0.092918,0.60466,-0.59306,-0.2463,-1.6701
-0.96725,1.7421,0.99876,-1.0664,-1.0714,-1.3346,-0.5514,0.44215,-0.36004,-0.96603,0.47514,-1.4015
-0.60813,1.9973,1.1978,-0.65854,-0.12357,-1.16,-0.542,-0.58027,-0.47825,-0.14554,0.65347,-1.3435
-1.298,1.4535,0.94018,-1.8823,-1.003,-1.0005,-0.67453,-0.3199,0.19274,-0.40409,0.2255,-0.69324
-0.99955,1.7789,0.43486,-0.96356,-0.15479,-1.3194,-0.71598,-1.5271,0.40978,-0.62907,-0.25333,-0.33704
-2.0411,0.83641,0.41017,-1.4796,-1.3053,-1.1463,-0.42616,-0.354,0.34734,-0.63282,-0.097205,-0.14851
-1.5432,1.618,0.71111,-0.77512,0.095975,-0.76489,-0.61075,-0.90821,0.23517,-0.5186,0.047082,-0.56778
-1.0094,2.7244,0.70078,-0.69338,0.042131,-1.2034,-0.47715,-0.91548,0.58647,-0.87366,0.036602,-0.44821
-3.6481,3.5163,-0.35711,-0.33099,0.14458,-2.4172,-0.027894,-0.67705,0.80494,-0.24971,0.3577,-0.62548
-6.5761,3.5209,-0.41377,-0.3911,-0.39421,-1.9225,0.59803,-1.2997,0.84349,-0.095566,-0.23772,-0.56555
-7.2678,4.4395,0.14835,0.6589,0.48089,-1.0065,0.45848,-1.527,1.5368,-0.0028593,-0.21715,-0.61252
-7.6777,4.7589,0.2186,0.55674,0.80342,-1.0915,0.85772,-0.99572,0.94602,-1.0686,-1.0052,-0.39386
-8.5903,4.7577,-0.022226,0.87619,0.93229,-1.8323,1.1977,-0.96973,1.128,-0.40532,-0.94484,-0.67021
-8.6125,4.9399,-0.45479,0.98424,0.75237,-0.85523,0.98122,-0.79257,1.1432,0.088327,-0.32298,-0.7745
-8.3484,5.0164,-0.76294,0.73848,1.6947,-1.5556,0.7671,-0.64172,1.1245,-0.77282,-0.9129,-1.2698
-8.3338,4.0435,-1.1522,1.0424,0.8806,-0.57987,0.69036,-0.76361,0.71538,-1.1302,-1.0629,-1.3719
-8.0473,3.5341,-1.7809,0.75161,0.87967,-0.85111,0.50375,-1.1606,1.3912,-0.94211,-1.3182,-1.5123
-8.2737,3.4952,-2.2921,0.067375,0.92465,-0.91635,0.14254,-1.5357,1.034,-0.6002,-1.8748,-1.9083
-7.4442,3.1973,-2.6645,0.37248,0.47748,-0.27872,0.76608,-1.2024,1.283,-0.85399,-1.1074,-1.5121
-7.3684,4.8069,-2.2997,-0.15945,0.17015,-0.32549,0.82184,-1.5251,1.5808,-0.6499,-1.7608,-1.362
-7.2938,2.9783,-3.6484,-0.45105,0.12906,-0.52138,0.77302,-1.2609,1.5781,0.064878,-1.9719,-2.0095
-8.0202,2.1401,-4.8705,-0.97365,-0.33273,-0.68084,-0.020186,-1.1659,2.0338,-0.62085,-1.111,-1.6309
-8.041,1.9023,-4.2653,-1.2184,0.38563,-0.15152,0.57991,-0.79959,1.9787,-0.3903,-1.1708,-1.3719
-7.5562,1.2229,-5.1194,-0.77842,0.35655,-0.071594,0.1629,-1.543,2.0388,-0.044544,-1.1061,-1.3264
-6.7624,1.7847,-4.8656,-0.74299,0.23503,0.11123,-0.10262,-2.1345,1.0199,-0.83305,-1.1531,-1.4516
-5.8249,2.0571,-4.5003,-0.73096,1.3551,-0.24827,-0.22271,-1.9592,0.62093,-0.86839,-1.0142,-1.1885
-5.3505,1.6586,-3.8438,-0.74784,-0.053137,-0.69098,-0.27121,-1.3045,0.12741,-0.91929,0.19325,-1.4557
-1.3899,0.59797,-1.6958,-0.61064,-0.777,-1.3039,-0.62325,-0.50132,0.55505,-0.51609,0.2019,-0.98225
0.73245,-1.368,-0.087787,-1.4508,-0.94728,0.62612,-0.88226,-0.92263,-0.28273,-0.16627,-0.55022,-0.68868
-0.054256,-1.3315,-0.18613,-0.76878,-0.66489,-0.76389,-0.89426,-0.056389,-0.42752,-0.33154,-0.052992,-0.44784
0.42205,-1.9116,-1.0498,-1.5185,-1.3078,-0.1223,-0.79923,-0.45354,-0.44193,0.13938,-0.11335,-0.48645
0.44172,-1.684,-0.38405,-1.1511,-1.4429,0.015926,-1.2325,-0.78653,0.1074,0.20113,-0.407,-0.41535
1.0768,-1.5846,-0.15326,-0.90993,-0.98704,-0.66598,-1.4174,-0.72041,-0.56221,-0.3181,-0.11688,-0.73504
1.0805,-1.1819,-0.27402,-1.0857,-0.69237,-0.20624,-0.76597,-1.0227,-0.33785,-0.31716,-0.23765,-0.77547
0.84829,-1.8016,0.42853,-0.78824,-0.29239,-0.12682,-1.7413,-0.88442,-0.49304,-0.37198,-0.48595,-0.89248
1.0819,-1.2291,0.40834,-0.6592,-0.62149,-0.59493,-1.9088,-0.59067,-0.024671,0.16426,-0.45222,-1.1087
1.0573,-1.1139,1.632,-0.48074,-0.21687,-0.10895,-1.2198,-0.78554,-1.1428,-0.76131,-0.5895,-0.85677
1.697,-1.6325,1.2101,-1.4949,-0.6337,-0.88649,-2.2674,-0.13414,-0.72257,-0.74995,-0.71047,-1.2036
0.84974,-1.1045,1.571,-1.5619,-1.3574,-0.78889,-1.5535,0.25748,-0.95621,-0.48347,-0.25253,-1.2108
1.9366,-0.53395,0.90509,-0.99152,-1.7032,-0.95311,-1.1676,0.015398,-0.70071,-0.17879,-0.46683,-0.16442
0.92904,-1.5406,0.93721,-0.90667,-1.4439,-0.48814,-1.1089,-0.11995,-0.64975,-0.50909,-0.28362,-1.2901
0.67001,-0.92726,1.9429,-0.89644,-1.5081,-1.2437,-1.822,-0.027753,-0.37279,-0.11204,-0.59263,-1.2597
0.33004,-1.1154,1.6248,0.045924,-0.071402,-1.13,-1.8035,-0.70584,-1.1553,-0.3715,0.025732,-0.72593
1.5704,-1.178,0.41593,-1.0826,-1.2504,-1.0683,-1.3495,0.018077,-0.62849,-0.55824,-0.24613,-0.8971
0.65838,-1.1673,0.44188,-1.3867,-0.61459,-0.21556,-0.78977,-0.3773,-1.2446,-0.059182,-0.11107,-0.78446
0.61374,-1.6072,1.0218,-0.85116,-0.77102,-0.50715,-0.46097,-0.051221,-0.49969,-0.66662,-0.60183,-1.3117
0.88766,-0.32697,0.81122,-1.2518,-1.7555,-1.3741,-1.4456,-0.25456,0.0091117,0.16995,-0.40788,-1.2966
0.96977,-0.83803,0.70031,-1.3995,-1.1186,-0.97554,-1.0412,-0.024388,-1.0196,-0.53391,-0.12493,-0.88142
1.2266,-0.81048,0.65452,-1.2642,-1.1331,-1.4625,-0.8911,0.054025,-0.77263,-0.060787,-0.09484,-0.89572
0.97887,-0.78775,-0.0065632,-0.99233,-0.47338,-0.67791,-1.3544,-0.11693,-0.028596,0.36358,-0.43173,-0.8112
-0.16204,-0.7081,1.2824,-1.3424,-1.4007,-0.46342,-0.74825,-0.60506,-0.84272,0.097773,-0.34528,-0.37862
0.55121,-0.46149,0.29633,-1.1581,-1.1286,-1.1932,-1.1444,-0.58036,-0.78894,-0.0061106,-0.22183,-0.21416
0.81487,-0.75071,0.37322,-1.0274,-1.058,-1.1149,-0.84071,-0.66512,-0.4064,-0.11177,-0.32518,-1.05
0.62115,-1.2643,-0.098141,-0.79221,-1.404,-1.2505,-0.8611,-0.15002,-0.24783,-0.043584,-0.36224,-0.59298
-0.52118,-1.0382,0.32124,-1.1772,-1.2768,-0.6616,0.15369,0.091409,-0.48225,0.073276,-0.012059,-1.1008
0.052896,1.0643,1.4997,0.41724,0.36678,-0.22699,-0.1047,-0.61872,0.52417,-0.3936,0.69518,-0.71339
0.52613,2.6312,1.7975,-0.17034,-0.13558,-0.37158,-0.12805,-2.2455,-0.17826,-0.73997,1.0183,-1.1531
1.0741,2.3161,1.0815,-0.90307,-0.34253,0.15262,0.5264,-1.0198,0.02651,-0.63986,0.56032,-1.4453
0.28681,2.6546,1.5154,-0.19652,-0.087958,-0.4553,-0.024993,-1.535,0.19148,-0.45546,0.26235,-1.5548
-0.79341,2.3014,0.045896,-0.18554,-0.25823,-0.16011,1.0518,-1.8373,0.19685,-0.1895,0.37877,-0.7918
-1.8411,3.7301,0.74329,0.43403,-0.72117,-0.73719,1.1917,-1.674,-0.041431,-0.59182,0.27466,-1.3934
-4.0232,3.7922,-0.31912,-0.35694,-0.82317,-1.1351,0.84196,-1.492,0.65886,-0.59554,-0.031104,-1.3227
-4.4267,3.6381,-0.36905,0.35009,-1.2037,-0.73076,1.2684,-2.2309,0.85842,-0.66405,-0.67582,-1.1575
-3.7123,4.4879,0.07497,0.28743,-2.617,-1.2813,0.88447,-1.9805,0.84165,-0.43884,0.080538,-0.95393
-3.9197,4.3064,-0.33331,-0.073513,-1.6447,-1.6708,0.17297,-1.7118,0.045534,-0.7721,0.085365,-0.96627
-4.1776,4.5372,-0.28324,0.78942,-1.1664,-2.286,0.18387,-1.5772,1.96,0.17017,0.58506,-0.92194
-3.9607,4.67,-0.85821,0.12612,-1.174,-2.5557,-0.03736,-1.9552,1.5951,0.345,0.41482,-1.386
-3.561,4.4457,-1.2987,0.07218,-1.4088,-2.8076,0.64632,-1.9478,0.73029,0.021348,0.66646,-1.8283
-3.9144,4.0659,-1.5976,0.26727,-1.5136,-2.6481,-0.44643,-1.9398,1.0791,-0.26327,0.84992,-1.0498
-3.4129,4.5015,-0.99064,-0.30797,-1.0546,-1.618,-0.04013,-1.1175,1.0525,-0.12763,1.292,-1.1059
-3.886,4.5757,-0.95107,-0.093428,-1.2872,-3.3851,0.18338,-1.002,0.21036,-0.27305,1.4451,-0.83233
-4.7483,3.8688,-1.8615,-0.067851,-1.5816,-2.3806,0.68289,-1.0275,1.1547,0.45163,1.3148,-1.5073
-4.0819,4.1041,-2.0521,0.52321,-0.96349,-1.8463,0.43671,-1.6915,0.99127,-0.27807,0.34528,-1.4789
-4.7149,3.0531,-2.5821,-0.25496,-1.094,-2.0811,0.86547,-0.81352,1.3051,-0.19261,1.077,-1.1235
-4.0596,2.7648,-3.942,-1.1973,-1.1386,-2.2967,0.62722,-1.0316,1.4151,0.41931,1.2704,-1.1244
-3.4551,3.498,-3.6689,-0.91382,-1.5734,-2.5382,0.53665,-1.7094,0.81623,0.22912,0.72162,-1.3337
-2.5584,3.0489,-3.6095,-0.44659,-1.4738,-1.6687,1.1874,-1.0756,0.59238,-0.14194,0.89623,-1.546
-3.0861,2.9488,-3.9701,-0.12089,-0.97461,-2.0197,0.28134,-1.3271,0.41227,-0.59034,0.2412,-1.9039
-2.6982,3.189,-3.8169,-1.2662,-1.2174,-1.5746,1.0019,-2.0294,0.97783,0.28048,0.56774,-1.9935
-2.5785,3.3233,-3.8857,-1.3881,-0.23268,-0.52255,0.59495,-1.3991,1.1535,0.65484,0.30185,-2.2198
-1.2805,3.6062,-3.4864,-1.4301,-0.53199,-0.62704,0.39547,-1.2187,0.91025,0.36547,0.47483,-2.2014
-1.2658,3.0854,-3.3183,-0.62262,-0.15154,-0.67575,0.42824,-1.7411,0.97432,-0.25526,0.1195,-2.5123
-1.2814,2.9209,-3.0916,-0.99635,-0.92172,-1.0751,0.28867,-1.9099,0.71806,0.22093,0.6713,-1.6223
-1.1867,2.9643,-2.5695,0.10295,0.50313,-0.22054,0.41004,-1.9615,0.60142,0.064809,-0.16831,-1.8546
-0.56795,2.7787,-2.4062,0.57313,0.42314,0.37803,0.29115,-2.6685,0.51953,-0.21292,0.29473,-1.8977
-0.78238,2.5079,-1.9028,0.94947,0.2894,0.4091,-0.3622,-3.0962,0.88786,-0.39751,-0.019196,-1.4202
-0.55039,1.9729,-2.8578,0.045539,-0.57932,0.19033,0.28531,-2.59,0.87904,-0.70986,-0.63843,-1.9549
-0.34731,1.2507,-3.0408,-0.75652,-1.4461,-0.011376,-0.2245,-2.3924,1.1742,-0.03142,0.071376,-1.7694
0.399,1.2693,-3.5807,-0.64506,-0.83847,-0.40941,-0.65147,-2.3365,1.3147,-0.60081,-0.39514,-1.4016
1.3421,0.45625,-3.2864,-0.9369,-0.86322,-0.20614,-0.55914,-2.8903,1.1283,-0.4242,-0.73503,-1.8758
2.437,-0.38465,-1.6251,-1.3045,-1.4704,-0.41852,-0.79758,-3.1235,1.0764,-0.87874,0.52548,-1.7261
3.3873,-1.1086,-1.1003,-0.57032,-1.2714,-0.13599,-1.4401,-3.2557,1.3727,-0.66984,0.081555,-1.4971
4.1037,-1.1288,-0.42477,-0.68643,-1.5684,-0.47425,-0.98506,-1.8683,1.7159,-0.11156,0.031209,-2.1494
4.2178,-0.74691,-0.97868,-0.83823,-1.3148,0.65783,-0.73821,-1.771,1.5705,-0.085563,-0.046441,-1.9387
4.7091,-1.7564,0.14159,-0.49943,-1.5351,0.58374,-0.0024777,-1.9832,1.671,0.29823,-0.18901,-1.9986
4.5083,-1.6182,-1.082,-0.63403,-1.3908,1.0308,0.60811,-1.6649,1.5203,0.49801,-0.83735,-2.6281
4.1401,-2.072,-1.5238,-1.6808,-1.6965,0.9476,0.6356,-1.4636,2.4077,0.34886,-0.85344,-2.219
4.2492,-2.0396,-1.1317,-1.4328,-1.8336,1.408,0.82413,-1.0301,1.7672,0.52028,-0.70806,-1.8743
4.6704,-2.6266,-1.4594,-1.8949,-1.5945,1.1976,-0.00080854,-1.7631,1.8366,0.37188,-0.42535,-2.2707
4.3338,-2.0075,-1.4346,-1.9199,-1.6417,0.69234,-0.64899,-1.5087,2.1861,0.46687,-0.87041,-2.22
4.1259,-1.8014,-1.6739,-1.2559,-1.253,0.45555,-0.77083,-1.5915,1.5604,0.25676,-0.60461,-1.9488
4.1953,-2.1352,-1.0135,-0.66324,-0.92605,0.72856,-1.1448,-2.3929,1.8694,0.68972,-0.24739,-2.1254
4.6663,-2.2116,-0.62893,-0.51265,-1.3639,1.6637,-0.12793,-2.122,2.0463,-0.083132,-0.14977,-2.3974
4.5642,-2.066,-0.71511,-1.3493,-1.8187,1.3599,0.16204,-1.4716,1.9323,-0.186,-0.68996,-2.3012
5.7699,-1.8648,-0.14523,-0.70285,-1.7089,1.2489,0.02161,-1.9785,1.1859,-0.29892,-0.061489,-2.1539
5.5568,-1.5577,-0.86371,-1.0108,-1.3726,1.2809,0.17823,-2.2167,1.9569,0.21705,-0.87606,-2.5125
4.5671,-0.65163,-0.020733,-0.92648,-1.3817,1.0234,-0.26986,-1.3813,0.95385,0.46213,-0.22028,-2.0641
1.6635,-0.087877,0.55333,0.012637,-0.6072,0.10939,-0.19988,-0.80043,0.93949,0.34696,0.61046,-0.2973
-0.2542,-0.95952,-0.36815,-0.10016,-1.1555,-0.55884,-0.43744,-1.3539,0.087702,-0.71267,0.1824,-0.36036
-0.72962,-0.82524,-0.49481,-0.86152,-0.76117,-0.16621,0.2064,-0.62695,0.086435,-0.075671,0.074368,-0.4503
0.32702,-0.54954,-0.0046827,-0.25232,-1.0762,-1.6611,-1.0989,-1.0591,0.19887,-0.57478,-0.49821,-0.68001
0.30111,-0.47366,-0.068165,-0.32976,-0.99187,-0.71333,-0.53309,-0.74392,-0.17972,-0.96165,-1.0311,-0.84372
-0.33715,-0.64877,-0.46925,-0.49353,-0.69623,-0.36717,-0.58509,0.15671,0.46463,-0.74314,-0.40224,-0.94584
-1.4133,-0.029377,0.028266,-0.78337,0.39135,0.16624,-1.1027,-1.368,-1.1717,-1.2892,-0.84669,-1.5146
-0.69943,-1.8526,-0.55028,-1.3252,0.016864,-0.30653,-0.88143,-0.07666,-0.45617,-0.86703,-0.61848,-1.5794
-0.9373,-0.80691,-0.40052,-1.0675,-0.098013,-0.88067,-1.2865,-0.64327,-0.40839,-0.88263,0.06819,-0.95265
-0.40055,-0.65295,-0.75225,-0.82906,-0.32218,-0.95282,-0.91941,-0.60903,-0.10375,-0.42281,0.4485,-1.2651
-0.24076,-0.509,-0.19499,-1.1566,-0.58541,-0.93095,-1.1652,-0.8596,0.010709,-0.91113,-0.24994,-1.2865
-0.47769,-0.98308,-0.33155,-0.84816,-0.23591,-0.12333,-1.0347,-0.7684,0.11525,-1.4038,-0.46712,-1.6317
3.9421,-2.107,-0.5874,-0.74234,1.1505,0.52849,-1.0826,-1.0844,-0.27167,0.25534,0.83992,-1.8442
6.549,-2.9724,0.71043,-1.1518,0.69666,0.75566,-1.4441,-0.13714,-0.6921,-0.30612,0.27391,-1.9761
6.1902,-3.3792,0.59204,-1.5195,0.35071,1.1147,-1.1509,-0.6782,0.15465,-0.44133,0.61821,-2.3381
5.5336,-2.4202,0.019528,-0.94908,0.56836,1.3435,-1.3659,-0.4245,0.1494,0.33168,-0.028581,-1.3004
6.1844,-3.0276,0.83004,-1.0632,0.66449,1.2446,-1.8654,-0.55883,-0.64381,-0.36105,0.11776,-1.4484
6.0398,-2.8044,0.74986,-0.9972,1.1426,1.3469,-1.7846,-0.08876,-0.97207,-0.65569,0.019808,-1.7613
6.0763,-3.9225,0.50673,-1.4116,0.049362,1.0159,-1.436,-0.12907,-0.56617,-0.33167,0.33445,-1.3893
6.9619,-3.7592,1.373,-1.3238,0.57993,0.91347,-1.8143,-0.82557,-0.46638,-0.29434,1.2084,-1.7223
6.8325,-3.4007,1.107,-1.2868,0.20487,0.8859,-2.0474,-0.58032,-0.79957,-0.082524,0.62414,-1.7968
7.3026,-3.7855,1.842,-1.6133,0.64933,1.29,-1.8864,-0.70488,-0.67566,-0.35683,0.6831,-1.8908
5.8775,-3.1639,0.82768,-1.0928,0.83758,1.2109,-1.8462,-0.18308,-1.1173,-0.74334,0.15234,-1.4481
6.4669,-2.7091,1.0707,-0.93456,0.74937,1.2772,-1.9228,-0.66861,-1.2152,-0.67923,0.23728,-1.2201
7.0738,-4.3119,0.84178,-1.5796,0.21555,1.0879,-2.2848,0.19086,-0.66146,-0.57954,0.57363,-1.2558
5.3871,-2.783,0.17778,-1.108,0.51533,0.97586,-2.0294,-0.93237,-0.68099,0.12424,0.58513,-1.0647
6.4258,-2.8064,1.1346,-1.5754,0.030331,1.6072,-1.6043,-0.56658,-0.94318,-0.91273,-0.49763,-1.0595
6.9596,-3.2821,0.32481,-1.1638,-0.74764,0.29433,-1.9083,-0.2876,-0.59048,-0.34704,-0.62797,-1.2266
5.9383,-3.5924,-0.053438,-1.5133,-1.197,0.52265,-2.4306,-0.82579,-0.16017,0.082139,-0.73914,-1.628
5.8989,-3.8467,0.49736,-0.074244,-0.88119,0.76905,-1.9338,-0.69149,0.087081,0.41767,-0.40244,-1.0412
5.3743,-4.0146,0.54577,-0.36539,-0.45681,1.6279,-1.9173,-1.9491,-0.40408,0.22051,-0.71669,-0.96368
5.819,-3.3074,1.1043,-1.1549,-1.7011,1.0151,-1.7403,-1.4508,0.089726,0.28911,0.11417,-0.90999
5.2456,-4.0194,0.072768,-1.3294,-2.0178,0.62411,-1.9166,-1.2893,0.52532,0.32795,-0.087726,-1.2946
4.8452,-4.1435,0.088628,-1.2216,-1.7928,0.83449,-1.49,-0.52947,0.32716,-0.25571,-0.68951,-1.2887
5.1893,-3.425,0.15652,-1.1669,-1.4755,0.35438,-1.7235,-1.3448,0.18553,0.15001,-0.16617,-1.1674
6.1904,-2.9746,0.90732,-0.22058,-1.2813,0.80162,-1.4276,-1.2861,0.80175,-0.10551,-0.78726,-1.2152
5.9192,-2.8121,1.2145,-0.20232,-1.4224,0.73799,-1.9027,-1.8758,0.43834,-0.60181,-0.84401,-1.0213
4.7661,-2.9736,0.77407,-0.57582,-1.5037,0.43419,-1.5785,-0.94186,1.0827,0.24614,-0.19157,-0.46468
6.1846,-3.2691,1.4237,-0.24792,-2.0729,-0.54268,-2.2876,-1.0348,1.1,-0.43459,-1.2003,-1.5878
5.8395,-3.2593,0.32594,-0.43607,-1.7727,0.38364,-1.4752,-0.8449,1.26,0.28266,-0.55549,-0.76844
7.7675,-3.8572,1.1514,-0.71396,-1.4678,1.0645,-1.3118,-0.86559,0.24924,-0.72364,-0.23786,-1.1475
7.5077,-4.4041,1.3975,-0.50324,-1.3075,0.55106,-1.5949,-1.038,0.19748,-0.4022,-0.40199,-1.9101
6.6551,-3.154,0.51715,-0.48978,-0.64772,1.2052,-1.0633,-0.72229,0.063526,-0.53569,-0.37614,-0.94114
7.1707,-4.5744,1.195,-0.67333,-0.47102,1.0655,-1.8018,-0.90551,0.58194,-0.027593,0.15148,-1.2697
6.0928,-3.5741,1.5351,-0.0032116,-0.34507,0.31779,-1.9787,-1.1443,-0.22671,-0.36411,-0.54054,-1.9108
6.3292,-4.3105,1.0928,-0.24501,-0.86584,0.93625,-1.7478,-0.73926,0.43998,-0.40531,0.3716,-0.5762
6.6633,-4.4669,0.9147,-0.12572,-1.5162,0.043092,-2.037,-1.2221,0.65473,0.32304,0.0016287,-1.1111
6.7795,-3.3927,1.276,-0.33861,-1.0061,0.10623,-1.3685,-0.39968,0.75868,-0.13888,0.38051,-1.2076
6.6098,-4.3909,0.85088,-1.1666,-0.57176,0.36145,-2.05,-0.67021,0.97823,-0.85437,-0.31974,-1.4903
5.4836,-3.2709,0.7456,-0.20394,-0.48831,0.48724,-1.8935,-0.72784,0.32986,-0.46147,0.19125,-0.86808
6.0883,-3.5833,0.42238,-0.76958,-0.71294,-0.074994,-1.5259,-1.0708,0.21459,-0.49146,0.19541,-1.0188
5.7219,-3.6753,1.1551,-0.91342,-1.2067,-0.56628,-2.3685,-1.3684,-0.057142,-0.12628,0.61124,-0.61112
4.9183,-3.8681,0.42845,-0.78048,-1.0847,-0.5715,-2.5482,-1.8153,0.095229,0.20031,-0.0053102,-0.92018
5.4184,-3.4874,1.1766,0.4753,-0.22538,-0.42049,-1.3382,-1.7532,0.02287,0.10504,0.16482,-0.63438
4.5702,-3.5279,1.0006,0.47453,-0.6738,-0.12055,-1.0595,-1.3105,-0.20611,-0.52094,0.0014309,-0.7952
5.3165,-4.4185,1.4531,0.85496,0.028941,-0.07839,-0.67307,-0.82689,0.57146,0.45536,0.26017,-1.0547
4.6737,-3.5523,1.098,0.75006,-0.82241,-0.13263,-1.4685,-1.2954,0.099982,0.18099,0.50229,-0.7289
4.9279,-4.3508,0.80697,0.090811,-0.19506,0.23078,-0.28773,-0.4198,1.3829,0.74761,1.1072,-0.93564
4.304,-3.0262,0.21974,-0.15684,-0.5267,0.39881,-0.83095,-0.44111,0.94288,0.74295,0.50552,-1.4776
5.2729,-3.3067,0.21498,-0.6181,-0.67083,0.053103,-0.87908,-0.5485,0.36093,0.45422,0.25011,-2.4018
5.8732,-3.4349,0.88597,-0.39511,-0.86319,0.92665,-0.40786,-0.59678,1.0419,1.3729,0.42757,-2.3924
4.1319,-4.2392,-0.54727,-0.049475,-0.70258,1.2127,0.5584,-0.15138,1.1468,1.3034,0.45906,-1.6735
5.37,-4.2842,0.78289,0.037787,-0.63805,0.61899,-0.62622,-0.099314,0.99457,-0.15381,0.24173,-1.5714
5.2405,-4.9185,0.39935,0.29556,-0.20187,0.56352,0.072121,0.60501,1.1932,-0.39445,-0.25216,-2.2527
4.8576,-4.6387,0.65306,0.8719,-0.35795,0.75451,0.62072,0.69859,1.6823,0.3255,-0.93653,-2.2755
4.2713,-4.5654,0.38008,0.3399,-1.5198,0.19494,-0.30092,0.67278,1.9454,0.56529,-0.83387,-2.1255
5.4334,-5.0267,1.2458,0.34248,-0.96509,0.95193,-0.0040474,0.52271,2.3848,0.055562,-0.8264,-3.0387
5.9368,-4.6744,0.75028,0.043558,-1.6755,-0.082362,-0.78099,0.33823,1.8199,-0.033496,-0.71892,-1.8029
5.5322,-4.4691,0.55844,0.34697,-1.6252,-0.2736,-0.61981,0.92632,1.6584,-0.10248,-0.45932,-1.9878
4.9843,-3.6402,0.69072,1.2141,-0.96742,-0.44187,0.49403,0.65634,1.8863,-0.42651,-0.77116,-2.6243
5.125,-3.3614,0.94616,0.50592,-1.6429,-1.0897,-0.13426,0.16379,2.0205,0.20448,-0.12474,-2.6527
5.2103,-2.8003,-0.13082,0.74011,-1.6053,-0.5899,0.24107,-0.080024,2.1829,0.060359,0.137,-2.0887
3.5403,-1.2629,-0.50043,0.45876,-1.1964,-1.37,0.59365,-0.63155,2.1319,0.22829,0.38873,-1.7128
1.6344,0.052383,-1.1901,1.2014,-0.74568,-1.7148,0.41244,0.11987,2.893,0.60101,0.328,-1.7731
1.366,0.32272,-1.7273,2.2294,-0.59747,-1.2305,0.15454,-0.14882,1.9098,0.058332,-0.48928,-2.0545
1.197,1.0854,-1.1055,2.8123,-0.37344,-1.3793,0.56891,-0.57373,1.1645,-0.11915,-1.0442,-2.2235
1.2539,1.8763,-1.0866,3.0474,-0.95141,-0.77205,-0.10429,-0.60156,1.5598,-0.099405,-0.47116,-2.728
0.95084,1.132,-0.88666,3.0207,-0.85465,-0.99706,0.58225,-0.21693,1.7798,0.082593,-0.49925,-2.9491
1.7279,1.5307,-0.46676,2.4753,-0.80874,-0.98976,-0.026034,-0.03408,1.1959,0.56036,-0.21867,-3.1753
1.3416,2.0496,-0.74089,1.6556,-2.1591,-1.93,-0.20933,-0.44492,1.4049,0.66033,0.06542,-2.5814
1.8184,1.7054,-0.78018,1.629,-0.75449,-1.5712,-0.28563,-0.14956,1.9691,0.14048,-0.0099471,-2.6327
2.7765,1.8109,-0.042798,0.71499,-0.91598,-1.6205,-0.42975,-0.29098,1.9757,0.201,0.13271,-2.3481
2.493,0.3374,0.7683,0.60455,-1.0166,-1.3738,-0.59853,0.33387,1.8508,0.039868,0.10903,-2.3133
2.7305,0.31385,2.0699,0.70501,-0.15339,-1.8414,-0.47115,-0.83261,0.75745,-0.2726,-0.38865,-1.1352
3.7197,-0.86916,2.4556,0.31121,-0.18831,-1.561,-0.59555,-0.1783,0.22718,-0.69553,-0.87112,-1.5759
4.0726,-1.6066,3.38,-0.056527,-0.84718,-2.4451,-0.54481,0.44568,0.32995,-0.3052,-0.17556,-0.54212
3.7678,-2.441,3.1109,-0.13305,-0.90461,-1.4857,-1.531,0.85427,0.52049,-0.31281,0.29309,-0.46028
4.5292,-2.7909,3.9533,0.028177,-0.070348,-1.1673,-1.4046,-0.27898,-0.46117,-1.221,-0.11506,-0.46651
5.5043,-3.1703,3.3773,-0.88913,-0.56015,-1.5053,-1.129,0.026656,-0.10508,-0.56274,-0.53208,-0.75853
5.0414,-4.2867,2.6309,-1.9726,-0.37172,-1.3716,-0.81945,-0.26441,-0.04545,-0.21262,-0.7272,-0.57419
4.9809,-3.6209,1.716,-1.429,-0.39161,-0.77937,-0.71145,-0.2955,0.419,-0.66962,-0.95762,-0.5633
5.0481,-3.441,2.1892,-1.3473,0.32232,-0.60787,-0.99979,-0.69382,0.92635,0.018585,-0.95684,-0.75223
5.5798,-3.4913,1.4176,-1.73,-0.041115,-0.2778,-1.2879,-1.0243,0.69408,0.18423,-0.84955,-0.52699
6.0037,-3.0745,0.7751,-2.3942,-0.22992,-0.31011,-0.86565,-1.5328,0.4087,0.04415,-0.49603,-0.86414
4.4558,-2.8026,0.1039,-1.7896,0.014894,-0.081257,-0.33949,-2.0294,0.12644,-0.47608,-0.067668,-0.35557
4.4316,-2.8645,-0.73949,-2.0223,-0.13595,0.83053,0.39677,-2.0014,0.64353,-0.25446,-0.15963,-0.8162
5.3504,-1.5585,-0.88412,-2.8538,-0.87439,0.78239,0.44182,-2.0828,0.80277,-0.38688,0.24456,-0.13623
5.0611,-1.99,-0.75131,-1.5817,-0.537,0.55779,0.43048,-1.3938,0.29414,-0.76886,-0.56727,-0.70345
5.2351,-1.611,-0.63308,-1.8165,-0.65432,0.26969,-0.68082,-1.6112,1.1616,-1.212,-0.081758,-0.47548
5.2943,-1.3874,0.33606,-1.8422,-1.221,-0.012705,-1.0912,-1.3288,0.63208,-0.89422,-0.4967,-0.95368
5.4414,-1.5316,-0.26491,-2.5194,-1.7304,0.28512,-0.64704,-0.9347,0.67484,-0.85366,-0.43662,-1.1789
5.3648,-2.1785,-0.71398,-2.0313,-1.236,0.25693,-1.6046,-1.8285,0.90718,-1.2667,-0.75234,-0.82608
6.6975,-1.9057,-0.37898,-2.2519,-1.3186,0.40539,-1.7241,-1.3114,1.5939,-0.7711,-0.16423,-0.57707
6.796,-1.7079,0.33165,-1.1207,-0.51767,0.38614,-1.7109,-1.5318,0.94273,-1.2939,-0.70193,-0.67925
6.4141,-3.084,-0.34348,-1.2628,-0.57232,0.48158,-0.97578,-1.2651,0.75656,-0.82345,-0.38897,-0.80481
6.801,-2.0806,-0.67072,-1.315,-0.27197,-0.087185,-1.0669,-1.293,0.24986,-0.85673,-0.64363,-0.48315
5.9295,-1.8809,-0.35555,-1.6823,-0.4324,-0.040466,-0.4028,-1.7146,0.49687,-0.31635,-0.55212,-0.54622
5.1191,-1.4174,-0.31046,-1.9419,-0.61179,-0.3626,0.27659,-2.3808,-0.16534,-0.57529,-1.229,-0.25964
5.1184,-0.84137,-0.067482,-1.4016,0.53777,-0.079263,0.34793,-1.7081,0.25635,-1.1966,-1.2634,-0.25069
3.9216,-0.79812,-0.77066,-1.3674,0.54745,-0.1671,-0.0065442,-1.1224,1.0553,-0.62622,-1.1325,-0.63471
2.8936,-1.41,-1.1602,-0.88768,0.77733,0.0048728,0.37213,-1.1355,0.9736,-0.81246,-0.90181,-0.17475
2.0206,-1.1937,-0.98435,-0.8622,0.97917,0.091509,0.043041,-1.1388,1.2267,-0.60577,-0.25146,0.9344
1.1528,-0.79427,-1.0883,-1.3924,-0.062034,-0.84651,-1.0456,-2.4816,0.58153,-1.0679,-0.46065,1.348
1.2614,-0.64667,-0.24692,-1.021,0.35398,0.13426,-0.37775,-1.4431,0.80805,-1.2298,-1.0822,0.81626
1.1353,-0.99246,-0.69764,-1.675,0.47154,0.32736,0.35216,-1.8064,0.12559,-1.4478,-1.4247,0.13393
1.1471,-1.3128,-0.76033,-1.6231,0.12539,0.43367,0.93147,-1.1417,0.88619,-0.9852,-1.2123,0.51724
0.74011,-1.4914,-1.3795,-1.7685,-0.38402,-0.72901,0.37471,-1.3452,1.1298,-0.55063,-0.61584,0.39898
1.3234,-0.99919,-0.69605,-1.5076,-0.3232,-0.5273,0.23073,-0.86708,1.3096,-0.71557,-1.2075,-0.27354
0.85435,-2.0983,-1.338,-1.2044,1.0164,-0.018268,0.91458,-0.48042,1.2678,-0.61193,-1.4692,-0.010331
1.0048,-1.9497,-0.89271,-1.5591,-0.10898,-1.1532,0.025618,-1.0585,0.80482,-0.74964,-0.80521,-0.46502
0.64082,-2.0696,-1.224,-1.115,0.54445,-1.3928,0.79996,-0.29791,0.4914,-0.72421,-0.73159,0.11631
1.8047,-1.5721,-0.77003,-0.83896,0.90545,-1.1027,0.63888,-0.24484,1.3075,-0.96187,-1.6957,0.16373
2.1722,-1.8762,-0.62977,-0.98462,1.2217,-0.27582,1.1595,-0.11248,0.83034,-1.6136,-1.4588,-0.23968
3.1619,-1.725,-0.01517,0.45878,0.42991,-0.36161,0.77226,-0.43659,0.37423,-1.7436,-1.2887,-0.16693
3.626,-1.8595,0.022866,0.044149,0.57024,-0.27595,0.56964,-0.60514,0.4577,-2.1499,-1.5937,-0.18158
2.9102,-1.3719,0.31801,1.2225,1.3065,-0.77289,0.49613,-0.89798,0.48531,-1.8153,-1.6725,-0.27895
3.4621,-1.1856,0.054894,0.27691,0.97185,-0.49449,0.84428,-0.60944,0.26342,-1.1554,-1.7382,-0.19162
3.0108,-0.77775,-0.010116,-0.11947,1.2513,-0.7911,1.1966,-0.12907,0.3994,-1.5879,-1.6662,-0.0070688
3.2963,-0.61828,-0.27345,0.41095,1.0953,-0.032101,1.2709,-0.66555,0.49113,-2.3386,-2.4045,-0.5944
3.3816,-0.89964,0.80664,1.3167,0.99696,-0.64007,0.4259,-0.9185,-0.024416,-1.8305,-1.4775,0.36387
4.0966,-1.4478,1.0264,0.92903,0.5247,-0.97797,0.74938,-1.0978,0.11921,-1.118,-1.0132,0.14831
4.8899,-1.4698,1.2724,0.72869,-0.90386,-0.77867,0.46166,-0.80297,0.46001,-1.2068,-1.6194,0.21244
4.4629,-1.0706,1.2727,0.68837,-0.46411,-0.41878,0.8058,-1.1178,-0.22173,-1.9634,-1.9175,0.12792
4.4495,-1.1581,1.7738,1.2371,-1.3639,-0.66814,0.97798,-0.97702,-0.25992,-1.4719,-1.7186,-0.052525
4.8167,-1.5795,1.5407,0.96257,-0.7151,-1.1526,0.21343,-0.58742,0.26639,-1.5071,-1.5099,0.51272
5.0337,-1.4377,1.6133,1.0435,-0.54993,-0.6179,-0.16335,-0.99439,0.205,-1.2011,-1.2555,0.21858
4.9399,-1.5534,2.1317,0.97056,-1.6312,-0.8903,-0.59454,-0.60696,0.77557,-0.80975,-1.3451,0.25622
4.0546,-0.92635,1.5173,0.83448,-1.3082,-1.5134,-0.1382,-1.0667,0.16375,-0.97885,-0.86008,0.17515
3.7245,-0.4151,1.7924,0.54913,-0.78645,-1.6691,0.013878,-0.25244,0.16354,-1.5023,-0.77911,0.31836
2.7006,-0.57341,1.7375,1.2107,0.43452,-0.71311,0.26715,-0.21934,0.57512,-1.1528,-1.0548,-0.14735
2.7257,0.34846,2.0062,1.3037,0.22557,-1.0351,-0.87269,-0.76162,0.74977,-1.0942,-1.5578,0.57985
1.7922,-0.65561,1.4449,0.68822,0.017324,-0.93561,0.39009,0.38915,0.88674,-0.42794,-0.25549,0.010254
