1.0874,0.77493,0.54882,0.78072,-0.19167,-0.86261,-0.32911,-0.88768,-0.24361,-0.45025,-0.077487,-1.3167
0.87714,0.6201,0.86038,0.3752,-0.74377,-0.832,-0.25179,-0.79903,0.41307,-0.96817,0.13382,-1.1716
1.1388,-0.38014,2.1295,0.95874,-1.5389,-0.8118,-0.25532,-1.0354,0.098247,-0.36488,0.59089,-1.4554
0.86774,-0.86963,3.1361,0.80714,-2.2562,-0.86189,0.73702,-1.7658,-0.45842,-0.40993,0.79893,-1.1751
0.61813,-1.2253,4.4505,0.27543,-3.0657,-0.76508,0.088873,-1.7774,-0.30515,-0.35024,0.72826,-0.70899
0.8628,-0.94277,4.4567,-0.44353,-3.75,-0.78626,-0.046444,-1.3839,0.048936,-0.44658,0.92426,-0.81889
0.95094,-1.3021,5.0685,-0.56203,-3.4624,-0.75091,-0.41616,-1.3912,-0.24917,-0.48246,1.1918,-0.68291
1.6695,-2.0465,5.4187,-0.97606,-3.1182,-1.039,-0.75882,-1.0972,-0.068553,-0.72713,1.6903,-1.6066
1.8069,-2.5883,4.6447,-1.217,-3.1037,-0.5599,-0.66099,-1.374,-0.085623,-0.67805,1.4758,-1.0425
1.3472,-2.6155,4.6692,-1.2438,-2.9751,-0.62107,-1.1315,-0.87287,0.074821,-0.7441,1.4435,-0.9946
2.0806,-3.0453,4.6064,-1.9679,-2.517,-0.33712,-0.73359,-0.96862,0.48054,-1.0124,1.0239,-1.0506
1.9913,-2.8442,3.8995,-1.2522,-2.27,-0.039414,-2.2031,-1.3964,0.15532,-0.20201,1.43,-1.0741
3.0577,-2.7757,2.8987,-2.0466,-2.0636,0.8217,-1.5831,-1.25,0.47066,-0.42725,1.1128,-1.3428
2.7019,-2.2244,1.6782,-1.6891,-0.47631,1.4133,-1.827,-2.4936,0.24214,0.22376,1.8372,-1.0008
2.7939,-2.0928,1.1175,-2.4944,-0.047999,1.8521,-1.3696,-2.6791,0.46876,0.15366,1.889,-1.0731
3.3532,-2.0759,0.89428,-2.3452,0.41562,2.6157,-1.0232,-3.0393,-0.78178,-0.63474,1.6893,-0.4118
3.9525,-0.97807,0.20446,-2.855,-0.80245,2.0132,-0.96898,-2.6245,-0.5204,-0.9063,1.0389,0.29412
4.4511,-0.42361,-0.20063,-3.4814,-0.52623,2.0605,-0.7418,-2.6535,-0.235,-1.8184,1.0758,-0.56633
4.1773,-0.30471,-0.48259,-3.0546,-1.405,1.3586,-0.48614,-1.566,-0.10034,-1.0628,0.50496,-0.30188
4.9422,0.14914,-0.42767,-3.4415,-1.6766,1.0341,-0.84972,-1.5482,0.4555,-1.3685,0.98131,-0.53673
5.3396,0.96334,-0.65554,-3.5842,-1.7176,0.81564,-1.1453,-0.66686,0.47982,-0.77246,0.77519,-0.50126
6.0552,1.4472,-0.087942,-4.5962,-2.264,1.1022,-0.93495,-0.47871,0.69308,-1.2102,0.33973,-0.42461
5.9869,1.7057,0.14201,-4.3825,-2.53,0.92783,-0.60678,0.012564,0.87364,-1.1367,0.049463,-0.27604
6.973,1.3762,1.2641,-4.5025,-2.6266,1.8577,-0.71041,0.021626,0.92341,-1.1117,0.21493,-0.77557
6.2285,2.1615,1.1657,-3.97,-2.5219,1.162,-0.80725,0.0032664,1.0018,-0.83633,-0.35732,-0.11852
7.8267,1.7832,1.9065,-4.3537,-2.6359,1.904,-1.283,-0.16692,1.4216,-1.4217,0.39236,-0.89795
6.9411,1.8353,1.462,-4.1819,-2.4078,1.5252,-0.81222,0.060889,1.0017,-0.92451,-0.10693,-0.46438
7.2444,2.225,1.9524,-5.0795,-2.5486,2.1483,-0.64946,0.23043,1.0599,-1.2575,-0.10597,-0.80243
6.0536,1.7006,1.5431,-3.6925,-2.2578,1.1146,-1.0204,0.099521,0.77658,-0.65699,-0.23952,-0.13195
7.6049,1.0393,1.4561,-4.7645,-1.9438,2.2647,-1.3934,-0.4053,1.1714,-0.41999,-0.32002,-1.2099
5.9236,1.2818,1.298,-3.6493,-1.4187,1.0434,-1.8294,-0.20822,0.75357,-0.30864,-0.27258,-0.67229
5.7441,1.2227,1.0807,-3.4293,-1.7575,0.84553,-1.434,-0.12872,0.78993,-0.28306,-0.73718,-0.78676
7.3693,1.223,1.9329,-4.9728,-1.3832,1.7699,-1.8019,-0.48543,0.8126,-0.30348,-0.64789,-1.01
6.036,1.407,1.017,-3.5344,-1.1927,0.93233,-1.6686,-0.13899,0.3731,-0.41444,-0.36433,-0.51603
7.5611,1.5725,1.604,-5.7953,-0.67554,2.1516,-1.7637,-0.71839,1.1296,0.17234,-0.81643,-1.8291
6.955,1.5113,1.8177,-5.1837,-1.8257,1.703,-0.95293,-0.11327,0.20095,-0.2473,-0.38598,-0.8854
7.8059,0.54469,2.3409,-5.386,-1.8904,1.6932,-0.88314,-0.083143,0.18729,-0.57391,-0.1562,-0.97844
5.7869,1.1267,1.6283,-4.3503,-1.7589,1.456,-0.90743,-0.027405,-0.20101,-0.33722,-0.43264,-0.59055
6.3334,0.6001,1.704,-5.1224,-1.0884,1.97,-1.558,-0.16576,-0.068381,-0.084449,-0.53178,-0.81548
5.5718,0.27343,1.1235,-4.4544,-1.0682,1.4673,-1.3115,-0.14365,-0.25483,0.090515,-0.33214,-0.89707
7.2625,-0.46508,1.4187,-4.3736,-0.66141,1.9296,-1.4084,-0.3314,0.34447,0.33548,-0.71162,-1.3879
5.4928,-0.26539,0.313,-3.3985,-0.30068,1.7458,-1.2194,-0.25092,0.035409,0.54373,0.055449,-1.2902
5.882,-0.012271,0.18126,-4.2359,-0.5581,1.3714,-1.1765,-0.17391,-0.45376,0.65008,0.50155,-0.62117
4.784,-0.22979,0.019815,-2.7911,-0.6219,0.77688,-1.6936,-1.0512,-0.90809,-0.1799,0.047833,-0.69072
6.023,-1.1424,0.35222,-3.9304,-0.53034,1.3331,-1.8442,-1.04,-1.2379,-0.19538,-0.03389,-1.2334
4.9178,-0.8425,-0.52438,-4.0256,0.39034,2.1106,-1.396,-0.85078,-0.54054,-0.11333,0.017108,-0.98008
6.0641,-1.2599,-0.55707,-3.5917,0.37623,1.7163,-1.3025,-0.99558,-0.58889,0.2842,-0.06554,-1.0755
5.2279,-1.0542,-1.1298,-3.4631,0.47909,1.6005,-1.4477,-1.0698,-0.11991,-0.54434,0.28099,-1.1594
2.9856,-1.4464,-2.9693,-4.0328,0.44221,0.69388,-1.5347,-1.5582,0.25271,-0.87743,0.44819,-2.2496
2.8515,-0.3711,-1.4782,-3.4753,0.5743,0.65466,-1.0715,-1.4469,0.37554,-0.58864,0.62454,-1.3206
2.4996,-0.36342,-2.4494,-3.2655,0.27504,-0.068533,-0.84344,-1.3095,0.53476,-0.16679,1.0041,-1.2113
1.9755,-0.12648,-1.9675,-2.9767,-0.10553,-0.22456,-1.0897,-1.6032,0.76069,-0.45359,0.62353,-1.4191
3.0593,0.64273,-1.9889,-3.6959,0.17886,0.42519,-1.6788,-2.0516,0.81514,-1.1373,0.53267,-1.9128
2.6445,-0.035315,-1.9716,-3.1722,0.9299,0.049702,-1.9409,-1.9242,1.0432,-1.3212,-0.19884,-1.9001
3.2367,0.22783,-1.5814,-2.7196,1.0262,0.74402,-1.3203,-2.2487,0.74661,-0.85625,0.15696,-1.8607
3.1318,0.56823,-1.3021,-3.108,0.99541,0.51671,-1.6528,-1.1901,1.133,-1.0112,-0.3486,-1.7963
3.3142,0.40756,-1.7525,-2.6919,0.56733,-0.49904,-1.2231,-1.7171,1.0552,-0.69643,-0.20773,-1.4228
3.1944,0.27816,-2.4777,-2.9592,1.1591,-0.35513,-1.3847,-1.9579,1.0607,-1.001,-0.26395,-1.9526
4.1105,0.87466,-1.8748,-2.9442,0.48686,-0.31918,-1.6972,-1.8035,1.1672,-0.21488,0.025079,-1.8157
2.6881,0.24539,-1.8049,-2.7495,-0.58209,-1.312,-1.7461,-2.2522,0.91939,-0.040053,0.20237,-2.3755
2.957,0.47984,-2.2123,-2.9633,0.081323,-0.21745,-1.1581,-1.6178,0.81437,-0.41348,0.040788,-1.4935
3.4467,0.77283,-1.6708,-2.8494,-0.45562,-0.68346,-0.87849,-1.9159,0.7501,-0.64177,-0.20884,-2.2679
3.2935,2.2769,-0.45975,-2.5598,-0.1707,0.0664,0.22728,-1.6468,0.74254,-0.80914,-0.25712,-1.7855
3.2646,1.8586,-2.3288,-2.0106,-0.12447,-0.34237,0.16191,-2.2692,0.74315,-0.99967,-0.4424,-2.0684
3.2028,1.2893,-1.9077,-2.2582,0.44952,-0.29614,-0.16915,-1.704,0.49836,-0.39872,0.14047,-1.1745
2.3143,0.67807,-2.1362,-3.3566,-0.5834,-0.074582,-0.16124,-1.5702,0.73119,-0.49972,0.32658,-1.4536
2.674,0.82452,-1.7681,-2.0853,0.3151,-0.52103,0.12657,-0.9115,0.31782,-0.63829,0.26956,-1.1825
2.5497,0.78269,-1.6281,-2.1344,-0.1558,-0.88861,-1.1523,-1.4385,1.0263,-0.34976,-0.95761,-1.8885
2.9799,0.57383,-1.6167,-2.234,0.070911,-0.061078,-0.82531,-1.4552,1.2498,-0.030537,-0.27969,-1.0131
2.7425,0.48178,-1.1849,-1.1006,0.42781,-0.19345,-0.36364,-0.67464,0.59379,-0.68335,-0.26609,-1.8279
2.0004,-0.036493,-0.71744,-1.1651,0.23729,-0.0075189,-0.74683,-0.78534,1.126,0.080904,-0.13487,-1.5373
1.468,0.19743,-0.5041,-1.0854,0.13128,0.38472,-0.56143,-0.68449,1.1905,-0.10552,-0.4086,-1.716
2.3222,-0.099805,-0.5029,-1.2027,0.10346,-0.26363,-0.90443,-0.92969,0.73867,-0.19372,0.32518,-1.0565
2.479,-0.091415,-0.7841,-1.2533,-0.26062,-0.33474,-0.17081,-0.39069,0.15534,-0.62225,-0.773,-1.6125
2.1587,-0.71862,-0.29071,-0.90244,-0.26568,0.38873,-0.25839,-0.51046,-0.053201,-0.97203,-0.34448,-1.7151
2.264,-1.0728,-0.49449,-1.1602,-1.105,-0.55672,-0.4416,-0.55995,0.83637,-1.3667,-0.54581,-1.1528
2.594,-0.84085,0.13233,0.2177,-0.19625,-0.69276,-0.50011,0.12706,0.75568,-0.41743,0.17998,-1.3178
3.393,-0.50985,0.35041,0.31198,0.081732,0.26534,0.0029985,-0.18326,0.72836,-0.56885,-0.3545,-1.149
4.0882,0.33844,1.0925,0.23662,0.84817,0.21285,0.11839,-0.17468,-0.014541,-1.3598,-0.64837,-1.6517
4.9798,0.96353,1.519,0.76634,0.55235,-0.038704,-0.16846,-0.20747,-0.072225,-0.8155,-0.47428,-1.7367
5.5065,0.66285,1.8037,0.84824,0.76094,0.18129,-0.73358,-0.40973,0.293,-0.72691,-0.84395,-1.4422
5.4333,0.52108,1.9246,0.80137,0.81984,0.53017,-0.39419,-0.97373,-0.109,-0.6772,-0.49474,-1.5586
5.1559,0.32972,2.6524,1.8885,1.1928,0.73252,-0.76809,-1.053,0.0069252,-0.67974,-0.87882,-1.6579
5.4349,0.12637,2.2615,1.5318,1.8326,0.30717,-0.51528,-0.42913,-0.26246,-0.63942,-0.75247,-1.025
4.4443,-0.4844,1.4299,1.3138,0.2375,0.20148,-0.055784,-0.12644,0.25959,0.067572,-0.6224,-1.1847
5.0213,-0.49201,1.8077,1.495,0.44523,0.39861,0.061414,-0.35323,-0.061217,0.11233,-0.39227,-1.9877
4.6332,-0.48309,1.897,1.2584,-0.055414,-0.082235,-0.20952,-0.56623,-0.12409,0.4617,0.11163,-1.5434
4.6184,-1.484,1.7329,2.1114,0.037339,-0.90681,-1.3207,-1.1245,0.16977,0.04626,-0.10784,-1.3094
4.4609,-2.06,0.99633,1.3379,-0.74579,0.3814,-0.024562,-0.67215,0.093776,0.12282,-0.2247,-1.3392
4.1121,-2.0143,0.74488,1.4704,0.0014048,0.44036,0.3853,0.5957,0.44149,0.033086,0.25406,-1.3682
4.4821,-1.3586,1.3014,1.8751,0.66924,0.22133,-0.017477,0.11374,-0.48758,-1.2771,-0.53477,-0.78549
3.8794,-1.5365,3.2204,1.4468,-0.60689,0.56012,0.045906,0.51256,0.071745,-1.8959,-0.52884,-0.71774
2.6473,-1.8183,2.7028,0.646,-0.69921,-0.057189,-0.70477,-1.002,-0.20685,-1.4278,-0.81033,-1.3973
-1.4023,-0.65841,3.6288,0.27857,0.0032121,0.051634,-0.010284,-0.84183,-0.29451,-2.0531,0.22614,-0.81063
-2.4063,0.14153,3.7657,-0.25091,0.56915,0.16037,-0.96203,0.18347,0.2301,-1.5447,0.77187,-1.6799
0.45692,0.37551,4.2,0.67012,-0.32215,-0.90001,-1.4265,-0.79531,0.78657,-1.3827,0.16921,-1.1789
2.0091,-0.39829,3.8197,0.94095,-0.00070694,-0.73047,-2.297,-1.137,0.38443,-0.60358,0.53595,-0.79284
2.2715,-0.31009,3.5625,0.77379,-0.46506,-1.0776,-2.0569,-1.23,1.1471,-0.39938,1.0654,-1.1761
2.5746,-0.1129,3.4813,0.70464,-0.50734,-1.2707,-1.9304,-1.3891,1.2018,-0.67613,1.272,-1.2379
3.6055,-0.2409,3.4712,0.35117,-1.0803,-0.50992,-1.9682,-1.1988,0.49133,-0.64327,1.3517,-1.396
3.3818,0.0088429,2.6994,0.059982,-1.2067,-0.15597,-1.9613,-1.284,0.44712,-0.44105,1.0525,-1.0568
3.896,-0.4293,2.53,-0.11618,-0.73664,-0.42964,-1.3097,-1.3362,0.51908,-0.98752,1.3062,-1.2897
3.9349,-0.61758,2.512,-0.067948,-0.91619,0.13122,-1.4491,-1.1207,0.29468,-0.84287,0.99552,-1.0098
3.9359,-0.64669,2.1127,0.064242,-0.99793,0.043339,-1.1528,-1.2349,0.41277,-0.78858,1.125,-0.80261
4.0218,-0.36915,2.0992,0.10278,-1.117,-0.2099,-1.4448,-1.202,0.48315,-0.88311,1.428,-0.70497
3.9043,0.0063482,2.2844,0.054803,-0.97933,-0.55229,-1.808,-1.2468,0.48799,-1.0134,1.5307,-0.73852
4.3316,-0.28568,2.3412,-0.11366,-0.74726,-0.38817,-1.5809,-1.8436,0.65752,-1.0922,1.6955,-1.0613
4.2162,-0.35256,2.1273,0.10084,-0.86024,-0.022017,-1.7759,-1.6745,0.23794,-0.88866,1.5676,-1.1419
4.191,-0.27922,1.5589,0.41147,-0.89583,0.41541,-1.8711,-1.4927,-0.012108,-0.71348,1.3932,-1.3259
3.9717,-0.24234,1.1607,0.3635,-0.97191,0.44951,-1.7158,-1.259,0.042223,-0.85931,1.3079,-1.1944
4.7911,-0.87891,1.5345,0.10015,-0.88852,0.41134,-1.8703,-1.3017,-0.26764,-0.55357,1.5156,-1.3656
5.1516,-1.4389,2.1034,-0.15044,-0.52599,0.065389,-1.7014,-1.4607,-0.037734,-0.62454,1.8517,-1.2655
5.2502,-1.2854,2.4777,0.084726,-0.61192,0.038964,-2.5825,-1.0818,-0.20895,-0.43623,1.818,-1.2475
5.0577,-1.1565,2.7552,0.045013,-0.64244,0.13172,-3.2069,-0.76573,-0.76595,0.41926,1.4188,-1.3789
5.0824,-0.36342,2.5718,-0.81559,0.046424,-0.64347,-2.2107,-0.84855,-0.62751,0.1183,0.83723,-0.78182
5.2258,-0.57489,2.6609,0.41616,-0.083301,-0.42425,-2.1525,-0.36502,-0.48325,0.013293,0.0049536,-0.72581
4.2933,-0.40585,1.9357,0.060878,-0.24206,-0.86349,-2.3459,-1.1896,-1.0329,1.5735,0.18142,-0.67437
3.7603,-0.69846,2.8105,-0.45282,-0.59915,-1.1465,-1.811,-0.13561,-0.46656,1.212,0.5418,-0.27072
4.9809,-1.852,3.0173,-0.44859,-1.2306,-0.52789,-2.065,-0.71157,-0.39157,0.56472,-0.051636,-0.50114
3.5496,-1.8111,1.8596,-0.43193,-0.86087,-1.2362,-2.0472,-2.0598,-0.20632,0.94771,-0.70256,-1.0031
3.5482,-2.3897,2.8124,0.25667,0.049173,-0.81152,-1.9,-0.53702,-1.107,0.096468,-0.24798,-0.90494
3.9616,-2.9571,2.16,-0.277,-0.98436,-1.4451,-2.5084,-1.1727,-1.0868,0.095331,-0.72651,-0.63063
3.085,-3.3013,2.0801,-0.41549,-0.86383,-1.0095,-2.8054,-1.4673,-1.2803,-0.20117,-1.32,-1.4067
3.4716,-3.0077,2.1379,-0.23056,-0.91549,-1.5423,-2.672,-1.426,-1.2523,-0.33017,-1.1079,-1.5255
3.2532,-2.9831,1.9542,-0.25151,-0.82499,-0.58401,-1.8728,-0.45671,-0.3796,-0.48538,-0.97408,-1.6583
3.481,-2.3419,1.5594,-0.083591,-0.70301,-0.28109,-1.7591,-0.5434,-0.56243,-0.73316,-0.14693,-0.50058
4.4269,-2.1862,1.8729,0.19695,-0.4041,-0.81454,-1.819,-0.66225,-0.62112,0.13987,-0.77506,-1.2934
3.7756,-1.4141,2.2726,1.1629,0.41789,-0.57077,-2.0785,-0.97492,-0.74701,-0.12938,-0.38131,-1.1721
4.3828,-2.7112,1.2717,0.43584,-0.72324,-0.58018,-1.4228,-0.88858,-0.44012,0.20198,-0.34447,-1.337
3.8629,-1.9775,1.6813,-0.33368,-1.1901,-0.41914,-1.754,-0.85923,-0.54918,0.034565,-0.34484,-1.4229
4.6515,-2.1566,1.6544,0.073177,-0.61869,0.17982,-1.1343,-0.30133,-0.43768,-0.11689,-0.7082,-1.8048
4.3871,-1.5494,1.2166,-0.11112,-1.1127,0.53626,-1.3551,-0.83619,0.070585,-0.15875,-0.11974,-1.5158
4.3224,-1.8698,0.97142,-0.22946,-0.71817,1.6392,-1.0945,-1.144,-1.0028,-0.26689,0.081526,-1.3712
3.7735,-2.0185,1.009,-0.2582,-0.80905,0.91169,-1.775,-1.4848,-0.60557,-0.49325,-1.0961,-1.6276
3.7044,-1.3634,0.61016,0.26814,-0.64872,-0.19239,-1.6847,-1.1457,-0.30537,0.1726,-0.1806,-1.6827
3.5988,0.30167,1.8008,0.49443,-1.0433,0.60329,-1.7861,-1.0775,-0.3103,-0.4319,-1.2409,-2.1009
2.7916,0.067059,-0.074986,0.072034,-1.0011,-0.25297,-1.3709,-0.75706,-0.15569,-0.34009,-0.75336,-1.67
2.6898,0.31345,-0.12297,0.71844,-0.78357,0.62732,-1.7998,-0.87619,-1.0122,-0.60579,-0.98669,-1.5123
2.1393,0.55479,-0.36691,1.0932,-1.6292,1.0172,-0.77129,-0.8373,-0.98776,-0.41867,-0.53221,-1.2118
1.8811,0.78259,-0.82641,0.0893,-2.2521,0.67137,-0.96792,-0.43068,-1.2981,-0.78002,-0.96542,-0.61179
1.8542,0.9693,-0.38556,-0.18713,-1.2665,1.1365,-0.41312,-1.0004,-1.4724,-1.0476,-1.0167,-0.7725
2.3147,1.559,-0.20769,0.58737,-1.2435,0.76744,-1.2571,-0.80517,-0.54948,0.18546,-0.93307,-0.73491
1.9409,0.83468,-0.62058,0.81726,-1.1442,0.29177,-0.80029,-0.65524,-0.90224,-0.27891,-0.83687,-0.97237
1.9485,0.72293,0.24613,0.31672,-1.2491,-0.22293,-0.78309,-0.7827,-1.0926,-0.58313,-1.0975,-1.2944
2.1495,1.0214,0.068579,0.96789,-0.88548,0.44184,-0.6426,-1.1144,-0.61761,0.048719,-1.0178,-0.0783
2.1924,1.4634,0.64677,0.72283,-0.67327,0.54812,-0.65608,-0.73043,-0.49657,0.019548,-0.51625,-1.1726
2.2218,0.95394,0.41576,0.55235,-0.94182,-0.3476,-0.52417,-0.39978,0.012404,0.085296,-1.599,-0.94509
1.6486,0.96929,-0.087463,0.337,-0.68658,-0.30224,-1.0022,-1.3499,0.016857,0.40582,-0.078074,-0.70777
1.6762,2.4493,0.25074,0.33306,-0.35178,-0.7627,0.25865,0.075004,0.25178,-0.089608,-1.127,-0.75614
0.057993,2.5363,0.034206,-0.33987,0.37137,-1.1295,0.62378,-1.3029,0.13194,0.14659,-0.67316,0.19358
-1.4647,2.7728,-0.49532,-0.10862,0.82352,-2.4913,0.072144,-1.4986,0.088352,-0.043093,-1.1579,-0.72499
-2.6549,3.1957,-0.77664,-0.19451,1.3514,-1.5622,0.21489,-1.8319,0.138,0.21565,-0.93945,-0.12499
-4.171,3.2537,-0.034863,-0.57824,0.74295,-1.4385,0.85003,-1.2945,0.35074,0.42417,-0.49314,-0.040617
-6.3044,2.6937,-0.17886,-0.83744,0.73572,-1.8978,0.20738,-1.8694,-0.5154,-0.69183,-0.91879,-0.82588
-5.202,3.9188,0.45667,-1.2288,0.49055,-2.2098,0.56618,-1.5279,-0.45867,-0.39384,-0.60541,-0.38369
-6.1229,3.2089,0.49106,-0.20203,0.37451,-2.0435,-0.17085,-1.4827,0.30117,0.13475,-0.38349,-0.5015
-6.903,2.9062,0.33467,-0.94741,0.82009,-1.9368,0.080124,-1.8125,-0.56339,-0.94089,-1.1799,-0.69522
-7.8406,3.5272,0.013762,-0.82024,1.3263,-2.2739,-0.2969,-1.4635,-0.37561,-0.65466,-1.0843,-0.38553
-8.0169,3.4845,0.13715,-1.6098,1.1035,-2.3458,-0.14872,-1.6946,-0.91949,-0.85241,-0.87382,-0.55301
-8.7419,3.3685,-0.3316,-1.6406,0.96884,-3.0018,-0.74016,-1.5262,-0.26845,-1.0819,-1.3121,-1.0367
-8.2054,4.0755,0.22617,-1.4495,0.76069,-2.0469,0.43614,-0.85138,0.61641,-1.0012,-1.0393,-0.71945
-9.0379,4.6414,0.73723,-1.1395,1.6802,-1.6458,0.90434,-0.67338,-0.20322,-0.73667,-0.46545,-0.71221
-9.7086,3.8284,-0.42082,-1.8671,1.3281,-1.3545,0.703,-0.59891,0.12524,-0.86301,-0.50748,-0.3518
-9.2889,4.9449,0.26175,-1.3348,1.2753,-1.5228,0.89941,-0.66439,0.53595,-0.54793,-0.43295,-0.62737
-9.0261,4.3555,-0.41663,-0.99589,1.5589,-0.73379,0.71774,-0.21264,0.83019,-0.53306,-0.33247,-0.41344
-8.6726,5.365,-0.44791,-0.88808,2.0214,-0.72736,0.93458,-0.15935,0.39507,-0.62613,-0.49325,-0.36913
-9.3488,5.1996,-0.18667,-1.7337,1.2122,-1.1715,1.016,-0.66811,0.028636,-0.79084,-0.45089,-0.37207
-10.27,4.334,-0.59159,-1.937,0.4296,-1.2622,0.27633,-0.4251,0.4828,-0.96256,0.012795,-0.7912
-9.3551,4.8704,-0.35355,-0.96983,1.346,-1.6829,-0.042819,-0.40421,-0.01185,-1.0008,-0.29452,-0.18313
-9.5659,4.6385,-0.72418,-1.0498,1.3101,-1.7721,0.057972,-1.3977,0.014478,-1.3963,0.34067,-0.35726
-9.2716,4.2864,-1.3219,-1.6835,0.83886,-1.9239,0.49176,-1.0804,-0.12267,-1.818,-0.63517,-0.34207
-9.0124,4.3189,-0.78251,-1.4703,0.21099,-1.8094,0.30712,-1.4873,-0.22223,-1.9206,-1.5556,-0.79014
-8.8208,4.7538,-0.14533,-0.73809,0.78462,-1.9104,0.26597,-0.79429,-0.4724,-1.31,0.032632,-0.3457
-8.6302,4.9506,-1.0902,-0.65614,1.2862,-0.77087,-0.1553,-1.1779,-0.38134,-1.9209,-0.8359,-0.58521
-8.7275,3.8912,-1.0585,-1.0209,0.74157,-0.99601,0.12116,-1.0746,-0.088721,-1.8902,-0.42229,-0.55491
-7.3715,3.7738,-0.52781,-0.67288,0.39733,-2.131,-0.67027,-1.0739,0.0084614,-1.358,-0.20891,-1.0041
-5.6436,3.1413,-1.1508,-0.58172,0.68998,-1.6587,-0.856,-0.86338,0.30372,-1.7931,-0.55611,-0.73667
-2.6484,2.6846,-1.0517,-0.10681,1.8413,-0.807,-0.58481,-0.95032,1.0916,-0.17112,0.82718,-0.61394
0.76364,1.3811,-1.0784,-1.2408,1.5879,0.51921,-0.37527,-1.4405,0.97517,0.46516,-0.15419,-1.4674
1.6052,0.071025,-0.76165,-1.4155,1.4538,0.89996,-0.36054,-1.1976,0.7077,0.97942,-0.21743,-1.7213
2.55,-1.1208,-1.2352,-2.2303,1.2339,0.96321,-0.28573,-0.86736,0.12702,0.71736,0.01677,-1.688
3.8016,-2.0169,-0.65335,-2.8145,1.6138,0.61056,-0.32448,-1.0669,0.15005,0.13959,-0.064809,-1.7724
3.7366,-1.8169,-0.71838,-2.7111,1.0972,0.82335,-0.80265,-0.83607,-0.028066,0.39063,-0.18713,-1.3368
3.9755,-2.4322,-0.095136,-2.2337,0.96895,0.79782,-0.74484,-0.99717,0.20422,0.052761,0.075363,-1.6751
3.8736,-2.1357,0.049055,-1.9717,1.4107,0.92083,-0.76586,-1.0177,0.21913,0.037697,-0.29988,-1.7775
4.3761,-2.6749,0.26708,-1.9794,1.1373,1.0907,-1.2489,-0.62573,-0.42525,0.20451,-0.36484,-1.5787
4.7035,-3.3352,0.92054,-2.5181,1.7845,0.44326,-0.81192,-0.7831,-0.22901,-0.040077,-0.2508,-1.4388
4.5235,-3.3337,0.83374,-2.0819,1.0989,0.43791,-1.0169,-0.58823,-0.36806,0.23013,-0.14326,-1.044
4.4048,-3.5101,0.9818,-2.2907,1.163,0.10228,-0.56566,-0.85129,0.048455,-0.033624,0.21238,-1.0366
4.6615,-3.2991,0.93557,-1.7869,1.1286,0.092236,-0.83313,-0.51291,0.21015,-0.11817,0.071045,-1.0941
4.6474,-3.4634,1.2315,-1.8956,1.433,0.045103,-0.49351,-0.71545,0.45559,-0.3919,-0.030666,-1.3433
4.5387,-3.4449,0.8978,-1.4893,0.73363,0.33657,-1.1132,-0.11759,0.11083,-0.18808,-0.22374,-1.1195
4.835,-3.5818,1.2387,-1.8475,0.76832,-0.094362,-0.71801,-0.11111,0.035034,-0.2736,-0.17389,-1.0394
4.87,-3.8034,1.6446,-1.4735,0.30704,-0.10862,-0.96936,0.26582,-0.20001,-0.2676,-0.15317,-0.74068
4.0827,-3.5911,2.3741,-1.7498,0.36074,-0.42364,-0.77363,0.27869,-0.25882,-0.35815,-0.061265,-0.78428
3.4472,-3.0221,2.9232,-1.2932,0.46438,-0.41981,-0.42677,0.20176,-0.46668,-0.18757,-0.10482,-1.0397
3.4706,-2.9074,3.6552,-1.5897,0.39081,-0.27592,-0.27488,0.20576,-0.91275,0.11582,-0.12188,-1.3509
3.1812,-2.4724,3.8612,-1.7374,-0.42228,-0.26896,-0.47457,0.056723,-1.8033,0.75431,0.42842,-1.5463
3.7772,-2.5833,4.1145,-1.593,-0.35793,-0.16431,-0.65912,-0.157,-2.0336,0.89199,0.82743,-2.0262
3.6264,-0.22128,2.9799,-0.34348,-0.53162,-0.29165,-0.011088,-0.9031,-1.9815,0.32996,1.0071,-1.4299
4.3857,0.62473,2.7889,0.30749,-0.54873,-0.89691,0.2867,-0.83201,-1.6742,0.07716,0.80916,-1.6818
4.364,1.5979,2.8528,0.59547,0.18086,-0.98805,0.011334,-1.3979,-2.043,0.366,0.11046,-1.6055
4.766,1.3335,2.6406,0.53983,0.29765,-0.23683,-0.23875,-1.7051,-1.7064,-0.8169,0.37939,-1.2906
3.5354,1.0995,1.6001,0.25588,0.61302,0.44775,-0.0061728,-1.3211,-1.3359,-0.348,-0.38332,-1.3868
2.8637,0.56262,1.2614,0.0075412,0.66123,0.42971,-0.0090444,-1.5826,-0.9135,-0.84543,-0.28347,-1.0568
3.0579,-0.4152,0.37908,-0.39698,0.21557,0.23274,0.35444,-1.0002,-0.26844,-0.31245,0.49022,-0.55702
2.6839,-0.80937,-0.060723,-0.58996,0.73117,1.0745,0.072978,-1.366,-1.0358,-0.54199,0.2843,-1.1974
3.8768,-0.84336,-0.18326,-0.10606,0.20889,0.36267,-0.263,-1.1026,-1.0613,-1.142,0.14941,-1.3781
3.0688,-1.0999,-0.16059,-0.31836,0.077489,0.39239,-0.029104,-1.4364,-0.20358,-0.49416,-0.064656,-0.91462
3.1462,-1.0131,0.27516,0.19679,0.91171,0.37361,-0.78978,-1.321,-0.42592,-1.1778,0.11211,-0.68341
2.6225,-1.3978,0.45462,-0.59773,1.132,0.22002,-1.0621,-1.6191,-0.92798,-0.68969,-0.47092,-0.58674
0.39573,-1.8729,1.5718,-1.7615,1.1213,-0.14075,0.095558,-2.0602,-0.75905,-0.26749,-1.0156,0.17773
-0.18209,-2.1426,2.6417,-1.7544,0.7116,0.0031765,-0.0038594,-2.5928,-0.73051,-0.28859,-1.732,-0.02811
-0.60162,-1.2638,1.8857,-1.7768,1.5198,-0.84688,-0.22266,-2.2748,-0.8797,-0.5054,-1.7479,-0.0089524
-1.802,-1.1514,3.2053,-2.525,1.2296,-0.46052,0.086225,-2.3672,-0.78599,-0.43825,-1.3509,0.40352
-2.1998,-0.20085,2.0396,-2.5154,1.3384,-0.39014,0.16406,-2.2543,-0.35639,-0.036808,-0.8213,0.24519
-2.5503,0.15567,2.1033,-2.8771,1.0229,-0.42656,0.069187,-2.2473,0.087833,0.3939,-1.079,0.23779
-3.9053,0.24075,1.7202,-2.4288,1.2152,-0.36694,0.68271,-1.7812,-1.2245,-0.8492,-1.1534,0.36491
-4.5047,0.81644,2.4999,-2.4652,0.77405,-0.42206,0.8357,-1.5404,-0.76139,-0.56706,-1.1227,-0.071539
-4.3681,0.47494,2.3234,-1.8801,1.0185,-0.23178,-0.54866,-1.8036,-0.7581,-0.75022,-0.96237,0.036872
-5.4827,0.47469,2.3303,-1.9309,0.49881,-0.16528,0.093244,-1.3415,-0.47164,-0.85773,-1.0763,-0.070843
-6.068,0.79456,2.1853,-2.4136,0.3447,0.2079,-0.38837,-1.7973,-0.18387,-0.4249,-1.0524,-0.148
-6.6911,-0.45485,2.2054,-1.316,0.75399,0.14267,0.25295,-1.8592,-0.56416,-0.83877,-1.4619,-0.60918
-5.9262,-0.096434,2.228,-1.7211,0.067333,-0.55027,-0.46554,-1.3887,-0.62807,-0.42993,-1.0916,-0.27652
-5.29,0.0037581,3.0888,-1.2099,0.70787,-0.74629,-1.0728,-2.0586,-0.70943,-0.60263,-1.0758,-0.27284
-4.3569,-1.0329,1.521,-1.8064,0.10864,-1.249,-0.2507,-1.6699,-0.72545,-0.52047,-1.0395,-0.13828
-3.2511,-0.82576,3.6649,-1.0478,-0.28226,-1.0134,-0.4703,-1.628,-0.42921,-0.68411,-0.98061,-0.89932
-1.6066,-1.4007,2.9773,-0.76241,-0.18441,0.074468,0.21626,-0.77497,-0.86551,-1.1165,-1.1601,-0.90625
-1.4311,-0.8201,3.4188,-0.57083,-0.48836,-0.26737,-0.90097,-1.1069,-0.95437,-0.62339,-0.69716,-0.38819
-1.0868,-1.0549,2.6607,-0.58523,-0.15588,0.42455,-0.92917,-0.8303,-0.96717,-0.36441,-1.2378,-1.0497
-0.03485,-1.2709,2.5349,-0.12064,-0.56042,-0.56018,-0.84641,-0.80519,-1.5257,-0.88121,-1.2785,-1.5987
0.26997,-0.97963,3.1875,0.4165,-0.64264,-0.70982,-1.1742,-0.87838,-1.4511,-0.17465,-0.80437,-1.2608
1.1462,-0.44219,2.0249,-0.019359,-0.49113,-0.94884,-1.1747,-0.38676,-1.0635,-0.81185,-0.54221,-0.78337
1.2455,-0.78057,2.4084,0.15166,-1.2787,-1.6095,-0.64752,-0.15358,-0.97197,-0.85267,-0.80037,-0.92352
1.5236,-1.334,1.2783,0.14011,-0.78809,-1.4546,-0.75151,-0.84287,-0.76869,-0.37807,-1.6642,-1.0456
1.1472,-0.062961,1.6532,0.48059,-1.0227,-1.86,-0.88644,-0.19667,-0.43294,-0.4934,-0.78737,-0.25402
1.6246,-0.14329,1.8179,0.072164,-1.1005,-2.0285,-0.44984,0.30676,-0.46222,-0.4816,-0.50801,-0.59225
1.6302,-1.2579,0.77226,-0.24792,-2.0441,-1.5324,-0.23691,-0.20964,-0.18597,-0.71533,-0.3816,-0.47425
1.8032,-0.699,0.99251,-0.70477,-1.6125,-1.3845,-0.4124,-0.94717,-0.58378,-0.59913,-0.62523,-0.015677
1.7265,-1.1303,0.55957,0.028669,-1.2072,-2.2276,0.40014,0.1981,-0.69044,-0.78884,-0.62413,-0.26277
1.9417,-0.80337,0.58029,-0.77517,-1.7902,-1.9868,0.12647,0.53422,0.21826,-0.015716,-0.41155,-0.20958
1.8456,-0.93949,0.54294,-0.90203,-2.0535,-2.3225,0.050912,0.30859,-0.26268,0.23678,-0.83535,-0.46095
1.4651,-1.2181,0.79945,-0.83193,-2.3358,-2.1709,-0.23033,0.020876,0.34677,0.098836,-0.92716,-0.48266
1.897,-1.3348,1.1484,-1.2121,-1.652,-1.7269,0.025864,0.02744,-0.50259,-0.0018307,-1.1023,-0.6111
1.4887,-1.2165,0.90753,-0.57436,-0.81329,-1.6857,-0.015733,0.50744,-0.0097053,0.035159,-0.51683,-0.3615
1.0517,-1.1049,1.7793,-0.76062,-1.9149,-2.1568,0.0067429,0.17418,-0.064803,0.24805,-0.80085,0.091362
0.67802,-0.96801,1.0109,-0.46509,-1.4577,-2.4263,-0.62241,0.21264,-0.24018,-0.08889,-0.72621,0.0047353
1.6706,-0.81744,1.3955,-0.64045,-1.7151,-1.7023,-0.32858,-0.52925,-0.060609,0.34905,-1.1229,-0.55192
0.35924,-2.2083,1.0338,-0.10925,-1.0576,-0.98764,0.064128,-0.27667,-0.23806,0.93395,-0.87352,-0.77278
1.531,-1.9512,0.75693,-0.73153,-0.72225,-0.24341,-0.77938,-0.11412,-0.18511,0.2827,-0.85431,-0.80106
0.86232,-2.5014,0.66232,-0.74168,-0.17786,-0.3673,-0.84326,-0.80754,-0.8701,0.47499,-0.74153,-0.91445
1.1645,-2.2063,0.28343,-1.2939,-0.31832,-0.011507,-0.10469,-0.081243,-0.60596,0.28474,-1.4028,-1.2535
1.4358,-0.99284,0.72927,-0.79951,-0.14881,0.18138,-1.1498,-0.18779,0.70426,0.32739,-0.99416,-0.48847
3.4265,0.33227,1.328,0.34975,0.736,0.13291,-0.84993,-1.2702,0.072601,-0.12314,-0.92052,-0.64461
3.552,0.12475,1.6712,-0.17969,0.59139,0.16549,-1.2548,-0.65018,-0.60166,0.30527,-0.53819,-0.86702
4.3255,1.0549,2.6815,0.4045,0.48932,0.02029,-0.55056,-0.60459,-0.64824,-0.080787,0.52257,-0.728
5.8369,1.2785,3.0482,0.89522,0.86855,0.21791,-1.1001,-1.0296,-1.2828,-0.16619,-0.50965,-1.4334
5.6632,1.4616,2.1925,0.50494,0.48993,0.41999,-0.71492,0.02498,-0.78392,-0.92785,-0.56905,-0.8373
5.824,2.6507,2.8497,1.4793,0.54892,-0.003225,-1.2107,-1.5388,-0.86487,0.40072,-0.51646,-1.0223
5.9769,2.0027,2.3342,1.6487,1.3729,0.52714,-1.1089,-1.3814,-1.2379,-0.72208,-0.92332,-1.1458
6.0224,2.6347,2.4664,1.3137,0.70881,0.28831,-0.88135,-1.1536,-0.69036,-0.42986,-1.1081,-1.5616
7.8899,1.4822,2.9089,1.9776,0.12609,-0.062676,-1.2738,-1.4735,-1.0231,0.053046,-0.87334,-1.8507
5.9203,1.9216,2.6508,1.9708,0.17652,0.3693,-0.67827,-2.2684,-1.4433,-0.24753,-0.64916,-0.97959
5.7599,2.2651,2.5834,1.3974,-0.19337,0.36999,-0.39063,-1.7217,-1.3439,-0.4447,-0.72083,-1.0677
5.2288,2.4377,3.1608,1.5983,-0.32481,0.062395,-0.83655,-1.9037,-1.0759,-0.084069,-0.90718,-0.93979
5.63,1.8671,3.8297,2.0908,-0.34605,0.074649,-1.1997,-2.7218,-1.1914,0.6383,-0.5633,-1.3374
5.5914,2.0004,4.1037,2.1626,-0.42986,0.066606,-0.77309,-2.7516,-1.6927,0.23063,-0.18046,-1.1134
5.1142,1.8671,3.3409,1.7652,-0.62521,-0.057799,-1.0065,-2.3401,-1.015,0.66179,-0.13971,-1.207
5.6121,1.3062,3.6956,1.6501,-0.48582,-0.21388,-1.3394,-2.2709,-0.58484,0.82466,0.26302,-1.1887
3.8717,1.4285,4.597,1.0973,-0.050676,-0.64461,-1.7531,-1.3672,-0.93608,0.4299,-0.68717,-0.65806
3.2754,-0.10362,5.2651,-0.23661,-0.051425,-1.136,-2.1188,-0.38233,-0.94314,0.45471,-0.80631,-1.2777
3.821,-1.1135,3.9912,-1.2296,-0.42562,-0.93815,-1.7312,0.16169,-0.82702,-0.044786,-0.55591,-1.1563
3.5869,-1.3379,2.8515,-1.1616,-1.4159,-0.37291,-1.5514,0.33254,-0.56346,-0.21171,-0.30564,-1.3455
3.6135,-1.3161,3.0123,-0.84721,-0.96955,-0.19855,-1.3356,0.10857,-0.19272,-0.1362,-0.36474,-1.3033
3.1316,-1.604,2.53,-1.2322,-1.2114,-0.39666,-1.4912,0.39803,0.10377,-0.13521,-0.36331,-1.4215
3.9162,-2.7093,2.1907,-1.0863,-1.2312,-0.20599,-1.5372,0.3617,-0.1301,-0.29136,-0.12875,-1.5825
3.7117,-2.4664,1.4604,-0.49763,-1.3529,0.044861,-1.0567,-0.0069765,0.091877,-0.21942,-0.10927,-1.4643
3.6226,-1.7709,1.319,-0.33678,-1.3358,0.29014,-1.4609,0.15605,0.71636,0.45725,-0.014886,-1.6691
5.058,-2.8191,1.6127,-0.23191,-0.64996,0.049106,-1.5217,0.32473,0.13816,0.4192,-0.13835,-1.4665
5.2872,-1.8634,0.52933,0.25605,-0.57665,-0.046116,-1.2283,-0.52321,0.28215,0.32066,0.28014,-1.4002
4.9294,-0.77212,0.38126,0.025565,-0.28883,0.16974,-1.1503,-0.41417,0.45752,-0.0069593,0.38172,-1.2656
5.5543,-0.28078,0.85753,0.36686,0.17889,-0.35737,-0.67815,-0.5018,0.48637,0.41046,-0.09179,-1.226
4.822,0.68467,0.30684,0.71411,-0.2393,-0.17515,-0.66428,-0.36138,0.6155,0.26792,-0.087861,-0.9851
3.3141,0.84856,0.71456,0.021576,0.057787,-0.091557,-0.58606,-0.29424,0.2266,0.061513,0.43436,-0.47822
2.3469,0.77563,0.84762,0.59014,0.3232,-0.59427,0.16316,0.15786,0.24095,0.4515,0.34623,-0.93727
0.34609,1.0748,0.29556,-0.38304,-0.42363,-1.2115,-0.7247,-0.93918,0.41811,0.1813,0.12557,-0.40193
-0.080674,1.2762,0.0094534,0.38405,-0.2627,-0.95202,-0.43308,-0.67815,0.76327,0.21838,0.18719,-0.25327
-0.79644,2.2804,0.58685,0.54882,-0.12837,-1.0029,0.11351,-1.4871,-0.49637,-0.086369,0.17375,0.076562
-1.1017,2.2316,0.42069,-0.048774,0.15809,-0.68132,0.85376,-1.2911,-0.25257,-0.49179,0.59077,0.35355
-0.81741,3.3313,1.0226,-0.28367,-0.017716,-0.90495,-0.5489,-1.5435,-0.90546,-0.57694,0.027072,-0.20797
-1.0379,2.4326,0.23535,-0.26383,0.42958,-1.0384,-1.3415,-1.8719,-0.050986,0.30748,0.17932,-0.18474
-1.1632,3.2892,0.74591,0.025399,0.27932,-1.0385,-0.33676,-1.4924,-0.91709,-0.17259,0.4084,-0.54246
-2.5181,1.4021,-0.15175,-1.0714,0.069467,-1.443,-1.6034,-3.0281,-0.83342,0.0402,0.43375,-0.15438
-0.97436,2.9343,0.84993,-0.21977,1.0149,-0.9162,-1.574,-1.3287,-0.44625,-0.63385,0.45024,-0.21284
-1.405,2.5624,1.427,-0.29103,0.34723,-0.91353,-0.79847,-1.2537,-0.34139,-0.59094,0.058721,-0.2405
