1.7297,0.46785,0.33264,-0.20427,0.12679,0.010719,0.16461,-0.55961,-0.21306,-0.57124,-0.71749,-1.3471
0.70341,0.75911,0.21339,-0.17499,-0.0037084,-0.96489,0.42598,-0.17721,0.73775,0.17097,-0.34848,-1.2091
-1.1608,2.4135,-1.1719,-0.3719,0.40182,-1.2674,0.68997,-0.44702,0.51325,0.016431,-0.196,-1.0291
-4.293,3.1283,-2.5048,-0.085005,1.1179,-0.65965,1.8632,-0.14875,0.56744,-0.23732,-0.11938,-1.3401
-3.8209,4.4273,-1.9982,0.0069968,0.75683,-1.8088,1.1295,-0.94385,0.057192,-0.39671,-0.49471,-1.2355
-4.718,3.5452,-2.3375,-0.48849,0.79582,-2.103,0.98539,-0.068046,0.52079,0.0073328,-0.38893,-1.2645
-5.4182,4.0531,-2.8464,-0.84512,1.2212,-1.4079,1.2328,-0.32817,-0.81096,-0.73296,-1.1499,-2.2651
-6.0054,3.7276,-2.8573,-0.00059503,1.5436,-2.1287,1.2319,0.50892,0.030703,-0.092218,-0.52791,-1.5693
-6.7883,4.154,-2.657,-0.21978,1.0261,-0.94347,1.2809,-0.79779,0.061557,-0.27483,-0.59671,-2.3347
-6.5787,4.9098,-2.1059,-0.63216,1.253,-1.6539,1.301,0.25404,-0.3513,-0.72153,0.32143,-1.0085
-6.9377,4.6368,-2.2218,-0.29793,1.5894,-1.7799,0.6597,0.67813,0.30746,-0.77393,-0.62908,-1.7388
-6.356,5.3628,-2.3796,0.044041,1.1791,-1.9045,1.2938,0.36497,-0.35756,-0.3873,-0.040825,-1.9234
-7.2576,5.3906,-1.9186,-0.46855,0.63096,-2.656,0.094478,0.61256,-0.33562,-1.0284,-0.23852,-1.452
-8.2743,4.6922,-2.4931,-0.65814,0.71963,-2.0718,-0.20047,-0.78321,-0.64443,-1.0539,0.038355,-1.3761
-7.1746,5.2421,-2.2568,-0.33785,-0.0098029,-2.0788,0.67097,-0.12045,0.10028,-0.47892,0.14992,-1.1134
-7.6937,5.1729,-2.2526,0.19751,0.13377,-3.0555,0.18457,-0.52013,0.012094,-0.37179,0.11691,-0.34397
-7.0587,4.821,-2.3563,-0.036528,0.23356,-2.6549,-0.14476,-0.44598,-0.34129,-0.69089,0.50869,-0.97944
-8.0612,4.9417,-2.0521,-0.89808,-0.52284,-2.7331,0.50374,-0.33509,-0.79367,-1.0642,0.056576,-0.95823
-8.6025,3.971,-2.3413,-0.61963,0.18767,-2.4783,0.90571,0.41917,-0.78501,-0.79204,0.26402,-1.2886
-8.7097,4.4021,-1.4822,0.40662,-0.055274,-2.4185,1.1102,0.22977,-0.6124,-0.42887,0.13878,-0.4755
-7.6158,4.4243,-0.85037,-0.15144,-0.046202,-2.8096,-0.46956,-0.3282,-0.46618,-0.33573,0.34642,-0.17728
-7.1802,5.2817,-1.3074,-0.91887,-0.52739,-2.6761,-0.071751,-0.63158,-0.86552,-0.76801,0.39467,-0.69654
-7.3504,5.5282,-0.8646,-0.76358,-0.34432,-2.2857,0.54753,-1.0478,-0.51071,-0.75335,0.22655,-0.4346
-7.422,5.2338,-0.18661,-0.95565,-0.014871,-1.9502,-0.216,-1.3359,-0.84025,-0.94738,0.87629,0.086381
-8.1632,4.305,0.47666,-0.33101,-0.062622,-1.7158,-0.18649,-1.3553,-0.87285,-1.7209,-0.1204,0.28685
-8.3784,3.9897,0.53159,-0.78425,0.75539,-0.87744,1.02,-1.0195,0.035208,-0.65752,0.73204,0.26072
-7.8121,4.9571,1.1156,-0.77567,0.46998,-1.2252,0.047548,-0.28707,-0.5704,-0.87147,0.39578,0.32304
-7.2457,4.5003,1.5046,-0.97985,0.40224,-0.74234,0.087567,-0.15102,0.17863,-0.89225,-0.49571,-0.17176
-6.2485,4.9205,1.7031,-0.6869,1.2753,0.19318,0.90903,-0.73943,0.45071,-1.1936,-0.14721,-0.0050972
-4.7178,5.7393,3.4737,-0.13386,0.66075,-0.34473,0.063026,-1.6936,-0.81455,-1.7739,0.92072,-0.59896
-3.993,6.3906,4.0814,0.073561,0.33315,-0.88011,-0.52766,-1.611,-1.0525,-1.5605,0.7568,-0.32474
-3.4969,6.6861,4.2427,-0.61123,-0.28655,-0.89644,-0.54768,-1.4847,-0.8302,-2.428,0.80209,-0.72837
-4.3691,6.9836,4.7844,-0.073277,0.60828,-0.31597,-1.5648,-2.2432,-1.017,-2.0731,0.95651,-0.89623
-3.6181,7.2093,4.5828,-0.58261,0.15756,-0.48274,-1.1971,-1.7607,-0.058406,-2.6956,0.373,-1.1473
-3.3367,6.8506,4.0055,-0.53679,0.38926,-0.61604,-1.26,-1.3972,-0.52536,-2.8457,0.49026,-0.59116
-3.4282,7.473,4.3622,-0.67002,-0.0024131,-0.2902,-1.3671,-2.0213,-0.1152,-2.7805,0.55058,-0.82144
-3.5504,7.1962,4.6918,-1.068,0.19654,-0.35042,-1.2794,-1.5804,-0.69456,-2.8983,0.24689,-0.68606
-3.7311,7.723,4.7506,-1.0666,-0.33102,-0.94547,-0.88146,-0.92911,-0.36331,-3.2589,0.24855,-1.5289
-3.2204,7.2847,4.3841,-0.44829,0.6026,-1.1947,-1.3078,-1.2585,-0.11327,-2.9894,0.89056,-1.0106
-2.652,6.451,3.433,-0.96226,0.20005,-0.77344,-1.4116,-1.4947,-0.77064,-2.7395,0.78239,-1.2294
-2.3844,6.5445,3.3551,-0.37126,0.90096,-0.46802,-0.86595,-1.4188,-0.36524,-2.2732,0.45907,-0.96013
-2.4435,6.3382,3.0741,-0.19045,0.40715,-1.457,-1.2506,-1.5368,-0.59089,-2.4382,0.54332,-1.0645
-2.582,6.3511,3.5394,-0.12824,0.33289,-2.0635,-0.98312,-1.1638,-0.66194,-1.9423,0.5324,-1.4262
-2.1627,6.5803,3.0155,0.15511,-0.19106,-2.0282,-1.0079,-1.7357,-0.73159,-1.7513,0.47599,-0.8936
-2.4472,6.2853,3.9385,0.094557,-0.050742,-2.0293,-0.54005,-2.0565,-0.80984,-1.3467,0.68006,-1.0293
-2.2463,5.4365,3.2637,0.55514,-0.37603,-2.0969,-0.57841,-1.8257,-0.85899,-1.6499,0.7836,-0.6276
-1.711,5.9684,3.3833,0.46977,-0.53769,-2.4679,-0.079565,-1.9547,-0.82592,-1.5575,1.2264,-0.80143
-2.2492,5.9039,4.0872,0.33057,-0.12937,-2.2263,-0.10898,-1.401,-0.26764,-1.2898,0.58035,-1.1008
-1.7125,6.1763,2.6899,0.22214,0.21825,-1.7953,-0.49827,-1.8315,0.21675,-1.2701,0.40705,-0.089613
-2.3883,5.7653,2.6527,0.20147,0.22189,-1.5307,-0.17726,-0.96587,0.17117,-1.776,0.35713,-0.34048
-4.0976,5.9395,3.2216,-0.32117,0.72627,-1.0564,0.66552,-0.17111,0.18363,-1.6627,0.33095,-0.61216
-4.1336,5.624,3.3061,-0.31435,0.60685,-1.1012,-0.43068,-0.49261,0.39057,-0.69474,0.61481,-0.59783
-4.987,5.4793,3.6142,-0.15681,-0.55439,-1.4135,-0.14644,-0.21003,0.96652,-2.2008,0.57255,-0.56426
-5.3288,4.9826,3.3863,-0.47704,-0.72035,-1.7302,-1.9711,-1.0824,-0.34534,-2.2122,0.83749,0.075604
-4.9545,5.2076,3.0887,-0.94419,-1.0408,-1.0163,-1.9628,-0.71759,-0.51755,-2.4105,0.14547,0.065069
-4.1995,4.1237,2.7435,-0.94312,0.28066,-0.60321,-2.0673,-1.805,-0.6545,-2.0385,0.35144,-0.72701
-4.1589,4.6375,2.1809,-1.5997,0.078192,0.06406,-1.797,-1.6855,0.13077,-1.5003,0.077805,-1.0247
-3.1815,4.628,2.8171,-1.3134,-0.25118,-1.1231,-1.8337,-1.3933,-0.54782,-2.718,0.14556,-0.089086
-3.4347,4.8886,1.9709,-1.047,0.052347,-1.2036,-1.6654,-0.7914,-0.236,-2.0933,1.0964,-0.33047
-4.4839,4.1571,2.8535,-0.32153,0.098551,-0.91563,-2.3824,-1.1165,-0.77445,-2.5708,0.71401,-0.37933
-4.845,4.6072,3.1661,0.10232,0.13341,-0.74348,-1.7715,-0.812,-0.75274,-2.1703,0.92488,0.4533
-5.7091,5.2416,3.198,-0.61982,-0.31483,-2.1101,-2.5716,-1.1056,-0.35476,-2.4953,0.078633,-0.74174
-5.1581,5.0478,2.572,0.23728,0.47416,-0.29079,-2.1438,-1.0256,-0.5957,-2.5756,0.79148,-0.0016234
-4.5268,4.7133,0.93391,0.025752,-0.042388,-0.99294,-2.199,-0.77464,-0.3785,-2.0132,0.04936,-0.39501
-5.0785,4.1471,0.85818,0.30861,0.22706,0.19816,-1.3528,-0.30018,0.52582,-1.6018,0.26904,-0.42021
-5.2733,5.3081,1.4758,-0.25605,-0.15081,-1.5031,-1.5944,-0.76505,-0.70065,-2.1983,0.4184,-0.71795
-5.6731,5.2182,0.67985,0.22429,0.011622,-1.105,-0.42869,-0.35949,-0.5721,-1.3121,0.29354,-0.41394
-5.4345,4.6735,-0.17171,-0.040178,-0.22954,-2.0302,-1.4017,-1.0419,0.30406,-1.7314,-0.71809,-0.70563
-5.3106,4.7025,0.78086,0.53983,0.001421,-1.3332,-0.91263,-0.88308,0.16844,-1.971,0.028756,-0.79855
-5.416,5.371,1.5203,0.68053,0.16975,-1.5556,-1.63,-0.7264,-0.031731,-1.9228,-0.38398,-1.0711
-5.9634,5.4237,0.90721,1.1182,0.5159,-1.2824,-1.2324,-1.5518,0.092009,-1.13,0.20822,0.21613
-6.261,4.6556,0.20259,-0.031295,0.16137,-2.0516,-1.5273,-2.0276,-0.63281,-1.8746,0.16777,-0.72887
-6.2911,6.1355,0.98828,0.46237,0.3897,-1.6159,-0.92698,-1.1217,0.19944,-1.0172,0.69896,-0.040094
-6.7332,5.1282,0.56656,0.6923,1.0331,-1.4609,-0.68522,-1.4223,0.043474,-1.0636,0.58595,0.068263
-7.5491,5.1751,0.46264,1.3337,0.72898,-2.5217,-0.86372,-1.2714,0.6068,-0.95043,0.81695,0.019392
-6.092,5.6498,0.73902,1.2285,0.72436,-2.5365,-0.74162,-1.4819,-0.18782,-0.54344,0.12641,-0.30205
-5.9712,5.5281,0.69039,0.71637,0.47931,-1.8972,0.36015,-0.28394,0.80421,-0.90611,0.23506,0.32362
-6.1123,5.357,0.342,0.99615,0.066897,-2.9139,0.099426,-0.93735,0.6604,-1.0035,-0.045652,-0.14132
-6.2879,4.4017,0.56706,1.4339,-0.087436,-3.1658,-0.76783,-1.1667,-0.36832,-1.4389,0.27165,0.49212
-5.6461,4.5598,0.81258,1.8735,0.47954,-2.6602,-0.62686,-1.3369,-0.3919,-0.88017,1.071,0.72815
-5.946,4.6443,0.98564,1.1798,0.27633,-3.1252,-0.83841,-1.6693,-0.48306,-0.82097,0.53733,0.40653
-6.5135,3.9428,0.617,0.52205,0.018136,-2.4216,-0.45866,-0.93581,-0.45231,-1.108,0.50622,1.0514
-5.9788,4.0596,1.5729,0.48544,-0.43885,-3.0579,-0.15508,-0.53776,-0.045238,-1.065,0.35493,0.58751
-5.1039,3.5173,0.93925,-0.41172,-1.2218,-3.7415,-0.78968,-0.72941,-0.14624,-1.4565,0.35743,0.85723
-3.9034,3.0417,0.89588,-0.12358,-1.064,-4.1299,-0.69293,-0.46514,-0.63742,-1.8363,0.20807,0.20055
-3.6038,2.9067,1.4617,-0.0085193,-0.5843,-3.4729,-1.5683,-0.21454,-0.55255,-2.6122,-0.25065,0.58699
-3.1634,3.1845,1.347,0.50991,-0.37364,-3.6,-1.2339,-0.17462,0.54356,-2.0982,-0.11631,0.51202
-2.8106,2.9403,2.0837,0.8456,-0.91344,-3.2307,-1.0548,-0.648,0.46467,-1.8058,0.2413,0.73606
-2.5047,2.7686,2.1355,0.98857,-0.90443,-3.7846,-1.162,-0.21862,0.92883,-1.7174,0.073975,0.0012598
-1.7606,3.5548,1.875,0.63837,-0.78225,-2.7972,-1.22,-0.048735,0.39028,-1.536,0.17774,-0.051083
-2.5844,2.6761,1.6052,0.78654,-0.51599,-2.0942,-0.38461,-0.21213,0.20456,-1.4992,0.33546,-0.44479
-2.3712,2.5602,2.0761,0.70853,-0.27069,-2.6335,-0.51339,-0.58114,0.2379,-2.2745,0.011717,0.062502
-2.2198,3.2829,1.7838,0.41474,-0.67436,-2.2923,-0.65318,-0.33504,-0.1687,-2.054,0.47888,-0.20268
-2.475,3.4252,2.5783,1.2341,-0.88504,-2.5337,-0.86479,-0.994,0.30604,-2.5187,0.49234,0.28273
-2.9146,2.9863,2.4487,1.0925,-0.81855,-2.3304,-0.72921,-0.49159,-0.46574,-2.0161,0.80998,0.19579
-2.0973,2.9225,1.7089,1.0185,-0.36029,-2.9686,-1.0264,-0.26017,-0.16481,-1.9575,0.81837,-0.47913
-3.1441,3.8371,2.326,1.0489,-0.76167,-2.6074,-0.71706,-0.18749,-0.72271,-2.3852,0.22032,0.5208
-2.3291,3.6614,1.9846,1.1268,-0.57848,-2.4174,-0.71862,-0.42729,-0.45213,-1.8736,0.27059,0.3242
-2.4222,3.9012,1.9035,0.45483,-0.66873,-2.5619,-0.55583,-0.74358,-0.32369,-1.5521,0.61881,-0.31954
-2.1248,4.3358,2.186,1.0019,-0.86258,-2.2394,-0.28692,-0.79785,-0.025805,-1.609,0.024248,-0.3217
-1.286,4.4778,1.9066,0.92978,-0.36608,-1.5914,0.17267,-1.5216,-0.59311,-2.6223,0.090307,-0.64576
0.44554,4.9016,1.7885,0.53665,-0.34564,-1.8274,-0.20077,-1.6347,-0.65592,-2.173,-0.46703,-0.55979
0.28412,3.8858,1.3514,0.97147,0.52089,-1.5465,-0.16451,-1.4918,-0.68603,-1.4389,-0.47187,-0.88429
1.1402,4.9665,2.2879,1.9698,1.3607,-1.2573,-0.0046328,-1.8549,-0.65552,-1.5862,-0.30891,-1.0667
2.2439,4.9153,2.5081,1.5361,0.86402,-2.0053,-0.35808,-2.1786,-0.52515,-1.3221,0.35957,-0.77827
2.478,4.5457,2.0985,1.3765,0.7504,-1.8454,-0.12928,-1.7356,-0.59149,-0.99607,0.27469,-0.71679
2.6463,5.4197,1.8769,1.1819,0.85762,-1.7912,-0.083267,-1.6579,-0.56318,-0.88238,0.14498,-0.61722
3.1231,5.2719,2.3548,1.2449,0.62057,-1.2561,-0.47163,-1.4404,-0.59305,-1.3225,-0.062022,-0.64919
4.0735,4.9539,2.875,1.3752,0.55139,-1.3019,-0.45282,-2.6318,-0.58179,-0.94884,-0.090899,-0.49712
3.9225,4.6463,2.7798,1.8308,-0.28299,-1.058,-0.16493,-2.7603,-0.74734,-0.71686,0.25061,-0.6263
4.1912,3.6689,2.8976,1.5151,-0.19981,-1.0412,-0.1684,-2.3669,-0.57793,-0.55278,-0.16572,-0.24452
3.9309,3.3124,2.6619,1.3579,-0.54552,-0.8628,0.00062614,-2.6646,-0.4381,-0.56547,0.19706,-0.37406
4.3257,3.7656,2.6548,1.3092,-0.14652,-0.77505,-0.30773,-2.6903,-0.42069,-0.18534,-0.41357,-0.79562
5.5449,3.973,2.902,1.5639,-0.11426,-1.3218,-0.11662,-2.7569,-0.56966,-0.36439,-0.28287,-0.84044
5.8833,3.3968,2.5588,1.4386,-0.52947,-0.49308,-0.23906,-2.6584,-0.83004,-0.056778,-0.35241,-0.56253
5.7503,3.5726,2.0166,1.0263,0.11794,-0.24595,-0.30317,-2.4369,-1.3579,-0.27449,-0.12947,-0.15397
6.3161,2.7885,1.7578,1.0922,-0.52891,-0.04172,-0.35204,-2.8549,-0.68396,-0.14222,0.036985,-0.21535
6.3061,2.6145,1.956,0.71853,0.42101,0.057252,0.013481,-3.1874,-0.91499,-0.51255,0.29337,-0.41058
6.3465,2.8904,1.7182,0.38008,-0.23168,0.13524,-0.36803,-2.05,-1.3728,0.026263,-0.32669,-0.19771
7.1503,2.7191,1.4363,0.28591,-0.6414,-0.03753,-0.044739,-1.6597,-1.3395,0.070569,0.0054601,-0.54925
7.7216,1.9165,2.2013,0.45699,-1.3365,-0.023879,-0.041264,-1.8112,-0.54692,0.22696,-0.28748,-0.82616
7.0103,1.3082,1.502,-0.006651,-0.75852,-0.079561,0.052322,-1.0616,-0.54547,-0.20939,-0.59331,-0.7373
5.9098,-1.5312,2.5089,-0.3384,-0.80528,0.42799,-0.65472,-0.41172,-0.19035,-0.56793,-0.54732,-0.80805
5.2005,-2.1608,2.3779,-0.36852,-1.2125,0.38739,-0.87266,0.095398,0.10315,-0.91561,-0.83601,-0.77604
5.8951,-3.0053,3.2134,-0.80734,-0.94841,0.17862,-0.84697,0.5883,0.55655,-1.021,-0.35506,-1.3289
4.7976,-2.801,2.0565,-1.0048,-1.5059,0.28236,-0.98667,0.59118,0.064616,-0.48054,-0.43195,-0.77139
6.0801,-4.4766,2.6301,-1.5493,-1.3935,0.085188,-1.1911,0.70439,0.46041,-0.93658,0.55139,-1.3501
4.3881,-3.2267,1.5145,-0.97477,-1.4842,0.11892,-1.0501,0.74655,0.32851,-0.21113,0.203,-0.89124
6.5684,-4.7494,2.4646,-1.4932,-1.3724,0.5145,-1.033,0.80845,0.44844,-0.45045,0.40372,-1.4532
5.8081,-3.6667,2.3133,-1.1709,-1.2446,0.47956,-0.87944,0.61994,0.76777,-0.38084,-0.069763,-1.5503
6.0389,-4.3327,2.2903,-1.0407,-1.073,0.75229,-1.1713,1.0289,0.64888,-0.40843,0.044471,-1.9796
4.531,-3.0535,1.0203,-0.67347,-0.96069,0.20876,-1.0473,0.46275,0.37277,-0.15774,-0.29019,-1.4283
6.835,-4.4287,2.0029,-1.0263,-1.0929,0.40871,-1.4395,0.27136,0.34412,-0.60523,0.30763,-1.8663
4.4685,-2.7914,0.64428,-0.62664,-1.1219,-0.23276,-1.2198,0.14148,-0.008846,-0.1709,0.013,-1.2328
6.5746,-4.0002,1.6912,-0.94789,-0.75154,-0.024531,-1.251,0.65492,0.30975,-0.25656,0.73861,-1.8077
5.9887,-3.3299,1.848,-0.8545,-0.64039,-0.051374,-1.5128,0.46191,0.22938,-0.0052865,0.57679,-2.0629
5.9418,-2.998,1.5599,-0.53798,-0.153,-0.0033667,-1.2873,0.31474,0.24859,0.1725,0.67636,-1.9216
5.6886,-2.5134,0.3815,0.27682,0.11453,0.13547,-1.036,0.055595,0.32894,0.49504,0.37492,-1.188
6.4563,-1.86,0.73805,1.1028,0.70015,0.40242,-1.1165,-0.71496,-0.013294,0.49675,0.6327,-1.1761
5.543,-0.18718,1.3956,1.2461,0.94736,0.49951,-0.47543,-0.6795,0.0081117,0.068815,0.068118,-1.3488
4.2361,-0.50835,1.131,0.81292,0.6563,1.0621,0.095401,-0.018644,0.62112,-0.053769,-0.42173,-0.99692
4.6111,0.98725,1.1599,0.73922,1.1549,0.048776,0.62076,-0.81373,0.36709,-0.2953,-0.52975,-1.0291
2.9328,0.4081,1.6849,0.51791,0.84474,0.20213,0.49488,-0.22831,0.13153,-0.72353,-0.030231,-0.60327
2.2096,0.53166,1.1435,1.1923,1.1605,0.50475,0.59004,-0.93124,-0.4666,-1.6305,-0.55965,-1.4602
0.94276,-0.44471,1.8153,-0.045959,0.37895,0.18398,-0.051311,-0.7478,0.55889,-0.30392,-0.0044045,-1.0508
1.0181,-0.72386,1.7365,-0.32718,0.75832,0.63584,0.30728,-0.2581,-0.48918,-1.5261,0.15159,-0.65423
1.1846,-0.44863,1.757,-0.48036,0.94314,1.2426,-0.31517,-0.88894,-0.084723,-0.59657,-0.17042,-1.3341
1.2222,-1.1842,0.78638,-0.46127,0.45636,0.57396,-0.37562,-0.90233,0.29766,-0.13826,-0.070942,-1.5603
0.94522,-1.2199,-0.021928,0.22078,0.97794,0.53978,-0.028849,-0.39316,0.22695,-1.0052,0.051791,-0.94114
0.687,-0.85428,0.47785,-1.4532,0.60168,1.0504,0.26307,-1.4165,-0.63796,-0.91933,0.082525,-1.0614
0.83249,-1.2232,-0.26639,-0.059936,0.58252,0.79128,0.44699,-0.87189,-0.20922,-1.139,0.052869,-0.97798
0.85579,-1.4897,0.30699,-0.070848,1.0638,0.96934,-0.17987,-0.94852,0.11619,-0.27308,0.18833,-1.0959
0.66468,-1.5434,-0.29492,-0.36352,1.4293,1.1145,-0.44154,-0.23012,-0.26661,-0.58238,0.10622,-1.0138
0.67854,-1.3537,0.15944,0.51188,1.447,0.055299,-0.38576,-0.11502,-0.35753,-0.9281,0.047024,-1.3216
-0.16782,-1.3143,0.72839,0.083735,1.7084,0.44659,-0.52926,-1.418,-0.5852,-0.79288,0.35038,-0.91297
-0.22611,-0.68202,1.1952,-0.21784,1.3303,0.2508,-0.95506,-1.0809,0.13974,-0.49113,-0.42283,-1.4246
-0.50289,-1.9164,-0.22049,0.09644,0.87471,0.41227,0.16288,-1.0635,-0.43561,-1.2151,0.1672,-0.85729
-0.67588,-1.4384,-0.087768,-0.60122,-0.01237,0.25402,-0.0023766,-0.25171,-0.43364,-1.0274,0.25193,-0.50441
-0.58859,-1.5709,-0.17893,0.25184,1.0583,0.37372,0.43721,-1.5589,-0.83973,-0.85599,0.15535,-1.0677
-0.22475,-1.2684,-0.17129,-0.035524,-0.29432,-0.64372,-0.27709,-0.70282,-0.17979,-0.14672,0.47533,-0.82438
-0.6184,-0.81732,0.02849,0.15874,-0.4979,-0.28902,-0.10424,-1.1874,-0.66838,-0.82902,-0.68472,-1.1334
-1.9208,-1.8163,-0.30661,-0.80763,-0.67917,-0.11862,0.25841,-0.61255,-0.66739,-0.50979,-0.50221,-0.67633
-1.4046,-1.4268,-0.36425,0.084011,0.45184,-0.017621,-0.7134,-0.82487,-0.54929,-0.33149,0.47535,-0.60809
0.56743,-0.25162,0.18381,0.25918,1.2018,0.038778,-0.57601,-0.4797,-0.17048,-0.86145,-0.39682,-0.56745
-0.50354,-1.1775,-0.68807,0.36308,0.022827,0.52572,0.75811,-0.22463,0.43395,0.57448,0.25225,-0.19589
-0.30046,-0.82748,-1.477,-0.33254,-0.33898,-0.2846,0.025211,-0.36317,-0.23652,-0.51367,0.7576,-0.24981
0.79563,-1.0846,-1.5695,-0.57492,-0.023719,-0.0715,0.36121,-1.429,-0.6125,-0.26257,-0.35897,-0.40016
-0.8064,-1.1616,-1.4994,-1.1792,0.22198,0.38467,0.019958,-0.67935,0.11661,-0.56906,-0.18137,-0.59175
-0.47788,-1.2266,-0.99529,-1.886,-0.19437,-0.3111,0.056076,0.010206,0.028742,-0.30084,-0.33337,-0.60663
-0.89007,-1.2474,-0.21254,-1.0417,0.034524,0.88539,0.17959,-0.32934,0.94525,-0.15261,-0.62401,-1.3726
0.32747,-0.44667,-0.41642,-1.6508,-0.74104,0.16775,0.072075,-0.46749,0.49899,-0.13028,-0.42531,-0.44448
0.7646,-0.58782,-0.18351,-1.2527,-0.050981,0.34165,0.31837,0.20438,1.5363,-0.24396,-0.24783,-0.81584
2.9861,-0.44391,0.99106,-1.0807,-0.5352,0.68882,0.1898,0.48651,1.2555,-0.56939,-0.91466,-1.5558
3.591,-1.3651,0.083447,-1.4736,-0.87361,0.038869,-0.47349,0.92226,2.1485,0.76713,-0.89053,-1.3055
4.0048,-1.1597,-0.02554,-1.497,-1.9645,-0.88776,-0.41308,0.067308,2.0448,1.2698,-0.61737,-1.07
4.8288,-1.3403,0.7446,-1.7467,-1.5596,-0.56572,0.053913,0.32539,1.6318,1.1429,-0.76871,-1.3154
5.3163,-0.54036,1.3213,-1.9553,-1.5447,-0.33253,0.10777,0.45632,1.7962,0.92964,-0.68822,-1.4803
5.0442,-0.45043,1.5495,-0.8541,-0.53048,0.11811,0.59965,0.69969,1.8244,-0.10796,-1.0529,-0.9355
4.9661,-0.82349,1.3401,-1.6239,-1.2632,0.56262,0.095635,0.86305,1.6202,0.39036,-0.41386,-1.0757
4.7169,-1.1162,0.75454,-1.7258,-0.3779,0.36576,0.10741,1.4159,1.3637,-0.10491,-0.85594,-1.5229
4.292,-0.88908,0.73305,-1.5115,-0.75378,0.82971,0.90418,1.3499,1.5793,0.13607,-0.57184,-1.3533
3.4481,-1.8496,-0.31247,-1.7674,-1.1028,-0.29644,0.60319,0.76443,1.2432,0.80349,-0.98982,-2.2709
3.7623,-0.97834,0.23715,-1.9832,-1.9582,-0.22205,0.26666,0.7955,1.1656,0.1228,-0.95274,-1.454
3.7425,-0.99167,0.18559,-1.7764,-1.106,-0.17517,-0.18641,0.88317,1.0717,0.32446,-0.26882,-1.2057
4.0867,-0.55181,0.23852,-1.5612,-0.75142,-0.20836,0.26166,0.71998,1.1962,0.60168,-0.55297,-2.0259
4.0278,-0.61531,0.29562,-2.2279,-0.68883,0.1959,0.089449,0.7526,0.54129,0.23571,-0.7647,-1.7127
3.2737,-1.2109,-0.57175,-1.4631,-1.3826,-0.35382,0.40057,0.29456,0.57691,0.8726,-0.61196,-1.6536
3.8511,-0.44641,0.36189,-1.3463,-0.96707,-0.47262,-0.1349,0.20644,0.65672,0.98691,0.37983,-1.3162
3.3392,-0.7315,0.37882,-1.1246,-0.44023,0.17807,0.77854,0.28728,1.005,0.37787,-0.29544,-1.016
2.7267,0.20547,0.075709,-1.4419,-1.7534,-0.57421,0.50111,0.35834,0.66133,0.54524,0.3421,-1.538
2.604,-0.63681,-0.61314,-1.4087,-1.117,0.038424,0.41548,0.30373,0.77761,1.0528,-0.35223,-1.3955
3.3532,0.15937,-0.6605,-1.2689,-0.4581,0.25184,0.40228,0.41014,0.2164,0.60315,0.28895,-0.94846
2.5447,0.43711,1.4143,-0.92383,-0.58823,0.3896,-0.12729,-0.38545,0.38759,0.88298,-0.056006,-0.97697
3.4294,-0.49497,0.51042,-1.3203,-0.78224,0.44219,-0.55955,-0.90306,0.26308,1.0403,0.041952,-0.95348
2.454,-1.3873,0.52327,-1.5827,-1.5099,0.1264,-0.90871,0.16984,0.86289,1.0668,-0.28843,-0.79768
2.9799,-2.3413,0.43364,-0.72394,-1.632,-0.6603,-0.11152,0.50182,0.61445,-0.33759,-0.71131,-0.70241
1.8748,-2.8232,-0.39989,-0.7306,-0.11219,0.81439,0.22348,1.0753,1.3778,0.25735,-0.84769,0.0082359
1.7705,-4.0234,0.60202,0.13968,-0.46691,0.15334,0.44202,0.61023,0.31786,-0.47747,-1.2806,-0.6375
2.1807,-3.5184,0.99926,-0.65813,-1.5544,-0.95998,-0.62329,0.51675,0.034012,-0.93492,-1.0118,-0.44287
2.3852,-3.6697,0.54283,-0.73465,-1.3117,-0.48756,-0.31678,1.2967,0.26264,-0.23713,-0.78936,-0.56472
2.9032,-3.6534,0.16982,-1.3855,-2.5766,-1.2025,-0.35364,1.3175,1.1002,0.31459,-1.2427,-0.73259
3.5389,-3.3223,0.093866,-0.85399,-2.2091,-0.8559,0.73996,1.4667,1.3838,0.55865,-1.1703,-0.66301
3.0689,-3.2844,-0.19662,-1.049,-2.0576,-0.915,-0.20171,1.5482,1.701,0.08131,-0.60362,-0.48725
2.9664,-2.617,0.55385,-0.2234,-1.7914,-0.23824,0.40302,0.65016,0.93627,0.84624,-0.31255,-1.1907
1.8269,-2.236,0.72514,-0.29024,-1.4138,0.26203,0.55902,0.17081,0.58778,0.055531,-0.93529,-1.1491
0.93894,-2.4367,-0.31106,-0.48707,-2.1137,-0.67369,0.59502,0.77792,1.1557,-0.45846,-0.95034,-1.2282
-0.7747,-1.8544,1.2095,-1.3633,-2.2196,-2.2505,0.45873,0.11105,0.8254,0.75861,-1.1025,-0.53849
-1.7983,-1.6501,0.66353,-1.9361,-1.835,-1.0976,0.23237,-0.093169,0.5226,0.23531,-0.57349,-1.291
-2.0542,-1.1666,0.95484,-2.4366,-1.7689,-0.83807,0.55361,0.067052,0.9845,-0.12456,-0.38372,-1.179
-1.8584,0.31346,1.6615,-3.167,-2.1884,-0.026087,0.37637,-0.21415,0.81465,-1.2546,-0.94457,-0.63301
-0.16357,-1.4864,1.0394,-1.608,-1.7007,-0.36048,0.45312,0.40439,0.24737,-0.96355,-0.21465,-0.2388
1.2541,-2.4856,2.9694,-1.786,-1.9757,-0.61922,-0.85476,0.36151,-1.2147,-0.9636,0.61917,0.063543
2.3148,-3.5768,2.6129,-2.1678,-2.2694,-0.67525,-0.3484,0.78293,-0.54073,-0.43286,0.55905,-0.52253
2.7723,-4.5532,1.8961,-2.1579,-1.4445,-0.30383,-0.037006,1.3411,-0.42199,-0.51773,-0.04494,-0.79988
2.9205,-4.3378,1.1703,-1.6753,-0.91885,-0.2352,-0.45131,1.2686,-0.37097,-0.52693,0.1059,-0.86507
2.9001,-3.7824,1.3484,-1.4779,-0.69853,0.37885,-0.0095872,1.9308,-0.20198,-0.64213,-0.53704,-1.3941
3.3448,-4.773,1.1113,-1.523,-0.93162,0.59337,-0.35213,1.6506,-0.47833,-0.82103,-0.81351,-1.7441
2.7703,-5.1274,0.32519,-1.874,-0.27754,0.95591,-0.31407,1.1825,-0.47795,-0.89293,-0.64867,-1.4884
2.9959,-4.4815,-0.031019,-1.8782,-0.47195,1.2986,0.019018,1.4368,-0.44711,-1.0613,-0.60084,-1.9153
2.798,-4.5038,0.55379,-1.8931,0.0021798,1.6867,-0.05471,1.9164,-0.35132,-0.94256,-1.033,-2.0718
3.2081,-5.3398,0.020611,-1.9023,0.15553,1.421,-0.69186,1.4843,-0.33026,-0.54827,-1.1078,-1.8282
3.3225,-4.682,-0.54428,-1.6916,-0.42852,0.26153,-0.60986,1.1817,-0.58557,0.068329,-0.89858,-1.5568
3.9091,-4.5536,-0.52807,-1.895,0.12601,-0.33652,-0.34552,1.0711,-0.73727,0.45637,-0.75278,-1.6359
3.4706,-3.8143,-0.013937,-1.7022,0.35077,-0.24667,-0.46774,1.2889,-0.37449,0.85416,-1.4382,-2.1188
4.4256,-3.4072,0.2493,-1.5259,0.39636,-0.79108,-0.56071,0.67273,-0.46517,1.1019,-0.81853,-2.3426
5.5793,-1.9123,-0.76767,-0.62071,0.32461,-0.12702,-0.0057911,-0.17142,-0.39666,0.32588,-1.2595,-1.9242
4.4492,-0.69543,-1.2349,-0.14565,0.53519,-0.46793,-0.30306,0.62193,0.37122,-0.15575,-1.2655,-1.7804
4.7612,1.076,-1.4174,-0.014103,0.060613,-0.44591,-0.31054,0.30661,0.46337,-0.57974,-1.3397,-1.9181
4.2343,-0.48185,-2.0577,-0.027899,1.371,0.43736,-0.44899,0.17938,0.64201,-0.90618,-1.5104,-1.6669
4.0164,0.065277,-1.2295,0.061383,0.4095,-0.44458,-1.6376,-0.7572,0.88363,-0.74788,-1.2837,-1.6619
3.7353,-0.66503,-0.85771,-0.39944,0.20407,-0.19765,-1.3639,-0.40388,1.4242,-0.21282,-1.3221,-1.9016
3.7216,-0.83177,0.11118,0.034646,-0.14792,-0.40345,-1.588,-0.87019,0.3818,-1.0338,-0.066373,-1.3529
3.5339,-1.6636,0.7776,0.1256,-1.1487,-0.87872,-1.8377,-0.029376,0.66088,-0.13893,0.1777,-1.9136
3.1783,-1.7013,0.90868,-0.47409,-1.3454,-0.34042,-1.2294,-0.049112,0.52595,-0.4404,0.056856,-1.1853
2.4356,-2.3695,0.50008,-1.4329,-1.3299,-0.49526,-0.77656,-0.31918,0.13326,-0.38614,0.083125,-1.583
2.8571,-2.9648,0.90021,-1.4371,-0.67136,-0.09571,-0.9886,0.20772,0.68898,0.057642,-0.52909,-1.9455
2.7251,-3.7009,-0.31134,-1.1524,-0.24205,-0.38861,-1.2141,0.32249,0.20729,-0.55513,-0.45456,-2.5013
1.636,-3.8266,-0.55679,-1.3554,-0.3258,0.78682,0.082926,0.78119,1.1976,-0.066801,-0.10989,-2.804
2.5898,-3.9817,0.018861,-0.76079,0.21427,0.49734,-0.78063,-0.16813,-0.15938,-0.46698,-0.46101,-2.2949
2.2678,-4.4452,-0.092048,-1.3707,0.73199,0.95641,-0.95665,0.48821,0.1464,0.43255,-0.20997,-2.3226
2.3806,-4.5811,0.23189,-1.576,0.24341,0.53909,-0.94685,0.25155,0.65303,0.17811,-0.09575,-2.1527
2.224,-3.9294,-0.63874,-1.5803,0.91277,0.15051,-1.1197,0.29009,0.42465,-0.39795,-0.25725,-2.0119
-0.41808,-1.7599,-1.1238,-0.91908,0.16273,-0.41643,0.49613,-0.3102,0.73445,0.37696,-0.003194,-2.3337
-1.1248,-0.69261,-1.7988,-0.8713,-0.046045,-0.51515,0.11997,-0.36293,0.43798,-0.20478,-0.15195,-1.6814
-0.88574,-1.5059,-0.42406,-0.32184,0.50031,-0.32415,-0.4542,-0.7524,0.52915,0.66103,0.57681,-1.6133
0.94733,-2.0681,-0.51078,-0.78662,1.1129,-0.013345,-0.33488,0.13774,0.64226,0.38231,0.079029,-1.353
0.048833,-2.0006,-1.4132,-0.82977,0.71785,-0.40995,-0.16067,0.18679,0.51122,1.0578,0.066451,-1.8454
0.16607,-1.6945,-1.934,-0.62027,2.3859,0.226,0.0099703,-0.21702,0.11323,0.76895,-0.74874,-2.1615
-0.015546,-1.7678,-1.8705,-0.15888,3.1078,0.013842,-0.065217,-0.93292,0.11249,0.61865,-0.91819,-1.6278
1.8765,-2.0858,-2.4674,-0.27406,3.385,0.88606,-0.5823,-0.61813,0.35544,0.028914,-0.32724,-1.803
0.70317,-2.0629,-2.4788,-0.85706,2.2079,0.61681,0.58541,-0.60788,0.21118,0.17082,0.065283,-0.82204
1.7699,-1.7618,-2.1294,-0.77657,3.1596,0.67167,-0.69972,-1.3706,0.25047,0.29762,-0.16782,-1.3114
0.75098,-2.1487,-2.9644,-0.77947,3.6921,0.63081,-0.64007,-1.9349,-0.48595,0.59155,0.71523,-0.99392
1.6234,-1.8366,-2.6252,-0.87008,2.9944,0.64905,-0.42766,-1.2407,0.21749,0.8492,0.31578,-1.4346
1.6154,-1.2985,-2.1507,-0.4436,2.7254,0.94932,0.058689,-1.2034,0.059783,0.90393,0.34555,-1.0109
0.60708,-1.7524,-1.817,-0.54623,1.7703,-0.15743,-0.35632,-0.70677,1.2946,0.46081,-0.022309,-0.86161
1.145,-2.5623,-1.2956,-0.71437,2.3342,-0.87688,-1.4568,-0.70329,0.83907,1.3177,-0.090908,-0.6319
1.3496,-1.7611,-0.64293,-0.51431,0.74049,-1.4445,-1.0666,0.0074217,1.9574,1.0216,-0.085068,-0.39502
1.6991,-2.3069,-1.4976,-1.3904,0.17582,-1.1149,-1.5686,-0.50689,1.3462,0.69343,-0.38013,-0.60017
2.6262,-2.023,-0.54464,-1.766,-0.43411,-1.6859,-1.4232,-1.1914,1.1828,0.67805,-1.0941,-1.093
3.0447,-1.735,0.1062,-0.79978,-1.0298,-1.0653,-1.325,-0.59918,2.9144,1.0743,-0.98609,-0.96423
2.7873,-1.79,-0.27659,-1.683,-1.9794,-1.8054,-1.7797,-0.59933,2.9467,1.4984,-0.69915,-0.78485
3.5413,-1.8489,-0.079224,-0.90048,-1.8546,-2.2266,-2.1285,-0.16362,1.9338,0.59363,-0.47943,-0.6474
2.6081,-2.3286,0.01043,-1.3152,-1.2482,-1.9286,-1.6777,-0.16581,2.7332,0.44816,0.44139,-0.061946
3.1461,-1.6471,0.66942,-1.4436,-0.92593,-1.0737,-1.5684,0.34111,2.8623,0.74107,-0.49152,-0.85737
2.2259,-1.8982,0.86786,-1.2058,-1.2474,-1.345,-1.3737,-0.2682,2.7935,0.71808,-0.65784,-0.92424
2.4254,-1.8669,1.1109,-1.2688,-0.50292,-1.2871,-1.3254,-0.2646,2.6546,-0.20737,-1.0739,-1.0609
2.2919,-2.132,0.85087,-0.84885,-0.50885,-1.0111,-2.2926,-0.98062,2.1603,0.28575,-1.1733,-1.3202
2.7076,-1.0536,1.3936,-0.9029,-0.66503,-1.549,-1.9027,-0.49627,2.5969,1.4065,-0.8736,-1.1342
2.8107,-1.0422,0.75154,-1.1034,-0.53891,-1.0136,-2.2251,-0.084395,2.4577,0.72466,-1.0923,-1.1178
2.9808,0.29618,1.014,-1.0655,-1.4609,-1.3306,-1.0952,-0.32113,1.9402,-0.10335,-0.60702,-1.2629
3.166,-0.53069,0.18707,-1.0032,-0.61358,-1.3512,-1.5514,-0.045708,1.9083,0.80854,-1.169,-1.5591
3.5655,0.38612,0.43627,-1.6304,-0.7797,-1.7147,-1.4984,-1.2908,1.581,0.26617,-0.64906,-1.0005
3.567,0.77994,0.70538,-1.7186,-1.0214,-2.1303,-1.6477,-0.76759,1.595,0.18856,-0.79426,-1.029
3.818,0.90434,0.64512,-0.59436,-0.27768,-1.6467,-1.3331,-0.73601,1.698,0.91474,-0.88863,-1.0266
3.7655,1.0634,0.50558,-0.71693,-0.16976,-1.1348,-1.4279,-0.78595,0.99461,0.66306,-1.0939,-1.0498
3.4229,1.4267,0.67909,-0.86581,-0.31279,-1.1523,-0.81819,-0.8445,1.129,0.1733,-0.23997,-0.70146
2.5577,2.4009,-0.10086,-1.7167,-0.29005,-1.618,-0.95768,-1.1466,2.0454,0.89808,-1.0042,-0.92703
2.8493,3.6393,-0.27718,-1.0831,-0.13501,-1.345,-0.89489,-0.54094,1.2739,0.44258,-1.0932,-1.1613
2.3885,3.7287,0.039567,0.11412,0.7674,-1.6043,-0.75488,0.06963,1.1264,-0.39126,-1.4624,-1.409
1.1536,4.2888,-1.0256,0.020253,1.458,-1.314,0.23932,-0.28216,0.94702,-0.71347,-0.80823,-1.0515
-0.40392,5.2129,-0.65976,0.1137,1.2222,-1.974,0.68924,-0.53156,1.5991,0.32459,-1.6701,-1.1968
0.66242,5.9573,-0.99265,-0.094785,0.50214,-1.7163,0.79931,-0.66575,1.4405,-0.16802,-1.0467,-1.0282
-0.78182,6.0644,-1.4482,-0.091557,0.30924,-2.3161,0.61423,-0.24205,2.2026,-0.029786,-1.293,-0.9859
-1.4305,5.7143,-1.5272,-0.25224,0.95812,-2.5446,1.1254,0.032428,1.9565,0.36008,-1.6753,-0.55568
-1.8052,5.6473,-1.3882,-0.048144,0.41882,-1.111,1.1411,-0.036454,1.8524,-0.44269,-1.9155,-0.96068
-1.8882,5.7401,-2.7802,-0.36474,0.62432,-1.1234,0.65016,0.16591,1.8026,-0.42273,-2.1297,-1.4367
-2.318,5.5709,-2.4424,-0.68175,0.68504,-1.7855,1.4241,-0.027821,1.5156,0.41863,-2.311,-1.9958
-1.4703,5.6248,-2.0366,-0.56459,0.39336,-1.413,1.4038,0.49666,1.3656,-0.47168,-2.4244,-1.3327
-1.2126,5.2968,-1.5794,-0.63786,0.35042,-1.7577,1.5518,0.71993,1.5385,-0.54692,-2.4057,-1.7727
-0.71185,4.6142,-1.557,-0.99829,-0.064491,-1.9925,0.81808,0.79176,1.1011,0.086036,-2.5742,-1.6948
0.98076,2.2428,-0.8767,-1.1897,0.16748,-2.151,0.46942,0.79494,1.1925,-0.4034,-1.7952,-1.4883
2.549,1.0601,0.53298,-0.65311,-0.050158,-2.1291,-0.33357,0.94547,0.72674,-0.93844,-1.4555,-1.2244
2.9927,0.49682,1.8621,0.13291,-0.7609,-2.1637,-1.2234,0.74544,-0.2345,-0.1255,-1.1321,-0.96148
3.3383,-0.92668,2.5945,-0.39024,-0.81697,-2.0566,-1.0456,0.78332,-0.37689,-0.51509,-0.43145,-1.0953
3.3218,-2.1094,2.1673,-0.69148,-0.96703,-1.3335,-1.241,0.98259,-0.60059,-0.089924,-0.58218,-1.0522
3.6318,-2.6176,2.348,-1.1026,-0.84399,-0.85679,-1.101,0.93347,-0.67276,-0.10107,-0.38072,-1.0823
2.8563,-1.91,3.3343,-0.62999,-0.71827,-0.94924,-1.5515,0.86254,-0.6809,0.36114,-0.12968,-0.67265
3.7008,-2.7312,3.3206,-1.4981,-1.0127,-0.7468,-1.2933,1.2745,-0.90251,-0.14244,-0.021588,-1.1016
4.0973,-3.3569,2.695,-1.7324,-0.7908,-0.58708,-1.8239,1.4224,-0.58069,0.10602,-0.39768,-1.2617
4.3371,-3.0516,2.1262,-1.1796,-0.47942,0.098836,-2.0292,0.73938,-0.4685,-0.21272,0.20802,-1.5469
3.9587,-2.4762,0.98505,-1.3229,-0.054131,0.82486,-1.8234,0.35554,-0.20113,0.006283,0.19722,-1.5499
4.7684,-2.3812,1.2951,-1.4129,0.16192,1.0277,-1.9434,-0.13023,0.43454,0.65134,0.25638,-1.9348
4.9242,-2.1715,1.149,-2.0069,-0.22484,1.2047,-1.1181,-1.4233,-0.43991,0.6037,0.89875,-1.2473
4.6522,-2.0687,0.013816,-2.1919,-0.21226,1.2536,-0.60998,-1.2279,-0.061472,-0.005642,0.66147,-1.1037
4.2636,-1.1944,-0.36995,-2.7064,0.15458,1.2399,-0.0098635,-0.90599,0.51635,-0.16687,0.28354,-1.116
4.101,-0.75295,-0.42514,-3.1065,-0.54159,1.4107,-0.015912,-0.95586,0.15313,0.041084,0.081964,-0.99772
4.9592,-0.21874,-0.85112,-3.8989,-1.0878,0.7708,0.28078,-1.3695,0.47833,-0.33393,0.11826,-0.90347
4.4496,-0.11036,-1.878,-2.7689,-1.0573,0.48118,-0.15982,-1.0526,1.1444,0.10761,0.19046,-0.27353
4.6836,0.49863,-1.7657,-3.5193,-0.60614,0.61472,0.049685,-1.5138,2.0514,0.29334,-0.50648,-0.95614
5.265,0.94871,-1.2834,-3.5543,-0.92765,0.23646,0.034147,-1.3699,1.6244,0.0918,-0.16648,-0.91891
5.5869,1.012,-1.3082,-3.5304,-1.1788,-0.14023,-0.20414,-1.2818,1.7473,0.16687,-0.42586,-0.7225
5.099,1.3283,-1.7716,-3.7733,-0.85175,0.01336,-0.41221,-1.3391,1.3934,-0.0066954,0.0014645,-1.0171
5.551,1.7895,-1.1205,-3.508,-0.72616,-0.0009926,-0.60552,-1.1054,1.7214,-0.23812,-0.37171,-0.41067
5.5934,2.5571,-0.7039,-3.3239,-0.99468,-0.69088,-0.40925,-0.57109,1.0912,-0.25726,-0.54018,-0.79026
4.8651,2.4984,-1.0892,-2.7597,-0.63638,-0.89661,-0.27767,-0.47945,1.5078,-0.093255,-0.54426,-0.77686
4.3985,1.8824,-1.2254,-2.6394,-0.30365,-0.98671,0.25851,0.32014,1.0604,-0.383,-0.66395,-1.2925
4.8699,2.0628,-0.47576,-2.0175,0.28718,-0.72391,-0.26927,-0.31644,0.78249,-1.1244,-0.31533,-0.95982
4.7333,1.5198,-0.80855,-1.5341,-0.20503,-0.3866,0.052938,0.19024,0.74912,-0.30804,-0.36133,-1.391
4.0726,1.1592,-0.28705,-1.6891,0.96859,0.12783,0.25023,0.19488,0.33944,-1.0015,-0.4064,-1.8911
3.922,0.89577,-0.33844,-1.4935,0.71811,-0.48868,-0.20965,0.76851,1.0999,-0.25455,0.0014568,-1.878
2.9608,-0.14474,0.15084,-1.4,0.8129,-0.24894,-0.54893,0.096649,0.68763,-0.3167,-0.094748,-1.652
2.9417,-0.46053,0.026631,-1.2059,0.074439,0.08071,-0.57227,-0.37143,0.46217,-0.48874,0.9343,-1.8688
2.6092,-0.92523,-0.046476,-1.3601,0.66378,-0.62112,-0.6495,0.14945,0.59509,-0.49138,0.50049,-1.8629
3.4408,-0.77535,-0.28439,-1.2712,0.82493,-0.42993,-0.58931,0.35884,0.65033,0.13953,0.43538,-1.855
2.0326,-0.96729,-0.43678,-1.5584,0.51826,-0.4805,-1.2706,-0.010974,-0.10419,0.036011,0.4616,-1.7555
1.3458,-0.87534,0.094544,-1.2097,0.99721,0.23258,-0.15339,0.49822,0.079868,-0.15828,0.62314,-1.441
1.7717,-1.555,-0.90226,-1.7257,0.41325,0.0017053,-0.18338,0.11639,0.20268,0.45388,0.018874,-1.566
1.4228,-1.2241,-0.58434,-1.6924,0.65217,-0.37181,-0.091044,0.49977,0.63587,-0.071089,-0.11903,-1.2523
0.38343,-1.2603,-1.0019,-1.2662,1.1458,-0.099838,-0.56124,0.51574,-0.036866,0.61984,1.0905,-1.6472
1.0025,-0.92824,-0.62509,-1.411,0.44543,0.26159,-0.07104,0.1141,0.11686,0.39589,0.51455,-1.2587
1.3732,-0.4402,0.33006,-1.5914,-0.30783,-0.19302,-0.15892,-0.51963,-0.83187,0.19524,1.0066,-1.039
1.3623,-0.19015,-0.19159,-1.243,0.32826,-0.65273,-0.45227,-0.35032,-0.60528,-0.29364,0.094185,-1.4941
0.75706,-0.42507,-0.51551,-1.3516,-0.37571,-0.52332,-1.0603,-0.099759,-0.67104,-0.68754,-0.48456,-1.4251
1.3468,-0.0068993,-0.37264,-1.9517,0.13067,-0.53237,-0.94275,-0.12059,-0.0038727,0.1738,0.18968,-0.97319
1.3037,0.033875,-0.028378,-1.1368,-0.5771,-0.38384,-1.1821,-0.61918,0.24685,0.11965,0.46571,-0.9676
1.9331,0.34774,-0.99581,-1.1226,0.58147,-0.20908,-0.92813,-0.31984,0.79201,-0.3578,-0.45737,-1.5165
