0.21775,-1.2433,1.6254,-0.12461,-1.5137,-0.92995,0.52018,0.21762,0.79016,-0.65428,-0.17129,0.46134
0.28357,-0.80496,1.5529,-0.40746,-0.66049,-1.1046,-0.17664,-0.64801,-0.17654,-0.66509,0.16754,0.2822
-1.7488,-1.3343,1.5605,-0.70981,-1.132,-0.77171,-1.1797,-1.1074,0.7052,-0.46815,-0.3478,-0.1773
-3.968,0.039951,1.1243,-0.18794,-1.4352,1.0214,-0.70615,-1.8275,0.93456,-1.015,0.11698,-0.34689
-3.8058,0.11545,0.22226,-0.33537,-1.9189,0.71607,-0.83946,-1.9962,0.47819,-1.3364,0.94343,-0.54137
-3.9894,0.016209,0.88358,-1.0861,-2.4906,0.11736,-0.74541,-1.5432,0.14934,-0.79972,1.0248,-0.45441
-3.8727,-0.06503,0.51757,-0.95999,-1.2509,0.69173,-0.79226,-0.4681,0.49194,-1.2289,0.99524,-0.61794
-0.65284,-1.1019,0.87964,-0.33915,-1.8978,-0.34986,-0.58896,-0.55254,0.066973,-0.73729,0.87421,-0.43836
1.1138,-1.9147,2.4185,-1.3179,-2.2404,-0.34917,-0.98963,0.42349,-0.34199,-0.35939,0.98721,-0.37501
1.9406,-2.842,3.0467,-1.4987,-1.7147,-0.2211,-0.97547,0.92201,-0.29401,-0.412,0.84158,-0.52225
2.3286,-3.4904,2.0414,-1.1896,-1.7994,0.036998,-1.4285,1.2309,-0.25414,-0.24183,0.38872,-0.99879
2.4514,-4.0875,1.4145,-1.3774,-1.0605,0.16278,-0.87946,1.2536,0.0040127,-0.53047,0.010695,-1.7303
2.4467,-4.1352,0.45215,-0.65915,-1.2378,0.64989,-1.1851,1.3316,-0.31396,-0.11155,-0.21607,-1.5055
2.487,-4.3391,0.062972,-0.85177,-0.85389,0.61106,-0.78188,1.083,-0.50391,-0.32308,-0.23849,-1.6956
3.0754,-4.5822,0.17707,-0.96986,-0.5659,0.78943,-0.62482,1.3598,-0.32917,-0.27156,-0.55491,-1.8311
2.8075,-4.6214,0.29173,-1.0971,-0.056539,1.1876,-0.45549,1.6506,-0.15758,-0.13521,-1.1691,-1.9327
3.0902,-4.8144,0.006714,-0.8892,-0.1731,1.1923,-0.80676,1.5707,-0.27912,0.15462,-1.1931,-2.0248
2.9365,-4.7487,-0.29288,-1.1022,-0.053591,0.63026,-0.61726,1.0298,-0.026491,0.22085,-1.1999,-1.7595
3.046,-4.4373,-0.39722,-0.64137,-0.51283,0.76008,-0.97096,1.1559,-0.29879,0.16004,-0.93684,-1.9004
2.9247,-3.7282,-0.93512,-0.69054,-0.3671,0.29315,-0.57331,0.82141,-0.19968,0.35902,-0.82224,-1.7469
3.1082,-3.1943,-0.79691,-0.95573,-0.24214,0.18235,-0.7072,0.70405,-0.031997,0.74017,-0.70472,-1.4931
2.9086,-2.4599,-0.48736,-0.8702,0.0064599,0.10509,-0.83794,0.75709,0.48181,1.2062,-1.005,-1.7181
2.7006,-1.8981,-0.38163,-1.0541,0.14757,0.019408,-0.88255,0.37735,0.84081,1.3861,-1.2436,-1.9605
4.4226,-1.493,-0.0079528,-0.24833,0.61445,-0.31893,-0.29906,-0.22316,0.6576,0.78409,-1.1516,-2.1894
4.1507,-0.68752,0.3205,-1.0449,0.097882,0.082665,0.49098,1.1846,0.59172,-0.41283,-1.1691,-1.3458
3.7807,-1.5927,-0.17837,-1.2789,0.30947,-0.10237,-0.0842,0.4964,0.4887,-1.3461,-0.73959,-1.597
3.3025,-1.1697,0.4402,-1.557,0.20274,0.57727,0.020105,1.3322,0.24249,-1.1351,-0.5802,-1.3425
2.6991,-1.5702,0.11427,-1.6307,-0.34905,0.21711,0.64707,1.6427,0.8467,-0.50007,-0.46602,-1.3145
1.2625,-3.2616,0.45933,-2.5666,-1.4497,-0.37325,-0.423,0.22331,0.070296,-1.7065,-0.60673,-0.87875
1.3749,-3.5936,2.0506,-2.131,-1.16,-0.42894,-0.23664,0.79707,-0.3908,-0.9655,0.29194,-0.79023
2.8396,-2.7751,2.6018,-1.1397,-0.79409,-0.36575,-0.58536,0.48369,0.55077,0.15761,0.54348,-0.64015
2.6605,-4.1332,0.68356,-1.1932,0.078767,0.19514,0.090635,0.62448,1.095,-0.60684,-0.63953,-0.35574
3.3101,-3.7466,0.49945,-1.757,-0.7042,-0.2056,-0.10864,1.2088,0.18039,-1.1389,-0.99805,-1.2978
3.0684,-4.0555,0.63495,-2.5944,-0.58836,-1.0116,-0.074497,1.1784,0.31396,-0.74135,-1.0532,-1.091
3.7235,-3.525,-0.11755,-2.0515,-0.15135,-0.41227,0.23817,1.8538,0.31528,-0.77335,-0.88213,-1.183
2.1455,-4.5027,-0.40891,-2.1024,-0.38217,-0.19727,-0.39417,1.4461,0.72069,-0.16208,-0.8106,-1.1043
3.1652,-4.8391,-0.79678,-1.7695,0.025412,-0.28022,0.36151,2.2053,0.73445,-0.18788,-1.0963,-1.5029
2.1639,-4.407,-0.88252,-1.7207,-0.23867,-0.45311,-0.13475,1.0154,0.89277,-0.42119,-1.3071,-1.8665
0.043235,-1.1694,-3.2179,-1.2048,0.30803,-0.69945,1.2668,0.42962,2.0414,-1.2729,-1.3304,-1.2795
-1.7169,-0.51491,-4.0602,-0.69816,-0.66307,-1.0889,1.2993,0.35474,1.1321,-0.80054,-0.31643,-0.97119
-2.1069,-0.60341,-3.7363,-0.28365,-0.79479,-1.5228,1.6871,0.51759,1.5869,-1.1227,-1.1293,-1.2073
-0.34286,0.82375,-2.5888,-0.46419,-0.77493,-1.3911,1.5923,0.14931,0.41155,-0.94921,-0.45827,-1.1938
-0.37473,0.66915,-2.2605,-0.8602,0.037096,-1.0968,1.2041,-0.55823,0.49842,-0.28229,-0.87118,-0.8619
-1.736,0.65516,-2.628,-0.45999,0.23176,-1.5513,1.1995,-0.056573,1.5636,-0.22154,-0.32086,-1.2989
-0.82707,0.61186,-2.3871,-0.028331,0.56637,-0.74972,1.4338,-0.12045,0.95462,0.20394,-1.0419,-1.1046
-1.7564,0.41192,-3.4496,-0.09337,1.8678,-0.27353,0.59536,-0.64861,0.87863,0.15253,-0.63298,-0.82714
-1.2793,0.13931,-2.6336,-0.28135,1.5855,-0.76319,0.17475,-0.21321,1.3241,0.73703,-0.50195,-0.99803
-2.7029,0.62451,-2.2826,0.66101,1.5325,-1.4381,0.40311,-0.62708,0.2564,0.8504,0.030368,-1.209
-1.0707,0.078659,-2.5603,0.87339,1.8773,-0.71338,0.77049,-0.22854,1.2307,0.9946,-0.26626,-1.6134
-1.9351,0.24392,-2.4018,0.56567,2.2994,-0.51551,0.79175,-0.1061,0.84927,0.5988,-0.50997,-1.3088
-1.917,0.04253,-2.8386,1.1574,1.2789,-0.85856,0.062146,-0.42267,0.60441,0.13207,-0.76724,-1.2411
-1.4269,0.64099,-1.7564,1.2418,1.9813,-0.53361,-0.18606,-0.56195,0.45715,0.81839,-0.1025,-0.54838
-1.0047,0.69961,-1.9354,0.67255,1.3058,-1.0224,1.2241,0.41213,1.36,0.66527,-1.1208,-0.83086
-1.6415,0.71676,-1.6877,0.20722,1.3919,-1.1076,0.35248,-0.05678,1.4498,1.0133,-0.40705,-0.74144
-0.070066,1.267,-1.234,0.47949,1.2573,-1.5146,0.7277,-0.19838,1.0727,0.35113,-0.80854,-1.0753
-0.052622,1.1697,-1.0924,0.62008,1.1013,-0.84043,1.0772,-0.060809,1.8949,-0.049644,-1.3557,-1.6816
0.43151,0.57109,-1.4201,0.0089571,1.0125,-1.1606,0.37301,0.21714,1.2871,-0.20093,-1.2798,-1.1638
0.68929,0.91887,-0.35706,-0.042819,0.20443,-0.63663,0.20507,0.27718,0.36431,-0.47247,-1.444,-1.5676
0.757,0.71003,-0.31859,-0.51755,0.017153,-0.99381,-0.67601,0.36368,1.0076,-1.366,-1.8633,-2.3956
0.40938,0.54537,-0.52784,0.14161,0.083697,-0.73404,0.53799,-0.15061,1.2664,-1.5945,-1.0656,-1.3169
-0.6262,0.30976,0.54867,-0.090525,-0.4822,-0.62064,0.07225,-0.70681,1.7832,-1.6327,-1.6307,-0.87525
-0.5852,0.27213,-0.24526,-0.58038,-1.3157,-1.1761,-0.07924,-0.026631,0.88973,-1.1755,-0.78532,-1.1702
-0.46385,0.87288,-0.9232,-0.28078,-0.048542,-1.3104,0.081928,-0.32112,1.2074,-1.6297,-0.025418,-0.33911
-1.017,-0.71673,-1.6609,-1.2044,-0.97964,-1.1598,0.2084,-0.11627,1.9919,-1.0258,-0.82928,-1.2642
-1.3332,-0.1825,-1.1983,-0.38475,-0.34776,-1.3186,-0.726,-1.1229,1.1436,-0.82785,-0.42225,-1.4057
-0.23175,0.32059,-0.11718,-0.042409,0.28034,-0.82954,-0.31373,-0.35094,1.2077,-1.274,-0.67483,-0.58302
-0.27512,-0.25448,0.19223,-0.2342,-0.39773,-1.7777,-0.50461,0.16678,0.84192,-0.68479,-0.26211,-0.96113
0.45324,0.15318,-0.079779,-1.3585,-0.76454,-1.8392,-0.23307,-0.051087,0.73081,-0.29704,0.43642,-0.38455
-0.030302,-0.59858,-0.58315,-0.75355,0.050487,-0.98818,0.21791,0.57014,1.3659,-0.019141,0.19442,-0.45393
2.0271,0.58626,-0.22698,-0.53651,-0.18561,-1.284,-0.69753,-0.81891,0.96251,0.20131,0.12117,-0.63914
1.8914,1.1277,0.17734,0.19708,0.0095586,-0.99853,-0.23963,-0.87298,1.1153,-0.59347,0.11549,-0.76474
1.888,2.5839,0.35148,-0.38032,-0.032619,-1.0945,0.038917,-0.466,0.5821,-0.60037,0.21382,-0.84588
2.2298,3.3342,1.098,0.61217,0.32571,-1.2951,-0.44109,-1.4582,1.1082,-0.96735,0.50167,-0.20018
3.3661,2.7943,0.5511,-0.20493,1.1463,-1.0795,-0.059461,-1.8673,0.84069,-0.92416,-0.098816,-0.54649
2.7484,3.0144,0.13031,0.21672,1.805,-1.4351,-0.74655,-1.451,0.5877,-0.57595,-0.10691,-0.50392
1.8414,3.3096,0.3728,0.21081,1.5145,-1.5312,-0.88715,-1.022,1.4837,0.029526,-0.52341,-0.60236
3.0321,3.7799,0.68042,0.07519,1.5137,-1.4559,-0.98274,-1.3839,0.492,-0.24039,-0.18827,-1.3324
2.529,4.247,0.35719,0.12967,2.2205,-0.34357,-0.89973,-2.2056,0.38527,-0.59111,-0.54578,-0.96915
0.46595,4.2641,-0.35907,0.4323,1.8018,-0.38272,-0.21758,-1.4926,0.76177,-0.20961,-0.46761,-1.0895
-0.22961,5.4536,-0.24895,0.70645,1.1474,-0.87987,-0.40211,-1.2089,0.21995,-0.45507,-0.24975,-1.2942
-0.38022,6.0665,-0.10523,0.39236,1.8351,-1.2052,-1.0335,-1.4698,-0.024405,-1.1009,0.24963,-0.28411
-1.6949,6.5768,-1.144,-0.18036,1.8544,-1.2823,-0.38573,-1.6683,0.52837,-1.337,0.65912,-0.26396
-2.4292,6.3677,-1.067,-0.31317,1.9045,-1.5136,0.057531,-1.5606,0.63711,-1.6276,0.074627,-1.2509
-1.6298,6.314,-0.17436,0.14731,2.15,-1.5938,0.15077,-1.6923,0.3557,-2.1186,-0.17214,-0.37324
-2.1266,5.7766,-0.11202,-0.07223,2.5011,-1.8617,0.17635,-1.9036,0.35902,-1.6499,0.0073555,-0.11504
-3.3247,5.9359,-0.33343,0.59697,2.1998,-2.1148,0.063188,-1.8117,1.2164,-1.0157,0.33617,-0.31885
-1.933,6.3104,-0.41702,1.012,1.6278,-1.9197,0.63687,-1.5701,0.80073,-1.2783,-0.66186,-0.73817
-1.3004,6.5133,0.61148,1.1501,1.0237,-2.9404,-0.67504,-1.516,1.1965,-1.1319,-0.33958,-0.72724
-1.1289,6.309,-0.61079,0.75089,0.96868,-1.8947,-0.27593,-1.5746,0.64154,-1.368,0.21663,-0.89701
-2.7006,6.4883,-0.34766,0.93949,0.9744,-1.8332,-0.36827,-1.6176,1.737,-1.3468,0.45284,-0.77357
-1.442,6.1939,0.48664,0.066783,1.3792,-2.2616,0.13152,-1.5994,1.4187,-1.4757,-0.014696,-0.76451
-1.3047,5.965,0.79842,1.0039,1.2571,-2.6727,-0.087885,-2.2613,1.0933,-1.2114,-0.32007,-0.23185
-0.70229,5.3295,0.1881,1.3681,0.88361,-2.1599,-0.14232,-1.4864,0.66569,-1.0768,-0.14263,-0.33466
-1.2071,4.0151,0.98308,0.041595,0.70589,-2.7927,0.35538,-1.5903,1.0595,-1.0153,0.10331,0.043341
0.25735,3.1138,1.5638,0.62963,0.096897,-2.1911,-0.3489,-1.3317,0.51171,-1.0785,0.23934,0.59729
1.8103,2.4818,2.3553,0.79349,-0.79863,-2.1045,-0.84677,-0.98307,0.20696,-0.75787,0.11214,0.049369
1.0133,1.2962,3.4471,1.1703,-1.24,-2.2798,-1.3753,-1.104,0.072474,-1.3503,1.0951,-0.070442
1.5,0.30731,3.1276,0.79761,-1.6764,-1.6377,-1.3807,-0.60761,-0.51576,-1.0357,1.4269,-0.19275
1.3846,-0.30533,3.0955,0.94507,-1.8449,-1.4612,-1.516,-0.81869,-0.26618,-0.94086,1.9437,-0.45816
1.5114,-0.67632,2.8641,0.74153,-1.9196,-1.4564,-1.2335,-0.70028,0.1736,-0.44043,1.7857,-0.18999
1.6955,-0.76166,2.9887,0.54586,-1.7944,-1.3774,-1.3518,-0.71012,0.34862,-0.4768,1.7466,-0.12414
1.5864,-1.2681,2.5828,0.64933,-1.7153,-1.0541,-1.3084,-0.56451,0.26653,-0.83689,1.4792,-0.34305
2.3199,-1.6491,1.8221,0.68242,-1.4993,-0.74082,-1.454,-0.43456,0.48067,-0.76965,1.0486,-0.76428
2.7588,-1.7341,1.5636,0.35769,-1.0825,-0.551,-1.6043,-0.69451,0.65852,-0.64197,1.0074,-1.1289
2.8974,-1.3542,0.78618,-0.032391,-0.50252,-0.57694,-1.3925,-1.1783,1.275,-0.33757,0.97957,-1.4455
3.1937,-0.97768,0.66035,-0.36739,0.052332,-0.027322,-1.43,-1.8483,1.6545,0.26688,1.3622,-1.0991
3.0541,-0.14315,0.47988,-0.55919,0.1747,0.61878,-1.7642,-2.6724,1.5537,0.23138,1.6759,-1.2158
3.4711,0.71705,0.22365,-0.92775,0.4711,0.74406,-1.0528,-2.7055,0.24823,-0.141,1.7233,-0.39062
2.6926,1.8786,-0.12769,-1.5617,-0.039264,0.74585,0.43482,-2.0313,0.66897,-1.3459,1.2728,-0.055245
2.9021,1.6446,-0.67517,-1.3198,-0.0257,-0.38839,0.65665,-1.286,1.1043,-1.5769,0.8996,-0.18018
3.0291,3.3037,-0.20658,-1.662,-0.64401,-0.36013,0.15782,-1.7527,0.8378,-1.3509,1.4425,-0.065718
2.8462,3.338,-0.31858,-2.483,-0.52214,-0.1252,0.12191,-1.8727,1.1106,-1.5585,0.8984,-0.36169
2.6403,3.2783,-0.78921,-1.8178,-1.5888,-1.014,0.079962,-1.5631,0.84644,-1.5068,0.48035,-0.57868
2.065,3.771,-1.7568,-1.9876,-1.1327,-1.4247,0.15851,-2.3048,1.0746,-1.6993,0.78071,-0.47118
1.7914,4.0461,-0.7146,-1.5916,-1.4763,-2.2336,0.50507,-1.445,1.8556,-0.93187,0.18543,-0.36926
2.9628,4.9995,-0.55711,-2.0501,-1.4271,-2.2472,0.16411,-1.6553,1.8212,-1.7571,-0.25649,-0.28559
3.5001,4.8711,-0.5361,-1.1367,-1.6633,-2.4582,-0.14122,-1.4444,1.3744,-1.2382,-0.005635,-0.25062
3.4846,4.7848,-0.29871,-1.876,-1.7978,-2.1379,-0.20505,-1.6388,1.9774,-1.7754,-0.03391,-0.72167
3.9229,4.9953,0.015522,-2.6256,-1.7668,-1.5576,0.043663,-1.3761,2.0182,-1.9092,0.055999,-0.071428
4.2635,4.4092,0.60895,-2.7596,-2.1397,-1.5941,-0.025715,-1.3445,2.8365,-1.9648,-0.15383,-0.21689
4.5703,4.3543,0.75957,-3.348,-2.1621,-0.82562,-0.048613,-1.3258,2.0248,-1.5978,0.30857,-0.049247
4.4243,3.1778,0.30822,-3.7204,-2.0268,-0.53935,-0.41867,-0.85338,2.3922,-1.3525,0.45491,-0.069492
3.9687,3.2434,0.31008,-3.1633,-2.0941,-0.88166,-0.22216,-0.65196,2.7325,-1.2905,0.89092,-0.22026
4.5203,3.2904,0.43014,-3.6545,-2.1347,-0.81913,-0.24804,-0.95096,2.0153,-1.3472,1.0057,-0.061354
5.0171,3.0819,0.46415,-3.5264,-1.4569,-1.0125,-0.72771,-0.94653,2.0733,-1.6934,0.44302,-0.18961
4.9846,2.8493,0.60357,-3.4649,-1.6453,-1.0682,-0.35744,-0.25204,1.6582,-2.1229,0.16645,0.15969
5.1137,2.8786,0.22805,-3.0419,-1.3966,-0.3232,-0.70969,-0.73602,1.1436,-1.4934,0.3348,-0.32419
6.0953,1.6297,-0.51783,-3.0631,-0.91304,-0.75197,-0.81173,-1.0562,1.2114,-1.6167,-0.099897,0.19656
5.2925,2.1639,-0.016029,-2.7326,-1.726,-0.95944,-0.66661,-0.64101,1.3961,-1.3935,-0.44125,-0.30963
6.1367,2.2121,-0.071004,-3.1338,-1.0764,-0.14844,-0.9122,-0.7762,1.2119,-1.0436,-0.26795,-0.39611
6.0997,2.8112,-0.048131,-2.8377,-1.216,-0.42623,-0.62597,-1.1631,1.138,-1.1113,-0.29795,-0.32323
5.283,2.0489,-0.019866,-2.6388,-0.95995,-0.73868,-0.65459,-0.80469,1.1672,-1.1608,-0.29757,-0.42629
5.6194,2.0938,-0.43533,-2.0105,-0.6691,-1.1234,-0.91114,-1.2194,0.88347,-1.4603,-0.16443,-0.65717
4.2751,1.8151,-0.71282,-1.7209,-1.0444,-1.0928,-0.80573,-0.74139,0.9758,-1.1187,-0.15909,-0.15584
5.5821,1.828,-1.1384,-2.602,-1.3685,-0.86145,-0.35514,-0.50064,1.1895,-1.2324,-0.37833,-0.19822
4.5816,1.4483,-1.0501,-2.2111,-1.2097,-1.4002,-0.82138,-1.1179,0.59267,-1.4384,-0.65323,-0.74145
5.2944,1.7309,-0.46578,-0.84038,-0.44611,-1.3425,-0.92351,-1.6735,0.30558,-1.226,-0.31818,-0.58793
5.0322,1.2923,-1.4324,-2.0284,-1.4819,-0.89961,0.038166,-1.0075,0.20714,-1.4565,-0.45373,-0.35564
5.034,1.403,-1.1271,-1.7954,-1.2623,-1.166,-0.1703,-1.4913,0.15727,-1.3937,-0.4163,-0.21589
4.3516,1.5119,-0.70571,-1.5755,-1.3088,-1.3958,0.053633,-1.2126,0.50791,-0.63284,-0.46854,0.02187
3.8008,1.5271,-1.1245,-2.2231,-1.3544,-1.1927,0.39533,-1.3277,0.033647,-1.9571,-0.99184,-0.24412
3.8991,1.9643,-1.6758,-1.8892,-0.83024,-1.4141,-0.4827,-1.3828,-0.013273,-1.3427,-0.51995,-0.53694
3.5327,2.3354,-1.3413,-2.3826,-1.8372,-1.6779,-0.83711,-1.1443,0.42341,-1.3269,-0.87866,-0.57097
3.0624,1.3313,-1.4871,-2.0629,-1.3885,-2.0111,-0.29582,-1.1694,0.51204,-1.612,-0.80415,-0.13935
3.4646,2.0821,-0.93511,-1.6892,-1.6969,-1.8224,-0.48568,-1.0851,0.48101,-1.5607,-0.1195,-0.30773
3.0172,1.6406,-1.5764,-1.4595,-0.80332,-0.55928,-0.78014,-1.457,0.49329,-0.75103,0.32626,0.20493
2.7702,1.5999,-1.4335,-2.0954,-1.1259,-1.1689,-0.075389,-1.3095,0.60147,0.22655,0.11802,-0.24469
2.5674,0.90698,-0.83341,-1.1613,-1.16,-0.44599,-0.29194,-0.7223,0.22802,-0.9615,-0.15276,0.017449
2.4017,1.0233,-0.18708,-2.1701,-1.5343,-1.0907,-0.61088,-1.4375,0.1776,-1.2089,-0.26162,-0.32683
2.1215,1.2161,-0.54951,-1.5459,-0.80959,-1.3355,-0.078666,-1.1644,0.22364,-0.63592,-0.1222,-0.58767
2.1707,0.90946,-0.72714,-2.3327,-1.6272,-1.5664,-0.27294,-1.4733,0.1159,-0.54013,0.36515,-0.3072
1.3934,0.78292,-0.62957,-2.4482,-1.9357,-1.7846,0.1431,-1.5063,0.30434,-0.35708,0.31511,-0.14651
1.9175,0.43699,-0.71422,-1.8418,-1.3943,-1.1115,0.51716,-0.4551,1.3041,-0.096753,0.38106,-0.12351
2.0988,1.5064,-0.075485,-1.7456,-0.95016,-0.91619,-0.58906,-1.3464,1.0737,-0.1607,0.062328,-0.52023
1.4315,1.331,0.54474,-2.0712,-1.1191,-1.5021,-0.84712,-1.4822,0.0097312,-0.0059234,0.37363,0.086799
2.0252,1.0174,-0.57048,-1.6372,-0.56044,-0.78293,-0.56048,-0.91104,0.30801,-0.075565,0.88294,0.25817
1.6274,0.75122,-1.3683,-1.1582,-0.83495,-1.1714,-0.2039,-0.7422,0.80521,0.1182,0.10785,-0.41234
1.2856,0.20773,-0.96058,-1.626,-0.68529,-1.1531,-0.28659,-1.1146,1.0817,0.050241,-0.51712,-0.98064
2.2731,1.0024,0.16299,-1.1499,-0.79109,-0.51828,-0.11965,-1.0816,1.7835,0.038454,-0.63807,-0.27772
1.7987,-0.23657,-0.56072,-1.4766,-0.71317,-0.33135,-0.063437,-0.71731,0.99944,-0.54969,-0.83837,-0.77979
1.7535,-0.11698,-1.1202,-1.446,-0.66347,-0.78638,-0.53933,-1.3846,0.9187,-0.62075,-1.1571,-0.89038
1.6004,-0.33687,-0.29759,-0.95445,-0.7201,-0.97219,-0.34626,-0.9615,0.54481,-0.27775,-0.95521,-0.97375
2.3384,0.87901,0.98439,-0.20686,-0.041352,-0.5593,-1.1556,-0.82813,0.98095,-0.47049,-0.13434,0.34385
1.1663,-0.88836,0.0093025,-0.38089,-0.29619,0.21877,-0.1457,-1.0606,1.4583,0.61459,0.15916,0.02532
2.2321,-0.43648,0.44205,-0.97664,-0.76526,0.52081,-0.34785,-0.98596,1.0801,-0.20991,-0.66574,-0.76313
1.6065,-1.3156,-0.23905,-1.5911,-1.3341,0.49017,-0.83025,-0.43556,0.68161,-0.38477,-0.49471,0.30227
3.0131,0.16533,0.8977,-0.5605,-0.71048,0.34858,-0.38715,-0.59976,0.53324,-0.23373,-0.51039,-1.0656
2.1795,-0.46845,1.0136,-0.35442,0.022077,1.2645,0.31632,-0.59606,1.1504,-0.47405,-0.48263,-0.93155
2.626,-0.036598,0.78248,-0.90866,-0.9129,0.84759,-0.18586,-0.95775,0.41826,-0.61945,-0.42684,-0.97783
1.2959,-1.0068,-0.35951,-1.6797,-1.1527,0.2572,-0.34265,0.2087,0.74126,-1.4674,-0.41471,-0.73967
1.6496,-1.2501,-0.46574,-1.8628,-1.2648,0.59553,-0.65054,-0.56096,1.1077,-0.95618,-0.61997,-0.48922
2.6268,-0.45286,0.23589,-0.98025,-0.7859,0.6154,-0.49232,-0.54534,0.59821,-0.60516,-0.60116,-0.93286
2.7398,-0.54645,-0.096234,-1.4402,-0.55551,0.18931,-0.49718,0.38881,1.014,-0.51598,-0.77593,-0.36294
2.4247,-0.80292,-0.33783,-1.4879,-0.33966,-0.12391,-1.0445,-0.81358,0.79714,-1.2514,-0.51163,-0.28166
1.5682,-0.41244,-0.58391,-1.7731,-0.25675,-0.024779,-0.34081,-0.36794,1.0219,-0.32418,-0.73701,-0.54235
0.76162,-0.60758,-0.58326,-1.6005,-0.16519,-0.83025,-0.80139,-1.0398,0.44009,-0.27365,-0.92964,-0.77609
0.61886,-0.24368,-0.76031,-1.8054,-0.51952,-0.533,-0.25931,-0.42702,0.83132,-0.13628,-1.8641,-1.7009
0.46925,0.7275,0.31967,-1.4576,-0.50907,-0.39732,-0.38159,-0.79096,0.10078,-0.12103,-1.6192,-1.33
0.68542,1.42,0.17985,-1.5875,-0.15765,-1.1498,-1.2014,-0.94524,0.2366,0.034984,-1.5118,-1.6629
0.32314,0.066791,-0.55714,-1.5398,-0.0040586,-0.50445,-0.43804,-0.19724,0.24259,-0.125,-1.384,-1.5409
0.57282,1.3276,-0.05443,-1.0614,-0.77212,-1.2088,-1.2543,-0.56573,0.015379,0.23834,-1.1232,-1.1644
1.3727,1.4352,-0.21872,-1.9413,0.19659,-0.078013,-0.68431,-0.52347,0.55978,-0.12485,-1.4054,-0.60439
1.1129,1.0569,-0.65148,-2.1287,0.31758,0.075439,0.2889,-0.18624,0.80278,0.0034025,-1.1368,-1.0364
1.2029,1.8636,-0.6447,-1.661,0.020055,-0.45781,-0.64211,-0.42463,-0.16514,-1.052,-1.3622,-1.3335
2.5499,2.7559,0.99236,-0.418,0.62189,-0.391,-0.52423,-1.1985,-0.14154,-1.0379,-1.6299,-1.4521
2.7467,2.8124,0.38635,-1.0136,-0.29589,-1.3027,-0.66103,-1.2826,-1.2771,-1.3465,-1.3925,-1.2098
3.8734,2.9968,1.2042,-0.499,0.44495,-0.43769,-0.88083,-1.2806,-1.1492,-1.1318,-0.82726,-1.2635
4.4932,3.3695,1.5952,0.7984,0.79836,-0.65632,-0.68565,-1.3885,-0.72733,-0.64955,-1.6717,-0.97997
5.2237,2.9233,2.0084,1.087,0.50066,0.068874,-0.047638,-1.3219,-0.68255,-0.33763,-1.1199,-1.4307
5.1633,3.2814,2.5203,1.4513,0.27558,-0.43234,-0.80485,-0.32437,0.026335,-0.4353,-1.2979,-1.8076
5.1369,3.3836,2.6251,1.8697,0.72121,-0.031035,-0.93971,-1.3122,-0.48088,-0.5771,-1.1248,-1.3136
6.3254,3.588,2.6807,1.4321,0.69702,-0.48992,-1.2923,-1.0429,-1.1168,-0.12727,-0.59463,-0.91835
6.7017,3.1577,2.64,1.1829,0.1883,-0.077064,-1.0287,-1.311,-0.95577,-0.22978,-0.52141,-0.59345
6.6539,2.5782,3.1367,1.1178,-0.040979,0.04156,-0.86915,-1.7682,-1.1363,0.12464,-0.43906,-0.74146
7.5766,3.1064,3.2382,0.84768,-0.55618,0.74103,-1.5274,-1.6217,-0.83808,0.3207,-0.50082,-0.83947
7.383,3.1773,3.552,1.3592,-0.33199,-0.23748,-1.883,-1.4524,-1.2682,0.029922,-0.093015,-0.58032
7.6113,3.0728,3.3781,1.6235,-0.64621,-0.20109,-0.85534,-1.4282,-1.2111,-0.97705,-0.21891,-0.65768
6.2786,3.2799,2.9411,1.0229,-0.43858,-0.084423,-1.0699,-1.4846,-1.3619,-0.26669,-0.040516,-0.17955
7.1939,1.8972,3.4817,1.6321,0.39391,0.28984,-1.9621,-1.2591,-1.2678,-0.024098,-0.46846,-0.82726
5.8529,1.2333,2.7454,1.1933,1.0837,-1.3779,-1.4538,-0.37317,-1.1617,0.041445,-0.8511,-1.068
6.2707,-1.2087,3.2825,0.25907,1.0075,-2.1526,-2.5861,-0.17716,-0.82984,1.1303,-0.56061,-0.97803
5.8855,-1.9405,1.9303,-0.21606,0.47293,-1.7924,-1.9337,-0.3573,-0.23414,0.71167,-0.47722,-0.73149
5.4156,-2.0396,1.0101,0.063161,-0.11744,-1.1812,-1.8273,0.035421,-0.0929,0.3574,-0.24483,-0.93988
6.0238,-2.328,1.5244,-0.33783,0.10067,-1.1076,-1.4,0.40227,0.54262,0.23086,-0.33391,-0.92517
5.9109,-2.8282,1.7076,-0.65954,-0.26155,-0.93029,-1.6645,0.10539,0.83035,0.019479,0.052125,-1.3062
6.4308,-3.6918,1.6438,-0.98166,-0.15582,-1.1864,-1.6076,0.16333,0.37096,0.20799,-0.17016,-1.5864
6.1719,-3.64,1.4719,-0.77953,-0.62431,-0.98484,-1.5638,0.026895,0.56982,0.092697,-0.0098049,-1.5633
5.5724,-3.5936,1.3973,-0.7563,-0.4909,-1.0675,-1.0395,0.088841,0.75875,0.41482,0.047713,-1.2138
5.1115,-3.1476,1.3987,-0.58125,-0.85779,-0.63037,-1.3989,0.37121,0.7599,0.89631,0.028033,-1.3981
6.4896,-3.7824,1.7198,-1.0287,-0.54197,-0.92343,-1.1854,-0.015314,0.42633,0.51668,0.033353,-1.6501
6.3521,-3.0242,0.87705,-0.48391,-0.57336,-1.1253,-0.94295,-0.27567,0.43007,0.57423,-0.060935,-1.4661
5.951,-1.7362,0.33853,-0.13309,-0.45352,-1.3645,-0.80207,-0.88384,0.66095,0.56807,-0.31776,-1.651
6.0401,-1.1335,0.50756,0.58061,-0.39413,-1.4953,-1.0389,-0.95594,0.87738,1.1607,-0.38554,-1.6975
5.9799,-1.0679,1.3158,0.83083,-0.5121,-1.0506,-1.3168,-0.9513,0.27828,0.84638,-0.04495,-1.1684
6.674,-0.32296,0.37559,1.0585,0.30375,-0.52481,-0.92688,-1.5649,-0.25647,0.41366,-0.20632,-1.088
4.0445,-0.083763,0.47403,0.9637,0.24948,-0.56809,0.6235,-0.46595,0.28997,0.32976,-0.78434,-0.8486
3.5593,0.2065,1.1955,0.75571,1.0539,-0.3613,0.060013,-0.81504,0.36359,0.76914,-0.23294,-1.5555
3.1413,0.29833,1.3773,1.2385,-0.058043,-1.8099,-0.78444,-1.0166,0.32664,0.25378,0.11818,-0.32912
2.3766,0.057988,0.73664,0.58768,0.0077157,-1.7275,-0.93279,-0.9886,0.41377,0.59984,-0.25167,-0.54879
2.8004,0.52008,0.72773,0.24691,0.36592,-1.0142,-1.0899,-1.2544,0.15971,-0.24729,-0.95001,-0.92705
1.4029,0.51292,0.42211,-0.21289,-0.4823,-1.9103,-1.0532,-1.4381,-0.29948,-0.36538,-0.56465,0.079513
1.2311,0.086671,0.44195,0.53896,0.66845,-0.50394,-0.59174,-0.85985,0.22154,0.25209,-0.9925,-0.21635
1.4803,-0.15458,0.46255,0.9,0.3177,-0.13456,-0.67345,-0.53144,0.0277,-0.41692,-0.90084,-0.51106
0.84903,-1.1345,0.22685,0.24179,-0.80133,-0.90798,-0.86062,-0.45895,0.17993,-0.38516,-0.69336,-0.23494
0.43525,-1.073,-0.29136,0.23999,-0.51375,-1.0034,-1.2853,-1.195,-0.39866,0.029413,-0.57897,-0.62167
1.371,-0.45759,-0.14858,1.2353,0.27034,-0.79383,-1.0025,-0.33432,0.61752,0.22342,-1.005,-0.422
2.4037,-0.46456,-0.42573,-0.03899,-0.52309,0.24598,0.075388,0.20619,0.52966,0.42551,-0.23679,-0.25918
2.2761,0.58328,-0.14886,1.1163,-0.19744,-0.80178,-0.54101,-0.18168,1.0234,0.067586,-0.59595,-0.16398
2.2373,1.069,0.27766,1.1668,-0.30712,0.25512,-0.35425,0.032637,1.2364,1.0303,-0.23919,-0.24306
2.7817,1.0724,0.081213,1.8254,-0.10861,-0.69707,-0.86611,-0.12511,0.38059,0.50084,-0.035493,-0.67258
0.61529,-0.01146,-0.85873,1.0363,-0.71288,-0.21044,-0.40275,0.031388,0.92,0.71742,-0.018,-0.61271
0.61668,0.038042,-1.1038,1.09,-0.10427,0.20873,-1.0272,-0.026339,0.45249,-0.023622,-1.2977,-1.0495
0.26743,1.1871,-0.39706,2.2256,0.59739,0.83591,-0.49199,-0.31926,0.066089,-0.30642,-1.0502,-1.2466
-1.0227,0.51528,-0.184,1.6563,-0.32548,-0.58475,-0.4195,-0.41441,0.14819,0.21968,-1.121,-1.5431
0.9215,1.1787,-0.28073,1.6025,-0.14074,-0.43721,-1.5458,-0.39546,-0.27955,0.26092,-0.51792,-0.62707
0.24755,0.82488,-0.23633,1.9633,0.41956,0.41492,-0.40594,0.87212,1.036,0.09655,-1.0505,-1.0226
0.29372,1.8709,-0.84089,1.4847,-0.32817,0.22941,-0.9448,-0.39351,0.30685,0.77889,-0.72098,-0.30801
-0.5403,1.8722,-0.2822,2.5868,0.54723,1.0883,0.41408,-0.4739,0.43649,0.87344,-0.74299,-0.89528
-0.1059,1.6795,-0.6402,1.8295,0.86584,0.97956,0.13569,0.29433,0.96251,1.1339,-0.77875,-0.24423
-0.41748,1.5157,-1.0067,1.2813,-0.12685,0.045242,-0.1204,0.13958,0.4931,0.72964,-0.6084,-0.34851
-0.40065,2.0468,-0.54761,1.9966,-0.057243,-0.36845,-0.42536,0.79452,1.1495,0.28121,-0.75698,-0.6507
-1.9017,1.1133,-0.77462,1.6816,0.05267,0.054935,-0.2781,0.29818,0.8784,-0.55415,-1.2025,-1.1249
-1.6525,1.1322,-1.0233,0.94943,-0.11798,-0.4551,-0.56957,-0.27645,1.0291,0.024321,-0.1174,0.41196
-1.7016,1.0405,-1.0237,0.66004,0.67229,-0.25303,-0.00069596,-0.36516,0.036902,-0.45616,-0.81372,-0.29256
-2.0303,0.59057,-0.53681,1.6382,0.80252,-1.2727,-0.33522,-0.48045,-0.11959,-0.41698,-0.84253,-0.99399
-0.71072,0.97704,-0.75172,1.2427,0.84748,-0.41461,0.10321,-0.30739,-0.347,-0.79957,-0.84154,-0.92391
1.6955,2.2262,-0.078933,1.1971,0.88748,-0.35282,-0.5496,-1.1184,-0.16163,-0.15881,-0.38149,-0.85006
0.98173,1.5834,-0.39855,0.51539,1.4284,-0.47652,0.10888,-0.16652,0.69443,-0.15131,-0.1458,-0.053196
1.1324,1.8281,0.71409,0.56343,0.88562,0.34256,0.31994,0.46406,0.89434,0.26391,0.31399,-0.0016026
4.0834,2.8991,1.2257,-0.25052,0.42203,-0.073526,0.38506,-0.04884,-0.26374,-0.55297,-0.59758,-0.19001
6.431,2.0564,-0.19326,-0.58478,-0.31347,-0.4061,-0.12261,-0.0009069,-0.22157,-0.48246,-0.072296,-0.022188
9.1337,3.1559,-0.36093,-0.19868,0.16808,-0.29495,-0.070217,-0.23309,0.068018,-0.43959,-0.043607,-0.17412
6.0473,3.0136,1.0865,0.53454,-0.082165,0.31941,0.44016,0.099753,0.62175,0.48014,-0.22527,-0.63878
7.1326,2.5647,0.56561,0.34309,0.42929,0.38,-0.09788,0.21114,0.59244,0.30007,-0.073236,-0.81035
4.1565,1.27,0.47333,-0.032928,-0.30568,-0.53022,-0.44391,0.33008,0.19703,-0.31942,-0.44947,-0.6199
4.8945,0.66499,0.12355,-0.28036,-0.36537,-0.059512,-0.071481,0.47432,0.29027,0.54142,0.50471,-0.45222
4.5347,1.1112,0.29408,-0.1179,-0.8158,-0.74052,-0.2519,0.42037,0.004881,-0.73991,0.081896,0.082155
4.6553,1.2317,0.94356,0.58084,-0.77656,-0.43597,-0.20131,1.5395,1.1285,0.56306,-0.31468,-0.54329
5.376,1.9666,1.2226,1.0965,-0.15818,-0.16163,-0.015609,1.2206,0.46584,0.1392,-0.0060086,-0.32924
5.625,1.9386,1.083,0.43241,0.46492,0.5121,-0.13926,1.2407,0.1115,-0.373,0.22397,-0.51955
4.3934,1.1006,0.36594,0.74895,-0.086469,-0.34253,-0.65557,0.80796,0.86616,0.39606,-0.049931,-0.88621
3.8599,0.8167,1.1839,0.11856,-0.74746,-0.28849,-0.97484,0.98544,1.2886,0.70874,-0.044532,-0.61453
3.7527,0.84168,0.3415,-0.6098,-0.48767,-0.33802,-0.30862,0.95307,0.76264,-0.098242,-0.12315,-0.51975
4.5474,0.90444,-1.0226,-0.70624,-0.63314,-0.17744,-0.14194,1.6329,0.41513,-0.32296,0.035117,-0.51582
2.1306,0.39393,-0.2563,-0.63016,-1.0018,-0.56828,-0.61102,0.97261,0.75292,0.24745,0.13747,-0.50452
3.0464,0.99665,-0.84749,-1.1606,-1.0283,-0.78635,-0.67114,0.69565,1.2054,0.35119,-0.20494,-0.75551
2.7918,-0.10679,-0.70295,-1.241,-0.86978,0.1542,0.27701,1.0515,0.39422,-0.85926,-0.8021,-1.0265
3.1305,-0.58965,-1.7535,-1.0369,-1.1908,0.18661,-0.60953,0.30651,0.88553,-0.34805,-0.73259,-1.3579
2.707,-0.54378,-1.7173,-1.4028,-1.1207,-0.026129,-0.34224,0.19882,0.46182,0.022388,-0.41923,-1.3427
2.2911,-0.25939,-1.6169,-1.5044,-1.5032,-0.80498,-0.25609,0.27138,1.4196,-0.51862,-0.81483,-1.4064
1.7446,-0.10005,-1.0207,-1.66,-2.3029,-0.76046,-1.2028,0.13097,1.7229,-0.041987,-0.32636,-0.72055
1.4404,-0.82959,-1.119,-1.3506,-1.7673,0.11442,-0.87046,0.058003,1.7107,-0.37914,-0.12396,-1.0374
1.7567,-1.2075,-0.63712,-0.13501,-0.85589,0.020367,-0.77022,0.014988,1.3021,-0.53411,-0.69771,-0.80937
0.74591,-1.3154,-0.9167,-0.64503,-0.33331,1.1802,-0.51111,-0.02111,1.7116,-0.29384,-0.14547,-1.1731
1.7912,-0.19203,-0.61062,0.81146,-0.1205,1.0883,-0.50871,-0.27263,0.52634,-0.73546,-0.115,-0.77915
1.3583,-0.24048,-0.44018,0.27503,-0.55607,0.39283,-0.2532,0.26425,0.87483,-0.46185,0.10144,-0.78083
1.1755,-0.7499,-0.60792,-0.10673,-1.1719,0.28127,-0.87857,-0.38002,0.97342,-0.13132,-0.12915,-1.2621
0.85598,-1.4905,-1.0957,-0.22103,-0.63027,0.29362,-0.33404,0.64323,1.3807,-0.20223,-0.37323,-1.2912
1.1542,-1.6673,-0.31132,0.24303,-1.4732,0.10376,-0.84393,-0.16661,1.873,-0.024122,-0.31273,-1.4493
0.93049,-1.4216,-0.45305,0.31567,-1.1156,0.34886,-0.98865,-0.5693,1.0431,-0.64586,-0.99018,-1.5229
1.0303,-1.6881,-0.61921,0.024717,-1.4195,0.36582,-0.55976,-0.28867,1.0216,-0.50479,-0.6981,-1.1161
0.10493,-3.8484,-0.83445,-0.41536,-0.51411,0.19024,-0.58559,-0.86491,0.32642,0.4374,-0.023647,-0.87176
-2.1124,-5.2163,1.1757,-0.35905,1.3365,0.58831,-0.41332,-0.67951,0.4692,0.67441,-0.12051,-0.52783
-1.7877,-3.1646,0.47484,-1.3749,1.5552,0.092869,-0.90833,-1.1166,0.38039,0.76209,-0.40824,-0.72749
-0.70437,-3.0299,-0.22419,-0.99116,1.4139,0.25072,-0.98856,-1.0446,-0.50265,0.22079,-0.27706,-0.30737
-0.71872,-1.4505,-0.70506,-1.888,1.0643,0.12651,0.039122,-0.78637,0.67462,0.95789,-0.44699,0.22622
0.5063,0.46103,-0.26747,-1.8906,0.80607,0.66456,-0.46613,-0.99123,0.79084,0.11943,-0.10004,0.60791
1.0936,0.94036,-0.31883,-1.7531,1.2075,0.83701,0.84592,-0.60945,0.97689,-0.036361,-1.052,0.46244
1.826,0.9237,-1.1376,-1.3178,0.52244,0.50944,0.39602,-1.5637,0.94074,-0.11982,-0.45508,0.6875
0.80756,-0.52175,-1.1986,-1.6778,-0.38895,-0.31863,0.49729,-1.5031,0.98682,0.10607,0.055238,0.24383
0.27696,0.17594,-1.2083,-1.0813,-0.87221,-1.1429,-0.16949,-1.856,1.3036,-0.13706,-0.10162,-0.12259
0.5296,0.70239,-0.74136,-1.2563,-1.5027,-1.1304,0.50424,-1.6485,1.5121,0.5974,0.48677,0.17533
1.3886,0.18981,-0.094743,-0.61658,-1.0109,-0.67483,0.4174,-1.9504,1.204,-0.028361,0.30079,-0.37935
-1.4098,0.76346,0.62521,0.17703,-0.078921,-0.97312,1.1002,-1.4169,1.1029,0.39014,0.71621,-0.27865
0.93337,0.36069,0.072062,0.93938,-0.58768,-0.13915,1.0678,-1.8407,1.608,0.1335,-0.15773,-1.1117
1.4645,0.35066,0.79087,0.012371,-1.2904,-0.95997,-0.2933,-3.0109,1.0965,0.69654,0.39577,-0.36978
2.9807,0.55827,1.0364,-0.53792,-2.0109,-1.5417,-0.72711,-1.7344,0.70222,0.65594,-0.057961,-0.10802
5.1921,1.5233,1.0389,-0.55006,-2.6127,-1.2992,0.043393,-1.2805,0.67781,-0.029201,-0.0012422,-0.64943
6.5731,1.0523,0.56238,-1.6879,-2.003,-0.94991,-0.19256,-0.8997,0.38762,-0.18713,0.038106,-0.74034
6.677,0.77042,0.06866,-2.2475,-1.7572,-0.049002,-0.21903,-0.50035,0.27072,-0.23176,-0.74314,-0.27007
7.2905,0.31287,0.070492,-2.7007,-1.5878,0.2694,0.14519,-0.57752,0.89545,-0.09516,-0.63984,0.25119
7.1665,1.4557,-0.36488,-3.0458,-1.9802,0.5685,0.30018,-0.28812,0.27373,-0.40939,-0.73847,0.42637
8.1503,0.36404,-0.94761,-4.1203,-1.1975,0.87566,0.26074,-0.56017,0.94509,-0.22877,-1.2124,-0.26339
6.8112,0.72665,-1.1213,-4.1804,-0.86391,0.80197,0.73421,-0.5905,0.57913,-0.23862,-1.1786,0.36688
6.1856,0.78788,-1.5088,-3.469,-0.97387,1.6957,1.2512,0.18836,0.46386,-0.6175,-0.80698,0.43039
7.9473,0.45227,-1.8193,-4.2513,-0.44952,2.3223,0.67585,-0.94,-0.47225,-0.57535,-0.84908,-0.3414
5.9708,0.44219,-1.6851,-4.2362,-0.26101,2.2166,1.0186,-0.44728,-0.49979,-0.84875,-0.34094,0.14702
5.0391,-0.10966,-1.7784,-3.391,0.56396,2.2491,1.0015,-0.39718,-0.074826,-0.54445,-0.28064,0.2197
5.9335,-0.38654,-0.48205,-3.4507,1.1642,3.1642,0.61657,-1.2345,-0.30144,-0.66917,-0.76547,0.51055
3.6722,-0.15436,-0.63888,-2.642,0.75664,2.0307,0.83484,-0.86615,-0.25567,0.13965,-0.78004,0.54727
5.0088,-0.0055803,-0.5952,-2.3769,0.73514,1.7743,0.56872,-1.1588,0.25477,-0.3727,-0.79175,0.52449
3.746,-0.69131,-1.0559,-3.2855,0.56383,1.5859,0.49483,-1.1765,-0.046527,-0.82869,-0.08304,0.56765
2.6522,-1.0596,-0.36173,-2.5636,1.3734,2.8014,1.1405,-1.2123,0.19854,-0.38249,0.40062,0.56088
2.4342,0.40614,0.019218,-3.1107,1.0816,1.7163,-0.22633,-1.4982,0.43405,-1.0784,-0.014576,0.039012
1.683,0.25557,-0.70292,-3.1156,1.0894,1.7926,0.15581,-2.0219,0.34064,-0.34788,0.30254,0.033562
0.40514,-1.7122,-1.9366,-3.6773,0.60488,1.3815,-0.54046,-2.3711,0.10697,-0.41788,0.057133,-0.42721
1.1885,-0.49398,-1.8064,-3.0416,0.73127,1.637,-0.36733,-1.6655,0.50047,-0.87751,-0.51165,-0.34461
2.1633,0.050773,-1.0274,-2.2731,0.39169,1.6586,0.16175,-1.3566,0.51812,-0.27104,0.57577,-0.55011
0.67191,-0.77392,-2.1917,-2.5157,1.5131,1.4485,0.50168,-0.36396,-0.12571,-0.19978,0.3951,-0.61613
1.2413,-0.19499,-0.75852,-2.0992,1.0624,0.72839,0.10258,-0.82102,0.15749,0.084753,0.92982,-0.16832
0.90775,-0.5815,-1.139,-2.1453,0.72928,1.4033,-0.36099,-0.59579,0.35163,-0.59985,1.1057,-0.62781
2.5194,-0.1821,-1.535,-2.8398,1.1755,2.0208,-0.45605,-1.1244,-0.12127,-0.44844,0.51518,-0.54095
2.2417,-0.34526,-2.4601,-2.8166,0.088826,1.1446,-0.28322,-1.2274,-0.47861,-0.60847,0.65105,-1.27
1.6817,0.23059,-1.531,-3.1353,0.22945,1.5902,0.68375,0.49606,-0.50453,-0.58192,0.23661,-0.097216
3.4339,-0.81831,-2.1722,-2.3498,0.89327,1.6939,0.35753,-0.32152,-0.7053,-0.74279,-0.45648,-0.84272
3.3172,0.0084653,-1.9565,-2.082,0.34937,1.3088,0.80477,0.067383,0.26482,-1.0447,-0.23822,-0.81372
3.0228,-0.86458,-2.5253,-2.2109,0.32445,1.4738,1.3957,0.007556,-0.35491,0.017122,-0.57096,-0.26739
2.9416,-1.3296,-2.867,-2.2854,0.35541,2.038,1.7064,-0.30034,-0.65343,-0.69589,-0.62079,-1.2845
3.144,-9.1319e-05,-2.378,-1.7367,1.153,1.5033,0.91207,-0.31986,0.17625,-0.76744,-0.084396,-0.14928
2.6823,-0.6206,-3.2451,-2.8402,-0.29222,1.0353,1.1839,-0.032611,0.098076,-0.87817,-0.93263,0.076772
3.4173,0.15391,-1.9259,-1.7257,0.26213,0.90857,1.0198,0.0096105,-0.26535,-0.65488,-0.45787,0.0059737
2.5317,-0.88532,-1.8676,-2.3542,-0.31443,1.4211,0.46284,-0.4714,0.47088,-0.67311,-0.13095,-0.53765
1.51,-1.0255,-2.0384,-1.7753,-0.66884,-0.081497,0.020674,-0.31767,0.40609,-0.25415,-0.60509,-0.28909
0.81776,-0.87762,-1.3358,-1.3322,-0.89478,0.2744,0.40218,-0.70022,0.44937,-0.27046,-0.36121,-1.3777
1.657,-0.13101,-0.56656,-1.3048,-0.6049,0.8079,0.049164,-1.0446,-0.21312,-0.99019,-0.93816,0.18356
1.5576,-1.1965,-0.69284,-0.78645,-0.27128,-0.24029,-0.15766,-0.064454,0.76952,-1.1075,-0.90124,0.20506
1.4053,-1.6244,-0.63224,-0.77808,0.013436,0.085751,0.47115,-0.23382,0.24866,-0.96084,-0.92534,-0.058419
-0.19251,-2.402,0.1919,-0.58964,-0.68372,-0.1925,0.56883,0.3169,-0.19241,-1.0559,0.2158,-0.50646
0.051882,-1.9194,0.99814,-0.096215,-1.1303,-1.1674,0.14253,0.079166,-0.13607,-1.0042,0.03769,-0.15166
-1.6535,-3.341,0.12675,-0.8427,-0.45743,-0.6101,0.47996,0.23586,-0.74939,-1.2108,-0.28545,-0.33394
