1.5563,0.057783,-0.99083,-1.2257,-0.27228,-0.0054985,0.11503,-0.85722,0.53124,-0.94664,-0.98688,-0.14232
0.83427,-0.20335,-0.94613,-1.1223,-0.43199,-0.0047689,0.41496,-0.24347,0.82207,-0.63979,-0.52498,-0.50125
0.81488,0.23077,-1.0842,-1.5859,-0.81228,0.24121,-0.33715,-0.6509,0.44648,-0.40742,-0.50424,-0.48549
0.60549,-0.76649,-1.3556,-1.5551,-0.66447,-0.58905,0.24536,0.21286,0.52484,0.1618,-0.16078,-0.3702
1.6915,0.71974,-1.8445,-0.95904,-0.48647,-1.0745,-0.24825,-0.62037,0.35641,-0.45055,-0.3897,-0.68753
0.098874,1.0906,-1.8498,-1.3284,-0.082446,-1.4506,0.058869,-1.2371,0.74231,-0.40258,-0.51986,-0.7467
-3.1332,2.4301,-2.0846,-1.4278,-0.20452,-1.9013,0.60179,-0.559,0.67538,0.91197,0.25814,-0.74254
-4.9923,2.7039,-2.3208,-1.8261,0.6705,-2.3207,0.4756,-0.51074,1.3588,0.38361,-0.069666,-0.86856
-6.0418,5.1819,-1.3943,-1.7013,1.1219,-1.8254,1.7239,0.17701,0.70028,-0.47032,-0.10455,-0.13626
-7.4456,4.8143,-1.4401,-1.2129,1.35,-1.4004,1.3156,-0.23853,1.0797,0.096182,-0.011353,-0.85442
-9.3323,4.6235,-2.3273,-1.2508,1.2364,-1.8282,0.44042,-0.34322,0.18575,0.10771,-0.11346,-1.6068
-8.8715,6.0321,-3.0522,-1.3931,0.96956,-1.3972,0.95051,-0.60907,0.14806,-1.0186,-0.78875,-1.0074
-9.667,4.5038,-3.1232,-0.39816,1.4185,-2.0117,0.58121,-0.91312,0.3102,-0.15209,0.02038,-0.66123
-10.069,5.4773,-1.6307,0.18775,2.3405,-1.0752,1.1254,-0.045491,0.26461,-0.59395,0.33739,-0.51554
-9.4271,4.3092,-1.7764,-0.25452,1.3551,-1.7678,0.27475,-0.203,-0.49267,-0.49674,0.75112,-0.8212
-10.136,4.1644,-2.1814,-0.22401,1.033,-2.3916,-0.14156,-0.54479,0.17062,-0.74637,0.12645,-0.51814
-10.148,3.738,-1.8876,0.035936,0.81974,-2.05,-0.004209,-0.52829,0.083425,-0.59161,0.96751,0.23695
-10.607,3.7524,-2.3701,0.11341,0.91674,-1.56,0.16967,-0.74486,0.52575,-1.1629,0.81955,0.33163
-10.501,3.1602,-2.8695,-0.16843,0.97293,-1.4592,-0.44259,-1.1252,-0.95099,-1.0328,0.33939,0.056857
-10.402,4.8511,-2.1986,-0.095919,1.8421,-1.0531,0.42228,-0.22964,-0.44656,-1.5519,0.14424,-0.12685
-10.874,4.9128,-1.5736,-0.36613,0.73135,-1.4369,0.74347,0.089401,0.10297,-1.581,-0.29,0.4514
-11.101,3.9854,-1.6116,-0.40425,0.75571,-1.0092,0.53398,-0.66785,0.25152,-1.2668,0.63645,0.44313
-10.859,4.2546,-1.129,0.11845,0.7473,-1.4206,-0.0216,-0.82747,0.080471,-1.3937,0.39417,0.08804
-11.133,3.586,-1.5408,0.58882,2.1143,-1.2453,-0.49741,-0.84842,0.17386,-1.5494,0.458,0.2233
-11.233,2.4942,-1.7388,0.83276,1.5719,-0.17456,0.5612,0.083519,0.035935,-1.2488,0.65317,0.014283
-11.549,2.0232,-2.008,-0.35813,0.67669,-0.28623,0.53981,-0.44448,-0.14424,-0.79208,0.30016,-0.17492
-10.617,2.1483,-1.4364,1.0924,1.1404,-0.65962,-0.12668,-0.34837,-0.038345,-1.3261,0.17682,-0.018721
-10.233,3.1643,-1.1664,0.47235,1.7422,-0.50341,0.11589,-1.0886,-0.32074,-1.1655,0.14435,-0.16403
-10.352,2.5034,-1.2385,0.39768,0.90279,-1.4078,0.20699,-1.3892,-0.32154,-1.2025,-0.47707,-0.14374
-9.0382,3.3555,-0.59988,0.22128,0.1936,-0.78643,0.8677,-0.3774,-0.18672,-1.3083,0.12773,-0.13903
-8.9622,4.0837,-1.0134,0.10857,0.49045,-1.7074,0.95252,0.26819,-0.20824,-1.5266,0.75576,-0.07548
-8.3179,4.2367,-1.3778,0.2164,0.77024,-0.65952,0.65783,-0.70994,0.096673,-1.4654,0.20885,-0.1899
-7.6182,3.8965,-0.3705,0.22484,0.33267,-1.2402,1.0848,-0.46098,0.50342,-0.97596,1.1579,0.83852
-5.7844,4.9105,-1.1185,0.43283,0.54779,-1.8968,0.92609,0.02056,0.8658,-0.69845,0.61544,-0.15646
-2.1057,4.2302,-1.2181,0.48096,-0.037867,-2.4112,0.46917,-0.66569,0.60443,-0.81555,0.42353,-0.61287
-0.84334,3.4371,-0.75615,0.13645,-0.41846,-2.3673,0.25805,-0.74312,1.2519,-0.63204,-0.10929,0.032093
-0.8714,3.3906,-0.96767,0.10678,-0.84349,-2.7382,0.1048,-0.39996,1.5182,-0.67456,-0.069721,-0.34813
-0.19734,3.1992,-1.488,0.088947,-0.47522,-2.5532,0.71405,-0.041707,1.011,-0.6631,0.38478,-0.38231
-0.25508,2.6951,-1.6566,0.54428,-0.77121,-2.2208,0.55278,-0.78631,0.83636,-0.93791,0.29587,-0.48808
-0.17112,2.4795,-2.0182,0.45404,-0.37647,-2.6551,0.32109,-0.70262,1.0052,-0.79263,0.26632,-0.48006
-0.17193,2.5705,-2.182,0.25586,0.015256,-2.5945,0.44114,-1.0998,1.3098,-0.66436,-0.054424,-0.82625
-0.41523,3.021,-2.5404,0.12626,0.64302,-2.0157,0.8707,-0.45968,1.5144,-0.53615,-0.0028809,-0.6014
-0.54358,3.1529,-2.1417,-0.38626,-0.11627,-1.8015,0.29388,-0.58437,1.1507,-0.65819,0.30963,-0.71306
-0.52964,3.3968,-2.3375,-0.41858,-0.15238,-2.0617,0.67441,-0.90984,1.1212,-0.79525,0.83207,-0.78039
-0.79122,3.5315,-2.3679,-0.58991,-0.25431,-2.4646,0.41433,-0.67311,0.69839,-0.69368,0.60348,-0.73374
-0.095247,3.7378,-1.8098,-0.41889,-0.0085976,-2.2578,0.31827,-0.61519,0.6954,-0.62579,0.53168,-0.89374
-0.10603,3.939,-1.4301,-0.16474,0.16856,-1.1051,1.0117,-0.63221,0.91304,-0.57557,0.79963,-1.2238
-2.1345,4.2687,-1.7709,-0.79242,0.84128,-1.5729,0.82005,0.057397,0.93444,-1.0402,0.67574,-0.79473
-1.8133,4.298,-1.5722,-0.06987,0.28937,-1.7317,0.29107,-1.4002,0.5806,-1.2856,-0.11386,-1.2404
-1.9482,5.0116,-2.1931,-0.64378,0.66376,-2.026,0.71107,-0.61389,1.297,-0.85219,-0.0022521,-1.0118
-2.5537,4.2342,-1.4239,-0.96872,0.38677,-2.2485,0.29461,-0.61848,0.73239,-0.87431,0.30412,-1.4001
-2.8365,4.5392,-2.9769,-1.8798,0.35163,-1.2618,0.96246,0.10669,1.6256,-0.52987,0.23217,-1.4941
-2.0152,4.1973,-2.6967,-1.6978,0.046477,-1.8258,0.38655,-0.41987,1.2917,-1.3812,-0.21441,-1.5648
-1.8891,5.5143,-2.2286,-1.3836,0.48063,-2.4749,-0.50327,-1.2691,0.47886,-1.7899,-0.22516,-1.3226
-0.99004,5.0734,-1.9754,-1.7123,-0.21264,-1.7633,0.56213,-0.47539,1.0734,-1.0018,-0.3669,-1.9821
-1.4134,3.9625,-2.5127,-1.2495,-0.026067,-2.1855,0.74037,-0.37065,0.69046,-1.6588,-0.47897,-0.92616
-0.81674,4.565,-2.3739,-2.169,-0.47864,-1.8393,0.6057,-0.075736,1.2577,-1.2799,0.85256,-1.206
-1.235,3.3377,-2.3264,-0.76605,0.40146,-2.5801,0.1622,0.25412,0.8117,-2.335,-0.53027,-1.2451
-0.7033,3.0299,-2.9506,-0.97522,-0.072097,-2.809,0.36813,0.034104,1.2302,-1.5008,0.46091,-0.71979
-0.44317,3.2424,-2.4442,-0.72794,-0.42157,-2.1367,0.44408,-0.085528,0.7744,-1.3323,-0.15518,-1.1585
0.027584,3.109,-2.3865,-1.4912,-1.2572,-2.8988,-0.0079356,-0.79618,0.73462,-0.82953,0.70199,-0.87511
0.14166,2.7408,-2.4917,-0.90699,-0.6946,-2.7367,-0.5782,-1.0765,1.1222,-1.4308,-0.37048,-1.6386
0.54363,1.7923,-2.834,-0.45665,-0.38966,-2.9653,-0.40076,-0.90882,1.2252,-1.497,-0.43586,-1.4645
0.69558,1.7293,-2.2945,-0.79792,-0.98165,-2.397,0.045302,-0.56094,0.95751,-1.4585,0.16834,-0.72158
0.50452,2.3903,-2.3146,-0.097913,0.78448,-1.9224,0.3238,-1.0463,0.86183,-1.7718,-0.55493,-1.451
0.048702,2.2176,-1.7115,-0.3116,0.21978,-2.2992,0.090857,-1.0224,0.71286,-1.2864,0.14945,-1.5639
2.6336,2.4434,-1.5882,-1.0837,1.0463,-0.67248,0.35837,-1.2134,1.4281,-0.25414,-0.042723,-0.78724
4.6221,0.097639,-1.7539,-1.0244,0.36938,-0.8181,-0.94233,-0.18493,-0.13208,-0.93876,-0.3665,-0.9615
4.6578,-0.41498,-1.7182,-1.1874,0.33033,-0.16813,-0.75691,0.14425,0.022488,-0.77902,-0.53634,-0.61311
5.0115,0.78496,-0.535,-1.3887,-0.57022,-0.12311,-0.22151,-0.25892,0.10194,-0.95348,-0.81637,-1.2113
4.6964,1.585,-0.70796,-1.8395,-0.32195,0.29004,-0.095084,0.75347,0.39336,-0.60854,-0.21065,-0.52156
4.0562,-0.13465,-0.8781,-1.4535,-0.096625,-0.039568,0.025198,0.58293,-0.14339,-0.27302,-0.54355,-0.28403
4.1576,1.0703,-0.57828,-1.3783,0.0033049,0.18836,-0.642,0.012411,-0.17582,-0.47962,-0.55752,-0.5606
3.0351,2.085,-1.5113,-1.1509,-0.1134,-0.88744,0.46598,0.42503,0.66665,-0.50369,-0.61325,-1.7596
0.38199,2.6278,-1.7922,-0.49896,0.20931,-0.82451,-0.1268,-0.70498,0.5509,-1.2755,-0.46201,-0.85702
0.012082,3.477,-2.2108,-1.2303,-0.23452,-1.4577,0.33862,-0.36163,0.51506,-0.97455,-0.60411,-0.93953
-1.7988,3.4901,-1.56,-0.50632,0.1741,-1.7,0.39951,-0.4861,0.019804,-0.51823,0.026605,-1.8905
-1.3658,3.5192,-1.0547,-0.43113,-0.32503,-0.90603,0.78323,-0.34269,0.77412,-0.49376,0.12884,-1.2064
-1.5125,2.6848,-1.9407,-1.7879,-0.39948,-1.6299,0.88365,0.088478,0.63985,-0.58712,-0.21474,-0.35164
-0.59422,2.121,-1.0662,-1.55,-0.072363,-1.7429,-0.029181,-0.53142,-0.042535,-0.61054,-0.21199,-0.86719
-0.52216,1.8361,-0.9454,-1.7648,-0.79783,-1.483,-0.3531,-0.74017,0.12251,-0.58644,-0.27412,-0.77616
-0.26684,0.18879,-1.6296,-1.9761,-0.66911,-0.91879,-0.21522,-0.80531,0.39388,-0.83665,-0.37217,-0.29638
0.73198,1.0898,0.060443,-0.54695,0.0020329,-0.80439,-0.18249,-0.71611,0.34433,-0.80177,0.024118,-1.0958
1.7031,0.83178,-0.87626,-1.6674,-0.81438,-0.20805,-0.31611,-0.58691,0.36994,-0.56128,-0.25781,-1.0826
1.0763,0.32328,-0.41509,-1.4541,-0.63532,-0.33754,-0.48828,0.0042103,0.67624,-1.307,-0.88283,-0.99862
0.45226,-0.011691,0.082794,-1.6136,-0.89332,0.057951,-0.62306,-0.35919,0.36523,-0.1812,-0.016778,-0.79319
0.39542,0.01525,-0.023777,-1.0426,-0.48817,0.24189,-0.35806,0.42299,0.77098,-0.92854,-0.72285,-1.1654
-0.077368,-0.11189,0.45064,-1.8824,-1.4421,0.044977,-0.24811,-0.50091,0.16765,-0.56417,-0.42399,0.032279
0.15428,-0.90661,1.3119,-1.7891,-2.3132,-0.12047,0.062392,0.034153,0.17292,-0.57826,0.21082,0.062637
0.013154,-1.0735,0.88338,-1.1536,-0.64596,1.4689,-0.61,-0.51727,-0.26767,-1.3963,-0.65578,-0.44258
-0.29811,-1.8432,0.95174,-1.4138,-1.0276,0.23028,-0.43085,-0.07454,0.52076,0.034176,-0.0068315,0.026277
-0.17891,-0.39294,1.7621,-1.314,-1.5907,-0.096104,-0.96011,-0.14461,0.12569,-0.25525,-0.54688,-0.056912
0.1179,0.069407,1.9535,-0.92885,-0.98134,0.89296,-0.38954,-0.4521,0.18231,-0.71739,-0.34917,-0.054639
0.32337,-0.67164,1.5132,-0.96141,-0.57331,0.059603,-0.80397,-0.52863,-0.29243,-0.47277,-0.30677,-0.71815
-0.82051,-0.45069,1.0308,-1.4265,-0.33207,-0.35713,-0.60972,-1.2645,0.30955,-0.96797,-0.65981,-0.18027
-2.3138,-0.20276,1.5679,-0.80406,0.3243,-0.12382,0.067441,-1.5996,1.0142,-0.57277,-0.62407,-0.60906
-1.7142,-0.082519,0.95809,-0.45337,0.29295,-0.15748,-0.064555,-1.2259,1.248,-0.8753,-0.20815,-0.35947
-3.989,1.6822,0.74142,-0.79839,0.63353,-0.93757,1.2296,-0.57426,1.2564,-0.91971,-0.31711,-0.30264
-6.3027,2.9356,-0.74777,-0.29568,0.90008,-1.2194,0.81711,-1.4784,0.27843,0.014952,-0.24736,0.078975
-8.0225,3.2913,-0.3921,-0.39244,0.86063,-1.134,1.2672,-1.4492,0.50058,-1.105,-1.1527,0.062546
-8.2213,4.3096,-0.82973,0.18593,0.49648,-2.2147,0.64501,-1.5458,0.056002,-0.88196,-0.4709,-0.75343
-8.8124,4.0118,-1.5758,-0.14362,1.1741,-1.5569,0.42332,-1.0509,-0.10141,-0.25108,-0.082533,-0.85647
-8.3316,4.0365,-0.96742,-0.8119,0.39679,-1.4778,0.39654,-0.94665,0.18513,0.1213,0.21137,-0.3946
-8.5862,3.9707,-1.5856,-0.3378,0.075748,-1.7179,0.88691,-1.3949,0.49279,-0.44045,-0.10023,-0.22125
-8.7573,3.9588,-0.8602,-0.58489,0.73024,-1.7686,0.37153,-1.4828,0.12767,-0.63354,0.13281,-0.41323
-8.8867,3.2392,-1.1642,-0.67161,0.75288,-1.7206,0.59052,-1.1589,0.5522,-0.077657,-0.45287,-0.89295
-9.0163,4.1631,-1.3388,-1.1743,-0.038472,-2.4474,0.069204,-1.7318,-0.16915,-0.16293,-0.35114,-0.95917
-8.9332,3.8921,-1.8048,-1.2663,0.4276,-1.939,0.70252,-1.3619,0.15974,-0.76413,0.083857,-0.072462
-8.9668,4.2628,-1.2496,-0.259,1.0121,-1.565,-0.061404,-1.5513,-0.19108,-0.28748,0.21496,-0.17485
-8.3467,4.6223,-0.84285,0.25639,0.83598,-1.3589,0.037952,-1.4634,-0.67645,-0.98925,0.15261,-0.23151
-8.4434,4.4923,-0.90188,-0.73527,-0.91307,-2.2673,0.18719,-1.1094,-0.19979,-0.95625,-0.2802,-0.33037
-8.2551,5.2303,-1.0545,0.28362,0.27629,-1.2247,0.095448,-1.6561,0.54174,0.14668,-0.60244,-0.61127
-6.7339,5.5897,-1.2264,-1.2246,1.0691,-1.2674,0.50503,-1.0227,0.45832,0.067556,-0.36904,-0.97064
-6.4806,4.7988,-1.2007,-0.8513,0.4617,-1.5469,-0.38242,-1.4266,0.10848,-0.8477,-1.0958,-1.4265
-5.5228,6.5074,-0.88143,-1.2178,0.26315,-0.99787,1.5915,-0.79616,0.39606,-0.72611,-0.66033,-0.65725
-5.2608,6.6391,-2.259,-0.81664,0.69379,-0.96258,1.0423,-0.91236,0.46344,-0.85646,-0.92029,-0.79861
-4.0026,5.5624,-2.5578,-1.0753,0.5082,-0.5171,0.93905,-1.2531,0.66963,-0.071278,-1.0502,-1.8278
-3.8445,4.6442,-3.1788,-0.9085,1.168,-0.55167,1.2403,-0.61963,1.5799,0.084279,-0.76457,-1.7794
-3.6354,3.5331,-3.1823,-1.0569,1.3296,-0.45658,0.47503,-0.27542,1.0464,-0.2532,-0.71652,-2.698
-2.105,3.1443,-2.5393,-1.4003,1.7455,-0.80504,0.90229,-0.37174,1.1808,0.25326,-0.60436,-2.6505
-0.30696,2.9867,-2.4601,-1.4142,1.8999,-0.25332,0.8104,-0.3432,1.3777,0.10655,-0.66058,-2.082
2.4548,1.4105,-1.8753,-2.2435,1.3972,0.37427,-0.77582,-0.54801,0.47492,0.49893,0.3013,-2.2788
4.1396,0.7728,-2.3565,-1.44,1.4622,0.28328,-1.0032,-0.63039,0.28113,0.64369,0.064616,-1.9694
5.5341,0.80819,-2.4056,-2.1678,1.687,0.33039,-0.75358,-0.64063,0.13516,0.21193,-0.041573,-1.8189
4.9571,0.52108,-2.6201,-2.1119,1.8322,0.36258,-0.80738,-0.30707,-0.36608,0.60741,-0.1618,-1.8982
5.5703,0.10428,-2.7876,-2.0438,2.239,0.10182,-1.2876,-0.27658,-0.48547,0.52902,-0.34375,-1.6743
5.3566,0.13314,-2.9481,-1.4036,1.9364,0.59748,-0.91313,-0.80755,-0.015424,0.44533,-0.27442,-1.7032
5.2845,-0.11581,-2.6061,-1.4285,2.5011,0.27773,-0.80141,-0.88247,0.12996,0.41791,-0.65515,-1.878
5.3792,-0.52509,-2.543,-1.5053,2.3924,0.77619,-0.86736,-0.70921,0.12111,0.072096,-0.52641,-1.806
5.8794,-0.91837,-2.3068,-1.6795,2.01,0.54375,-1.0642,-0.56478,-0.24805,0.28243,-0.37403,-1.6328
5.9961,-0.35212,-2.7928,-1.3808,2.2146,-0.16988,-1.3529,-0.34917,-0.093962,0.17082,-0.052075,-1.7482
5.8865,-0.66679,-2.7258,-1.2616,1.9958,-0.057375,-1.1211,-0.44248,0.39033,-0.089149,0.11836,-1.4783
4.8201,-0.74396,-2.7687,-0.90431,1.9769,-0.25103,-1.1107,-0.78988,0.34848,0.23377,-0.50939,-1.2254
4.4016,-0.32613,-2.9256,-0.70235,2.1341,0.0018745,-0.40261,-0.79937,0.72348,0.23098,-0.39853,-1.8357
4.6968,-0.67595,-3.0888,-0.70792,1.6325,0.10493,-0.62275,-1.0176,0.67091,0.18576,-0.26177,-2.048
4.7566,-0.89057,-3.2159,-0.91412,1.6014,0.33764,-0.75106,-0.88022,0.62399,0.040509,-0.68532,-1.9646
4.9089,-1.5893,-2.6174,-1.2983,1.5264,0.23871,-0.61813,-0.86861,0.43538,-0.25323,-0.54389,-2.0106
3.8467,-1.2787,-2.6159,-0.93269,1.9395,-0.39451,-0.31794,-1.4371,0.36552,0.0084715,-0.91238,-1.9501
4.5047,-2.0063,-2.2919,-0.71998,1.1838,-0.042404,-0.92796,-1.4976,0.74846,-0.54137,-0.70994,-1.9067
4.6721,-1.8071,-1.5293,-0.84775,1.088,-0.17231,-0.95477,-0.89601,0.69405,-0.55879,-1.3082,-2.3253
4.4915,-2.2757,-1.1902,-0.59119,0.90415,-0.25903,-0.8327,-1.0754,0.93256,-0.35008,-1.244,-2.4899
4.4477,-2.6804,-0.94012,-0.76845,0.51133,-0.10707,-0.77747,-0.48403,0.29501,-0.26692,-1.3103,-2.0851
4.3296,-3.1178,-0.1193,-0.3668,0.15136,-0.097242,-0.61685,-0.67422,-0.078222,-0.48122,-0.90671,-2.0345
3.9039,-3.5644,0.69057,-0.12656,-0.04113,-0.37298,-0.34757,-0.46771,-0.0040854,-0.61219,-0.50866,-1.7709
4.0427,-4.126,0.88123,-0.64685,-0.42635,-0.44547,-0.36151,0.024974,-0.092369,-0.41968,-0.34336,-2.1378
3.0233,-3.7448,1.3107,0.1912,-0.54884,-0.54535,-0.058758,0.024121,0.0051806,-0.72662,0.042657,-2.2104
2.7856,-3.9126,1.6074,0.39745,-0.36264,-0.72803,-0.34142,-0.54738,0.015709,-0.49142,-0.17939,-2.4568
2.3711,-3.4464,1.5897,1.1561,-0.61117,-0.3984,-0.3365,-0.38806,-0.3668,-0.24581,0.012138,-2.3612
3.6766,-2.8196,1.3062,1.1111,-0.23697,-0.72057,-0.263,-0.89096,-0.33245,-0.16026,-0.14644,-2.4999
3.4934,-2.466,0.90082,1.3757,-0.3944,-0.22665,-0.37446,-1.0994,-0.81474,-0.62511,0.13618,-1.9072
4.4629,-2.2831,0.78689,1.2548,-1.3373,-0.62238,-0.63029,-1.4725,0.38452,-0.32837,0.39837,-1.714
4.8932,-2.0178,1.0546,1.2507,-0.31264,-0.72953,-1.4364,-1.7402,-0.31439,-0.043786,0.64756,-1.8166
5.5922,-1.5367,0.72714,0.35315,-0.58113,-0.06521,-1.0505,-1.2872,-0.63554,-0.09754,-0.058185,-2.1634
5.6127,-1.7703,1.1444,0.14775,-0.064274,0.65319,-1.1038,-1.4439,0.064132,-0.22127,-0.54858,-2.3985
3.8675,-2.5102,0.70977,0.62357,-0.22812,0.63131,-0.34119,-1.1992,-0.10398,0.15976,-0.4368,-2.1947
4.6239,-2.6261,0.60332,0.16562,0.11145,0.67281,-0.75113,-0.74211,0.75184,0.79476,-0.3645,-2.5396
4.678,-2.4683,1.4809,0.37011,0.13161,0.31668,-0.96516,-0.88897,-0.12523,0.036484,0.062967,-2.5211
4.328,-3.048,0.94272,-0.78974,-0.667,0.64968,-0.93481,-1.1556,0.57534,0.41626,-0.41293,-2.6871
3.4352,-2.9649,2.0919,-0.89126,-0.9146,0.69658,-0.75095,-1.3714,0.2752,-0.085487,-0.42361,-2.7192
1.8498,-3.7501,1.9437,-2.3831,-0.87255,0.1329,-1.1506,-1.4086,0.6852,0.14079,-0.65363,-1.9937
-1.8072,-1.6299,3.2297,-2.4832,-0.328,-0.34949,0.029178,-0.87222,0.48107,-0.26311,-0.12703,-1.8566
-0.77168,-1.6526,3.4789,-1.7361,0.54875,-0.32258,-0.71439,-1.0813,0.57676,0.28076,-0.48279,-1.7291
-0.10211,-1.7765,3.1639,-1.1858,0.52613,0.21734,-0.64447,-1.2253,0.34547,0.23288,-0.74631,-1.4763
-0.22654,-1.7576,2.4075,-1.4101,0.64841,-0.48117,-1.2811,-0.3362,0.92627,0.74493,-0.69705,-2.0453
-1.6387,-2.1251,2.3154,-2.5247,0.28061,-0.54463,-0.89441,-0.5003,0.96502,0.35546,-1.1809,-1.9013
-1.4876,-3.1552,0.461,-2.8277,0.24277,-1.7697,-1.826,-0.98661,1.2168,0.17035,-0.66138,-2.0355
0.25249,-1.2094,2.2061,-1.7159,0.47208,-0.37473,-0.92376,-0.9091,0.67064,0.76054,-0.59039,-2.0356
-1.0732,-1.7102,1.6365,-1.3757,0.86869,-0.95799,-1.2678,-0.96191,1.4623,0.64149,-0.90106,-2.8258
-0.54673,-0.39538,2.57,-1.3048,1.0709,-0.55073,-0.1613,-0.3074,0.53914,0.68402,-1.1698,-1.7362
-0.67542,-0.81935,2.3871,-0.89192,1.378,-0.49294,-0.14464,-0.39904,0.77175,0.70625,-1.3276,-2.4838
-0.52833,-0.23386,2.645,-1.2518,1.7034,-0.34443,0.16726,0.13629,0.57369,0.21375,-1.5782,-2.2853
-0.95617,-0.68149,2.1301,-2.4537,1.2169,0.16143,0.34003,0.15323,0.82366,0.51879,-1.2987,-2.0733
-2.5199,-1.9598,1.1953,-2.9017,1.0486,0.36145,0.78341,0.50019,1.2944,1.1234,-0.97583,-2.0645
-0.21768,-1.103,1.338,-1.4927,0.47117,0.05263,0.83218,0.48694,0.73146,-0.12683,-0.97654,-2.4449
1.1366,-0.54068,1.5418,-1.2306,0.97178,-0.25151,0.81557,0.22687,0.57822,0.41781,-1.2092,-2.5907
1.4543,-0.76284,1.8118,-0.79736,1.024,0.40334,1.0838,0.41589,0.81115,-0.15902,-1.2045,-2.475
2.5761,-1.0255,1.7944,-0.82138,0.24807,-0.25697,0.23285,0.36245,0.77542,-0.39352,-0.9633,-2.0304
1.237,-1.1809,1.9552,-0.31479,-0.19065,-0.39654,0.41921,0.38412,0.71829,-0.033607,-1.2313,-2.0676
1.1391,-1.8279,1.5567,-0.89612,0.0020841,0.11353,0.31948,0.028391,0.34421,0.23202,-0.70262,-1.8138
1.5647,-1.8441,1.362,-0.77116,0.09306,-0.03977,-1.1454,-0.67704,0.0087709,0.49324,-0.21627,-0.71651
2.7632,-0.95407,2.6149,-0.16053,0.94511,0.67504,0.20853,0.00029605,0.51849,-0.44576,-0.66046,-1.6395
3.6272,-0.12441,2.6488,-0.20367,0.93272,1.221,0.23908,0.017095,0.33367,-0.099014,-0.71389,-1.5898
3.3933,0.51248,2.1933,-0.4828,1.1808,1.1628,0.2112,0.40604,0.16172,-0.13882,-1.061,-1.9829
4.0382,0.3965,2.6554,-0.11638,1.3278,0.66523,-0.28858,0.55752,0.34397,-0.52989,-0.73487,-1.4895
3.7014,0.58302,2.5319,-0.23436,1.477,1.3556,-0.66219,0.14486,0.32172,-0.65816,-0.6301,-1.2748
2.5967,-0.7417,1.7311,-0.54523,1.0028,0.62627,-1.3123,-0.26821,-0.14177,-0.55869,-0.49881,-1.3636
2.7082,-1.2381,0.67466,-0.89251,-0.23217,0.058713,-2.1629,-0.70757,0.57752,-0.42378,-0.46802,-1.4241
4.0073,-0.99838,1.5105,-0.83995,-0.31099,0.12123,-2.5196,-0.19637,0.1089,-0.76549,-0.71018,-0.89541
4.1346,-0.92884,1.4602,-1.1962,-0.18266,0.52964,-2.1319,-0.37882,-0.059225,-0.60882,-0.79563,-1.0794
4.2257,-0.61736,0.8295,-2.3694,-0.8711,-0.17694,-1.996,-0.89646,0.11302,-0.53824,-1.1571,-0.92464
5.6544,0.12789,1.6397,-1.7617,-0.27379,0.73711,-1.3657,0.048296,0.16711,-0.92597,-1.0907,-0.44414
4.753,0.085142,2.084,-1.9326,-0.26516,0.45781,-1.7235,0.372,0.91973,-0.74496,-1.3848,-1.2949
4.7872,0.22648,1.9651,-0.85095,-0.040314,0.5305,-1.3125,-0.019811,0.57043,-0.93014,-1.2936,-0.38929
4.9353,-0.92947,2.0606,-0.69706,-0.059968,0.79234,-1.0788,0.65281,1.0325,-0.67455,-1.4462,-0.92205
3.6202,-0.89677,1.8296,-1.6302,-0.71556,0.30321,-1.2972,0.094593,0.33886,-1.3211,-2.0018,-1.3497
3.2125,-2.1427,2.1781,-0.85064,-0.012165,0.67165,-1.267,0.54152,1.0452,-0.58029,-1.6471,-0.78599
2.9749,-1.2012,3.0383,-0.75311,-0.96513,1.2934,-1.0897,0.66177,1.1634,-1.2425,-1.2913,-1.0526
3.4911,-0.19632,2.982,-0.36586,0.21571,1.0657,-0.60222,0.94224,0.92255,-1.241,-2.2573,-1.1463
4.2565,-0.67619,2.7878,-0.2713,0.10545,0.87653,-1.2999,0.23234,0.46205,-0.97909,-1.3255,-0.98132
3.206,-0.73445,2.9105,-0.41955,-0.5863,0.91897,-0.8938,0.038144,1.0667,-1.175,-1.5875,-0.64324
2.662,-0.2579,2.8128,-0.15692,0.00603,0.53878,-1.24,-1.0254,1.0056,-0.97554,-1.8004,-0.7427
3.4589,-0.63099,2.913,-0.46114,0.030044,0.82789,-0.96365,-0.21255,0.811,-0.77664,-1.6306,-0.48059
3.2829,0.45268,2.3826,-0.91101,-0.25892,0.26435,-0.29487,-0.60285,0.92683,-1.609,-1.6244,-0.16157
0.73029,2.2325,0.97317,-0.30862,0.62595,-0.057997,-0.098116,-1.6528,1.3133,-1.4407,-1.1302,-0.13379
-3.2627,3.9572,0.44134,-0.58538,1.2478,-1.2951,-0.26862,-0.92342,1.5187,-1.0864,-1.0091,-0.80764
-5.0228,4.9256,-0.42922,-0.36422,1.7996,-0.79162,0.42144,0.013854,1.4359,-0.94551,-0.65568,-0.70759
-5.7193,5.7034,-0.58464,-0.6481,1.486,-0.53381,0.58379,-0.99095,1.1411,-1.0262,-1.2701,-0.33342
-5.6964,5.9524,-1.5722,-1.6029,0.46517,-0.90194,1.1327,-0.77911,0.3798,-2.2969,-1.7281,-0.86681
-6.4092,6.0479,-1.6191,-1.2863,1.2599,-0.51511,0.95827,-0.25185,0.22915,-2.4073,-1.2453,-1.0424
-6.7616,5.4853,-2.4266,-1.1979,1.0707,-0.62918,0.954,-0.82205,0.40502,-1.5894,-1.4145,-0.57934
-7.8047,5.3717,-1.7921,-1.3981,0.1926,-0.61661,0.80063,-0.7383,1.0478,-2.0569,-1.1341,-0.32609
-8.2932,5.4139,-2.0958,-1.0358,0.43021,-1.0234,1.2481,-0.90032,0.30803,-1.9653,-0.95633,-0.15272
-8.3797,5.3574,-1.6655,-0.75352,0.78332,-1.1986,0.42469,-1.0848,0.55836,-1.7116,-1.2613,0.23067
-8.4703,5.8906,-1.7492,-1.0818,1.3338,-0.38996,1.1468,-0.87072,0.41274,-2.1645,-1.742,-0.094175
-8.6645,5.0182,-1.6823,-0.79668,1.027,-0.025238,1.2889,-1.0095,0.89378,-1.6659,-1.4281,-0.73892
-9.1972,4.6205,-1.6387,-0.83098,1.0939,0.21448,0.45025,-1.4613,0.37739,-1.7108,-1.2466,0.21151
-9.5335,4.5635,-1.1032,-0.87787,0.13082,-1.0558,-0.37217,-1.8987,0.42711,-2.0888,-0.81031,0.085185
-9.4946,4.4839,-2.0293,-1.428,1.1724,-0.58155,0.71256,-1.616,0.11205,-1.8842,-1.5484,-0.64313
-8.8534,5.1358,-1.6564,-1.4502,0.36809,-1.1252,0.67462,-1.4382,-0.14998,-2.1412,-1.2166,0.10925
-8.9625,4.7005,-0.97651,-1.0108,1.0893,-0.17378,0.79853,-0.91603,0.029024,-1.3054,-0.9574,-0.24148
-9.3366,4.879,-1.1146,-1.0487,1.5779,0.42513,1.2678,-1.6297,0.46153,-1.5689,-1.0808,-0.28895
-8.6097,4.9234,-0.43108,-0.35427,0.87055,-0.27967,0.83531,-1.9812,-0.51721,-2.1548,-0.99534,0.0028882
-8.2602,4.3356,-0.40422,-1.2121,0.48046,0.10996,0.59732,-1.548,0.30185,-1.9004,-1.1595,-0.11814
-8.4865,2.8448,-0.69747,-0.78845,0.64459,-0.0092471,0.50813,-1.4398,1.0255,-1.3708,-0.62302,0.73403
-6.2373,2.9704,0.66202,-1.5422,0.31482,0.16886,0.042842,-0.94686,0.76081,-1.7021,-0.91735,0.64764
-4.1144,2.222,1.4159,-0.38335,0.43172,-0.2161,-0.71014,-1.1796,1.1022,-1.5677,-0.59848,0.51488
0.42997,0.37698,1.4853,0.11234,-0.2112,-0.70311,-1.0277,-0.64967,1.1967,-1.1412,0.047914,0.13684
2.9225,-0.11619,1.4823,-0.23349,-0.38324,-0.96685,-0.99493,-0.090189,1.2314,-1.1761,-0.073291,-0.025192
3.4316,-0.70827,1.6838,-0.49327,-0.6344,-0.76096,-0.68051,-0.1102,0.99871,-1.3482,0.044375,0.082704
4.4082,-1.4677,1.8819,-1.3723,-0.52425,-1.154,-0.94994,0.41573,0.93004,-0.52792,-0.083569,-0.3002
3.6735,-1.603,1.4261,-0.9028,-0.61919,-0.53977,-1.571,0.38315,0.41175,-0.41601,0.1625,-0.6836
4.6419,-2.3429,1.3305,-1.6082,-0.40882,-0.5507,-1.2481,0.48772,0.3056,-0.67731,0.3881,-1.1672
4.0539,-2.1342,0.85175,-1.0677,-0.69608,-0.61234,-1.3908,0.74244,-0.10952,-0.48936,0.2263,-1.1302
4.3962,-2.5208,1.337,-1.1673,-0.68324,-0.43006,-1.0027,0.34901,0.80973,-0.93302,0.77389,-1.1737
3.8401,-1.9649,1.7055,-1.3665,-0.41122,-1.0615,-0.95144,0.56779,0.70437,-0.29281,0.25639,-0.69439
4.5451,-1.8632,1.7157,-0.87839,-0.64405,-0.90785,-1.6055,0.54376,0.72258,-0.4939,0.27621,-0.86924
4.3664,-1.1697,1.0439,-0.45176,-0.3751,-0.80991,-1.6114,0.47852,0.16157,-0.49702,0.28481,-0.82483
3.9577,0.47821,1.5504,-0.17212,0.27258,-0.77913,-1.034,0.5267,1.202,-0.9001,-0.69152,-0.94867
2.6769,2.1271,1.5022,-1.4434,-0.59754,-0.73346,-0.82336,0.99695,0.98469,-1.1917,0.33753,-0.32056
2.9358,2.8558,2.4413,-1.1489,0.026728,-0.80017,-0.71024,0.44639,1.2232,-1.12,-0.47006,-1.1862
2.4789,2.0793,1.9912,-1.1416,-0.86968,-1.1289,-1.1058,0.5014,0.91353,-1.3004,0.20656,-0.43429
2.0458,2.7326,1.7627,-2.0517,-0.60152,-0.78398,-0.41732,0.19313,0.90943,-1.5323,-0.2807,-0.21925
1.9775,2.3312,1.1141,-2.3367,-1.0876,-0.50197,-0.5096,0.34007,1.0963,-1.0176,-0.62666,-0.38684
2.3214,2.1865,0.75689,-2.0396,-1.2796,-0.83076,-0.42602,1.0252,1.3168,-1.4764,-0.10285,-0.012521
2.1536,2.2115,1.3759,-1.377,-0.9357,-1.2502,-0.26004,0.19636,0.85099,-1.74,-0.7712,-0.56881
2.0879,2.03,1.9706,-1.4399,-0.45472,-0.98308,-1.0661,0.25265,1.7581,-0.97923,-0.98665,-0.93212
2.7667,2.2405,1.469,-0.50739,-0.14698,-1.2251,-1.6614,-0.52635,1.8506,-0.88253,0.23841,-0.65454
2.9782,1.5493,1.2189,-0.55282,0.049383,-1.0827,-1.4991,-0.62091,1.2517,-0.54577,-0.32237,-0.68535
2.8588,1.52,1.5943,-0.98559,-0.27984,-1.3731,-2.0804,-0.42427,1.3878,-0.82518,0.15275,-0.69963
2.8536,1.4382,2.468,-0.048867,-1.3068,-1.5894,-0.99231,-0.86983,0.73977,-0.8784,-0.23499,-0.57447
3.188,1.7324,1.8209,-0.36911,-0.23272,-1.5331,-2.4415,-0.38554,0.79274,-0.24702,-0.11211,-0.5241
3.6156,0.46723,1.6843,-0.60916,-0.44462,-1.4098,-1.9431,-0.62006,1.7922,0.50875,-0.47152,-1.8105
3.928,-0.016941,0.38565,-0.91217,-0.37088,-0.98503,-1.6752,-0.72474,1.4233,0.57532,-0.085509,-1.0484
4.1357,-1.028,0.1777,-1.3197,-0.77901,-1.0429,-1.8493,-0.55383,1.3914,0.53336,0.067223,-1.3958
2.9927,-1.5766,0.092464,-1.2021,-0.7084,-0.89652,-1.4302,-0.52573,1.3676,0.1513,0.051308,-1.3553
1.2645,0.11113,-0.36416,-1.2857,-0.17671,-1.3418,-0.21851,-0.26462,1.1069,-0.54104,-0.53545,-0.99375
-0.59234,1.5632,-1.8213,-0.76273,-0.43951,-0.66589,-0.06112,-0.47155,1.1185,-0.40367,0.18162,-1.3022
-1.7902,2.1645,-2.2151,-0.78415,-0.63427,-1.4103,0.010365,-0.37289,1.6678,-0.77523,-0.12455,-1.6118
-3.2598,1.5858,-2.7249,-0.6441,0.43794,-2.5502,-0.99967,-1.0733,1.0864,-1.0769,-0.93151,-1.9927
-3.8432,2.7196,-2.4186,0.080944,1.1109,-2.0694,-0.65139,-0.50167,1.6396,-0.2179,-0.6651,-1.4048
-3.8542,3.0669,-2.2788,-0.24413,0.94504,-1.2832,0.59283,-0.0018754,1.8582,-0.90971,-1.0093,-1.3904
-4.0086,2.7346,-2.4801,-0.70459,1.2162,-1.2135,0.18123,0.57224,0.92045,-0.79534,-1.064,-1.3126
-3.604,2.0893,-2.9311,-0.51633,1.0824,-1.6026,0.14252,-0.39464,0.44504,-1.0224,-0.56191,-0.71646
-3.0001,2.0953,-3.2546,-1.7158,0.9045,-1.9537,0.058202,-0.41381,0.48592,-0.13655,-0.83685,-0.6852
-2.0659,1.7041,-2.3938,-1.2147,2.2377,-1.3677,-0.52842,-0.026004,0.62267,-0.37055,-0.13375,-0.91988
-1.2044,0.68471,-2.3388,-1.9336,0.82989,-1.3496,-0.16813,-0.21874,1.5623,0.058743,0.58084,-1.0658
0.41083,-0.14807,-1.8881,-2.1446,-0.044619,-1.8469,-0.35453,-0.071871,1.2558,-0.125,0.040375,-1.371
1.9285,-0.97378,-2.128,-2.9681,-0.4341,-0.76229,-0.78475,-0.43008,1.4735,-0.28201,0.10941,-1.6784
2.2444,-1.2089,-1.6462,-3.0438,-0.32046,-0.011797,-0.91975,-0.45898,1.7575,0.51784,0.44896,-1.5269
2.8482,-2.8116,-2.4813,-2.9252,0.19837,-0.16941,-1.5954,0.42789,1.7337,0.451,0.41619,-1.9377
4.1027,-1.9209,-1.9598,-2.4939,-0.29638,0.50648,-1.4492,0.05244,1.2472,0.90365,0.77658,-2.3769
4.4817,-2.6507,-2.3587,-3.5579,-0.5223,0.092281,-1.7339,0.16921,1.7475,0.49694,0.73135,-2.026
4.1891,-2.3923,-1.3773,-2.6324,-0.59525,0.20577,-1.9422,0.41353,2.0873,0.93017,0.13147,-2.0271
5.1146,-1.4711,-1.6715,-2.0931,-0.58452,-0.083035,-1.9328,0.33269,2.2577,0.6959,-0.84952,-2.2384
4.6108,-2.5004,-1.487,-2.8927,-0.92618,1.049,-1.7216,-0.10541,1.4423,1.1327,0.12655,-1.828
4.9438,-1.8074,-1.7712,-2.2314,-0.83248,0.2795,-1.5551,0.32236,2.274,1.2716,0.55092,-1.8031
4.8578,-1.835,-1.6465,-2.3173,-0.7772,0.15329,-1.2067,0.70296,2.2766,0.98324,-0.37951,-1.8164
3.6194,-0.89928,-2.5293,-2.4795,-0.65153,-0.7822,-0.31508,0.57852,2.0494,0.38599,0.014688,-1.7889
3.3893,-1.7552,-3.0938,-3.3356,-0.50026,-0.86774,-0.55888,-0.048079,2.6876,1.8744,0.51282,-1.5731
4.9862,-2.2015,-2.6203,-2.4905,-0.72098,0.1536,-1.027,-0.17617,1.4903,1.0229,-0.51178,-1.9667
4.7557,-1.3676,-2.6375,-2.2753,-0.89433,-0.79852,-1.89,0.28601,1.7785,0.55082,-1.285,-2.1562
5.3235,-1.9636,-3.4148,-3.2368,-0.78427,-0.48562,-1.1872,0.28462,1.7415,0.55501,-1.2412,-2.0351
3.8771,-1.245,-2.4678,-2.9829,-0.17,-0.4428,-1.3992,-0.50852,0.67205,0.49881,-1.1456,-1.8231
4.2157,-1.4974,-3.0772,-3.0273,-0.4948,-0.4766,-0.2818,0.67484,1.5213,0.87091,-0.23742,-1.1462
4.5517,-1.8705,-2.4962,-2.8067,-1.0472,0.89952,-0.65341,-0.14204,1.5382,1.5196,-0.076258,-1.1081
5.4585,-0.89051,-2.3104,-2.5643,-0.78863,0.28737,-0.59067,-0.31814,1.3434,1.2864,-0.23114,-1.0892
5.7698,-1.1617,-1.8725,-2.0515,-1.3622,-0.14161,-0.41722,0.50382,1.2185,0.85047,0.061715,-1.0641
5.9202,-1.4186,-2.5015,-2.7017,-0.5754,-0.093557,-0.835,0.64613,1.6246,0.59833,-0.55414,-0.68117
5.9595,-1.362,-2.3589,-2.0506,-0.90549,-0.0092606,-0.59944,0.39646,1.1359,0.59146,-0.33588,-0.68933
5.656,-1.0939,-2.5316,-2.4739,-1.1107,0.29827,-1.0938,0.018949,1.2075,1.0146,0.043979,-0.66214
5.3794,-1.0072,-2.4755,-2.4307,-1.623,-0.22354,-0.68686,0.246,1.6439,1.0663,0.096555,-1.1419
4.7678,-0.61729,-2.6971,-2.0157,-1.0088,-0.14894,-0.21664,0.34407,1.636,1.1256,0.0093764,-1.0255
5.5955,0.1406,-1.9459,-1.707,-0.78669,-0.60275,-0.99061,-0.40851,0.74042,0.45754,0.008803,-0.33619
5.7705,-0.57983,-2.3804,-2.0541,-0.94588,-0.48701,-0.87354,-0.21526,1.6103,1.0666,-0.48174,-0.83174
5.04,-0.35916,-2.1903,-2.4284,-0.76957,-0.5118,-1.3769,-0.015904,1.8807,1.384,-0.12503,-0.44888
4.9394,-0.57112,-2.7254,-2.0719,-1.5285,-0.35705,-0.3081,0.35899,1.82,1.6164,-0.13433,-1.1015
4.3362,0.1177,-2.1584,-2.1264,-1.5097,-0.23823,0.4621,0.97494,1.9875,2.0826,0.3856,-1.5997
4.448,-0.26042,-1.7495,-1.7362,-1.7817,-1.21,-0.51862,0.38863,1.4058,1.0999,-0.16365,-1.2477
4.2197,-0.55651,-1.1518,-3.2574,-1.9122,-0.89545,-0.75749,0.26952,-0.037291,-0.19135,-0.22876,-1.5036
2.3121,-2.541,-0.85983,-2.0767,0.05617,0.44047,-1.1156,-0.080449,-0.2669,-0.40401,-1.2307,-1.0983
3.8767,-3.7312,-0.96207,-3.162,1.4563,0.54742,-1.9213,-0.095387,-1.265,-0.43963,-0.53627,-3.0163
4.6611,-3.2263,-0.7759,-2.609,1.2049,0.84736,-2.0563,0.4095,-0.97194,-0.23977,-0.017727,-2.2146
6.361,-3.3472,0.16182,-2.6143,1.3054,0.66511,-2.2953,0.37339,-1.143,0.2332,0.080633,-2.0854
6.8795,-2.8222,-0.11238,-2.0404,0.9945,0.74303,-2.0702,0.0045028,-0.39261,-0.30563,0.41348,-1.9278
6.4696,-2.4564,-0.028487,-1.4875,1.1057,0.92053,-2.0005,0.046256,-0.24401,-0.38175,0.15421,-1.6454
5.0916,-1.4393,-0.092038,-1.8377,1.7865,1.2445,-2.0211,-0.1285,-0.62688,-0.11472,0.11936,-1.8903
6.6724,-3.1239,0.066146,-1.6371,1.5282,0.62786,-1.8368,0.22643,-0.87486,-0.45156,0.66774,-1.6728
5.7627,-3.1162,0.049473,-1.4495,0.8831,0.9756,-1.8599,-0.05466,-0.76937,-0.48276,0.56422,-1.1444
6.1756,-3.6708,0.28769,-1.4653,0.70033,1.2306,-2.1012,0.067988,-0.48568,-0.35087,0.51906,-1.1786
5.6803,-3.1362,0.87105,-1.3135,1.5257,1.6078,-1.7555,0.046029,-0.4674,-0.64007,0.33878,-1.4643
5.9403,-1.7744,-0.31989,-0.30905,0.7257,0.6559,-1.0332,-0.29221,-0.83119,-0.47721,0.3876,-0.9743
7.1738,-3.1731,0.62962,-0.91729,0.20219,1.0535,-1.1452,-0.43526,-0.24806,-0.65236,0.25504,-0.83573
4.6196,-1.3368,-0.10843,-0.29627,0.75849,0.99278,-0.94012,-0.5485,-0.57038,-0.27386,0.12513,-0.44515
6.2769,-1.5892,1.5043,-0.39078,0.96812,1.1461,-1.1051,-0.30183,-1.0127,-0.39942,0.2288,-0.41676
7.2252,-0.87122,1.2392,-0.45274,1.0764,0.74517,-1.186,0.12205,-0.81562,-1.0803,-0.079839,-0.59734
5.0258,-0.54795,1.1294,0.55171,0.68807,0.23452,-0.022807,0.44383,-0.77586,-0.6406,-0.095772,-0.36934
5.9252,-0.028342,1.7153,0.65129,0.47673,0.11397,0.13834,0.11349,-0.34217,0.032732,0.13169,-0.11674
4.9876,-0.40689,0.47002,-0.22923,0.3567,0.37312,0.10753,0.047347,0.045561,0.34938,0.028562,0.54629
4.2083,-0.53611,0.60607,0.25217,-0.47275,-0.30688,-0.44438,-0.82269,-0.35068,0.021173,0.70975,0.32939
4.3778,0.62611,-0.14262,-0.04629,-0.50086,-0.99703,0.29684,-0.079985,0.2323,0.048939,0.29786,-0.40794
3.305,-0.088252,-1.6924,-1.526,-0.92725,-0.53622,-0.22325,0.13224,0.11451,-0.23588,0.091716,-0.51018
4.2275,0.2276,-0.67501,-0.91107,-0.16604,-0.30951,-0.5717,-0.16959,1.0604,1.0522,0.20173,-0.78441
2.7786,-0.068259,0.66444,-0.54988,-1.102,-0.58773,-0.74225,-0.57878,1.5937,0.9665,-0.35755,-1.2677
3.8207,0.11295,-0.28472,-1.4153,-0.28578,0.09872,-1.0575,-0.4331,0.77981,0.86456,-0.26369,-1.4643
3.2961,-0.068956,-0.20965,-1.1187,-0.41797,-0.41418,-1.6641,-0.83415,0.40384,0.41359,-0.59895,-1.7468
3.8627,0.55773,-1.2301,-1.4556,-0.056374,-0.2063,-1.2236,-1.0546,0.42993,0.31304,-0.51771,-2.1952
3.1176,-0.34212,-0.95806,-1.3551,-0.079102,-0.18413,-1.7479,-0.77802,0.53625,0.98235,-0.0014205,-1.7456
2.7602,0.19599,-0.89704,-0.71461,0.64821,-0.51374,-0.88287,-0.69248,0.50466,1.5047,1.0764,-1.7962
2.3321,-1.0914,-1.462,-1.0183,0.7483,-0.021471,-0.93477,-0.65046,1.2568,1.7269,0.83989,-1.0108
2.0882,-0.99461,-0.90895,-1.4868,-0.26303,0.31008,-1.0604,-0.25713,1.1364,1.2952,1.2869,-0.3709
1.3916,-1.0944,-0.64988,-1.5177,0.2948,-0.44572,-1.752,-0.70163,1.4132,1.311,0.46583,-1.3194
2.4544,-1.5577,-0.19383,-0.2131,0.30633,0.21638,-1.2985,-0.48134,-0.17421,0.3356,0.44291,-0.87683
2.1661,-2.41,-0.7475,-0.23984,0.27202,0.18971,-0.96625,-0.3099,-0.28059,-0.042544,0.3596,-1.1255
2.8698,-2.0722,0.18967,-0.24349,-0.71014,-0.20579,-0.84092,-1.0436,-0.70487,-0.99774,0.62074,-0.71174
2.5709,-2.0987,0.34149,-0.46842,-1.2643,-0.84445,-1.4837,-0.028048,-0.2404,-1.175,0.18985,-1.1283
2.1576,-2.933,1.0889,0.38869,-0.03851,0.45173,-1.7299,-0.60904,-0.064854,-0.82535,-0.25148,-1.2923
2.0637,-2.6845,0.91862,-0.38757,-0.39861,-0.46779,-1.9447,-0.55256,0.27587,0.12565,0.089043,-1.1433
2.3734,-3.1164,-0.55872,-0.71446,-0.5177,-0.19729,-1.5595,-0.30088,0.44521,-0.27738,-0.049538,-0.95896
3.53,-2.8673,0.21562,-0.37113,-1.136,-0.29562,-1.2957,-1.3644,-0.22886,0.052237,-0.38216,-1.0535
3.1417,-2.119,0.4201,-0.87749,-1.3116,0.45459,-1.6971,-0.7926,0.079786,0.055651,0.39377,-0.69379
2.6866,-1.8162,0.18161,-0.5612,-0.72282,0.42146,-1.359,-0.72796,0.26963,-0.88078,-0.23859,-0.1836
2.7143,-2.6559,0.2151,0.055951,-0.91642,0.5579,-1.4537,-0.54087,0.11155,-1.019,-0.5346,-0.45617
2.4864,-2.1053,0.090625,0.10809,-0.96109,0.31954,-2.1196,-1.3911,0.23226,-0.59228,-0.59159,-1.1399
2.6246,-1.9412,0.41983,0.61863,-0.78979,-0.47578,-1.9471,-0.97658,0.66647,0.0041521,0.10501,-0.48526
3.7395,-1.5958,0.0042314,0.30591,-0.80039,0.32801,-1.0919,-0.037801,0.55241,0.082702,-0.089742,-0.86834
