2.5156,-0.57391,3.2709,0.80347,-1.1178,0.18207,-1.8101,-1.2834,-0.24592,-1.6408,-1.7407,0.022199
2.5371,-0.41736,3.4246,1.914,-1.2203,-0.15215,-0.82978,-1.1192,0.27426,-0.74354,-0.72493,-0.59911
2.5703,0.71546,2.3352,0.84915,-2.1025,-0.36324,-0.28468,-1.6264,0.43723,-1.1109,-0.84086,-0.96426
-1.6026,2.7415,-0.25354,1.4223,-1.2916,0.00090057,-0.19461,-1.4083,0.89609,-1.4017,-1.1044,-0.47615
-1.5221,3.3603,0.23147,2.3152,-1.017,-1.6802,-1.1966,-2.3163,1.0959,-0.65216,-1.1281,-0.32671
-2.8081,4.4364,0.56679,2.0838,-0.2103,-1.332,0.38566,-2.1849,0.49794,-1.269,-1.2721,-0.4147
-2.7296,5.8169,-0.5208,1.6511,0.58562,-1.3791,0.55731,-1.8099,0.6496,-0.89856,-0.73838,-0.18703
-4.2071,6.2204,-0.40996,1.4289,-0.0986,-0.66051,1.2467,-2.4575,0.44316,-0.30197,-1.2303,-0.31936
-5.1742,6.1317,-0.43453,2.1122,0.5012,-0.85931,0.7126,-1.4696,1.0177,-0.76281,-0.82681,-0.13202
-5.5145,5.5664,-0.61371,1.454,0.13659,-1.752,0.085526,-1.2913,1.6677,0.50146,-0.2327,-0.31847
-5.6345,7.2334,-1.2682,1.7683,1.398,-1.9555,-0.38782,-1.6018,0.37985,-0.30035,-0.5942,-0.3693
-4.9255,6.8951,-0.55428,1.5052,1.3028,-1.3085,0.98954,-0.78187,0.3873,-0.89695,-0.3585,-0.38891
-4.8935,7.2784,-0.21927,1.5461,0.97751,-1.6128,0.41172,-0.78501,0.11278,-0.42107,-1.0064,-0.86415
-6.1938,6.3932,-0.31463,1.4574,1.347,-1.1615,0.4373,-0.6748,0.017808,0.17043,-0.53861,-0.63193
-6.4462,7.1357,-0.071088,2.2987,1.4895,-2.0769,0.3669,-1.8716,-0.2073,0.19975,-0.4508,-0.3228
-6.3084,6.1463,-0.75775,1.7548,1.282,-1.5186,0.30763,-0.43811,0.22757,-0.16074,0.10755,-0.30508
-6.3681,6.6035,-0.82066,1.7778,1.3483,-1.1707,0.60137,-1.4356,-0.01329,0.0092901,0.048344,-0.74578
-6.6517,6.3897,-0.24603,2.1775,1.1983,-1.3029,0.34991,-0.84291,0.11253,-0.37709,0.11089,-0.75638
-5.9903,6.6324,0.071859,2.2387,1.3994,-1.5564,0.69362,-0.4066,0.5456,-0.15524,-0.5873,-1.114
-6.019,6.4788,-0.1441,1.9482,2.08,-1.2772,0.9836,-0.70176,0.070163,-0.80033,0.1971,-0.51445
-6.546,5.7222,-0.055957,1.9233,1.9342,-1.6153,0.50904,-1.2843,0.42014,-0.34455,-0.26297,-0.58508
-5.9456,5.5187,1.0974,1.7404,1.3448,-1.8384,0.072628,-1.3478,-0.55527,-1.2165,-0.37304,0.14911
-3.471,4.6365,0.8274,0.78045,1.011,-2.362,0.36967,-1.0304,-0.16163,-1.0983,0.10668,0.40632
-1.5868,3.8339,1.4965,0.16876,-0.40063,-3.5962,-0.58195,-0.57972,-0.12217,-1.1837,0.90075,-0.027856
0.21189,1.9249,1.3688,-0.37539,-1.4112,-2.819,-0.70921,0.14434,-0.22285,-1.5762,0.98226,-0.2987
0.80262,0.87033,2.1139,-0.50701,-1.8274,-2.465,-0.49651,-0.20467,-0.1124,-1.3532,1.6212,-0.79294
1.0943,0.0096225,2.3135,-1.1352,-1.8348,-1.6092,-0.63533,-0.00067592,-0.84313,-1.095,1.8538,-0.67888
0.95475,-0.84643,2.4674,-1.7718,-2.5835,-1.4337,-0.25858,0.49057,-0.88714,-1.2713,1.2917,-0.41879
0.70175,-0.95264,2.0835,-1.7211,-2.0216,-1.4145,-0.37903,-0.25232,-0.67622,-1.0841,1.6,0.076964
0.75655,-0.93194,2.4057,-1.477,-2.6929,-1.478,-0.91156,-0.047102,-0.32083,-1.3342,1.7705,-0.48475
0.91907,-1.1297,2.4941,-1.2254,-2.5244,-1.4598,-1.6158,-0.56123,-0.46562,-1.2659,1.9735,-0.44871
0.44622,-0.89217,2.0025,-0.61256,-1.3317,-1.3856,-1.8939,-0.70223,-0.31739,-0.80706,1.1615,-0.64023
1.1924,-1.3755,0.76962,-0.37125,-0.88723,-1.1734,-1.8552,-0.95211,0.50424,-0.59205,0.61174,-0.97799
1.0568,-0.29345,-0.75564,-1.1086,0.20007,-0.2373,-1.6977,-1.6851,1.1161,-0.30863,0.029533,-1.2006
-0.0090489,-0.18758,-1.5049,-1.3781,0.4396,-0.17476,-1.3725,-1.7845,0.85586,0.19299,0.78977,-0.6747
0.4465,1.082,-1.8243,-2.2913,0.26134,0.0027801,-1.3018,-1.5398,0.36371,0.16595,1.092,-0.52613
0.47925,1.9486,-2.3206,-1.9626,0.98387,0.30018,-0.30947,-1.2892,-0.93089,-0.3622,0.99365,-0.078482
-0.0056485,1.7371,-2.7736,-1.67,0.64392,-0.62901,-0.2349,-1.1456,-0.19261,-0.56044,0.34411,-0.32732
-0.14284,1.7749,-3.3822,-2.2037,0.36421,-0.022046,-0.016278,-0.60107,0.29083,0.27979,0.98114,-0.39278
-0.05073,2.7276,-2.5263,-2.1816,-0.62786,-1.0302,0.029226,-0.50881,0.46208,-0.29889,0.74237,-0.12418
-0.61285,2.7737,-1.8751,-2.199,-0.27983,-1.0161,-0.53585,-0.78211,-0.002295,-0.65726,0.058784,-0.57485
0.18157,2.9596,-2.6453,-3.2809,-1.221,-1.6038,-0.79659,-1.2183,-0.2788,-1.0101,-0.46187,-1.347
0.46574,2.7126,-2.0633,-2.879,-1.1375,-1.7439,-1.0396,-0.61788,0.26131,-1.4946,0.21971,-0.63818
0.75107,2.5359,-2.8912,-2.656,-0.53637,-1.7643,-0.3634,-0.85804,-9.5975e-05,-1.3559,0.58291,-0.66707
0.36624,2.0393,-2.0804,-2.1548,-0.83574,-2.3267,-0.68912,-0.454,0.4484,-1.191,0.43125,-1.0488
0.72081,2.3784,-1.2102,-2.1428,-1.147,-1.895,0.33936,-0.051273,0.092708,-2.0241,0.72191,-0.13365
0.5637,2.0386,-0.65643,-1.8872,-1.0973,-1.6316,-0.079333,-0.059465,0.30632,-1.58,0.27218,-0.080089
1.0889,1.9299,-1.0159,-2.6355,-0.87429,-1.3382,-0.56053,0.38623,0.52161,-1.4496,1.2683,-0.071557
1.1159,2.2116,-0.4314,-2.304,-1.2471,-1.5372,0.15623,0.82856,0.80025,-1.5404,1.6212,0.19477
1.7562,1.9952,-0.70548,-2.638,-2.0659,-1.3392,0.57764,0.83408,0.72875,-1.6538,1.4092,0.063738
2.1012,1.6169,-0.01324,-2.6134,-2.5769,-1.2169,0.90977,0.84153,0.7365,-1.5414,1.3492,-0.3398
2.6672,1.6454,0.15701,-3.2065,-1.784,-1.1467,0.53632,0.64018,0.58492,-1.787,1.0651,-0.83617
2.7806,1.6231,0.70946,-3.4448,-2.2866,-1.283,0.30475,0.79731,0.60709,-1.849,0.5215,-0.23824
3.3035,0.94506,0.57725,-3.4274,-2.2381,-0.87889,0.15497,0.44033,0.98531,-1.8773,1.016,-0.68789
3.0553,-0.29932,0.22809,-2.9474,-1.8448,-0.8332,-0.1971,0.55308,1.198,-1.6246,1.1128,-0.58747
3.1557,-0.31891,0.94752,-3.1457,-1.7242,-0.79728,-0.14411,0.80011,1.3394,-1.6894,1.4493,-0.80149
3.4681,-0.40284,1.1482,-2.8546,-1.7481,-0.60411,-0.44153,0.93411,1.0806,-1.7018,0.84983,-0.78472
4.4635,-0.42305,1.1069,-2.3237,-1.6674,-0.51863,0.026642,0.99853,0.53615,-1.2848,0.36891,-1.0869
4.531,-0.38895,1.581,-2.3337,-2.1075,-0.60768,-0.071601,1.1737,0.46378,-1.5655,0.59913,-1.4405
4.5547,-1.2412,1.6418,-2.5143,-1.87,0.013794,-0.3992,1.15,0.09397,-1.8003,0.73426,-1.0626
3.8934,-1.2565,1.624,-2.475,-1.9088,0.37571,0.10189,0.97563,-0.26384,-1.3776,0.59704,-0.73057
3.7852,-1.8111,1.4802,-2.5676,-1.6119,0.56616,0.71607,1.3775,-0.081137,-1.2434,0.15923,-1.6151
3.4901,-2.0175,1.5624,-2.6251,-1.3593,0.67337,0.63657,0.88758,-0.12036,-1.3496,0.012352,-1.7981
4.2381,-1.5176,1.7715,-2.3079,-2.1246,0.16836,0.12003,0.83226,-0.065564,-1.1472,0.25019,-1.3546
3.7559,-1.63,1.3715,-2.4454,-1.8119,0.56149,0.39771,1.3896,0.23917,-1.1744,0.16084,-1.12
5.1434,-1.3247,0.36239,-3.3689,-1.5559,0.054269,0.27127,0.88632,-0.37633,-1.7497,-0.7075,-1.1952
3.2819,-1.5796,-1.1273,-2.4381,-1.3941,0.57653,0.14795,0.42639,0.048198,-1.2555,-0.69274,-0.75075
3.2235,-1.8539,0.15774,-2.038,-0.78597,0.40619,-0.65911,0.13411,-0.39904,-1.4086,0.27171,-0.60304
3.3433,-0.34124,-0.31531,-2.3879,-1.097,0.14779,-0.44921,0.0047012,0.25827,-1.6319,-0.013394,-0.76737
3.4874,-0.79382,-0.63612,-2.5984,-1.2807,-0.81167,-1.8516,-0.39426,0.7236,-1.0399,0.23219,-1.1533
3.7963,-0.75486,-0.65817,-2.9067,-1.8337,-0.91101,-1.1208,-0.57356,-0.72089,-1.5372,-0.1111,-0.99126
3.1078,1.0746,0.16744,-2.701,-2.2412,-1.3605,0.20034,1.3861,0.47845,-1.2067,0.17781,-0.71096
2.9968,0.51761,-0.25686,-3.1138,-1.5642,-0.95894,-0.59753,0.53853,0.28477,-1.3892,0.0052863,-0.88955
3.4846,0.3904,-0.16292,-3.0175,-1.864,-0.69746,-0.73111,0.95614,0.63143,-1.4558,0.10069,-0.59425
3.1528,0.70396,0.42728,-2.7795,-1.8554,-0.70606,-0.92315,0.61524,0.163,-1.1238,0.11729,-0.57983
2.6983,0.024329,0.16839,-2.8552,-1.542,-1.2277,-1.8539,0.3321,0.17274,-1.7818,0.28515,-1.4872
2.8765,0.3178,0.85999,-2.8096,-1.6233,-0.65025,-1.3807,0.67984,0.36519,-1.5838,-0.34322,-0.73611
2.6909,0.76807,0.61006,-2.4869,-0.96098,-0.85146,-1.1244,0.50276,0.3696,-1.3478,0.42762,-0.72803
2.8686,0.84411,0.68796,-2.323,-0.83563,-0.57029,-1.1276,1.066,0.39431,-1.7307,0.26102,-0.78352
1.6437,-1.0744,0.38771,-2.8909,-1.7966,-0.68299,-1.107,0.37952,0.20086,-1.7155,0.16458,-0.70825
2.0118,-0.64555,0.64911,-2.1885,-0.74458,-0.80033,-1.2276,0.96961,0.65482,-1.0204,0.54719,-0.49339
2.8939,-1.1053,-0.074425,-1.533,0.47257,0.31082,-1.0759,-1.0081,-0.40852,-0.30093,1.305,0.129
3.3365,-0.33637,-0.40556,-1.3615,0.64081,0.79316,-1.3383,-0.63054,0.035627,-0.51032,1.5582,-0.21322
2.6696,-1.6243,-1.3849,-1.8415,0.17265,0.88278,-1.5654,-0.43554,-0.17294,-0.25303,0.97173,-0.11224
2.1384,-1.2777,-0.75525,-1.3912,0.1638,0.061787,-2.1888,-1.3058,-1.1171,-0.73988,0.89989,-0.47678
1.4083,-1.5449,-0.72207,-0.66835,0.29742,-0.20234,-1.8393,-0.28581,-0.075456,-0.8213,0.80946,0.029558
2.2116,-1.6227,-0.99286,-0.7007,0.10252,0.15793,-0.83553,0.052013,-0.14158,0.33076,1.0366,-0.15994
2.1881,-1.9765,-0.49137,0.10531,0.079425,0.57971,-0.81959,-0.89463,0.070889,-0.27264,0.17524,-0.64151
2.8743,-1.5323,0.014836,-0.70485,0.091263,0.3586,-1.6899,-0.54265,-0.2714,-1.0363,0.040536,-0.92024
1.7402,-1.736,-1.1466,-0.66956,-0.35964,0.084895,-1.6896,-1.0315,-0.58012,-0.47366,-0.26321,-0.8379
1.6586,-2.0697,-0.87087,0.15788,0.19548,0.96732,-0.60368,-0.65133,-0.35708,-0.941,-0.14451,-0.57843
1.9743,-2.4551,-0.5432,-0.0051131,0.82012,0.53251,-1.5101,-0.81898,0.43657,-0.42915,0.34343,-0.96191
1.323,-2.0931,-0.55459,0.29064,0.63527,0.322,-2.2323,-1.4965,0.16784,0.15431,0.51598,-0.88296
1.5252,-2.3712,-0.90824,0.090006,0.061654,-0.38639,-3.0781,-1.3067,0.52242,0.71506,0.20116,-1.0335
0.61659,-3.0106,-1.9393,0.40908,0.12395,-0.90573,-2.252,-1.114,0.40153,0.89317,-0.50894,-0.78679
0.93103,-1.7812,-1.3259,1.4024,0.73336,0.32804,-1.7795,-0.37524,-0.23458,0.58107,-0.081871,-0.62514
0.83144,-2.3094,-1.8103,0.67167,1.1982,1.36,-2.1578,-1.1928,-0.59468,0.46815,-0.35845,-0.94407
1.6402,-1.7176,-1.3486,0.65415,1.0311,1.1005,-1.8512,-0.6698,-0.46781,-0.19517,-0.84273,-0.7608
1.5721,-1.3975,-0.32184,1.2033,0.68437,0.31946,-2.9641,-1.0252,-0.4098,0.76846,0.022813,-0.39509
1.1356,-1.5919,-2.1465,0.00072441,-0.17307,0.27499,-2.6466,-1.0674,-0.60701,-0.10016,-0.80845,-0.54942
1.8604,-0.96444,-1.779,0.036974,1.1223,1.5964,-1.8802,-0.61596,-0.19603,0.34484,-0.0035553,-0.07677
1.3968,-1.059,-1.5463,1.0002,1.2556,1.1194,-1.7265,-0.73132,-0.53744,0.29927,-0.15878,-0.087194
1.3064,-0.10785,-1.5545,0.60376,1.1313,0.83725,-1.4373,-0.9625,0.48689,0.31526,-0.07765,-0.19094
-0.4038,1.4869,-1.8665,0.97425,1.4208,0.50091,-0.82576,-0.75945,-0.33286,0.57225,0.49346,0.15621
-2.3239,2.4217,-2.6718,-0.059884,2.7344,-0.86244,-0.68153,-0.74635,0.036967,0.42824,0.1201,0.10001
-3.7441,2.4139,-2.2318,-0.57996,3.0563,-1.1836,-0.39417,-1.2902,0.5931,0.62447,0.48226,-0.36343
-5.9028,3.4003,-1.4836,-1.3086,2.5063,-0.89092,-0.51956,-0.80788,0.72397,0.41405,0.64819,-0.16819
-7.923,3.1438,-1.8804,-1.4281,1.5796,-1.2166,-1.3284,-1.2165,0.96984,-0.47273,-0.058479,0.30558
-8.4654,3.7275,-1.4518,-1.3385,1.4964,-1.2948,-0.38053,-0.98519,1.1102,-0.79968,-0.21879,-0.036603
-8.9175,3.5268,-1.9515,-1.1082,1.7983,-1.5059,-0.17616,-1.1293,1.2121,-0.077412,0.58206,0.247
-9.2534,3.9,-1.9255,-1.4062,1.8802,-1.4406,-0.0079968,-0.74953,1.762,0.016732,-0.11234,-0.08114
-9.0855,3.895,-1.8568,-1.2228,1.8084,-1.3482,-0.2923,-0.88606,1.242,0.21254,0.31928,-0.27645
-9.5333,3.8519,-1.6712,-1.4027,1.7339,-1.196,0.32028,-0.8501,0.12107,-0.45419,0.6011,-0.29595
-9.6522,4.1145,-1.3851,-1.1253,1.8009,-0.82502,0.57435,-0.80211,0.56248,-0.56969,0.76065,0.56757
-9.7703,4.191,-1.7536,0.087861,2.623,-0.73284,-0.76481,-1.6052,0.48808,-0.7911,0.43772,0.53602
-9.276,3.5323,-2.4523,-0.69398,1.4565,-1.0239,0.34236,-0.40428,1.2144,-0.40995,0.54056,0.22026
-10.277,4.2071,-1.9275,0.32531,1.9453,-0.70669,0.3605,-0.56792,0.99386,-1.0762,0.146,-1.0223
-9.6286,4.63,-1.2808,-0.65972,1.888,-0.79457,0.22537,-1.4809,0.79838,-0.86496,-0.28593,-0.91625
-10.537,4.038,-1.2441,-0.011302,1.6944,-0.77805,0.83292,-0.76613,1.2082,-0.78114,-0.27053,-0.44908
-11.362,3.6829,-1.9515,-0.057715,1.8939,-1.0373,0.51537,-0.73999,1.0783,-1.2375,-0.55584,-0.8088
-9.6238,4.7032,-1.0901,0.34744,2.2816,-0.64552,0.040674,-0.97727,0.23435,-1.3268,-0.54256,-0.32799
-9.7661,5.5476,-1.6357,-0.071687,1.1148,-1.3774,0.79873,-0.72555,0.13144,-0.42569,-0.23374,-0.82831
-10.416,4.367,-2.849,-0.76525,2.0284,-1.1835,0.34763,-1.5226,0.43762,-0.27224,0.29263,-0.6987
-9.8468,4.3019,-2.1837,-0.25194,2.0979,-1.3618,-0.48618,-1.4764,-0.048528,-0.89544,-0.56117,-0.37843
-9.3935,4.5775,-1.3052,-0.44959,1.7394,-0.69197,0.54479,-0.98529,-0.27053,-0.64606,-0.21796,-0.65754
-9.6036,4.0841,-1.7346,-0.77517,1.9528,-0.41026,-0.0020039,-1.6218,0.89896,-0.96076,-0.21128,-1.1562
-7.8188,3.5354,-1.5856,-0.81477,2.1945,-0.36303,-0.40879,-1.6363,0.7834,-1.1142,0.056085,-0.63853
-4.0172,1.7906,-1.8514,-1.5699,2.0446,0.33858,0.32757,-0.91925,1.7054,0.35315,-0.23834,-0.93097
0.67532,1.9036,-2.7281,-2.1227,2.0946,0.63769,-0.33271,-1.7335,0.54144,-0.42496,-0.56922,-1.4938
2.497,0.75927,-2.4937,-1.336,2.4177,-0.029781,0.32493,-1.8727,0.54215,0.022697,-0.46736,-1.2978
2.6538,0.59573,-2.3839,-1.1993,2.2777,0.03068,0.22264,-1.5603,0.79668,0.14454,-0.38718,-0.60455
3.1196,-0.065926,-1.8995,-1.1014,1.9965,-0.039753,0.22131,-1.9145,0.59609,-0.038607,-0.44099,-1.1502
3.3623,-0.21368,-1.6534,-1.2187,2.273,0.1203,0.25952,-1.8364,-0.012968,0.27032,-0.91009,-1.4555
4.0841,-1.1001,-1.5657,-0.79223,1.8979,-0.035342,-0.27062,-1.5346,-0.11307,-0.16351,-0.71024,-1.2156
3.9919,-1.5153,-1.5268,-0.53419,1.7823,-0.43484,0.00049415,-1.3755,0.011282,-0.61371,-0.35991,-1.2404
3.4208,-1.1496,-1.4153,-0.49664,1.4121,-0.45356,-0.043841,-1.1144,-0.19632,-0.51687,-0.31592,-0.78328
3.4087,-0.67668,-1.231,-0.42247,1.6003,-0.072328,-0.032839,-1.0988,-0.020611,-0.56104,-0.29918,-0.87731
4.3264,-1.2489,-1.0007,-0.047749,1.5927,0.38533,-0.39617,-1.1954,-0.25617,-0.66201,-0.58765,-1.2207
4.5819,-1.3341,-0.93239,-0.20821,1.6665,0.039105,-0.6558,-0.8541,-0.50996,-0.64516,-0.54178,-0.97149
4.7017,-1.6352,-0.99981,-0.24389,1.318,-0.30878,-0.40067,-0.94571,-0.43096,-0.48174,-0.35994,-0.96734
4.3545,-1.7058,-0.92641,-0.17056,1.2057,-0.32796,-0.42245,-0.8378,-0.42958,-0.4834,-0.070549,-0.92197
4.3223,-1.0617,-1.1385,0.087167,1.3666,-0.1603,-0.2582,-0.75641,-0.2546,-0.43785,-0.2301,-0.89352
4.6555,-1.2139,-0.65724,0.17595,1.7105,-0.1027,-0.44075,-0.83771,-0.24001,-0.62998,-0.50077,-1.203
5.1071,-1.9437,-0.20144,-0.034554,1.4347,-0.41903,-0.42644,-0.95885,-0.31911,-0.90125,-0.24153,-1.4793
4.9803,-1.6771,-0.71091,0.19686,1.2463,-0.73427,-0.090752,-0.87111,-0.35851,-0.90371,-0.20776,-1.286
4.5938,-1.3618,-0.86349,-0.020707,0.94261,-0.92392,-0.32291,-0.55421,-0.3314,-0.68049,-0.22926,-0.5914
4.581,-1.2099,-0.31111,0.052367,0.76828,-0.80376,-0.41101,-0.72535,-0.0097272,-0.85743,-0.049677,-0.66604
4.8045,-1.0212,-0.06268,0.26968,0.77412,-0.6081,-0.6866,-0.45514,-0.2015,-1.1153,-0.5269,-1.0527
5.1805,-1.8052,0.27764,0.16938,0.93322,-0.94435,-0.41962,-0.46542,-0.31512,-0.8949,-0.66519,-0.9453
5.1988,-2.5229,0.78433,0.14557,0.01343,-0.30737,-0.095536,-0.72772,-0.068215,-1.0827,-0.01897,-0.63551
4.494,-2.5027,1.5111,0.26813,-0.32918,-0.20478,-0.45058,-0.21381,-0.45731,-0.54768,0.10429,-0.66819
4.1357,-2.1898,2.043,0.16246,-0.26323,-0.21218,0.24197,-0.80613,-0.36512,-0.35137,1.0095,-1.0774
3.9079,-1.7952,2.1716,0.58035,0.24024,0.074095,-0.024245,-0.46441,-0.2332,-0.55847,0.70646,-1.5926
4.3109,-1.8985,1.917,0.69152,0.4728,0.60319,-0.20065,-0.88826,-0.84439,0.13399,1.0068,-2.0788
4.8672,-1.1548,1.4778,0.46564,0.63535,0.40011,0.055957,-1.3317,-1.0921,0.35504,0.91652,-1.7069
4.5864,-1.4559,-0.039516,0.55672,1.3842,0.49475,-0.038427,-0.63025,-0.48245,0.21306,1.1548,-1.681
4.7945,-0.78385,0.082229,-0.037692,1.7199,0.47932,-0.63474,-0.75449,0.13143,0.21792,0.84798,-1.5052
5.0357,-1.5327,0.18527,-0.69214,1.9517,1.1225,-0.55317,-1.068,0.048769,0.61757,0.27522,-1.5815
4.6544,-2.2711,-1.6249,-0.88386,1.7444,0.25015,-1.2007,-1.1476,0.080203,0.12353,0.25086,-1.4281
4.7272,-1.8815,-0.71974,-0.15344,1.8411,0.42669,-1,-1.7526,-0.38198,-0.38031,0.502,-1.2986
5.0257,-1.8206,-0.76517,-0.74889,1.0816,0.89607,-0.78988,-1.2271,-0.065482,0.41401,0.47847,-1.1937
3.9988,-2.5697,-1.7097,-0.30829,1.669,1.0844,-1.2341,-0.99426,-0.40783,0.2036,0.33883,-1.3413
4.2008,-3.1598,-1.4044,-0.58685,1.9267,0.42972,-1.7118,-1.8026,-0.16862,0.029493,0.54808,-1.6665
2.9847,-2.4228,-0.6947,0.095616,1.9294,1.1235,-1.3538,-1.096,-0.014189,0.43605,0.052072,-1.5273
3.2818,-1.966,-0.55886,-0.07776,2.3388,-0.084611,-0.132,-1.4337,-0.36326,0.72276,-0.04706,-1.2853
0.9512,-2.9473,-1.124,-1.2702,1.8344,0.20192,0.78939,-1.5844,0.081285,1.0738,-0.057484,-0.58912
2.2667,-1.6871,-0.6062,-0.87835,2.1152,0.41974,0.5026,-2.047,-0.50559,0.30468,0.054325,-0.78761
-0.66601,-0.89004,-0.79988,-2.2459,2.246,-0.41454,-0.038446,-2.8417,-0.39756,0.25766,-0.62034,-0.56248
-1.6205,-0.21938,-0.29126,-1.2159,3.0677,-0.91847,-0.01871,-1.7614,-0.83764,0.5508,-0.83008,-0.14961
-2.9722,-0.26775,-1.0635,-0.87267,3.3475,-0.98607,0.60654,-1.8802,0.559,0.3825,-1.1959,-0.05662
-2.9074,0.73189,-0.86612,-0.49316,3.1709,-0.662,0.62686,-2.0312,0.0031643,0.60557,-0.5481,-0.069939
-4.0919,0.50622,-1.5785,-1.158,2.2617,-1.5036,-0.26715,-1.8456,-0.092495,0.031631,-0.64003,-0.20371
-4.042,-0.12053,-1.3034,-0.92035,2.315,-1.5173,0.62879,-1.5804,0.44487,0.51896,-0.57173,-0.15055
-4.2271,0.0043568,-0.98945,-0.69942,2.2942,-1.9526,-0.39133,-1.9327,0.071763,-0.096624,-0.68502,0.32275
-3.6224,0.60283,-1.5656,-1.283,2.2546,-2.1387,-0.74866,-1.6676,0.62508,0.71583,-0.19267,0.34947
-3.5548,-0.142,-1.6144,-1.7647,1.642,-2.0158,-0.50464,-1.7628,0.28192,0.75353,-0.52346,0.45115
-2.4081,0.13737,-0.56881,-1.2213,2.0917,-1.1145,0.058554,-2.0744,0.064407,1.4132,-0.35558,0.85471
-2.2894,0.17609,-0.53951,-1.0006,2.7464,-0.52617,0.17034,-2.0396,0.47075,0.98624,-1.1577,-0.13807
-1.9012,-0.16154,-0.88208,-1.0387,2.7105,-1.0876,0.32242,-2.126,-0.057452,1.2555,-0.78122,0.19656
-1.1508,-0.79901,-0.74152,-0.7577,2.2765,-1.328,0.03652,-1.6799,-0.19746,1.0217,-0.61312,0.50796
-0.16352,-0.9642,-0.10799,0.099196,2.4115,-1.0194,-0.96137,-1.5464,-0.78985,-0.035999,-0.8315,-0.017487
-0.017279,-0.22769,-0.24727,0.16794,2.1624,-0.3562,-0.53331,-1.317,0.013342,-0.41834,0.061505,0.19243
0.44036,-0.63997,-0.02196,1.0626,1.7507,-0.33795,-0.37831,-1.4328,0.088614,-0.090696,-0.15095,0.072601
0.29249,0.18403,0.32465,0.17367,0.7724,-0.62649,-0.27366,-0.78419,0.37956,-0.36316,-0.71528,-0.44611
-0.36982,-0.77754,0.1437,0.81729,0.77745,-0.46057,-0.21325,-1.1428,0.68415,0.56372,0.29479,-0.7519
-0.57785,-0.17666,0.2416,1.2911,1.2013,-0.043728,-0.14054,-1.613,-0.033632,-0.16903,0.13264,-1.3689
-0.24264,-0.89159,-0.5851,0.45245,0.59359,-0.65403,-0.84233,-1.8758,-0.09243,0.16034,0.2205,-0.88502
0.51019,-0.73352,-0.29826,1.037,0.54397,-0.40383,-0.79976,-1.9719,0.27928,0.31562,1.0204,-1.0816
0.29454,-1.0166,-1.0159,-0.070938,0.52151,0.21404,-0.89208,-1.2746,0.53443,0.57847,0.58344,-1.0986
0.318,0.043465,-0.63182,-0.51355,0.96528,0.76897,-0.50502,-1.3387,0.46584,-0.093009,0.12489,-1.121
-0.15184,0.27602,-1.6845,-0.21459,1.1385,0.3077,-0.87454,-1.4584,0.74799,0.1537,0.43778,-1.1762
-0.17976,0.48457,-2.4013,-0.64645,0.79669,0.22525,-0.69665,-1.4038,1.4042,1.1163,0.97176,-1.564
1.2826,0.64681,-0.61383,-0.60978,0.50141,0.045168,-1.1721,-1.528,0.27792,0.15912,0.329,-1.1642
0.79841,0.84023,-0.80383,-0.67258,0.41768,-0.088327,-0.41108,-0.78781,1.2083,0.21884,0.67389,-1.164
1.239,0.86626,-0.65384,-0.37143,0.47792,-0.26547,-0.78047,-1.4862,0.71814,-0.17105,-0.26426,-1.0915
1.1453,0.58891,-0.29959,0.0011279,0.40677,-0.011911,-0.88068,-1.2109,0.8785,0.49382,0.21059,-0.78423
1.7864,-0.10473,0.1526,-0.35917,0.1712,-0.11167,-1.6146,-0.76888,0.94891,-0.025073,-0.4363,-0.36137
2.0008,0.30072,0.26923,-1.0917,-0.26042,-1.0915,-1.9713,-1.4426,1.5463,0.43889,-0.4658,-0.4894
1.4703,-1.1387,0.59588,-1.1138,-0.50004,-0.93414,-2.2777,-1.2646,1.6107,0.35561,-0.47423,0.12692
2.1392,-0.61609,0.0023601,-0.92764,-0.28999,-0.45729,-2.3476,-1.0575,1.982,0.25312,0.03493,0.1406
2.1082,-0.65977,0.181,-1.247,0.22681,-0.48573,-2.6153,-1.6749,1.7408,0.044621,-0.30617,0.029456
3.6513,-1.2202,-0.23,-0.23687,-0.9795,-1.6804,-1.5318,-1.0164,1.479,0.11137,-0.13048,-0.76804
4.0109,-1.5274,1.0945,-0.084896,-0.65006,-1.0547,-1.2332,-0.71653,0.56685,-0.1126,-0.31214,-0.9953
3.4062,-0.52464,-0.28887,-1.541,-0.89027,-0.98767,-1.44,-0.70368,1.7856,0.18922,-0.83837,-0.70434
3.9591,-0.53542,0.32702,-0.97915,-0.18852,-0.29003,-0.70865,0.17026,2.2156,-0.40063,-1.4498,-0.61337
5.2504,-0.059058,1.203,-0.026973,-0.58268,-1.0544,-0.4529,-0.0011781,0.60253,-0.53244,-1.4401,-0.67333
5.6691,0.026778,0.9324,-0.94408,-1.2714,-0.57333,-1.685,-0.63804,1.2444,-0.33098,-1.4077,-0.76681
6.2091,0.31921,1.2959,-0.090429,-0.54833,-1.1191,-1.5879,-0.10989,1.1584,-0.75206,-1.3275,-0.5975
5.7402,-0.022553,2.7746,0.98574,-0.05938,-1.6942,-0.78418,0.54786,-0.54771,-0.92613,-1.0057,-0.24118
5.2801,-1.1148,2.532,1.8845,-0.192,-1.6438,-1.1172,0.064668,-0.11478,-1.1297,-0.85931,-0.5071
5.4442,-0.9146,2.46,2.1033,-0.47855,-1.4326,-1.0265,0.061015,-0.57584,-1.0096,-0.89561,-0.408
5.799,-0.96773,3.0627,2.1191,-0.47071,-2.1723,-1.1345,0.41071,-1.007,-1.4484,-0.82429,-0.17345
5.2909,-0.67214,3.2518,2.1557,-0.66667,-2.385,-1.2546,0.61697,-0.60837,-0.94192,-0.17447,-0.69751
4.749,-0.29389,2.9502,2.8086,-0.28541,-2.3353,-1.2101,0.35063,-0.42746,-0.86162,0.33444,-0.32049
5.8364,0.44765,2.4852,2.2715,-0.82538,-2.052,-0.97098,0.89146,-0.70723,-1.4858,-0.066049,-0.35362
5.206,0.17459,2.8032,2.945,-0.25266,-2.5341,-1.2471,0.66076,-0.78078,-1.5998,0.0024659,-0.62993
5.4469,-0.16008,2.1284,2.9829,-0.40543,-2.119,-1.0594,0.77965,-0.44581,-1.5744,-0.042783,-0.43923
5.0406,0.32729,1.9539,2.8074,-0.54953,-1.9519,-0.87065,0.031195,-0.20946,-1.3258,0.20948,-0.71671
4.994,0.73171,2.0256,2.8934,-0.56133,-1.9837,-1.1075,0.12079,-0.21334,-1.3035,0.049974,-0.65818
5.0064,0.23795,3.1098,3.6357,-0.20344,-2.3994,-1.3605,-0.02931,-1.059,-1.2267,0.45982,-0.21062
5.2205,0.26202,2.256,3.5664,-0.62941,-2.3148,-1.1801,0.49424,-0.46899,-1.358,0.72219,-0.45623
5.2355,-0.42616,2.9208,4.1839,-0.27649,-2.4122,-0.53222,-0.22818,-1.3773,-1.5097,1.4791,-0.31145
5.4803,-0.38383,2.8151,3.0395,-1.0551,-1.8642,-0.44262,0.014157,-1.5282,-1.2097,0.69996,-0.96209
4.9784,0.14322,5.6438,3.0808,-3.0029,-1.3937,-0.3464,0.28951,-1.8844,-1.9534,0.56436,-0.36414
4.8935,-0.72052,6.4535,2.4905,-3.2842,-0.85099,-0.82496,-0.02546,-1.2371,-1.518,0.27338,-0.9215
3.8879,-0.59723,6.1148,0.33704,-2.727,-0.17302,-0.99384,0.65433,-1.2491,-1.6945,0.028949,-0.45429
3.084,-0.42282,5.8502,0.13701,-2.0703,-0.6712,-1.9476,0.79628,-0.97101,-1.0821,0.86865,-0.31929
3.1684,0.11551,6.0153,-0.38022,-1.8467,-0.9607,-1.9953,1.0152,-1.1998,-1.3102,0.32165,-0.96322
3.3412,0.32654,6.5164,-0.4305,-1.5128,-1.1427,-2.2815,1.2029,-1.2084,-1.2358,0.22389,-1.2655
2.9243,-0.082914,6.503,-0.042354,-0.82516,-1.0376,-2.0664,0.47972,-1.7722,-1.5912,0.53225,-0.99775
2.9563,-0.46491,5.9914,-1.1571,-0.071446,-1.0956,-1.3832,0.60105,-1.9316,-1.1937,0.19422,-1.0036
2.51,0.21552,5.1078,-0.2317,-0.5256,-1.1792,-1.2686,0.29296,-1.5537,-1.2867,0.18211,-0.8009
3.9582,0.62202,4.3348,-0.46826,-0.27553,-0.94978,-1.2075,0.31036,-1.6239,-1.5775,0.12444,-0.76297
4.6795,0.15776,3.4187,0.40449,0.49058,-0.31037,-1.517,0.14232,-1.2474,-1.1927,0.0072243,-0.37995
4.4096,-0.76144,1.4666,-0.5515,-0.25934,-1.0715,-1.6615,-0.28543,-0.96997,-0.66303,-0.53622,-0.48307
3.9208,-0.26284,2.1472,0.57276,0.79165,-0.10289,-1.2594,-0.3109,-0.56885,-0.75024,-0.48431,0.044334
4.6333,-1.2921,1.1343,0.24655,0.22669,-0.4273,-0.72093,-0.34706,-0.64253,-1.3312,-0.45918,-0.22104
4.7151,0.2838,1.9703,-0.10689,-0.24638,-0.052419,-0.67803,0.34697,-0.55612,-1.9414,-1.1043,0.09259
3.9949,-0.089948,1.371,0.16815,0.010245,-0.26777,-0.46191,-0.21819,-0.87777,-1.7126,-1.4071,-0.12947
4.3289,-0.61122,0.96734,0.62976,0.88572,0.018326,-1.1863,-0.70423,-0.051873,-1.7538,-1.7663,-0.21605
4.4998,-0.14653,0.76726,0.64355,-0.086276,0.38425,0.077093,-1.0055,-0.65823,-1.2013,-1.0742,0.14418
4.0395,-0.26027,0.14271,0.24804,0.6702,-0.36953,-1.0671,-1.1411,-0.84923,-1.0049,-0.97507,-0.66841
4.1131,-0.052062,0.28576,0.19785,0.37712,-0.16869,-0.93093,-0.7084,0.19458,-0.99635,-1.1096,-0.48354
4.4116,-0.67509,-1.1526,-0.76869,0.017007,-0.60253,-0.8704,-1.3228,-1.0954,-1.0395,-0.44388,-0.45313
4.1296,-0.34969,0.078678,-0.47458,0.11595,0.20155,-0.58567,-1.1565,-1.0142,-0.8791,-0.45795,-0.82035
4.1348,-0.10236,-0.59984,0.00484,1.2893,1.1897,-0.11742,-1.5319,-1.4405,-1.8213,-0.96386,-0.46661
4.366,-0.80583,-0.75587,-0.27502,0.74204,0.62804,-1.0219,-1.371,-1.3311,-1.2581,-0.22687,-0.37335
3.7751,-0.77105,-0.85499,-0.65052,0.7557,0.52848,-0.23268,-0.84624,-0.71049,-1.6981,-0.66831,-0.27982
3.7752,-0.89039,-0.92814,-0.70129,1.0122,0.60213,-0.17222,-1.5338,-0.81378,-1.1698,-0.63069,-0.36085
4.2461,-1.5327,-1.414,-1.4808,-0.26377,0.12311,-0.59543,-1.0012,-0.94747,-1.1222,-1.0878,-0.10356
2.7056,-0.84858,-1.8523,-1.4981,-0.23602,0.00057266,-0.60625,-0.86879,-0.96256,-1.1815,-0.40922,-0.55775
2.5484,0.65948,-2.6923,-0.55004,-0.47973,0.52889,-0.38508,-1.2561,0.23134,-0.47915,0.53119,-0.89932
-1.6005,0.99917,-3.0294,-0.61567,0.10226,0.96362,0.097914,-1.4246,-0.57671,-0.74596,0.64885,-0.89426
-2.3656,2.0202,-3.7335,0.27587,-0.67757,-0.191,-0.79241,-1.7427,-0.41585,-0.35617,0.71913,-1.2536
-3.2066,2.9989,-4.2651,0.15411,1.0673,-0.45279,0.24884,-1.5258,-0.34038,-1.0858,-0.10181,-1.0563
-2.6492,3.4052,-4.0417,0.20195,1.2827,-0.67162,0.50222,-1.7774,0.091411,-0.64154,-0.27154,-0.44789
-2.894,3.3675,-4.2361,-0.00030134,0.82425,-0.77282,0.66867,-1.5137,0.60796,-0.121,-0.22548,-0.47746
-3.2803,3.3088,-3.6705,-0.60088,0.40756,-0.68623,0.35972,-2.1113,1.3781,-0.3031,-0.70288,-0.54181
-2.8694,2.7992,-4.2164,-1.6303,0.11046,-1.1225,0.83692,-1.3499,2.4972,0.35991,-0.52929,-0.44028
-1.8078,3.5013,-3.2443,-0.67456,-0.95042,-2.9047,0.41937,-1.2332,2.7476,0.042007,-0.95199,-1.2014
-0.92453,2.532,-3.8743,-1.4842,-0.6556,-1.5715,0.44403,-1.4515,1.7688,-0.41442,-0.57449,-0.6602
-0.30226,1.1969,-3.3548,-1.5092,-0.79985,-1.3361,0.6091,-1.1828,2.0429,-1.0121,0.080485,-0.043755
1.732,0.86797,-2.0155,-0.35288,0.21857,-0.81747,0.21422,-0.82148,1.7838,-0.82198,-0.023529,-0.39249
1.4879,0.022264,-1.1274,-0.33529,-0.16878,-0.53338,0.40203,-1.0612,1.7464,-0.67469,-0.17291,-0.50043
0.79194,-1.3884,-1.5734,-0.97388,-0.97412,-0.71507,-0.82129,-1.6971,1.1714,-0.56292,0.23454,-0.67337
2.2622,-0.16476,-0.88777,-0.1155,-0.68169,-1.0414,-0.002783,-0.72136,0.92359,-1.4066,-0.22521,-0.19431
1.9443,-1.0655,-0.20476,0.49716,-0.39319,-1.2377,0.011418,-0.39747,1.1839,-0.75579,-0.35685,-0.42763
1.1676,-2.5046,-0.96125,-0.34132,-2.013,-2.0222,-1.0568,-0.38606,1.2099,-0.59575,0.063679,0.041596
2.8841,-1.4191,-0.55554,-0.61589,-1.2345,-1.2377,-0.64586,0.95252,1.7475,0.048506,0.068896,-0.26773
3.2323,-1.6891,0.10058,-0.17742,-1.6813,-1.8074,0.28144,0.026153,1.6387,-0.059526,-0.437,-0.74342
2.0825,-2.3644,-0.25919,-0.81667,-3.2749,-2.2809,-0.57109,0.73963,1.5308,-1.1351,-1.1704,-0.93371
4.3571,-0.80416,0.20319,-0.67265,-1.829,-1.9114,-0.75067,0.084993,1.4589,-0.61934,0.40384,-0.29531
4.1711,-0.98203,0.924,0.07675,-2.8835,-1.7633,-0.19846,0.067618,1.2508,-0.51736,-0.12412,0.017407
3.9819,-1.2111,0.77103,0.2539,-3.5699,-3.1045,-0.21737,0.45171,1.1626,-0.87996,0.20886,0.10719
3.5149,-1.7689,0.75793,0.17444,-3.5235,-3.126,-0.73083,0.00078656,0.0090375,-1.43,0.20384,0.87267
4.5343,-1.6876,1.2274,0.023046,-4.1356,-3.1384,-0.1183,0.53927,0.47994,-0.65586,0.20064,0.34586
3.9387,-1.3865,1.0326,0.36427,-2.7683,-2.6267,-0.30059,0.19296,0.39314,-0.33033,0.0019098,0.2849
3.4885,-1.3523,1.6059,0.97038,-2.6934,-3.236,-1.0677,-0.0060793,0.15402,-0.17502,0.17188,0.23988
4.6808,-1.3169,1.5896,0.85389,-3.1529,-2.9125,-0.34286,0.593,1.0659,-0.040877,-0.078801,0.070249
3.7527,-0.53112,1.0828,0.044051,-2.7203,-2.2345,-0.51365,0.27409,0.090868,-0.32771,0.19974,0.81824
4.2308,-1.1331,0.95842,-0.59122,-3.4751,-2.2783,-0.46223,0.43932,1.0167,-0.23517,0.22025,-0.05189
3.6335,-0.71164,0.72876,0.065856,-2.1754,-3.1066,-0.7485,0.31799,0.18726,-0.089406,0.52309,0.28472
3.2563,-0.73297,0.95927,0.23896,-1.4818,-2.2332,-0.84912,0.32494,0.2597,-0.72497,0.085591,0.067041
3.7341,-0.18355,2.1024,0.38691,-0.98083,-1.8244,-1.5995,-0.31092,-0.26762,-0.94376,-0.4782,-0.13032
4.2735,0.51691,2.2014,0.65432,-1.0822,-1.792,-1.5217,-0.66852,-0.75479,-0.96586,-0.048804,0.36486
3.9747,0.634,1.828,-0.13839,-1.7527,-2.1084,-2.0217,0.18541,0.10689,-1.1244,-0.46742,-0.16328
3.0188,0.17456,2.535,-0.41789,-1.166,-1.0967,-0.60251,-0.18034,0.087666,-1.8018,-0.7114,-0.23236
3.6533,0.11605,2.7182,0.070268,-1.8463,-1.9875,-1.3375,-0.29095,-0.22304,-1.2467,-0.1507,-0.3422
4.2255,-0.36635,2.324,0.18245,-1.5739,-1.4878,-0.91867,-0.59955,-0.7232,-1.5051,-0.35576,-0.12741
3.8724,-0.5852,2.2387,0.47033,-1.3781,-1.4567,-1.1323,0.17191,-0.16966,-1.356,-0.66762,-0.70139
4.6097,0.084031,1.7451,-0.4395,-1.214,-1.032,-0.98719,-0.021559,-0.57716,-1.2643,-0.53344,-0.42793
5.3474,0.18489,1.6174,-0.40259,-1.2925,-0.67247,-0.75191,-0.17282,-0.68376,-1.263,-1.1068,-0.97797
5.4703,-0.041513,1.2334,-0.27724,-0.88901,-0.98426,-0.29604,-0.66458,-0.70847,-1.112,-0.47466,-0.94919
4.7451,-0.34956,0.95071,-1.2209,-0.21113,0.17401,-0.95985,-0.89083,-0.26135,-0.64606,-0.39518,-1.2312
1.5023,-1.2545,2.9331,-2.0697,1.4167,0.54416,-1.2388,-0.30413,0.033004,-0.60864,-0.91997,-0.75081
-0.53459,-1.5665,2.6614,-1.9441,1.9737,1.1305,-2.1457,-0.63436,0.19652,-0.0086989,-0.51814,-1.137
-0.024154,-1.1843,1.7926,-2.3942,1.8001,-0.16361,-2.3875,-1.0249,-0.2271,-0.4286,-0.17242,-0.97294
0.6548,-0.9668,0.84212,-1.9873,1.1227,0.88867,-1.7674,-0.75677,-0.64567,-0.62724,-0.75474,-0.40428
0.35812,-0.5821,0.26261,-2.2755,0.45605,1.2214,-1.6572,-0.6401,-0.0095639,-0.7989,-0.74751,-0.086598
0.63973,0.67662,0.81098,-2.9159,0.97858,1.7312,-0.85591,-0.77371,-0.41579,-1.9967,-1.1779,0.45881
1.5968,0.93095,-0.46307,-2.4578,1.5003,1.9701,-0.99819,-0.31241,-0.31949,-0.71468,-0.57552,0.73292
1.4151,1.7009,0.40825,-2.88,1.043,1.7374,-0.63538,0.14833,0.44916,-0.87442,-0.88104,0.45131
1.8582,1.2941,-0.21811,-3.0286,1.3691,2.3713,-0.65968,0.70623,0.41713,-1.3913,-0.66918,0.2586
2.0732,1.8624,-0.65524,-2.3945,1.2673,2.1192,0.33446,0.54198,-0.050562,-1.1203,-0.28327,0.52093
2.6838,1.0445,-1.5716,-3.1118,0.82738,1.4982,-0.51497,0.17361,0.16631,-0.36229,0.31854,-0.37896
3.6099,0.53463,-2.0783,-3.3968,0.60699,1.6142,-0.39406,0.60157,-0.1135,-0.92575,0.52066,-1.6532
3.6207,0.39607,-3.1143,-4.2733,1.0477,2.1727,-0.44311,0.15333,-0.16597,-0.13022,0.16722,-2.2603
3.4336,0.034743,-3.3796,-3.6145,1.01,1.8657,-0.74547,0.34654,-0.58086,-0.17105,0.55611,-2.4382
4.0439,0.084194,-3.9374,-3.9289,0.90749,1.4714,-1.2516,-0.25267,-0.71671,0.10902,1.1391,-3.0601
3.4069,-0.78565,-2.9331,-3.5113,0.77252,0.4922,-0.61245,0.074672,-0.96892,-0.38821,1.2763,-2.7726
3.9336,-1.0149,-2.1473,-3.5199,0.20912,0.47854,-0.94683,0.24634,-0.64697,-0.39902,1.3685,-2.7448
4.1114,-0.99139,-1.2515,-3.0472,0.24372,0.12094,-1.1061,-0.11159,-0.53026,-0.076751,1.0018,-2.8242
5.1232,0.10471,-0.21642,-4.2705,-0.22531,0.040504,-0.69927,0.41696,-0.35289,-0.6973,1.156,-2.177
5.8823,0.064476,-0.42522,-4.4156,-0.04024,0.083135,-0.86365,0.19563,0.14452,-0.58877,0.90428,-2.0769
5.3907,-0.28033,-1.253,-3.8736,-0.35085,0.49853,-0.59191,0.79875,0.30984,-0.59653,0.78187,-1.4813
5.3163,0.39031,-1.2225,-4.2542,-1.1001,0.9447,-0.28674,0.81818,0.20521,-1.129,0.095163,-0.49963
6.1233,-0.098208,-0.99124,-4.2247,-0.58884,1.1364,-0.49699,-0.0096962,-0.044101,-0.53626,0.36402,-1.1561
5.417,-0.46551,-1.9363,-3.8017,-0.54635,1.188,-0.22913,-0.17713,-0.45368,0.059755,0.25692,-0.41471
5.845,-1.2543,-2.0218,-4.6589,-0.18051,1.6092,0.5104,-0.64924,-0.16838,-0.11618,-0.1495,-0.53033
6.9858,-0.67125,-0.95678,-5.7383,0.56879,2.0726,0.77299,-1.6342,-0.16865,-0.22352,-0.54147,-0.27534
6.7587,-0.029762,-1.4808,-5.3057,0.39024,2.0543,0.73811,-1.3793,-0.31047,-0.13316,-0.99956,0.66723
5.0905,-0.61868,-2.5951,-3.7358,0.38959,2.0561,0.56031,-0.69436,-0.3124,-0.052291,-0.7665,0.20962
5.9569,-1.028,-1.8971,-4.1838,1.1613,3.0008,0.19211,-0.80984,0.13498,-0.18544,-1.4759,-0.12932
5.8071,-1.386,-1.2399,-4.6384,0.89504,2.7524,-0.041491,-1.0374,-0.26838,-0.21539,-1.6235,-0.39237
5.1471,-1.1583,-1.9397,-3.6572,0.69522,2.9584,-0.25295,-1.062,-0.40494,-0.3353,-0.64386,-0.37402
5.4153,-1.2705,-1.3207,-4.0787,1.008,3.4563,0.26324,-0.67891,0.39027,-0.10491,-1.2003,-0.19499
6.1866,-0.62001,-0.87395,-4.2276,2.1299,3.4527,0.074227,-1.5952,-0.76183,-0.1473,-1.0462,0.00083784
4.7974,0.36473,-0.29336,-2.5368,1.0908,2.9026,-0.54444,-1.9173,0.28148,0.1222,-0.85326,-0.19067
5.3143,0.082998,-0.52441,-3.1234,1.239,2.6831,-0.59956,-1.3753,0.31441,-0.011552,-0.86544,-0.21034
5.8164,0.80647,-1.1543,-2.9915,2.2974,1.7285,0.42449,-1.5692,-0.59473,-1.0559,-0.27238,-0.095843
5.3283,0.18852,-0.5953,-1.9605,0.54834,1.8047,0.035881,-0.61201,-0.36263,-1.1139,-0.4706,0.068573
5.515,-0.45531,-0.43051,-1.6136,0.91644,1.0836,0.58395,-0.54302,-1.4297,-1.2347,0.45032,-0.25067
4.4161,-1.2945,-1.0732,-1.6546,0.39443,1.2892,0.89861,-0.43131,-1.6672,-1.3072,0.55341,-0.56746
4.7228,-1.0619,-0.46862,-1.6837,-0.84002,0.28742,0.83894,-0.44449,-1.7074,-2.001,0.035292,-0.46218
4.5115,-0.79178,-0.53666,-1.8615,-0.67489,0.20544,0.65632,-0.46197,-2.5286,-1.6507,0.78898,-0.65531
5.99,-0.81768,-0.98269,-1.6362,-0.38,0.4614,0.59338,-0.57397,-2.562,-2.2183,0.8488,-0.69901
6.2928,-0.1254,-0.90014,-1.6642,-1.3708,-0.30026,1.7249,0.051238,-2.2306,-1.5743,0.45461,-0.21346
6.0204,-0.76335,-1.5097,-1.6618,-1.6068,-0.544,1.4734,-0.42866,-2.2115,-1.5799,0.16568,-1.2915
7.255,0.45967,-1.6001,-1.978,-0.43208,0.19604,1.7759,0.30028,-1.5834,-1.831,-0.15818,-0.055308
5.2517,0.20741,-1.8372,-1.6519,-0.47956,0.76718,0.98761,-0.29984,-1.3971,-1.7092,-0.76612,-0.42453
6.2916,-0.35441,-2.5426,-2.2999,-0.2865,1.4562,0.90396,-0.76451,-1.035,-0.67167,-0.022135,-0.038358
5.6644,-0.48063,-2.9922,-3.1645,-0.74058,0.58991,0.29223,-1.2242,-1.0692,-0.9291,-0.13755,-0.020956
5.8009,-0.90023,-2.7637,-2.9991,-0.4756,1.2845,0.57766,-1.3235,-1.1698,-0.52952,0.026509,0.35975
4.8691,-1.1042,-2.7927,-3.3176,-1.0196,0.47533,0.41339,-1.5975,-1.6203,-0.62717,0.18708,0.14187
6.5244,0.2631,-1.5961,-2.035,0.43432,0.94219,0.37793,-1.4236,-1.0619,-0.69271,0.49106,0.0075776
4.9294,0.020761,-1.6055,-1.5837,0.44206,1.3908,0.71992,-1.7442,-1.6357,-0.60147,-0.24535,0.14176
5.2554,0.38825,-1.7679,-2.5761,-0.22486,1.1897,0.6327,-1.3106,-0.91529,-0.92595,0.066312,0.37768
4.3861,0.47062,-2.4674,-2.5871,-0.89948,0.31087,-0.3399,-1.8394,-1.3246,-1.2753,-0.10116,-0.27044
3.5504,0.20058,-1.3862,-2.1347,-0.18226,1.47,0.94955,-1.3845,-0.8331,-0.23519,0.67865,0.69042
3.4045,0.14702,-3.1652,-2.3071,-0.071434,0.72065,-0.083981,-1.7573,-1.0804,-1.4361,-1.0245,-0.10734
3.4664,0.0045771,-2.6134,-1.196,0.55494,0.99307,0.62701,-1.3447,-0.22858,-0.46055,0.42688,0.20004
2.3159,1.0783,-2.8892,-1.9565,-0.34968,0.51962,0.69871,-2.089,-0.69191,-0.90748,-0.061575,-0.0044475
2.5825,1.4798,-2.2975,-1.246,0.39774,1.5514,1.4264,-2.4378,-0.19933,-0.43772,0.63254,0.2768
1.7405,0.82153,-2.433,-1.6554,-0.51596,0.52985,0.89822,-1.8317,0.23303,-1.0474,0.28929,0.58939
1.3116,0.49654,-2.8307,-1.3347,-0.18241,1.5902,1.6984,-1.3302,0.46669,-1.0723,0.11589,0.069557
1.6726,0.26554,-2.1355,-1.1786,0.53727,0.53737,0.80906,-1.8965,-0.41656,-1.0643,-0.54543,-0.037333
2.3531,0.30944,-1.6395,-1.4215,0.40229,1.0708,0.97369,-1.1098,-0.15565,-0.98678,-0.24539,-0.35122
1.697,1.0235,-1.8286,-1.1195,0.29109,0.6941,0.91126,-1.4338,-0.51764,-1.6874,-0.35481,0.057119
2.1766,1.8341,-2.3565,-1.3076,0.96575,1.0495,0.52313,-1.3639,0.19808,-1.282,-0.10437,-0.075451
1.6826,0.98719,-2.0178,-1.3774,0.41401,1.0078,0.79935,-1.6138,-0.25192,-0.99302,-0.5738,-0.57553
1.2663,1.0097,-1.6517,-1.0927,0.067848,-0.08606,0.26071,-1.7402,-0.21775,-1.2922,-0.5425,0.20327
